$SPEC_ID:
PeakEasy Library File: PuO2 (5.46 g, 66% Pu-239), IdentiFINDER (NaI), 1mm Cd, 17mm Fe, on contact
$MEAS_TIM:
300.00000 335.00000
$DATE_MEA:
08-Feb-2012 13:44:19
$DATA:
0 1023
0
0
0
0
6747
13691
15687
17603
19074
20105
21308
22175
23422
25245
27101
28407
28156
27687
29108
30987
34241
38300
42669
47579
50000
51394
54266
60112
69460
83312
99601
114131
123299
123601
119556
114339
114048
112718
109278
104535
100978
98007
97895
99224
102050
105253
108406
109349
109736
108210
106311
104149
102398
102061
101158
100515
99293
99892
101007
103723
109266
117765
126431
134960
139976
139347
131121
118237
101288
85556
72111
62261
55419
51394
49174
47938
46932
46399
45638
44890
44924
44874
44317
43971
43169
42777
42002
41113
40223
39194
38899
38229
38252
38348
38873
39366
40128
41428
42966
43844
45478
46780
47884
48742
48756
48281
46769
44400
41179
38260
35918
33520
32063
31078
30169
30152
30373
30016
29759
29042
27954
26412
24691
22858
21425
19977
18466
17646
16645
16018
15541
14848
14250
13562
12942
11943
11015
10186
9635
8772
7983
7519
7218
6927
6402
6278
5922
5834
5527
5261
4959
4943
4755
4581
4487
4449
4354
4182
4187
4027
4029
3960
3975
3874
3741
3638
3495
3389
3368
3225
3079
3070
3111
3016
2937
3031
2892
2916
3089
3025
2903
3017
2931
3008
3006
3001
3048
3154
3012
3117
3173
3200
3172
3178
3158
3270
3422
3530
3658
3886
4069
4330
4559
4831
5072
5373
5694
5946
6087
6235
6449
6409
6070
5836
5538
5368
4770
4625
4242
4010
3666
3479
3430
3246
3234
3169
3137
3128
3127
3072
3002
2942
2894
2787
2612
2423
2257
2042
1879
1713
1542
1378
1218
1155
1047
993
866
762
737
687
635
592
490
497
448
420
352
323
297
294
286
272
262
270
272
265
299
256
253
288
275
253
241
243
232
248
215
240
248
237
242
230
204
206
215
190
180
159
146
172
174
160
157
146
142
141
162
134
136
159
160
122
110
132
114
133
124
146
133
121
135
119
126
108
141
109
123
128
119
106
99
118
111
115
101
110
98
112
102
90
98
104
98
91
96
94
81
85
90
96
100
90
89
85
101
80
82
82
81
85
87
82
98
71
90
80
77
81
84
75
93
71
82
71
91
68
78
76
75
80
73
61
71
64
80
82
70
78
63
59
76
71
75
60
64
53
55
72
78
73
77
86
57
67
66
64
72
63
70
67
73
46
64
64
70
62
56
53
57
76
63
64
70
77
69
68
53
65
55
60
55
67
71
67
54
54
57
54
50
53
56
66
51
61
63
54
51
43
64
56
64
64
51
49
54
58
62
48
56
68
67
68
76
69
66
60
66
66
54
66
67
68
58
46
64
68
66
63
54
61
56
40
47
57
68
54
60
61
56
51
54
53
64
58
61
61
47
63
76
69
58
70
76
60
84
73
80
89
75
81
94
88
74
73
93
79
81
85
86
85
72
82
79
81
70
81
77
69
64
63
58
62
53
65
60
56
54
60
59
53
53
58
49
64
50
47
57
50
57
52
48
64
64
67
36
46
60
57
50
58
52
49
46
52
57
46
42
44
47
51
53
43
57
54
56
54
59
47
45
57
55
41
54
68
61
49
47
46
50
53
57
49
50
52
53
51
60
47
44
43
39
53
47
43
46
43
54
57
46
50
40
49
54
43
42
50
49
42
52
45
31
46
33
43
48
53
51
59
39
38
51
43
49
42
48
52
41
50
49
46
39
56
44
38
41
48
39
48
49
60
45
43
43
32
42
60
42
39
35
48
45
53
39
55
51
51
51
59
62
55
59
61
59
55
57
67
61
62
63
53
59
50
74
76
67
75
82
77
75
60
64
69
63
65
53
53
62
45
49
59
45
62
55
58
52
59
58
59
59
46
60
57
52
37
40
45
43
57
55
49
50
51
57
55
50
48
51
44
53
45
49
57
50
44
52
50
51
45
53
52
51
40
57
46
56
41
52
51
45
35
48
41
45
48
40
39
57
48
39
40
47
39
33
37
42
43
37
34
26
20
35
38
30
30
30
34
22
22
29
20
15
28
28
27
25
21
25
17
22
18
19
17
17
27
24
26
19
16
13
20
15
16
21
20
14
15
20
22
6
18
13
14
19
20
19
18
21
16
21
24
29
25
34
25
31
38
35
50
43
34
44
41
44
42
61
69
50
79
87
84
68
62
61
62
75
71
79
84
70
68
72
58
57
60
63
68
60
50
56
51
38
40
34
38
29
28
24
23
18
12
15
12
15
14
13
14
15
14
13
8
6
4
11
7
8
5
8
4
4
4
6
1
6
4
6
6
4
5
3
3
6
3
2
5
3
5
3
3
3
2
5
2
4
6
2
2
4
7
2
2
3
1
2
3
1
3
2
2
1
1
4
4
3
0
1
1
2
2
4
8
4
1
2
0
2
2
3
2
2
0
2
3
1
2
0
1
2
4
6
3
5
1
1
2
2
3
1
1
4
2
2
1
3
1
2
1
1
4
1
1
2
0
2
1
1
2
1
4
2
3
1
1
4
3
2
1
3
3
1
1
1
2
0
0
2
0
3
2
4
2
2
2
2
0
1
2
1
0
2
1
4
1
3
3
2
2
1
3
0
2
0
1
2
0
$ENER_FIT:
1.142 3.162087 4.23558e-005 -8.87354e-008 0.00000e+000
$MCA_CAL:
5
1.142 3.162087 4.23558e-005 -8.87354e-008 0.00000e+000
$NEUTRONS:
20.000000  (total)
$NEUTRONS_LIVETIME:
335.000000  (sec)
$PEAKLABELS:
46.750, "Pu-241"
118.250, "Pu-239"
130.125, "Pu-239"
210.000, "Am-241"
229.500, "Am-241"
242.313, "Pu-239"
832.813, "Pu-236(d)"
65.063, "Pu-241(d), Am-241"
104.063, "Am-241, Pu-239"
31.875, "Am-241, Pu-240, U/Pu X-ray"
504.296, "Double,Escape"
674.095, "Single, Escape"
$ENDRECORD:
