$SPEC_ID:
PeakEasy Library File: Xe-133, Interceptor (CZT), 10 mCi @ 80cm
$MEAS_TIM:
69810.00000 69924.10000
$DATE_MEA:
03-Oct-2011 14:17:02
$DATA:
0 1023
0
0
0
0
0
0
0
0
0
0
0
0
0
0
0
0
0
0
0
0
88694
185158
175288
149498
118718
91130
68710
56554
51780
52755
57529
65409
78255
94312
116327
139153
162891
180826
194563
204493
211432
221061
232563
244101
248675
251969
254702
267675
289770
344071
468274
724361
1147943
1597871
1822914
1601391
1072790
537898
202368
57398
13147
3449
1750
1580
1472
1451
1553
1493
1595
1569
1451
1512
1490
1448
1360
1416
1374
1255
1322
1310
1228
1253
1256
1157
1178
1151
1110
1148
1132
1162
1175
1031
1121
1138
1063
1082
1108
1129
1101
1053
1066
1105
1203
1390
1671
1986
2488
3050
3357
3248
2833
2062
1335
827
543
423
380
366
379
348
335
362
333
332
326
291
276
320
284
224
260
249
242
214
264
228
241
253
228
229
214
202
196
203
176
182
182
193
217
163
190
176
189
190
155
185
177
197
160
189
178
177
144
141
140
125
122
107
134
116
110
95
110
112
95
94
104
90
102
94
103
102
103
85
107
83
80
107
76
96
78
100
73
81
89
84
92
96
110
103
88
126
103
113
114
88
63
71
60
54
56
42
69
60
51
44
61
53
55
40
50
37
53
52
39
58
50
46
50
43
46
44
50
55
48
55
56
49
48
35
34
35
39
55
38
31
39
30
31
32
26
51
48
47
38
45
47
49
40
41
33
23
26
36
19
34
29
27
17
35
15
16
17
30
31
25
22
20
24
27
28
21
26
18
27
23
23
20
14
22
15
22
22
24
23
32
25
21
24
18
18
25
26
20
19
20
24
17
21
23
13
13
21
13
17
15
17
22
14
19
15
13
22
21
18
16
12
21
18
18
10
15
11
12
17
20
18
23
18
17
25
14
24
21
23
18
13
14
7
14
18
10
8
16
12
14
16
18
13
18
10
15
16
8
15
14
17
13
9
13
18
9
15
12
13
7
9
12
9
13
12
14
12
7
20
22
19
17
15
14
13
14
14
13
13
12
17
15
12
15
12
12
19
9
19
15
8
24
10
12
13
14
9
12
6
7
7
6
9
6
8
8
12
11
9
16
11
8
8
9
7
7
6
6
8
9
10
6
9
7
7
11
8
13
6
13
12
6
6
5
9
9
6
9
11
11
9
15
3
4
6
7
9
11
14
11
5
3
6
6
11
7
6
10
7
10
8
7
9
17
11
8
12
5
14
9
9
12
11
12
4
9
5
4
4
15
4
5
6
8
15
4
4
14
8
8
8
6
4
7
10
12
9
11
6
7
10
6
6
4
4
4
2
10
6
5
8
5
4
8
5
9
6
4
2
4
9
6
3
5
7
8
10
1
8
5
9
9
5
8
5
4
11
5
11
5
5
2
7
8
7
6
7
11
8
8
5
6
5
6
8
3
6
8
3
10
3
7
6
6
8
2
5
5
6
8
7
7
7
8
5
4
6
6
6
3
4
5
8
7
9
6
15
3
5
3
5
5
4
6
4
2
4
10
5
7
3
5
1
5
5
0
5
5
5
6
2
6
8
7
3
7
7
5
4
3
6
5
4
5
3
5
2
5
9
5
6
4
5
12
2
5
5
3
4
3
4
5
7
5
0
3
3
8
3
3
6
8
5
2
7
0
0
3
5
2
2
8
5
2
7
6
4
3
4
6
3
3
8
5
8
2
5
6
3
8
4
4
4
6
2
3
4
3
5
3
3
10
3
5
3
2
5
2
2
4
3
4
8
3
2
3
8
3
2
5
2
4
4
2
6
0
4
4
5
2
4
2
4
3
7
3
2
2
2
6
5
4
6
3
4
3
4
4
4
3
4
4
5
2
1
2
3
2
3
0
5
7
1
3
4
5
2
0
7
1
4
6
6
6
4
4
7
4
2
8
3
5
6
1
2
3
6
3
1
1
1
5
6
4
6
1
2
5
4
7
4
3
0
3
1
6
5
2
3
2
4
5
7
1
2
6
3
1
5
6
2
2
0
1
6
3
2
2
3
7
1
4
2
1
2
4
0
1
1
0
2
1
3
2
2
0
1
1
0
0
3
3
7
2
0
1
3
2
0
1
4
7
0
2
2
2
2
4
0
2
2
3
2
1
1
4
1
0
1
1
1
2
1
3
3
1
0
1
1
1
1
2
1
0
0
0
2
2
3
4
1
1
3
1
0
6
1
1
0
0
2
3
2
1
1
5
3
1
1
4
0
0
2
1
1
2
3
3
0
1
2
3
1
2
0
5
2
2
1
1
3
2
3
3
3
0
2
2
3
0
0
0
1
1
3
1
2
3
3
1
2
4
4
3
6
3
2
2
8
4
2
2
7
7
7
3
2
7
2
1
5
1
2
2
2
1
2
0
3
0
0
1
1
2
0
6
1
0
0
1
3
0
3
1
1
2
4
4
2
0
1
1
2
2
2
1
0
2
$ENER_FIT:
6.517 1.341213 7.75802e-004 -6.39545e-007 0.00000e+000
$MCA_CAL:
5
6.517 1.341213 7.75802e-004 -6.39545e-007 0.00000e+000
$PEAKLABELS:
53.987, "Xe-133"
201.793, "Xe-133"
976.849, "K-40, (Bkgd)"
108.619, "Xe-133/131m, Sum Peak"
22.349, "Cs X-rays"
$ENDRECORD:
