$SPEC_ID:
PeakEasy Library File: Xe-133, IdentiFINDER (LaBr3), 8 mCi @ 80cm
$MEAS_TIM:
300.00000 311.00000
$DATE_MEA:
28-Sep-2011 13:52:55
$DATA:
0 1023
0
0
0
0
0
830
7146
9686
39464
162816
265707
175558
75078
22047
12766
18095
18936
15754
17548
27234
43084
55503
58660
57966
81759
185131
357223
394199
223503
64168
9704
1181
523
527
613
731
820
714
585
432
342
323
319
310
332
341
357
371
375
402
460
611
839
985
906
623
362
196
162
147
142
125
143
135
122
131
118
114
103
104
106
110
86
101
98
110
98
123
93
94
72
89
76
50
62
59
52
65
63
73
53
39
48
64
51
55
56
51
60
72
77
63
51
44
38
40
40
27
31
36
26
36
30
34
30
30
35
30
32
36
39
28
28
31
26
33
33
40
36
28
28
27
27
26
35
32
28
22
22
17
22
11
23
15
21
22
20
24
23
19
16
22
23
15
12
15
19
14
16
17
16
16
17
19
20
14
17
17
27
18
13
14
15
17
16
21
14
12
14
15
20
13
9
18
14
14
10
8
11
12
13
10
12
21
17
11
19
13
15
20
18
12
15
18
12
17
7
13
13
10
14
9
12
20
16
16
12
11
10
9
12
9
13
8
8
7
7
10
17
13
5
11
5
12
10
11
6
12
13
13
15
7
13
9
6
8
11
7
9
11
12
4
6
6
15
11
7
7
6
6
7
9
11
11
13
7
12
10
8
6
11
11
7
14
16
14
15
12
12
17
14
14
10
11
9
15
13
13
15
12
10
11
6
10
11
8
11
10
9
7
11
12
13
11
13
7
9
11
16
7
15
9
11
8
12
8
4
9
7
9
10
9
11
8
10
9
6
5
11
6
10
11
11
10
9
11
11
6
5
6
4
2
4
6
4
7
7
2
7
5
10
3
8
3
4
5
9
5
6
2
5
8
5
5
9
9
5
6
4
6
8
8
6
5
7
9
5
5
2
7
5
4
9
9
2
9
9
10
8
7
10
6
6
5
6
4
7
4
6
10
7
5
7
7
6
6
6
7
5
8
7
5
7
4
6
6
4
5
3
6
3
1
5
5
4
3
2
5
3
3
2
7
3
4
2
3
2
3
5
4
1
2
2
4
1
3
2
2
2
0
2
1
0
1
1
0
0
3
1
0
0
1
4
1
1
3
3
2
1
2
1
1
1
6
8
10
3
10
7
13
16
16
10
18
19
18
13
24
18
18
20
25
11
9
17
9
11
7
6
6
4
2
2
4
2
3
1
1
0
2
0
1
0
0
0
0
1
2
0
0
0
1
1
0
0
2
2
0
1
1
2
1
0
1
1
2
0
0
1
0
1
0
0
0
0
1
0
0
1
0
0
0
1
0
0
0
0
1
1
0
0
0
0
0
0
0
0
1
0
0
1
0
0
0
1
1
1
0
0
2
0
0
0
1
2
0
1
0
0
2
0
1
1
1
1
0
0
0
0
0
0
1
1
1
1
0
1
0
1
2
0
0
2
0
2
1
0
1
0
1
0
0
0
2
1
0
0
0
0
0
0
0
2
0
1
0
0
1
1
0
0
1
0
1
1
0
0
0
1
0
0
0
0
0
2
1
0
0
0
0
0
1
1
0
0
2
0
0
0
0
0
1
0
1
0
0
0
1
0
0
2
0
1
0
0
1
0
0
1
2
1
0
0
2
1
1
2
0
0
0
1
0
0
0
0
0
1
1
0
1
1
3
1
2
0
1
1
0
0
0
0
0
1
0
0
0
0
1
1
2
2
0
0
1
2
1
2
1
1
0
0
1
1
0
1
0
1
0
0
2
1
1
1
4
0
0
0
0
1
1
0
0
2
2
2
1
2
1
0
0
0
0
0
1
2
0
2
1
0
2
0
2
1
0
2
1
0
3
1
0
0
1
1
0
0
0
0
0
1
0
1
0
0
1
0
0
0
0
0
0
0
2
0
1
0
0
0
0
0
0
0
1
0
1
1
0
0
0
0
0
2
1
0
0
0
1
0
0
0
0
1
0
0
0
1
0
0
0
0
0
0
0
0
0
1
0
0
0
1
1
0
1
1
0
1
1
0
0
0
0
0
1
3
1
2
0
2
0
1
0
1
0
0
0
0
0
0
2
1
0
0
0
0
1
0
0
0
0
0
0
0
2
0
0
0
0
0
0
0
0
0
1
0
0
0
0
0
0
1
0
0
0
0
0
0
0
0
0
0
1
0
0
0
0
0
1
0
0
0
0
0
0
0
0
0
0
0
0
0
0
0
0
0
0
0
0
0
1
0
0
0
0
0
0
1
0
0
0
0
0
0
0
0
0
0
0
0
0
0
0
0
0
0
0
0
0
0
0
0
0
0
0
0
0
0
0
0
0
0
0
0
0
0
0
0
0
0
0
0
0
0
0
0
0
0
0
0
0
0
0
0
0
0
0
$ENER_FIT:
1.444 3.014410 -3.60119e-005
$MCA_CAL:
3
1.444 3.014410 -3.60119e-005
$PEAKLABELS:
26.673, "Xe-133"
36.166, "Sum Peak"
99.864, "Xe-133"
10.069, "Cs  X-rays"
52.946, "Xe-133/131m, Sum Peak"
486.976, "K-40, (Bkgd)"
$ENDRECORD:
