$SPEC_ID:
PeakEasy Library File: Xe-133, Detective (HPGe), 10 mCi @ 151cm
$MEAS_TIM:
60000.00000 73386.16000
$DATE_MEA:
9/28/2011 1:58:16 PM
$DATA:
0 8191
0
0
0
0
0
0
0
0
0
0
0
0
0
0
0
0
0
0
0
0
0
0
0
0
0
0
0
0
0
0
0
0
0
0
0
0
0
0
0
0
0
0
0
0
0
0
0
0
0
0
0
0
0
0
0
0
0
0
0
0
0
0
0
0
0
0
3
8
29
42
51
53
44
54
79
65
77
95
216
8782
221131
580034
626980
625249
611144
582421
551647
523370
502517
492621
488449
492108
504017
519345
531708
529935
510267
475122
434637
398742
371234
353373
343168
335057
329084
325285
321473
317702
314402
312398
311230
308547
306209
305781
305348
304551
305192
305874
305394
306900
307653
308694
310425
312513
314943
316748
319203
322539
326508
328661
332789
337079
342079
346777
351950
357359
362524
370810
376135
383974
391206
399545
406565
414173
423685
431406
441851
450057
461161
469902
482936
491079
502676
516336
528704
542716
556377
572576
591599
609915
633167
659717
689345
729927
776120
835396
903509
974729
1045520
1107012
1153801
1195057
1217108
1233450
1245551
1253310
1256176
1263484
1276025
1301819
1333555
1362560
1374553
1380981
1385647
1411942
1440088
1437576
1392474
1318354
1256710
1217806
1213034
1225752
1250747
1282207
1317236
1357635
1396707
1442474
1488029
1530853
1574636
1619825
1664408
1711916
1762477
1827286
1909483
2000634
2113542
2230344
2383159
2661951
3373529
5140016
8962558
15657000
24590608
32633352
35564420
31424606
22506950
13161679
6403577
2686853
1053756
449898
248456
179050
149429
130580
118287
106800
98262
90631
84734
78832
74177
69789
65967
61670
59362
56117
53627
51207
49027
47052
44676
43339
41876
40249
39303
37870
36517
35186
34380
33149
31794
30873
30213
29251
28455
27682
27457
26326
26009
25515
24681
24340
23955
23646
23160
22342
22111
21459
21476
20860
20537
20304
19745
19379
18967
18574
18447
17958
17720
17267
17314
16911
16609
16239
16143
16003
15876
15362
15231
14859
14734
14665
14515
14403
14022
14072
13818
13559
13663
13242
13444
13035
12903
12810
12980
12886
12518
12756
12407
12344
12283
12059
11929
11827
11672
11734
11908
11660
11579
11609
11387
11559
11487
11461
11172
11348
11400
11519
11420
11435
11402
11328
11403
11453
11559
11482
11519
11546
11453
11515
11401
11498
11796
11565
11774
11603
11545
11814
11460
11491
11566
11645
11567
11661
11589
11522
11690
11573
11694
11682
11868
11829
12033
11975
11875
11962
12200
11709
11968
12070
12139
12235
12191
12347
12302
12525
12846
12880
13068
13441
13605
13699
14270
14172
14191
14078
14221
14203
14000
14121
14263
14280
14032
14248
14476
14299
14271
14272
14349
14311
14320
14037
13535
13525
13427
13478
13517
13971
13712
13706
14128
14086
14263
14338
14560
14797
14735
15009
15087
15307
15657
16034
16815
18009
21118
27523
38040
52638
68858
84317
94140
97064
92477
80736
65361
54160
50112
51036
50515
44694
33965
22539
14157
9142
6763
5895
5714
5490
5492
5205
5276
5187
4982
5071
5068
5046
5139
5041
4874
4994
4980
4960
4820
4763
4835
4788
4585
4635
4834
4599
4579
4685
4541
4443
4615
4468
4400
4556
4500
4417
4423
4494
4389
4396
4348
4413
4296
4229
4311
4350
4220
4326
4214
4208
4291
4353
4341
4583
4503
4412
4348
4217
4159
4130
3993
4060
3958
3921
3988
3822
3841
4000
3917
3874
3914
3731
3966
3787
3783
3729
3608
3722
3692
3589
3694
3702
3631
3723
3628
3609
3636
3621
3540
3626
3494
3573
3553
3451
3465
3520
3513
3446
3431
3477
3428
3364
3296
3368
3416
3313
3220
3348
3446
3318
3275
3291
3265
3244
3319
3225
3375
3363
3352
3348
3221
3242
3029
3155
3136
3202
3085
3047
2968
3119
3062
3133
3114
3076
2997
3076
3009
3074
2989
2970
3032
2879
3057
3008
2958
2985
2973
2902
2876
2876
2981
2975
2909
2947
3005
2996
3005
3002
2909
2804
2796
2803
2810
2775
2870
2824
2722
2786
2756
2764
2781
2776
2786
2650
2625
2683
2748
2763
2826
3001
3229
3496
3780
3904
3725
3517
3127
2866
2702
2544
2523
2532
2713
2816
2930
3454
3764
4222
4242
4002
3454
3125
2832
2823
2992
2915
2901
2912
2820
2676
2478
2432
2380
2285
2405
2316
2254
2229
2210
2194
2155
2079
2109
2078
2084
2069
2042
2067
1976
2043
2075
2072
2005
2054
2091
1996
2041
1955
2032
1981
1945
1996
1979
2006
1956
1948
2043
1942
1987
1872
1903
1949
1920
2002
1876
1825
1851
1849
1834
1918
1786
1818
1838
1822
1864
1895
1837
1856
1781
1759
1802
1764
1828
1826
1790
1786
1733
1717
1727
1767
1692
1777
1856
1855
1915
1774
1812
1748
1765
1715
1702
1717
1684
1658
1626
1660
1523
1631
1602
1657
1613
1716
1641
1684
1690
1668
1635
1570
1582
1567
1546
1513
1605
1619
1543
1562
1507
1538
1525
1560
1554
1497
1576
1506
1541
1464
1441
1496
1549
1459
1437
1389
1472
1363
1488
1497
1542
1512
1479
1445
1459
1481
1513
1469
1498
1380
1538
1582
1699
1807
2011
2137
2275
2053
1895
1688
1554
1439
1394
1439
1439
1454
1387
1406
1507
1536
1487
1756
2130
2805
3730
4719
5357
5343
4783
3783
2759
2106
1574
1401
1302
1295
1319
1232
1233
1208
1189
1220
1291
1215
1164
1232
1231
1204
1248
1196
1195
1179
1207
1154
1208
1190
1218
1185
1223
1202
1172
1140
1187
1211
1137
1114
1193
1169
1169
1162
1136
1177
1130
1142
1127
1117
1063
1095
1105
1115
1136
1143
1113
1122
1133
1100
1107
1076
1074
1120
1131
1152
1145
1158
1151
1208
1160
1142
1188
1077
1047
1003
1089
1104
1054
1077
1049
1041
1042
1045
1059
1029
1045
1048
1041
1053
1076
1027
1085
1048
1178
1254
1315
1434
1366
1243
1127
1087
1032
1068
991
972
990
1012
984
937
992
957
981
923
968
944
997
957
984
959
931
935
949
963
967
902
975
958
1034
1134
1329
1575
1953
2155
2308
2206
1953
1570
1254
1160
957
907
908
886
931
837
895
889
899
839
870
920
904
853
822
826
833
889
825
880
879
834
864
778
853
840
794
834
847
802
790
773
810
798
801
786
790
844
783
800
865
801
798
796
851
788
817
811
772
825
778
833
785
822
756
757
777
761
775
753
780
773
782
795
759
880
767
739
821
754
825
791
793
834
789
855
903
1197
1438
1795
2149
2265
2154
1877
1475
1149
973
844
805
735
735
748
753
727
797
690
728
746
759
743
760
697
776
721
758
708
693
684
726
688
744
673
663
750
693
684
681
666
715
733
709
703
728
672
707
677
673
675
653
727
729
721
743
663
657
657
677
712
706
663
716
688
683
681
670
660
659
666
706
693
697
686
711
693
659
664
656
722
637
656
593
661
621
623
710
632
606
649
618
636
648
627
681
648
644
615
624
657
613
612
655
645
637
618
605
623
619
607
608
582
639
593
620
588
616
609
614
595
600
621
603
583
575
589
588
599
614
595
624
584
590
624
652
596
593
552
527
570
592
554
529
583
608
567
534
567
547
596
557
624
642
604
608
614
619
597
563
565
545
546
568
584
549
505
582
531
568
534
559
545
505
523
526
542
548
505
534
505
536
560
535
513
540
516
520
535
501
550
553
592
527
527
538
576
540
508
532
538
553
508
534
536
523
533
524
563
506
481
521
517
542
538
556
556
565
630
596
640
633
557
555
543
511
540
502
508
520
500
502
516
508
482
491
467
481
506
482
522
476
484
552
450
477
506
496
503
473
538
476
521
489
491
485
484
503
503
446
468
474
475
516
489
474
515
488
488
493
446
472
487
458
458
446
495
471
482
448
486
499
464
527
492
514
474
502
458
457
462
485
421
431
488
463
475
456
479
459
452
465
461
448
471
435
454
442
441
437
444
420
432
442
442
431
432
462
433
408
468
455
446
439
435
442
438
436
446
444
453
437
457
448
473
439
434
408
469
440
439
458
462
519
563
610
663
745
802
941
891
832
833
775
682
599
577
522
459
439
453
453
416
437
397
436
442
426
404
416
422
394
432
383
421
397
417
437
383
415
428
379
396
440
405
401
434
399
364
404
405
387
376
385
429
411
401
400
404
400
383
420
409
388
372
370
387
412
391
361
400
400
396
389
346
412
348
329
413
360
417
395
380
388
367
381
405
397
384
382
376
376
389
383
373
357
378
368
371
388
360
397
350
398
374
411
396
358
387
362
369
383
382
374
351
374
385
376
383
371
353
386
354
366
360
349
383
343
374
379
409
358
391
373
320
349
379
376
390
440
365
384
365
341
392
363
398
383
393
400
368
402
380
350
373
375
395
365
373
378
369
375
371
340
358
348
370
356
370
361
340
371
361
368
352
360
360
323
391
385
371
360
352
345
322
335
355
345
399
386
352
385
366
401
358
356
356
365
351
404
396
428
468
569
713
909
913
1096
1037
868
689
583
480
413
346
365
328
333
332
311
338
325
326
351
332
329
304
310
354
300
339
344
342
359
304
336
336
337
332
317
346
330
347
340
358
309
346
322
316
329
350
346
296
330
319
324
296
303
330
319
348
375
306
308
341
322
328
327
356
361
344
371
422
575
756
937
1224
1513
1568
1470
1300
1081
734
593
459
385
313
293
301
300
315
318
280
297
313
314
328
300
319
289
315
307
313
233
274
306
280
280
314
315
314
276
307
266
295
311
277
330
291
295
301
287
303
282
293
255
265
285
274
304
255
304
305
304
289
291
291
278
311
288
296
257
265
262
263
290
287
306
257
265
276
298
292
272
331
300
257
309
289
302
283
270
291
292
289
279
292
276
252
281
310
292
280
294
282
294
273
264
276
276
273
283
293
280
294
280
275
267
284
289
293
272
271
283
287
258
266
258
277
287
273
281
265
259
264
226
272
263
259
280
290
266
274
295
284
265
264
289
271
273
284
257
268
300
244
256
297
266
288
307
292
315
319
296
293
285
280
276
265
272
283
250
254
268
260
278
257
292
239
262
230
239
273
245
259
250
264
259
274
257
248
223
270
262
246
259
293
261
271
266
252
258
273
249
254
263
238
226
275
233
301
273
282
251
264
291
269
273
264
270
258
230
265
256
265
278
262
233
275
246
307
250
271
270
253
272
268
254
262
244
274
243
268
244
233
238
267
248
261
247
270
230
259
248
260
267
276
247
251
249
245
302
256
245
272
274
263
289
238
275
227
277
241
235
306
270
240
263
264
228
255
204
258
280
243
255
235
235
233
244
239
272
245
233
232
250
244
255
234
254
275
230
227
241
258
248
244
264
265
235
222
232
222
254
240
207
252
251
213
233
244
241
238
246
243
293
276
342
365
367
425
347
316
286
291
266
247
250
232
217
241
215
213
260
237
203
249
240
227
226
219
225
233
242
270
247
221
203
242
223
229
222
195
235
231
233
238
261
253
250
283
225
221
248
272
229
235
244
226
249
225
211
217
229
208
225
218
231
244
263
220
196
232
249
241
229
231
190
217
255
214
230
240
216
261
238
254
230
246
211
223
236
203
210
206
218
192
220
224
229
195
230
215
235
232
202
217
234
248
261
262
225
226
224
236
244
263
265
329
309
314
306
331
311
292
266
235
254
223
232
235
203
268
264
234
227
217
199
211
192
197
207
203
210
231
229
224
195
223
222
218
228
221
182
220
214
212
205
231
204
202
214
222
238
213
225
236
241
255
232
234
220
230
202
207
193
192
197
197
204
192
198
180
249
220
222
193
200
214
250
251
247
241
294
285
299
242
246
207
208
211
200
186
185
184
185
218
166
188
193
224
193
194
189
195
200
217
195
203
167
203
214
205
226
230
211
208
230
208
180
198
194
186
199
181
181
190
192
213
199
176
198
188
190
166
184
181
197
191
210
211
158
175
205
193
185
201
181
203
188
197
199
190
197
172
189
191
210
175
188
205
188
182
201
190
193
200
193
182
175
204
191
178
204
206
181
184
195
180
177
181
214
200
175
196
214
189
177
216
205
190
181
225
221
209
245
218
201
212
178
208
177
196
190
212
200
222
222
216
199
190
166
196
202
192
162
184
170
179
150
182
189
183
192
181
179
169
178
177
193
174
143
202
182
196
202
185
193
169
200
198
169
154
195
185
162
158
186
196
197
159
162
204
164
178
190
205
180
200
231
252
263
269
284
190
223
213
207
183
154
169
187
190
177
190
181
209
169
181
173
171
153
180
181
147
184
181
181
182
177
174
171
179
172
176
178
198
154
204
185
191
175
170
208
179
203
193
162
176
174
174
159
156
177
182
181
178
183
164
176
172
173
166
200
173
158
174
174
205
137
161
144
164
173
179
213
202
161
169
181
178
190
177
176
166
194
194
175
187
175
186
196
209
210
171
186
172
163
171
175
155
165
177
161
181
157
158
188
174
179
181
166
193
175
170
155
175
171
158
197
174
168
219
189
178
192
195
160
151
192
197
174
217
235
260
330
407
464
549
574
631
548
506
442
349
276
221
183
176
178
177
175
171
166
167
170
169
144
161
171
161
174
165
165
165
162
168
177
173
171
151
170
151
162
166
135
161
138
167
167
168
166
161
169
158
163
175
167
148
173
154
164
166
146
172
157
158
184
195
190
221
223
222
218
224
200
182
198
160
161
150
167
158
140
143
163
180
151
156
174
141
160
192
157
157
147
145
157
166
159
145
168
186
176
156
169
144
148
177
140
167
196
188
168
165
159
187
167
160
173
171
183
163
158
153
147
159
146
156
162
148
149
157
160
143
180
174
144
158
178
155
168
133
166
156
178
145
165
150
177
151
214
201
227
243
222
223
280
231
213
213
237
251
279
324
343
386
455
447
385
328
279
216
183
169
160
159
145
143
167
141
152
131
140
142
142
133
164
139
157
151
138
152
145
151
166
153
143
155
153
156
140
132
152
142
176
134
152
137
167
154
141
147
158
159
172
167
156
140
140
134
144
161
157
166
146
154
158
173
166
139
131
162
149
149
149
150
163
143
127
136
155
137
147
139
169
131
141
139
140
168
171
171
162
185
174
173
179
169
156
141
163
156
148
151
118
159
119
164
144
162
135
151
138
151
141
132
141
138
155
131
133
158
136
140
132
149
171
131
144
144
155
139
140
142
140
143
142
146
149
155
129
146
142
152
147
154
136
142
166
163
150
143
186
144
141
148
126
146
156
132
151
139
150
151
145
133
131
140
123
143
150
159
144
139
124
154
143
144
163
161
159
165
158
140
126
154
156
138
163
133
135
175
157
148
143
148
138
132
146
147
144
138
169
169
135
144
130
143
121
150
151
143
147
144
132
164
164
150
170
132
138
168
153
165
127
156
151
109
153
125
170
140
133
136
167
136
155
153
132
137
157
144
148
140
144
143
149
155
152
149
149
154
151
155
137
186
142
144
150
149
153
138
133
145
156
136
137
140
137
175
142
122
145
169
133
167
135
154
142
128
161
127
151
149
131
150
129
168
114
136
121
169
164
158
131
155
170
164
132
117
148
152
156
144
169
146
154
165
160
121
151
133
160
137
147
151
143
164
126
149
128
138
154
148
129
128
133
132
121
172
138
141
141
131
135
146
143
165
160
147
181
149
134
172
157
140
130
144
146
152
160
163
143
138
145
139
135
154
151
137
143
170
140
135
125
154
153
140
177
145
134
132
138
142
154
135
136
137
121
138
147
132
137
163
141
165
127
169
154
136
161
148
152
135
174
168
160
142
134
148
122
150
142
159
150
156
145
171
154
155
152
198
212
244
304
334
353
416
408
429
363
297
308
231
164
182
170
162
124
143
142
142
163
162
155
135
138
147
131
149
131
141
150
144
142
137
153
139
154
128
148
138
146
144
144
155
156
160
147
151
160
153
123
154
147
151
157
143
149
172
141
147
140
165
146
144
146
136
128
133
155
139
154
122
152
149
147
153
155
153
129
154
134
147
133
141
147
168
162
174
155
149
133
132
131
156
139
159
143
156
152
180
175
186
165
176
181
150
169
156
169
138
150
123
138
148
143
149
138
140
158
141
154
136
127
141
144
152
160
145
141
160
161
136
197
159
145
146
143
160
161
164
166
142
156
155
148
162
185
162
136
157
156
141
166
150
150
151
141
166
156
148
149
170
153
161
151
132
147
158
158
159
153
141
148
164
155
167
154
155
148
148
159
149
137
159
141
162
150
150
153
163
140
157
135
155
148
157
153
160
156
153
143
171
138
151
172
158
134
190
155
141
133
148
155
139
167
180
148
162
150
174
153
152
137
156
150
168
165
153
157
143
176
159
152
170
160
171
159
169
161
160
155
175
183
179
184
149
173
170
171
142
158
168
147
157
151
167
150
159
144
146
160
159
145
157
141
177
159
176
148
164
140
139
158
176
154
161
143
175
173
166
167
162
141
168
142
153
164
175
161
143
160
166
169
177
164
170
174
154
152
150
180
194
162
155
144
162
182
172
153
161
168
163
168
156
153
155
152
170
177
183
205
192
186
202
213
205
270
223
235
248
216
192
169
181
149
131
152
165
152
134
138
145
136
130
147
145
125
135
103
127
105
142
113
110
122
115
117
119
125
120
123
118
117
110
134
97
136
117
137
130
118
124
118
105
122
119
92
111
91
112
105
110
121
99
123
128
104
104
103
132
102
90
115
97
99
111
98
106
102
109
84
124
100
103
101
95
92
103
97
98
103
87
91
110
93
93
122
123
113
107
100
118
101
101
114
85
120
99
108
105
103
82
91
109
88
98
100
90
102
104
100
90
115
128
104
119
120
115
93
112
110
97
106
82
117
101
97
82
87
89
109
103
99
99
87
100
95
90
89
90
96
88
92
94
108
90
80
91
97
80
80
86
73
93
98
90
80
88
98
97
78
77
79
95
94
86
80
97
101
99
73
90
70
80
85
104
90
95
72
77
93
81
84
85
84
75
86
87
82
90
93
76
79
91
82
94
80
84
88
101
80
83
80
79
67
88
85
78
100
83
99
79
74
65
77
87
78
77
73
85
87
90
83
82
78
62
75
72
74
83
69
95
88
60
68
85
66
77
66
73
68
85
76
74
74
78
79
65
77
69
75
62
87
64
90
68
73
78
71
83
68
53
76
72
76
72
69
80
60
57
66
69
63
71
45
61
66
74
62
64
62
73
72
75
60
55
76
71
63
61
70
57
66
71
81
68
72
65
66
51
70
59
58
65
60
60
61
73
55
68
62
71
67
64
51
53
56
50
55
60
57
66
58
59
31
55
56
60
63
46
60
60
55
57
50
49
50
65
64
56
84
69
64
52
50
58
49
45
55
52
45
62
62
72
53
60
50
54
60
65
63
54
41
57
53
61
62
61
69
59
64
86
87
92
102
120
136
133
103
119
105
77
86
57
60
61
46
69
48
46
60
72
51
59
68
76
64
67
66
63
64
66
57
52
44
44
43
54
49
47
43
62
62
54
43
52
50
52
44
73
43
63
56
57
61
60
45
50
43
36
48
64
47
44
47
64
63
57
67
84
61
76
87
68
53
55
59
48
49
45
52
59
59
47
77
79
81
70
79
90
79
79
74
65
66
56
57
57
66
51
54
59
59
52
49
47
46
46
40
37
39
51
47
59
55
44
54
58
52
55
44
47
43
47
42
51
55
45
54
53
42
47
52
43
58
42
51
51
59
61
41
55
48
63
42
61
43
47
52
52
48
42
59
62
62
57
48
46
64
53
51
62
45
43
50
33
48
40
56
48
52
43
54
55
39
39
51
53
49
40
54
48
63
53
46
49
57
37
45
42
51
45
44
65
53
53
51
53
51
37
56
57
73
58
69
60
58
45
81
62
65
51
71
66
44
70
73
75
76
98
111
144
182
262
368
483
638
845
1203
1472
1808
2087
2305
2469
2349
2131
1799
1365
914
634
413
241
152
92
52
56
42
44
46
32
43
45
40
43
33
28
35
34
40
38
43
33
27
25
38
37
37
33
41
41
40
31
30
46
39
35
34
32
30
43
30
43
32
38
34
32
25
34
33
28
41
27
39
34
36
25
44
27
35
23
34
31
33
29
36
31
36
31
25
32
27
28
24
32
39
37
27
38
32
32
37
29
43
47
35
37
31
37
34
43
41
36
30
34
33
31
29
34
35
28
34
34
48
46
43
40
35
29
35
30
36
37
42
37
22
35
37
50
39
41
43
52
63
53
67
63
71
54
59
49
37
37
33
34
34
28
29
32
28
31
29
29
16
28
31
31
29
40
26
38
37
33
34
28
23
46
31
37
34
34
35
35
35
27
38
29
35
30
40
39
30
34
26
34
34
38
34
29
29
37
32
33
32
31
44
48
28
28
31
32
31
22
35
30
37
31
31
29
41
33
34
24
39
49
32
41
28
38
33
34
44
44
46
29
28
35
42
30
26
33
39
32
22
31
27
19
16
19
32
24
32
37
30
21
17
28
24
28
41
33
24
21
19
26
28
25
22
29
26
26
25
25
26
29
21
28
25
33
24
18
33
31
30
25
16
33
23
18
17
22
24
23
26
22
24
22
25
26
23
31
31
21
27
27
20
27
17
32
25
26
24
26
20
27
21
27
21
26
19
20
24
30
24
24
26
21
23
28
23
24
23
24
29
34
27
32
26
28
32
41
39
40
37
30
50
37
28
35
39
31
32
28
40
36
53
49
34
59
58
64
63
80
61
59
76
63
82
68
85
101
94
106
102
81
92
77
67
56
49
29
35
30
27
31
23
26
11
34
33
31
22
28
33
27
32
31
17
28
23
19
21
17
28
30
21
28
25
16
20
27
34
25
31
32
23
25
21
21
23
27
23
23
27
24
24
23
26
19
31
30
22
20
22
28
23
24
25
17
28
29
27
25
33
37
26
33
35
35
42
38
28
38
28
29
24
31
32
24
24
21
21
26
21
19
21
24
20
23
30
31
29
33
35
48
28
41
53
37
43
50
28
34
19
26
23
24
25
20
25
33
17
17
19
29
25
26
25
27
30
25
27
22
17
19
19
26
22
16
19
16
18
20
15
20
30
22
28
17
24
24
16
22
23
24
16
26
26
13
20
19
18
20
27
13
21
15
25
18
21
27
30
14
27
19
24
19
20
38
25
16
30
25
23
20
25
24
32
31
43
20
29
22
26
33
29
30
28
33
20
24
26
17
18
23
17
23
27
20
24
21
15
16
11
17
30
27
20
25
23
31
14
21
20
22
25
19
21
12
12
14
24
23
22
20
18
25
20
25
24
21
17
11
20
25
23
19
11
19
17
26
22
17
16
18
19
22
26
15
23
26
24
8
19
17
16
21
20
24
18
20
24
19
27
32
21
21
19
20
30
21
22
20
17
23
23
17
17
22
18
19
15
9
13
14
20
23
27
25
19
16
14
21
15
17
19
16
19
16
17
21
19
21
12
24
21
22
29
23
20
15
23
21
14
16
23
16
17
17
15
18
18
15
19
12
19
22
12
12
18
21
13
16
16
20
22
16
16
20
16
17
14
21
24
17
16
26
25
14
19
19
31
18
27
20
22
21
27
33
32
29
42
34
47
49
56
54
51
54
36
34
32
30
27
17
29
11
18
20
10
15
16
19
16
20
21
19
25
17
16
21
9
20
12
15
20
21
19
16
16
21
22
19
24
22
16
19
19
13
15
12
14
20
19
15
15
17
18
13
15
18
15
23
28
20
14
23
22
13
18
25
14
22
20
16
18
20
20
14
18
20
9
15
18
18
28
18
19
25
33
36
63
52
72
96
128
133
134
171
200
196
205
220
195
144
124
90
76
34
38
26
25
22
13
18
20
13
23
19
18
16
19
21
20
26
17
18
17
16
21
23
10
20
30
30
16
20
17
19
13
15
12
11
17
16
10
17
20
18
20
14
19
17
18
17
20
14
13
12
20
15
13
18
12
20
12
19
15
14
17
19
19
11
11
19
13
23
16
15
20
16
10
19
12
19
24
17
17
15
22
21
20
16
16
12
8
11
17
20
18
19
22
19
21
26
15
10
21
17
17
23
19
18
12
23
22
17
14
19
21
19
15
15
11
19
18
14
15
22
13
18
29
11
24
19
17
19
12
17
11
24
23
14
16
18
26
31
18
16
16
14
20
18
12
19
21
13
12
13
13
20
26
18
11
20
21
14
15
15
13
20
17
11
20
19
14
22
22
16
16
18
16
18
18
14
19
17
16
15
24
15
20
18
14
22
16
23
15
25
22
18
18
20
18
20
15
17
10
19
18
17
21
11
21
24
17
14
19
24
32
28
28
38
36
50
44
38
29
42
28
26
24
17
23
15
22
16
11
16
22
15
22
24
19
17
21
12
20
21
17
11
17
14
15
21
13
11
23
19
11
24
18
7
15
22
12
8
19
15
20
18
16
15
11
22
20
16
16
16
11
11
20
21
12
14
16
22
19
13
18
20
21
22
13
19
19
19
22
17
21
24
14
15
13
20
18
14
17
12
17
22
18
19
17
20
18
11
9
15
10
14
13
11
13
13
17
20
22
13
18
15
20
23
23
29
13
20
27
13
25
16
25
18
14
18
15
12
18
20
17
15
19
16
17
23
25
18
19
16
12
16
25
13
15
16
12
15
17
15
13
20
12
13
20
17
10
16
28
15
16
25
11
16
18
17
16
18
27
22
15
15
11
15
9
15
19
20
12
21
13
13
20
16
18
17
20
14
22
20
12
10
17
19
15
13
18
16
22
15
19
18
21
14
15
23
14
23
11
19
18
14
20
14
12
14
13
18
16
18
18
13
16
13
18
10
21
20
19
14
19
14
16
14
16
19
20
21
15
17
27
14
16
17
26
20
24
18
19
13
19
30
20
24
16
17
18
15
10
22
12
8
12
9
9
21
22
15
19
14
17
15
19
25
13
15
18
14
16
13
17
16
16
28
16
12
16
13
9
18
26
20
13
14
14
20
14
15
19
16
17
19
24
12
19
16
8
15
13
19
13
11
19
17
15
13
16
16
23
14
16
17
14
13
22
22
13
13
14
15
20
21
8
11
16
9
16
14
14
24
24
20
17
17
14
13
18
15
21
14
13
15
13
18
14
17
23
22
22
21
17
14
24
12
16
16
15
14
11
14
17
16
15
16
18
13
7
17
17
12
19
21
14
18
11
20
8
14
15
13
20
8
10
10
10
20
14
15
19
17
16
15
9
16
11
13
14
13
17
17
19
15
15
13
15
12
14
14
19
18
14
14
13
17
20
16
14
8
13
16
12
13
12
21
20
6
16
9
13
14
13
12
6
17
11
11
17
13
16
19
17
19
16
19
18
8
14
13
17
18
11
11
12
21
20
14
13
9
13
16
17
16
15
15
14
18
12
12
15
13
18
14
10
14
9
14
17
19
12
11
18
11
17
12
19
19
13
10
10
13
18
8
9
17
12
24
15
12
10
14
26
13
6
16
20
12
18
15
11
6
12
9
9
15
13
18
19
15
18
16
15
17
16
13
19
13
11
15
11
12
15
17
14
17
9
13
10
23
13
17
16
17
10
13
8
14
15
14
14
10
16
20
18
16
15
18
14
18
18
18
17
18
17
14
9
10
14
19
15
10
9
21
20
22
6
12
12
14
15
16
17
18
9
9
21
12
11
13
12
14
18
16
10
13
20
11
9
14
13
17
13
8
21
9
12
13
13
15
10
10
13
21
14
18
13
13
11
10
20
18
8
14
15
15
19
12
17
10
16
15
17
16
14
19
15
14
13
18
16
15
10
6
11
11
10
19
14
14
9
12
8
12
18
8
11
15
11
11
17
18
19
12
12
14
10
12
9
11
18
19
12
15
8
13
13
14
13
19
17
25
23
21
25
13
30
20
35
32
43
43
49
48
55
56
57
55
43
52
49
32
29
18
14
25
22
20
17
12
22
12
5
24
15
21
24
12
8
24
14
13
15
14
20
18
13
15
19
22
14
17
16
24
27
31
30
25
31
23
13
20
21
18
18
24
18
12
7
10
17
17
19
10
14
12
18
16
15
18
19
18
11
15
18
12
10
14
10
11
12
15
9
8
15
16
13
15
24
24
13
21
15
14
13
14
16
12
12
14
14
12
13
20
18
19
9
12
17
13
14
17
10
20
15
12
16
15
15
13
18
14
15
8
17
17
13
14
12
13
14
11
22
11
10
19
17
16
17
21
20
16
13
16
12
15
14
15
17
10
18
20
16
18
13
8
18
15
11
12
18
18
9
10
12
12
18
22
12
7
9
12
14
16
14
12
14
13
11
12
16
13
12
19
14
17
15
15
14
17
11
15
17
15
13
14
15
15
11
17
15
11
14
13
18
16
11
10
19
19
14
12
21
11
14
15
20
15
17
20
12
13
17
18
12
15
13
18
11
17
19
10
17
17
15
15
18
17
21
21
9
7
13
15
16
15
15
18
13
15
22
10
12
14
11
9
17
11
19
11
18
8
15
14
12
21
12
20
26
30
37
33
32
38
47
47
66
59
63
59
63
47
60
46
53
42
33
32
20
16
14
7
16
15
13
15
17
25
15
15
24
17
20
17
17
7
11
11
11
23
10
14
18
7
12
16
9
13
14
19
7
13
17
13
14
23
23
12
21
13
15
13
12
16
12
18
19
23
11
14
18
12
13
13
15
16
15
15
22
13
16
16
15
13
19
14
12
23
10
14
14
14
20
11
18
25
12
19
19
7
13
14
20
18
11
15
14
7
9
9
12
19
6
20
19
16
11
19
15
10
11
10
8
12
16
17
16
22
8
18
14
14
15
14
24
20
19
16
19
13
12
19
15
10
15
10
15
16
11
11
19
17
13
20
10
13
19
18
16
19
17
19
17
13
20
15
24
21
14
16
10
8
11
10
18
18
17
15
11
12
13
11
19
17
11
18
14
12
20
9
21
11
14
6
9
12
9
15
9
16
13
14
20
15
12
15
14
13
21
15
12
18
16
13
24
17
15
13
16
20
22
17
18
12
23
18
16
10
21
13
16
22
15
8
11
16
12
15
8
23
10
25
18
6
14
17
19
18
17
18
16
15
19
21
16
20
17
12
21
18
25
9
15
16
17
16
11
23
14
14
13
19
16
18
21
6
11
17
16
20
25
12
18
15
19
19
15
21
13
18
15
14
9
18
19
17
20
13
14
16
17
20
15
8
20
12
15
25
21
17
13
18
12
14
12
13
14
19
18
16
19
20
14
17
13
20
13
13
12
17
21
19
13
13
14
19
11
19
21
15
22
19
26
18
14
18
17
14
16
15
17
25
17
19
14
20
23
13
16
22
16
17
20
18
16
13
13
16
13
15
15
15
16
15
19
21
16
24
23
12
19
19
18
28
18
18
12
17
14
13
19
14
10
17
16
17
12
17
15
17
19
18
24
25
24
12
19
27
13
18
24
14
12
21
21
23
19
21
8
22
19
23
16
12
24
21
13
8
13
15
13
25
28
23
13
20
15
17
22
17
29
23
18
25
21
15
14
20
14
18
16
12
13
16
10
15
14
15
19
17
19
8
17
14
17
18
16
10
21
18
20
13
22
23
17
20
19
23
20
14
19
19
19
11
11
9
17
17
17
14
15
15
10
18
11
11
11
15
16
10
13
16
7
8
14
7
12
5
12
11
9
11
11
17
11
11
15
9
17
9
17
8
9
24
20
7
13
9
12
6
18
13
11
18
5
12
7
14
10
13
10
10
13
7
10
13
13
6
9
12
18
11
15
4
4
8
8
13
18
4
10
16
6
9
9
12
11
11
7
6
12
9
15
12
11
9
3
9
8
12
11
11
10
18
12
22
10
7
12
8
6
10
13
6
8
9
11
10
7
7
5
5
9
10
5
7
15
12
11
11
5
8
9
15
10
11
9
7
8
5
11
6
6
3
12
17
8
12
8
7
12
13
6
8
13
6
13
4
9
10
11
10
8
8
6
10
8
7
13
10
4
7
7
12
11
13
7
11
13
6
12
11
5
15
15
18
26
18
9
22
18
16
23
28
17
17
23
19
17
16
9
10
14
9
6
3
14
5
10
9
14
5
8
9
9
10
2
5
5
5
8
6
11
8
9
4
9
8
7
8
4
8
11
4
12
5
10
3
4
7
3
1
14
13
3
7
8
12
2
7
8
10
8
7
4
10
5
5
9
6
6
7
6
5
6
12
4
8
3
12
3
10
9
7
9
7
3
9
5
4
4
6
7
9
6
4
3
8
7
2
5
8
1
9
6
4
9
9
5
6
9
8
4
5
8
5
2
7
8
5
4
4
3
2
1
5
6
6
4
4
6
1
6
3
8
6
3
4
4
8
14
6
7
5
3
1
6
8
6
7
3
2
4
4
1
3
4
4
4
3
4
6
2
4
4
3
2
5
1
3
5
8
2
4
8
4
4
2
2
4
3
5
4
5
2
2
3
3
6
3
7
4
5
3
3
2
5
3
1
2
4
3
2
2
0
2
6
1
3
4
4
3
4
3
6
3
2
7
3
4
4
2
1
3
3
4
1
3
3
1
5
6
2
4
3
6
2
0
3
0
3
1
1
0
3
2
1
2
3
1
4
4
2
5
2
5
1
3
0
4
4
2
2
8
5
1
1
3
2
4
2
4
3
5
0
2
3
1
1
2
1
1
2
3
3
3
1
1
6
5
2
4
4
3
4
2
3
3
4
0
2
4
9
3
2
4
4
1
3
4
1
1
1
5
3
5
3
2
5
1
3
5
5
1
6
1
1
1
5
4
3
3
0
6
2
7
3
3
3
4
3
1
3
6
5
1
3
2
5
2
2
3
2
2
3
3
1
3
2
2
3
4
4
5
3
0
4
2
3
2
4
4
6
5
4
2
2
3
4
1
4
2
3
2
7
2
4
4
1
1
3
3
1
2
2
2
3
1
3
4
0
3
3
2
4
5
3
2
4
0
1
2
7
4
3
4
4
3
0
2
5
6
3
2
4
2
4
6
8
5
4
5
1
9
8
3
5
9
12
17
14
21
29
31
47
56
81
77
91
125
151
157
162
180
179
248
221
236
219
208
198
156
122
118
89
61
36
15
17
12
6
4
3
1
1
2
2
2
1
3
0
2
3
0
5
1
1
3
3
1
1
2
0
1
1
3
1
2
0
2
4
2
6
1
1
5
1
5
2
4
2
0
1
0
0
2
1
1
3
1
3
2
2
1
1
2
1
2
1
2
2
3
0
3
1
1
4
1
0
1
1
0
1
1
3
5
2
5
0
3
0
3
2
1
3
1
2
1
0
1
1
3
2
2
4
1
2
2
1
1
1
1
1
0
1
0
0
3
1
0
1
1
0
2
1
1
1
0
2
0
2
1
2
0
3
1
3
2
2
2
1
0
3
4
1
0
1
1
0
1
2
1
0
1
0
0
0
3
0
1
1
0
2
1
1
0
3
2
1
0
3
1
2
1
0
2
1
1
0
2
1
1
2
0
1
1
1
0
0
0
1
2
2
0
3
2
1
2
2
5
1
3
2
1
4
0
1
1
3
2
3
3
3
0
2
1
2
1
1
0
1
1
2
3
1
4
3
4
0
0
2
1
0
1
1
0
1
2
1
1
0
3
0
0
3
1
2
0
1
0
1
1
2
0
0
1
0
0
0
3
3
0
0
1
1
1
2
2
0
1
1
1
1
1
1
2
2
1
0
1
0
1
2
4
1
0
0
1
5
1
0
3
0
0
3
0
3
1
0
2
1
0
0
1
2
1
0
1
1
0
1
2
1
1
1
1
3
1
0
0
1
3
2
1
0
2
1
1
0
0
2
2
0
2
0
3
1
0
0
0
0
0
2
1
1
2
2
1
0
4
2
0
1
1
4
3
0
0
0
0
1
2
2
2
2
0
1
2
2
0
2
2
0
1
0
2
0
0
1
2
2
1
0
1
0
0
3
0
1
0
0
0
2
2
3
0
2
1
0
0
0
1
3
0
0
1
0
0
1
2
2
2
2
0
0
0
4
1
3
2
2
0
0
0
2
1
0
2
0
1
0
3
1
0
0
0
1
2
2
2
1
2
2
1
0
1
2
4
0
3
1
0
2
0
0
1
0
0
0
0
2
3
1
0
1
0
0
1
5
2
2
2
3
0
0
2
0
1
2
2
1
2
1
0
1
3
2
0
2
0
3
2
0
2
0
0
3
1
1
1
1
2
3
2
2
0
3
0
1
2
2
2
1
0
0
1
2
0
0
1
2
1
1
1
2
0
1
1
0
0
2
1
2
0
2
2
1
1
2
1
0
0
1
2
0
3
0
0
0
3
2
0
0
1
0
1
0
1
2
1
0
1
0
1
0
0
2
1
3
1
2
0
2
1
1
2
0
3
1
2
1
2
0
1
0
0
2
0
2
2
1
0
0
0
1
2
3
1
3
0
1
1
1
2
0
3
1
1
3
2
1
2
2
1
2
0
0
3
0
1
1
1
3
1
1
1
1
1
0
1
2
1
0
0
3
1
0
0
0
0
1
1
0
1
1
3
0
1
1
1
0
2
1
3
1
3
2
3
0
2
1
2
0
0
1
1
4
3
0
4
1
0
1
1
1
1
0
0
2
0
2
1
4
2
3
0
0
0
0
1
0
0
2
0
1
1
2
0
1
1
3
3
1
1
0
0
2
0
1
0
1
0
4
1
1
1
0
1
0
2
0
2
0
0
2
1
3
1
0
0
1
0
1
1
2
0
2
0
0
3
0
0
2
2
0
1
1
2
2
0
0
1
0
1
1
3
1
1
0
4
0
2
1
2
2
2
0
3
3
2
0
2
1
1
2
0
0
1
0
0
0
2
0
2
0
0
0
4
1
1
1
1
0
2
0
1
1
3
2
1
0
1
2
0
1
1
0
2
0
0
3
0
0
1
1
2
2
1
1
0
3
2
0
0
0
1
0
2
2
2
0
0
3
1
0
1
1
1
0
2
1
0
0
2
1
1
1
2
0
0
1
1
1
1
0
1
1
0
0
0
1
3
3
2
2
1
3
1
1
0
2
1
2
0
2
1
2
1
1
0
2
0
0
2
0
1
2
0
2
1
0
1
3
1
2
1
0
1
0
3
0
0
1
3
2
1
0
1
2
0
0
1
1
0
2
3
0
3
1
2
2
0
0
2
1
1
0
2
1
0
1
1
0
0
0
0
0
0
1
0
2
0
0
1
3
3
1
0
0
0
0
1
0
0
0
0
3
0
1
0
1
2
1
2
1
0
0
2
0
1
0
1
1
1
3
3
2
2
3
1
2
2
1
0
2
1
4
1
1
1
0
5
0
0
1
1
1
2
1
1
0
2
0
3
1
1
3
0
1
0
1
0
0
1
2
0
2
1
1
2
1
1
2
0
0
1
1
0
4
1
1
0
2
1
1
2
1
0
1
2
5
0
0
1
0
1
0
1
1
0
3
2
0
1
1
2
2
2
0
0
0
0
2
1
0
0
0
0
0
1
2
1
$ENER_FIT:
0.269 0.367143 3.28853e-008
$MCA_CAL:
3
0.269 0.367143 3.28853e-008
$PEAKLABELS:
219.877, "Xe-133"
450.460, "Xe-131m"
824.546, "Xe-133"
634.967, "Xe-133m"
1045.075, "Xe-133"
94.868, "Cs X-rays"
438.683, "Xe-133,Sum Peak"
7115.815, "Th-232(d), (Bkgd)"
3976.768, "K-40, (Bkgd)"
186.870, "Au XRF,(Detector)"
$ENDRECORD:
