$SPEC_ID:
PeakEasy Library File: Xe-133, IdentiFINDER (NaI), 10 mCi @ 80cm
$MEAS_TIM:
300.00000 314.00000
$DATE_MEA:
28-Sep-2011 13:17:46
$DATA:
0 1023
0
0
0
0
106
7292
10161
20663
60843
152530
225496
185794
97981
43626
25962
29100
38562
44566
44218
46474
58482
74554
87982
98950
124663
185749
282618
359179
340697
230245
111977
39612
11409
3540
1572
1120
959
1011
1069
962
823
761
570
523
513
513
494
511
490
607
657
797
950
991
1018
1010
940
812
657
486
387
282
255
252
228
207
195
165
166
178
160
160
154
163
142
150
139
159
139
149
152
147
111
128
114
129
129
94
103
105
90
83
88
77
94
67
80
85
95
105
87
77
79
64
67
71
70
56
58
62
50
56
60
43
52
53
47
57
54
56
42
53
50
53
48
39
46
46
36
37
39
33
36
42
27
26
35
28
23
25
24
28
22
24
23
34
25
21
16
29
23
22
29
24
16
24
23
26
22
18
14
23
24
16
14
15
21
18
22
23
28
21
20
19
18
14
18
16
16
12
20
17
20
15
16
22
22
22
21
19
19
20
20
11
15
14
13
12
23
17
23
20
13
22
8
13
16
16
14
12
7
17
7
13
12
12
10
9
5
12
10
10
5
9
7
3
10
8
11
9
8
6
9
11
8
10
6
8
8
11
11
12
2
13
7
5
6
9
6
9
9
10
7
14
8
4
9
14
8
11
6
6
7
3
10
3
4
5
6
9
10
7
15
4
4
7
5
5
10
4
9
6
7
5
8
5
7
7
5
6
6
12
2
5
6
6
10
8
7
6
5
6
7
7
5
7
6
6
4
8
3
4
5
1
7
8
6
5
5
3
4
4
9
7
4
3
9
7
6
3
5
7
3
4
2
4
4
3
3
5
3
6
4
1
9
5
4
2
3
7
5
6
6
5
3
3
4
6
4
6
6
5
6
6
6
7
6
5
4
4
3
3
6
7
3
2
8
6
6
2
3
4
5
2
7
1
2
1
4
2
3
6
1
6
3
1
5
3
5
4
1
0
1
0
1
5
3
3
2
0
2
1
2
1
0
0
0
4
2
2
1
1
3
2
3
1
1
1
1
3
0
3
1
0
3
0
1
2
3
3
2
2
2
0
0
2
1
0
0
2
3
2
1
0
1
2
1
1
2
1
3
2
0
5
3
2
1
4
5
3
2
2
3
1
5
6
2
5
5
7
3
9
7
6
4
4
4
6
6
6
3
1
2
4
3
3
4
5
1
2
2
3
5
7
2
4
2
1
1
1
1
4
1
1
1
1
1
1
1
0
0
3
1
0
0
4
1
2
0
0
1
1
0
0
1
1
0
0
2
0
0
1
0
0
0
0
1
1
0
0
1
0
0
0
0
0
1
2
0
1
0
0
0
0
1
1
0
0
0
0
1
1
0
1
1
1
1
0
1
3
1
1
0
0
1
0
1
0
2
3
0
1
1
1
0
0
0
0
0
0
0
1
0
1
0
0
0
1
1
0
0
0
1
0
0
0
0
0
1
0
0
0
0
1
0
0
0
0
0
1
1
0
1
0
1
1
2
0
1
0
0
0
1
1
2
1
0
0
0
0
0
0
0
0
1
0
0
0
0
1
0
0
0
0
0
0
0
0
1
1
0
1
1
1
0
0
0
1
2
1
0
0
0
0
0
0
0
0
0
0
0
0
2
0
0
0
1
0
0
0
0
0
0
0
0
0
1
0
0
0
0
0
0
0
3
0
0
0
0
0
0
0
0
0
0
1
1
0
0
0
0
1
0
0
0
0
0
0
0
2
0
1
1
0
0
0
0
0
0
0
1
0
1
0
0
0
2
1
0
0
0
0
1
0
0
0
0
1
0
0
0
0
1
1
1
0
0
0
0
0
0
0
1
0
1
0
1
0
0
0
0
0
0
0
0
0
0
0
0
0
0
0
0
0
0
0
0
0
0
0
0
0
0
0
0
0
0
0
0
0
0
0
0
0
0
0
0
0
0
0
0
0
0
0
0
0
0
0
0
0
0
0
0
0
0
0
0
0
2
0
0
0
0
0
0
0
0
1
0
0
0
0
0
0
0
2
0
0
0
0
0
0
0
0
0
0
0
1
2
1
0
0
0
0
0
0
0
0
1
2
0
1
0
0
0
0
0
0
0
0
1
0
0
0
0
0
0
0
0
0
0
0
0
0
0
0
0
0
0
0
0
0
0
0
0
0
0
0
0
0
0
0
0
0
0
0
0
0
0
0
0
1
0
0
0
0
0
0
0
0
0
0
0
0
1
0
0
0
0
0
0
0
0
0
0
0
0
0
0
0
0
0
0
0
0
0
0
0
0
0
0
0
0
0
0
0
1
0
0
0
0
0
0
0
0
0
0
0
0
0
0
0
0
1
0
0
0
0
0
0
0
0
0
0
0
0
0
0
0
0
0
0
0
0
$ENER_FIT:
-1.982 3.085879 -1.33324e-004
$MCA_CAL:
3
-1.982 3.085879 -1.33324e-004
$PEAKLABELS:
27.359, "Xe-133"
39.501, "Sum Peak"
98.882, "Xe-133"
10.161, "Cs X-rays"
54.057, "Xe-133/131m, Sum Peak"
481.018, "K-40,(Bkgd)"
$ENDRECORD:
