$SPEC_ID:
PeakEasy Library File: Fukushima, Japan Data, Detective (HPGe), 23 Mar 11, on 1-meter tripod
$MEAS_TIM:
534.46000 3052.82000
$DATE_MEA:
23-Mar-2011 3:42:12 PM
$LATITUDE:
37.352886
$LONGITUDE:
140.978893
$DATA:
0 8191
0
0
0
0
0
0
0
0
1
0
0
0
0
0
0
0
0
0
0
0
0
1
0
1
0
0
0
0
0
2
2
3
7
7
13
33
105
252
690
2044
20205
46317
57246
66599
70990
74017
74428
73945
73625
72924
72159
71770
70446
69790
68038
67884
66683
65781
65121
64137
63257
62205
61630
60373
59506
58711
57975
57482
56595
55544
55101
53990
53935
52870
51716
51571
51168
49670
49065
48752
47956
47412
46672
45321
45586
44819
44233
43180
43121
42324
41506
41258
40604
39998
39093
39304
38420
37936
37246
37221
36235
35607
35271
35018
34233
34061
33612
32744
32813
32888
32267
31861
31437
31268
30634
30466
29941
29788
29239
29489
28953
28815
28263
28436
27977
28086
27558
27582
27366
27434
27211
26961
27125
27167
27450
27085
26886
27148
26798
26816
26591
26860
26893
27103
26886
27262
27148
27496
27411
27484
27864
27614
28218
28136
28318
28363
28787
28697
29126
29167
29663
29545
30132
30192
30420
30541
30473
31061
31361
31518
32093
32055
32509
32939
33539
33774
34083
34308
35532
37504
40047
42000
40779
39959
41282
45317
46974
45010
40164
37615
36848
37067
36991
37418
37467
37762
38414
38389
38765
38976
39165
39539
40297
40777
40551
40371
41271
41784
43269
45114
46701
46731
45062
43765
43375
44287
46086
46236
44491
42731
41634
41114
41458
41492
41826
42120
42195
42237
42815
42922
42900
42965
43594
43576
44019
43866
43964
44028
44004
44213
44399
44863
44415
44549
45141
44855
45369
45283
45131
45369
45327
45504
45590
45695
45946
45783
46314
46001
46572
46453
46730
46865
46770
47256
46781
47651
47021
47381
46875
47147
46997
47349
47323
47532
47819
47553
47954
47785
48079
47210
47330
47605
47756
47302
47754
48082
47672
47295
47870
47711
47506
47624
47154
47328
47494
47168
47620
47315
47647
47447
47395
47673
47972
47856
47496
47120
46892
46881
47424
46548
47050
46712
46855
47245
47414
47608
46888
46747
46576
46064
46315
46079
45816
46131
46305
45582
45931
46069
45492
45984
45825
45681
45174
45697
45776
45342
45433
45534
44924
44671
44504
45085
44980
44703
43877
43899
44143
44008
44086
43721
43422
43430
43160
43309
43369
42877
42798
42787
42994
42715
42757
42335
42256
41965
41980
41863
41965
41682
41713
41631
41573
41111
40893
40679
40107
40337
41028
40711
40726
40295
40223
40364
39935
39819
39459
39524
39106
38862
39276
39197
38975
38924
38846
38730
38933
38428
38423
38120
38313
38079
37987
38112
37605
37797
37961
38100
38161
38455
38597
38029
38315
38225
38651
38767
38245
38113
38203
37874
37346
37101
37051
36763
36471
36513
36438
36589
35828
35566
35671
35500
35325
35360
35056
34968
35054
34750
34404
34252
34134
33768
34328
34233
33959
33761
33673
33123
33187
32527
32709
32809
32687
32252
32456
32179
32139
31700
31945
31721
31232
31607
31111
31186
30819
31146
30829
30608
31012
30606
30155
30392
30405
30157
29789
29828
29729
29753
30557
30803
31394
30325
29662
29108
29126
28779
28746
28828
28317
28404
28427
28364
28133
28609
28240
28128
28196
27972
28158
28136
27740
27759
27727
27704
27981
27908
27354
27543
27570
27427
27551
26966
26844
26653
27337
26966
26730
26430
26671
26710
26369
26243
25972
26278
26356
26037
26011
26153
26133
25700
25482
25794
25624
25355
25847
25230
25286
24976
25196
24693
24605
24825
24843
24400
24438
24415
24161
24238
24064
23741
23941
23619
23824
23655
23195
23440
23277
23353
23183
22926
22997
22675
22508
22878
22400
22439
22517
22035
22154
22227
22064
21901
21727
21749
21608
21483
21508
21293
21315
21024
20820
20962
20673
20670
20686
20314
20044
20051
20165
20018
19910
19790
19538
19571
19638
19479
19341
19300
19475
19392
19207
19279
19019
19037
19172
18974
18803
18830
18825
19125
18849
19142
19324
19338
19538
20466
22727
29218
44383
63066
70914
58936
38459
24557
18599
17107
16625
16573
16584
16018
16055
15988
15833
15861
15580
15616
15224
15467
15505
15435
15368
15365
14898
14991
15079
14962
14969
14804
14565
14779
14681
14448
14489
14542
14550
14428
14228
14580
14130
14114
14158
14097
14135
13787
13928
14014
13799
13769
13687
13568
13631
13595
13723
13515
13453
13518
13310
13279
13317
13268
13402
13282
13050
13038
12893
12876
12977
12852
12879
12941
12738
12886
12952
12762
12744
12621
12465
12492
12358
12559
12336
12439
12364
12212
12335
12240
12312
12286
11992
12206
12136
12474
12612
12715
13080
12630
12091
12056
11680
11888
11727
11576
11802
11404
11546
11475
11492
11403
11385
11434
11394
11330
11278
11449
11399
11244
11226
11359
11271
11238
11261
11428
11911
11744
11855
11316
11025
10905
10937
10993
10940
10670
10826
10943
10945
10620
11019
10773
10670
10779
10785
10860
10743
10688
10712
10679
10889
10874
11775
12682
16179
20300
21971
19504
15355
12085
10729
10308
10174
10162
10165
9923
9874
9868
9938
9672
9735
9818
9753
9843
9683
9810
9708
9693
9635
9567
9623
9643
9648
9440
9617
9530
9480
9293
9457
9266
9336
9219
9358
9393
9402
9157
9396
9285
9148
9206
9189
9202
9061
9446
9232
9115
9056
9014
9009
9114
9054
9029
9129
8847
8995
9027
8922
8961
9015
9049
8769
8912
8896
8861
8765
8856
8842
8741
8777
8649
8716
8745
8732
8924
8705
8841
8721
8525
8635
8603
8599
8626
8586
8616
8536
8564
8533
8576
8551
8449
8461
8483
8388
8523
8288
8360
8322
8207
8320
8290
8216
8228
8334
8215
8179
8289
8262
8594
8498
8653
8280
8179
8108
8170
8305
8209
8094
8105
8039
8063
8147
7912
7978
8077
7853
8051
8021
7901
8033
8141
7916
7986
7832
7694
7971
8041
7997
8100
7964
7737
7999
7740
7789
7879
7905
8235
8743
9544
9998
10050
9275
8629
7841
7830
7839
7598
7660
7826
7586
7707
7593
7467
7651
7654
7685
7456
7454
7608
7552
7619
7385
7545
7445
7476
7762
7722
7679
7607
7774
7594
7524
7699
7807
7660
7616
7880
7734
7911
7800
7918
7843
8072
8045
7976
8094
8065
8272
8312
8507
8576
8737
8925
9004
9296
9835
10001
10668
11541
13264
18528
33097
63888
105213
128102
112180
70643
33651
14927
9015
7319
6770
6573
6453
6214
6127
6015
6034
5832
5905
5682
5771
5640
5556
5450
5495
5446
5639
5478
5281
5345
5452
5478
5450
5271
5284
5185
5328
5269
5243
5310
5214
5207
5125
5231
5203
5105
5197
5139
5158
5073
5010
5087
5025
5070
5084
5128
4955
5026
4981
4840
4989
4963
4921
5002
5026
5143
5023
5136
4986
5052
4903
4855
5015
4794
4882
4935
4713
4973
4723
4812
4894
4850
4775
4842
4870
4885
4944
4843
4817
4788
4783
4774
4668
4741
4639
4768
4842
4747
4713
4576
4755
4693
4667
4821
4650
4780
4728
4661
4657
4524
4679
4814
4803
4592
4800
4694
4629
4655
4844
4629
4708
4693
4697
4593
4506
4762
4617
4765
4628
4597
4632
4520
4560
4688
4537
4454
4648
4604
4528
4567
4664
4595
4611
4716
4696
4839
4740
4625
4592
4594
4504
4545
4404
4543
4324
4440
4620
4519
4540
4523
4399
4550
4508
4550
4430
4512
4409
4423
4433
4285
4344
4382
4402
4311
4366
4335
4344
4410
4259
4349
4379
4279
4383
4366
4384
4409
4563
4500
4351
4420
4257
4199
4281
4210
4310
4213
4156
4239
4175
4240
4252
4139
4183
4205
4218
4289
4111
4202
4221
4298
4315
4295
4227
4294
4146
4370
4232
4184
4157
4150
4230
4345
4251
4315
4356
4443
4277
4269
4215
4053
4131
4159
4174
4157
4034
4114
4110
4098
4095
4020
4104
4020
4069
3945
4120
4071
4135
3993
3977
4022
4063
4032
4050
4080
4034
4065
4003
4119
4427
4613
4877
4906
4792
4392
4136
3997
3902
3845
3904
3970
3942
3966
3861
3902
3881
3881
3950
3782
3868
3859
3955
4007
3900
3842
3878
3685
3898
3700
3758
3769
3829
3883
3726
3772
3827
3712
3897
3796
3879
3787
3879
3916
4011
3986
4197
3978
3864
3605
3666
3728
3644
3680
3579
3683
3620
3626
3435
3478
3458
3492
3564
3508
3497
3380
3467
3382
3398
3409
3207
3292
3322
3247
3407
3311
3377
3591
3552
3619
3637
3459
3458
3298
3113
3148
3152
3075
3130
3143
3095
3075
3092
3187
3230
3093
2999
3051
3045
3074
3092
3005
2993
3036
3090
3031
3025
3053
3056
2977
3045
3050
3066
2884
2896
3055
3014
3082
3186
3256
3427
3479
3336
3244
3193
3321
3641
4329
4659
4532
4078
3648
3130
3050
2954
2915
2828
2891
2856
2931
2948
2773
2868
2945
2864
2846
2844
2772
2832
2790
2835
2788
2809
2806
2794
2826
2868
2822
2750
2791
2784
2850
2788
2871
2892
2835
2866
2925
2967
3145
3469
4324
5998
7762
8590
7759
5923
4186
3219
2875
2668
2790
2681
2627
2702
2668
2647
2665
2653
2601
2695
2619
2600
2630
2637
2631
2621
2614
2529
2591
2617
2587
2456
2548
2576
2566
2572
2641
2671
2716
2734
2589
2626
2662
2579
2471
2628
2488
2521
2506
2512
2529
2514
2516
2424
2491
2429
2402
2475
2476
2372
2499
2498
2499
2378
2480
2459
2630
2697
2963
2785
2756
2553
2473
2445
2349
2346
2412
2369
2425
2403
2352
2383
2435
2472
2411
2436
2353
2399
2407
2345
2362
2401
2404
2519
2440
2503
2424
2288
2341
2425
2371
2293
2409
2376
2426
2453
2370
2402
2443
2624
3005
3420
4012
4269
3968
3353
2758
2530
2377
2426
2356
2494
2411
2457
2421
2652
3092
3840
4920
5726
5601
4773
3474
2824
2437
2386
2344
2292
2352
2288
2255
2270
2268
2209
2264
2290
2271
2178
2191
2255
2167
2221
2209
2166
2164
2138
2158
2264
2183
2169
2158
2076
2202
2051
2026
2099
2078
2055
2084
2121
2081
2093
1973
2076
2021
1968
2059
2050
2052
2032
2070
2069
1991
1985
1956
1893
2080
1987
2051
2056
2100
2030
2082
2029
2030
1978
2042
2046
1995
2051
2022
1978
2007
2060
2115
2120
2126
2027
2093
2186
2086
2176
2147
2146
2216
2272
2294
2464
2526
2762
3116
4252
6967
11884
18046
22369
21093
15245
8880
4607
2791
2180
1957
1830
1828
1736
1838
1853
1769
1738
1703
1730
1690
1616
1602
1617
1661
1675
1676
1631
1609
1548
1624
1613
1548
1616
1548
1587
1538
1611
1577
1465
1591
1639
1563
1528
1650
1820
1970
2155
2133
2032
1792
1510
1567
1572
1493
1462
1480
1527
1490
1496
1477
1523
1483
1512
1567
1497
1545
1655
1913
2343
3371
4601
5450
5655
4396
3068
2210
1741
1558
1549
1503
1515
1586
1585
1512
1631
2009
2464
3648
5426
7423
8113
7020
4941
3029
1914
1476
1390
1353
1405
1340
1362
1293
1416
1400
1399
1476
1541
1443
1370
1225
1259
1298
1332
1227
1294
1315
1261
1240
1295
1307
1327
1334
1331
1377
1537
1789
2004
2078
1877
1637
1422
1337
1289
1372
1304
1329
1384
1417
1357
1422
1421
1447
1485
1454
1481
1528
1653
1694
1698
1910
1953
2188
2844
4464
7724
12431
16725
17443
14786
9499
5425
3040
2247
1988
2009
2075
2237
2625
3369
5169
9428
16784
25081
29653
27140
19197
11182
5854
3721
3137
2892
2582
2421
2463
2418
2090
1673
1219
1187
1052
987
974
1037
955
946
893
945
898
931
935
868
922
873
866
857
866
890
876
782
879
807
813
845
832
861
850
817
777
794
792
846
783
816
814
799
752
803
791
784
760
788
808
755
749
822
748
721
771
754
825
733
753
742
688
788
771
864
891
1061
1174
1192
1078
940
823
717
749
718
683
744
669
671
697
642
679
683
683
716
677
715
696
737
693
693
718
736
667
700
690
697
677
677
699
723
720
699
661
680
661
667
701
738
685
667
712
667
640
639
656
678
640
714
673
700
747
735
684
681
652
676
682
699
734
701
742
701
707
767
730
832
1021
1317
1746
2153
2217
1918
1441
1069
898
867
843
948
1189
1612
2001
2289
1971
1697
1353
1244
1140
1035
990
880
733
666
635
661
691
652
641
614
633
661
569
660
648
640
639
677
634
624
639
647
682
647
658
684
608
673
642
612
641
653
636
594
577
619
644
587
576
655
641
595
639
608
600
580
682
598
571
601
582
641
587
631
598
577
634
638
617
616
613
605
569
585
581
579
584
613
655
637
612
649
626
635
631
620
582
574
622
640
612
640
642
605
656
662
630
697
670
655
616
671
668
709
761
732
742
765
783
797
777
826
855
848
821
908
991
1009
1033
1281
1458
1836
2769
5160
9088
14148
18990
19275
15545
10047
5124
2395
1274
884
806
712
686
632
656
632
642
641
608
641
679
757
832
905
846
792
642
599
570
535
577
555
569
591
569
588
649
596
577
582
573
561
551
550
588
610
581
630
618
616
647
648
668
763
716
818
860
866
993
1174
1501
2339
4160
7408
11162
13932
13946
10788
6636
3421
1709
916
721
582
598
604
646
635
757
984
1406
1625
1921
1736
1347
866
662
532
453
460
461
499
444
464
440
424
490
476
465
540
640
830
962
1071
1063
974
956
1047
1322
1693
1813
1691
1283
894
648
480
456
470
424
508
509
555
651
863
1248
1944
2534
2642
2292
1716
1066
677
457
417
380
374
353
363
393
345
360
322
358
378
347
352
350
332
366
316
325
339
342
363
334
324
335
344
322
324
321
329
321
350
316
339
330
322
356
309
329
287
329
318
314
328
318
341
237
314
321
308
301
322
303
319
303
267
325
306
304
286
289
309
264
343
291
293
271
296
305
289
249
277
261
289
289
284
297
314
298
272
272
278
273
297
278
277
315
285
313
268
285
301
281
293
275
262
304
232
287
258
274
286
270
265
257
244
262
293
272
286
268
279
294
296
352
422
427
383
354
321
271
300
249
283
243
302
276
273
268
285
290
256
250
270
275
269
269
275
265
250
296
268
275
258
275
258
282
283
281
331
383
417
454
485
463
379
383
286
279
264
245
255
284
258
254
267
261
275
259
267
250
269
265
264
268
260
270
268
276
250
267
280
274
243
261
251
261
253
249
247
246
240
242
240
252
250
248
247
222
270
258
243
246
263
237
241
259
230
245
244
253
257
269
264
245
245
226
231
248
231
239
259
213
210
230
238
239
265
234
224
237
240
221
228
232
230
259
240
288
258
280
325
390
412
415
367
356
314
294
238
251
249
212
208
216
242
227
231
206
236
192
237
242
223
202
219
236
238
231
238
233
217
219
234
231
233
211
217
236
207
210
233
232
236
258
233
249
217
273
319
282
322
257
251
256
212
222
226
226
227
222
187
216
221
209
205
223
208
217
206
214
207
200
214
216
229
192
184
213
221
189
206
185
219
205
203
202
197
183
205
205
217
208
223
230
208
235
188
196
243
210
248
209
228
252
253
239
238
240
270
248
281
275
290
314
334
337
424
478
708
1224
2018
3027
3609
3648
2928
1969
1092
542
343
252
207
214
199
206
223
198
195
216
179
196
184
188
192
190
171
173
201
186
177
178
191
170
211
177
178
190
212
161
175
171
182
243
175
161
183
185
174
161
153
168
177
151
167
174
152
190
194
171
157
174
170
148
165
166
162
160
167
171
177
159
178
153
182
155
174
172
170
174
177
189
196
241
283
296
249
255
214
201
160
126
156
153
141
163
150
174
167
152
175
181
167
149
133
162
173
163
154
169
176
145
163
161
165
166
145
164
175
177
168
169
148
145
137
188
164
174
153
177
168
158
155
154
166
154
135
154
158
135
144
154
162
160
158
140
145
145
142
175
160
140
145
140
170
156
168
146
155
155
157
133
128
140
141
144
147
131
121
141
130
161
125
133
137
124
142
140
138
156
130
135
141
143
155
147
144
156
130
151
132
165
142
141
152
149
171
161
148
162
147
130
155
153
144
134
139
127
148
150
140
166
163
154
187
154
157
145
149
164
177
227
286
235
223
215
182
171
209
202
241
241
255
245
210
149
173
144
182
159
159
159
174
183
161
143
204
155
180
167
196
242
265
402
570
898
1301
1540
1466
1278
879
552
303
236
177
175
149
135
143
127
138
121
137
149
114
144
149
102
143
132
118
131
126
110
109
130
118
135
151
131
135
126
122
134
108
106
129
131
141
144
131
95
140
137
111
125
142
122
136
133
124
110
116
143
127
125
127
100
121
121
111
108
117
104
119
110
114
131
121
114
110
116
128
123
125
122
125
124
128
122
131
146
110
100
118
133
95
130
135
117
113
152
133
157
152
157
145
134
145
128
146
137
126
119
128
111
124
126
85
128
108
131
115
128
99
123
94
124
91
92
114
119
106
108
130
120
122
105
124
127
107
128
121
110
120
102
117
118
108
107
110
96
112
108
96
97
109
113
100
104
116
106
98
115
124
103
107
98
95
86
117
107
112
116
111
108
100
123
109
127
142
119
119
130
122
96
129
114
112
100
125
102
101
102
103
105
117
113
109
98
106
132
97
121
105
97
123
92
112
102
117
129
118
103
113
111
112
138
128
148
117
140
121
110
124
115
110
127
118
104
113
112
107
119
124
121
117
146
115
142
180
176
278
329
517
633
661
625
480
320
196
162
132
125
122
99
117
119
112
111
120
141
156
230
283
322
336
365
328
222
159
166
97
134
120
117
121
128
145
166
135
141
106
108
119
109
109
102
115
93
97
111
101
89
90
116
97
113
76
94
110
113
95
122
97
120
79
104
111
90
110
95
113
116
95
95
107
101
78
107
103
90
105
77
108
106
121
105
161
173
230
259
291
285
231
170
145
123
112
114
108
105
108
160
176
212
276
274
228
157
126
102
87
103
90
98
78
84
93
102
87
75
91
94
94
93
80
69
90
71
76
84
89
97
89
86
88
82
80
93
65
71
67
78
72
74
59
80
84
67
71
77
76
69
65
70
64
85
67
86
53
66
63
69
61
69
69
68
65
71
64
69
59
59
53
66
57
73
66
80
75
83
64
71
70
68
60
68
91
67
76
64
52
55
74
74
54
63
88
82
67
60
67
75
69
64
69
76
65
67
67
89
62
65
80
77
58
65
63
66
55
61
58
63
52
55
73
66
53
54
71
46
59
78
64
65
73
49
67
57
62
61
67
60
59
78
62
60
49
70
62
45
68
68
78
65
58
58
57
58
49
56
70
74
59
71
76
78
82
79
115
140
251
267
377
393
341
254
178
107
70
71
57
65
66
51
63
44
60
56
57
56
50
51
60
42
56
51
61
48
68
51
43
70
43
69
61
42
54
56
62
61
67
53
56
60
43
50
54
63
46
56
57
42
69
62
52
67
51
58
48
39
51
52
50
51
49
36
41
40
40
49
55
35
48
43
49
37
46
45
56
41
62
40
59
59
60
48
47
45
46
46
38
50
52
39
47
40
46
43
54
55
59
65
67
73
69
66
58
54
55
46
41
43
38
34
40
52
41
49
43
35
55
53
38
49
47
34
26
31
39
35
39
55
54
36
42
45
35
35
42
41
40
53
48
45
39
46
50
56
79
88
125
179
191
207
192
149
134
84
68
59
76
87
151
216
240
262
293
217
184
141
134
115
141
141
118
94
57
47
48
35
34
38
42
43
30
44
49
35
46
35
43
33
39
26
30
36
29
32
41
47
33
34
36
32
39
22
26
34
38
36
27
37
35
33
41
36
37
41
30
35
42
32
44
28
42
51
49
51
39
54
48
24
34
24
24
36
34
29
25
27
32
32
30
37
32
32
31
40
31
32
29
22
33
31
34
23
41
35
24
28
28
32
40
29
37
33
25
33
21
39
22
27
22
26
28
24
36
25
27
39
29
40
33
29
31
25
31
33
23
17
30
32
27
31
38
34
29
23
20
26
17
29
23
31
20
35
34
30
28
34
29
29
25
35
37
28
33
26
27
38
18
32
24
31
21
22
31
28
39
30
28
36
26
27
28
33
37
31
37
36
28
35
39
37
36
39
48
41
51
70
107
160
194
285
338
304
257
186
134
74
50
36
33
36
37
44
56
55
98
117
187
256
343
385
362
280
145
118
82
42
34
38
30
38
28
24
41
40
27
24
36
22
25
26
24
24
29
31
31
26
24
30
22
29
21
27
35
35
36
23
26
35
19
29
27
26
34
34
36
24
24
34
44
33
33
32
31
44
39
46
40
49
50
60
50
54
77
78
101
124
200
326
555
770
902
986
895
705
471
280
143
101
66
43
39
34
46
23
29
25
29
21
24
21
31
28
30
21
26
28
32
21
28
27
26
31
19
45
26
26
32
34
36
24
16
27
27
27
23
23
26
26
24
23
27
14
20
28
26
26
22
23
18
25
21
23
25
17
22
18
14
11
23
23
18
27
25
15
18
21
21
20
21
24
22
23
20
15
19
24
21
21
26
19
29
23
20
22
17
21
25
31
23
21
23
18
27
32
21
35
27
21
24
21
24
23
28
31
44
57
91
126
170
186
206
187
135
101
61
45
26
21
18
11
11
20
27
13
27
19
15
22
17
19
18
24
20
17
24
20
17
23
12
24
23
18
21
24
21
10
36
28
44
40
23
19
29
21
29
38
35
40
38
49
51
50
38
24
27
27
35
17
16
20
16
24
24
13
13
13
20
19
19
18
16
19
19
20
18
16
17
14
14
14
22
15
15
11
18
18
19
27
29
32
25
42
34
30
27
28
24
18
12
20
17
22
13
19
20
18
17
17
15
22
17
15
17
15
13
16
14
14
14
14
16
22
15
16
18
13
16
11
21
15
20
21
20
18
18
25
16
14
14
17
19
14
13
21
17
18
19
11
15
17
16
17
15
8
23
16
12
27
14
10
21
15
16
14
15
15
13
16
22
22
7
15
24
15
13
13
14
17
15
15
18
21
13
14
20
14
9
17
23
17
10
10
17
12
13
14
19
12
18
8
9
19
15
15
23
21
20
31
19
26
21
19
15
9
17
11
15
11
21
13
17
11
8
12
15
15
13
12
16
13
13
23
18
14
17
18
25
20
11
17
14
18
16
12
7
16
10
14
7
15
10
12
20
16
9
11
16
15
12
9
16
16
12
19
20
12
14
14
13
14
11
6
17
19
13
13
10
17
18
19
18
13
13
10
14
17
13
13
19
9
18
14
9
10
18
16
11
10
15
20
11
15
6
9
6
10
8
16
16
11
17
21
16
18
14
13
11
17
18
14
15
15
15
20
14
11
18
21
16
14
7
13
9
8
14
13
9
13
11
14
16
17
16
9
10
13
11
18
17
10
7
12
9
14
12
14
9
14
15
9
12
9
15
15
9
15
12
11
8
12
11
20
13
15
6
13
24
13
12
15
15
15
10
9
8
20
10
14
22
23
14
9
12
16
19
16
12
10
19
23
17
20
24
16
11
29
31
25
18
34
26
27
43
68
75
95
86
91
77
54
39
22
21
17
9
15
11
14
15
12
16
20
14
10
15
12
18
17
16
20
10
9
10
18
13
19
9
15
11
14
13
11
14
14
17
16
17
8
11
17
20
11
22
10
15
10
17
17
8
12
10
14
6
11
17
9
16
13
14
13
10
14
16
11
9
19
14
15
12
15
9
13
15
15
9
17
5
12
11
6
12
12
15
12
12
10
7
13
12
12
12
13
10
12
10
14
14
16
10
16
14
15
15
17
11
18
12
16
11
11
13
9
12
15
14
13
17
15
12
11
16
11
14
10
16
20
16
7
13
14
13
19
15
6
6
15
19
9
12
14
10
13
13
20
9
9
17
15
18
8
13
18
15
16
6
5
13
16
14
10
12
14
8
12
19
19
15
19
10
14
16
10
15
7
15
12
18
9
10
10
20
20
11
10
12
10
13
9
16
15
9
13
16
15
13
11
17
11
16
22
7
15
11
12
6
14
15
21
12
10
11
11
7
13
15
8
13
8
11
12
16
12
12
13
15
18
9
17
7
10
10
12
8
14
11
10
13
15
15
22
18
13
9
17
9
11
16
7
12
14
16
18
14
15
16
13
10
14
11
16
11
14
13
14
11
12
6
17
17
17
7
12
6
8
11
13
6
8
8
11
12
11
16
10
10
10
12
8
11
8
5
8
4
12
8
13
10
11
13
11
9
7
6
10
11
7
11
9
11
17
12
12
14
15
6
9
12
14
13
12
10
14
14
10
10
14
9
15
12
14
20
9
15
20
16
19
10
14
6
8
7
4
15
10
14
11
10
11
10
18
10
13
16
18
20
9
16
13
15
7
17
6
12
13
10
9
5
9
15
8
12
13
8
9
7
10
13
12
8
12
9
5
9
11
13
12
6
7
16
10
9
11
14
13
12
13
15
9
12
10
7
8
12
8
9
8
10
14
12
11
16
8
8
14
17
14
10
13
15
14
14
18
10
8
14
11
17
12
21
23
21
27
31
22
24
28
18
13
10
21
20
16
12
17
11
14
8
12
12
16
14
15
14
8
9
8
9
8
7
8
13
5
14
11
8
9
14
7
12
10
10
14
14
13
7
11
16
6
9
10
9
9
10
13
11
6
10
12
16
21
20
20
11
11
7
5
10
8
9
9
8
6
8
8
12
7
8
11
10
8
7
6
6
4
6
8
5
4
5
10
7
9
12
6
5
9
4
6
8
9
8
8
10
5
3
7
2
9
4
11
9
14
8
4
4
5
7
4
10
5
11
6
7
10
7
4
9
4
12
7
8
10
10
9
3
6
5
7
6
9
4
8
2
11
8
10
4
7
8
12
5
10
7
8
7
11
9
9
13
6
5
7
5
4
5
7
2
8
10
9
10
4
7
7
8
3
4
7
6
9
7
2
6
5
5
6
8
3
8
5
7
12
5
13
7
4
10
9
6
8
13
4
8
3
11
4
5
6
4
5
7
6
4
5
9
2
9
7
6
6
3
8
8
5
5
10
5
3
12
5
5
5
6
11
8
7
8
4
2
3
10
8
5
9
6
7
3
1
6
4
8
3
4
6
3
8
4
6
4
7
5
5
5
2
6
4
7
5
6
7
3
10
6
4
3
3
8
3
5
5
6
4
4
9
7
7
8
5
4
5
3
2
7
3
11
5
6
8
4
5
6
7
6
6
7
3
4
5
3
3
3
3
8
8
9
7
2
6
8
8
6
2
3
6
2
9
2
4
5
5
7
3
6
7
10
6
8
0
3
2
8
2
2
5
6
0
7
4
4
7
3
4
6
4
3
4
5
7
9
2
2
3
4
6
4
5
1
2
3
4
6
7
10
4
5
5
1
2
1
3
4
7
3
1
2
7
6
3
4
4
8
2
2
7
2
3
2
2
3
4
3
8
3
4
10
1
2
4
3
4
3
4
5
2
5
4
4
2
4
6
6
10
8
12
9
8
5
4
2
6
10
5
9
15
6
8
8
11
18
25
26
45
65
83
110
143
116
106
96
62
36
30
14
8
7
2
9
6
3
2
12
3
2
2
3
3
5
0
2
1
2
8
3
3
7
3
5
2
4
4
5
1
4
2
1
4
3
7
8
8
7
4
7
5
3
6
1
2
3
2
4
6
3
2
6
2
4
2
2
1
5
1
5
0
5
1
1
2
2
4
7
2
3
2
6
4
4
5
4
1
0
4
4
1
5
3
3
0
2
3
2
6
1
3
1
3
5
2
8
3
0
3
4
5
5
2
4
6
6
3
4
4
2
4
4
2
5
1
2
1
4
3
5
3
4
1
3
1
2
3
3
6
3
3
1
5
1
7
7
0
1
5
3
0
4
1
3
5
4
0
2
7
0
2
1
2
2
1
5
6
4
5
2
5
2
1
3
3
3
4
2
3
7
3
3
3
7
2
5
4
8
6
2
3
8
3
7
4
4
3
8
5
3
4
1
4
4
6
6
4
4
5
8
4
7
10
5
10
5
21
30
37
58
87
101
114
103
89
77
47
28
18
9
7
7
8
4
6
3
5
2
6
1
5
2
4
1
3
4
3
1
4
1
1
3
4
4
4
1
0
5
2
1
6
4
4
3
1
4
1
2
1
2
3
3
1
3
3
2
4
2
2
5
2
1
4
5
2
3
2
0
1
2
1
2
4
2
3
1
2
3
2
1
4
2
0
4
4
0
2
3
4
1
1
1
1
2
5
4
0
0
4
0
0
1
1
3
3
1
2
1
7
4
2
4
2
3
2
3
1
1
2
2
0
1
2
3
4
1
2
3
4
3
3
7
1
4
2
4
6
4
3
2
1
2
2
2
0
2
1
2
2
2
2
2
0
0
1
1
4
0
2
1
1
1
4
0
2
1
2
1
0
1
2
2
1
3
5
1
2
2
2
2
0
1
2
3
2
2
2
1
0
2
2
2
2
2
5
2
1
1
0
1
3
2
3
2
2
0
2
0
2
2
2
2
2
3
3
1
3
2
2
0
3
2
1
4
1
3
5
6
12
19
17
24
26
19
14
11
7
9
4
5
3
6
1
5
3
3
1
3
2
0
2
1
0
1
2
3
1
3
1
3
3
0
1
2
2
0
2
2
3
2
2
3
2
3
0
4
1
3
1
2
1
1
9
3
2
2
0
1
2
2
0
2
5
2
0
2
2
1
1
0
2
1
4
1
0
0
5
1
1
1
2
1
1
0
2
0
1
2
3
0
2
3
0
0
0
3
1
1
1
2
2
0
0
1
2
2
0
0
2
2
1
2
3
2
0
1
3
4
1
1
2
3
1
3
3
2
1
2
0
1
0
2
5
1
1
3
1
1
2
1
2
2
0
2
1
0
1
1
3
1
1
2
0
2
1
1
1
2
1
0
4
1
3
2
0
0
3
2
1
1
3
1
2
0
1
2
1
1
0
3
3
1
1
1
3
3
0
2
1
1
2
3
1
1
4
1
1
2
0
1
3
1
2
1
1
3
3
2
2
1
3
1
3
1
3
3
1
2
0
2
3
1
2
2
2
2
3
3
3
13
15
21
18
24
24
10
8
8
9
4
4
4
5
2
0
2
1
4
2
2
1
1
1
1
0
2
1
1
0
1
0
1
2
0
2
1
1
0
2
2
0
0
2
0
6
1
1
0
1
2
2
2
0
2
3
1
1
0
3
0
2
0
3
1
1
1
1
3
3
3
0
4
0
1
0
0
0
2
1
1
0
3
0
2
1
1
1
2
3
2
1
0
1
1
1
0
1
1
1
2
0
1
1
0
1
3
2
1
0
3
0
0
1
2
1
1
0
2
2
1
4
0
2
2
0
3
2
3
0
1
1
1
3
1
0
3
5
8
8
5
13
17
4
8
2
2
4
1
5
1
2
3
0
1
0
4
0
1
1
1
2
2
1
0
3
1
0
0
1
0
0
1
2
1
1
0
0
2
2
1
0
1
0
2
0
2
2
0
1
1
1
1
1
1
0
2
3
2
1
1
1
0
3
1
1
1
1
2
4
3
4
2
2
7
3
2
1
1
2
1
0
0
1
3
0
1
1
0
0
1
0
0
0
1
0
1
0
0
1
0
1
1
3
0
1
0
1
0
1
0
2
2
0
3
1
2
0
3
0
0
0
0
3
1
1
1
0
1
0
1
0
1
1
0
3
0
1
0
1
1
0
1
2
2
2
0
0
0
1
0
2
1
2
0
2
0
0
1
1
1
1
0
0
1
2
3
0
0
4
0
0
2
0
1
0
0
0
1
1
0
2
1
1
0
3
0
2
0
2
2
1
0
0
0
0
0
1
0
0
0
0
0
0
1
0
1
0
0
1
0
2
0
0
1
1
0
0
2
0
1
1
0
0
0
1
0
1
0
0
0
1
0
1
1
1
3
0
0
0
0
0
0
2
1
1
0
1
1
0
0
1
0
1
0
2
1
0
0
0
3
0
0
1
0
0
0
0
0
1
1
0
0
1
0
0
0
1
0
1
0
1
1
0
1
1
0
0
0
0
2
1
0
1
1
0
0
0
1
0
0
1
3
0
2
1
0
0
0
0
0
0
0
0
1
0
0
0
0
0
0
0
1
2
0
0
1
1
0
1
2
0
0
0
1
0
0
2
2
1
1
1
1
0
2
2
0
1
2
0
1
0
2
0
1
0
1
0
1
1
0
0
0
0
1
1
1
0
0
0
0
1
0
1
1
0
0
0
2
1
0
1
2
0
1
1
1
0
0
0
0
0
0
0
0
1
0
1
2
0
0
2
0
1
1
0
0
0
1
0
0
0
0
2
0
0
0
0
2
0
1
0
0
0
0
0
1
0
0
0
0
1
0
1
0
1
1
0
1
1
0
1
1
3
1
3
2
2
2
3
6
8
20
10
20
13
14
5
8
7
5
1
0
0
3
0
1
1
0
0
0
0
1
1
0
0
1
0
0
0
0
1
0
0
0
0
0
0
0
1
0
0
0
1
0
1
0
1
2
1
0
0
1
0
3
0
1
0
2
2
0
0
1
0
0
2
0
1
1
0
0
0
0
1
1
1
0
0
0
0
0
0
0
1
0
0
0
0
0
1
0
0
0
0
0
0
0
0
2
0
0
1
0
0
0
1
0
0
0
0
1
1
0
1
0
0
0
0
1
0
1
0
2
0
0
0
0
0
1
0
2
0
0
0
1
0
0
1
0
0
0
1
0
2
0
1
1
0
0
0
0
1
0
1
0
1
0
0
0
1
1
0
0
0
0
0
0
0
0
0
0
1
0
0
1
0
0
0
0
0
1
0
0
0
0
0
0
0
0
0
0
1
1
0
0
0
1
0
0
0
0
0
0
2
0
0
0
0
1
0
0
0
0
1
0
0
0
0
0
1
0
0
1
0
0
0
0
0
0
0
1
0
1
0
0
1
0
1
0
0
0
0
0
0
1
0
0
0
0
2
1
0
0
0
1
0
0
0
0
0
0
0
0
0
0
1
0
0
0
1
2
0
0
0
1
0
1
0
1
0
0
0
1
1
1
0
0
0
0
0
0
0
0
0
0
0
1
0
1
0
0
0
0
0
0
0
0
1
0
0
0
0
0
1
0
1
0
0
0
1
0
0
1
0
0
0
0
1
0
0
0
0
0
0
0
0
0
1
0
0
0
0
0
0
0
0
0
0
0
0
0
0
1
0
1
0
1
0
1
1
1
1
0
1
1
2
5
0
2
2
1
0
1
0
4
1
0
0
1
0
0
1
0
0
0
0
0
2
0
0
0
0
0
0
0
0
1
1
0
0
0
0
0
0
0
1
0
0
0
0
1
0
0
0
0
0
1
0
0
0
0
0
0
0
0
0
0
0
0
0
1
0
0
0
0
0
0
0
0
1
0
0
0
0
0
0
0
1
0
0
0
0
0
1
0
0
0
0
0
0
0
0
0
1
0
0
0
0
0
0
0
0
0
0
0
0
0
0
1
0
0
0
0
0
0
0
0
0
0
1
0
1
0
0
0
0
0
0
0
0
0
0
1
0
1
1
0
0
0
0
0
1
0
0
0
0
0
0
0
0
0
0
0
0
0
1
0
0
0
0
1
0
0
0
1
0
0
0
0
0
1
0
0
0
0
0
0
0
0
0
0
0
1
1
0
0
0
0
0
0
0
0
1
0
0
1
0
0
0
0
0
0
0
0
0
0
1
0
1
1
0
0
0
0
0
0
0
1
0
1
0
0
0
0
0
0
0
0
0
0
0
0
0
0
1
3
2
5
4
0
3
1
4
2
4
3
2
0
2
0
0
0
0
0
0
0
0
0
0
0
0
0
0
0
0
1
1
0
0
0
0
0
0
0
0
0
0
0
0
0
0
0
0
0
0
0
0
0
0
0
1
1
0
0
2
0
0
0
0
0
0
0
0
0
0
1
0
0
0
0
0
0
0
0
0
0
1
0
0
0
1
0
0
0
0
0
0
0
0
0
0
0
0
1
0
0
0
0
0
0
0
0
0
0
0
0
0
0
0
0
0
0
0
0
0
0
0
0
0
0
0
0
0
0
0
0
0
0
0
0
0
0
0
0
0
1
0
0
0
0
0
0
1
0
0
1
0
0
0
0
0
0
0
0
0
0
0
1
0
0
0
0
0
0
0
0
0
0
0
0
0
0
1
0
0
0
0
0
0
0
0
0
0
0
1
0
0
0
0
0
0
0
0
1
0
0
0
0
0
0
0
0
0
0
0
1
0
0
0
0
0
0
0
0
0
0
0
0
0
0
0
0
0
0
0
0
1
0
1
0
0
0
0
0
0
0
0
0
0
1
0
0
0
0
1
0
0
0
0
0
0
0
0
0
0
0
0
0
0
0
0
0
0
0
0
0
0
0
0
0
0
0
0
0
0
0
0
0
1
0
0
0
0
0
0
0
0
0
0
0
0
0
0
1
0
0
0
0
0
0
0
0
0
1
0
0
1
0
0
0
1
0
0
0
0
0
0
0
1
0
0
0
0
0
0
0
0
0
0
0
0
0
0
0
0
0
0
0
0
0
0
0
0
0
0
1
0
0
0
0
0
0
0
0
0
0
1
0
0
0
0
0
0
1
0
1
0
0
0
0
0
0
0
0
0
0
0
0
0
1
0
0
0
0
0
0
0
0
0
0
0
0
0
0
0
0
0
0
0
0
0
0
0
0
0
0
0
0
0
0
0
1
0
0
1
0
0
0
0
0
0
0
0
0
0
0
0
0
0
0
0
0
0
0
0
1
0
0
0
0
0
0
0
0
0
0
0
0
0
0
0
0
0
0
0
0
0
0
0
0
0
0
0
0
0
0
0
0
0
0
0
0
0
0
0
0
0
0
0
0
0
0
0
0
0
0
0
0
0
0
0
0
0
0
0
0
0
0
0
0
0
0
0
0
0
0
0
0
0
0
0
0
0
0
0
0
0
0
0
1
0
0
0
0
0
0
0
0
0
0
0
0
0
1
0
0
0
0
0
0
0
0
0
0
0
0
0
0
0
0
0
0
0
0
0
1
0
0
0
0
0
0
0
0
0
0
0
0
0
0
0
1
0
0
0
0
0
0
0
0
0
0
0
0
0
0
0
0
0
0
0
1
0
0
1
0
0
0
0
0
0
0
0
0
0
0
0
1
0
0
0
0
1
0
0
0
0
0
0
0
0
0
0
0
0
0
0
0
0
0
0
0
0
1
0
0
1
0
0
0
0
0
0
0
0
0
0
0
0
0
0
0
0
0
0
0
0
0
0
0
0
0
0
0
1
0
0
0
0
0
0
0
0
0
0
0
0
0
0
0
0
0
0
0
0
0
0
0
0
0
0
0
0
0
0
0
0
0
0
0
0
0
0
0
0
0
0
0
0
0
0
0
0
0
0
0
0
0
0
0
0
0
0
0
0
0
0
0
0
0
0
0
0
0
0
0
0
0
0
0
0
0
0
0
0
0
0
0
0
0
0
0
0
0
0
0
0
0
0
0
0
0
0
0
0
0
0
0
1
0
0
0
0
0
0
0
0
0
0
0
0
0
0
0
0
0
0
0
0
0
0
0
0
0
0
0
0
0
0
0
0
0
0
0
0
0
0
0
0
0
0
0
0
0
0
0
0
0
0
0
0
0
0
0
0
0
0
0
0
0
0
1
0
0
0
0
0
0
0
0
0
0
0
0
0
0
0
0
0
0
0
0
0
0
0
0
0
0
0
0
0
0
0
0
0
0
0
0
0
0
0
0
1
0
0
0
0
0
0
0
0
0
0
0
0
0
0
0
0
0
0
0
0
0
0
0
0
0
0
0
0
0
0
0
0
0
0
0
0
0
0
0
0
0
0
0
0
0
0
0
0
0
0
0
0
0
0
0
0
0
0
0
0
0
0
0
0
0
0
0
0
0
0
0
0
1
0
0
0
0
0
0
0
0
0
0
0
0
0
0
0
0
0
0
0
0
0
0
0
0
0
0
0
0
0
0
0
0
0
0
0
0
0
0
0
0
0
0
0
0
0
0
0
0
0
0
0
0
0
0
0
0
0
0
0
0
0
0
0
0
0
0
0
0
0
0
0
0
0
0
0
0
0
0
0
0
0
0
0
0
0
0
0
0
0
0
0
0
0
0
0
0
0
0
0
0
0
0
0
0
0
0
0
0
0
0
0
0
0
0
0
0
0
0
0
0
0
0
0
0
0
0
0
0
0
0
0
0
0
0
0
0
0
0
0
0
0
0
0
0
0
0
0
0
0
0
0
0
0
0
0
0
0
0
0
0
0
0
0
0
0
0
$ENER_FIT:
0.148 0.368945 0.00000e+000
$MCA_CAL:
3
0.148 0.368945 0.00000e+000
$PEAKLABELS:
987.071, "I-131"
617.855, "Te-132"
302.323, "Te-132"
314.625, "Te-132"
414.533, "Cs-136"
1809.141, "I-132"
1638.249, "Cs-134"
769.912, "I-131"
2093.575, "I-132"
1792.706, "Cs-137"
2156.417, "Cs-134"
711.638, "I-132"
741.054, "Cs-136"
922.402, "Cs-136"
882.151, "I-131"
1415.979, "I-132"
1725.881, "I-131"
1542.392, "Cs-134"
1707.420, "I-132"
1050.468, "I-132"
1244.667, "Te-129"
1129.080, "I-132"
1370.400, "I-132"
1170.393, "I-132"
1208.443, "I-132"
1525.911, "Cs-134"
1288.104, "Cs-134"
2586.443, "I-132"
1358.475, "I-131"
1819.044, "I-132"
1481.433, "I-132"
1451.970, "I-132"
2217.844, "Cs-136"
1506.898, "Te-129m"
1969.988, "I-132"
1958.637, "I-131"
1682.498, "I-132"
1762.693, "I-132"
1975.293, "Te-129m"
2173.084, "Cs-134"
2201.799, "I-132"
1741.804, "I-131"
2839.481, "Cs-136"
1885.620, "Te-129m"
2193.490, "I-132"
3788.848, "I-132"
2114.130, "I-132"
3077.904, "I-132"
2127.083, "I-132"
2375.802, "I-132"
2338.905, "I-132"
2466.750, "I-132"
3346.709, "Cs-136"
3717.054, "I-132"
3098.212, "I-132"
3698.306, "Cs-134"
2513.068, "I-132"
2667.095, "I-132"
3509.798, "I-132"
3164.056, "Cs-134"
2803.947, "I-132"
3178.549, "I-132"
2814.407, "Cs-134"
3496.851, "I-132"
3907.686, "I-132"
3111.031, "I-132"
2937.479, "Te-129m"
5203.461, "I-132"
3517.254, "I-132"
5423.193, "I-132"
4323.775, "La-140"
3447.196, "I-132"
3570.979, "I-132"
3823.432, "I-132"
3946.085, "I-132"
3998.975, "I-132"
4760.256, "I-132"
4115.189, "I-132"
5652.492, "I-132"
5883.538, "I-132"
4817.380, "I-132"
6473.922, "I-132"
6021.193, "I-132"
6092.511, "I-132"
6841.137, "I-132"
185.841, "Au XRF, (Detector)"
210.254, "Au XRF,(Detector)"
477.771, "Cs-136,I-131"
1321.197, "Te-129,La-140,  Te-132"
3957.327, "K-40,(Bkgd)"
7080.580, "Th-232(d),(Bkgd)"
202.860, "Pb X-ray"
180.951, "Au X-ray"
216.696, "Au X-ray"
408.204, "Backscatter, (364 keV)"
$ENDRECORD:
