$SPEC_ID:
PeakEasy Library File: Fukushima, Japan Data, Detective (HPGe), 05 May 11, on 1-meter tripod
$MEAS_TIM:
61.52000 620.52000
$DATE_MEA:
NA 2:24:48 AM
$LATITUDE:
37.545178
$LONGITUDE:
140.843232
$DATA:
0 8191
0
0
0
0
0
0
0
0
0
0
0
0
0
0
0
0
0
0
0
0
0
0
0
0
0
0
0
0
0
0
0
0
0
0
0
0
0
0
0
0
0
3
2
8
12
32
61
214
1673
6326
8943
9293
9414
9490
9707
9640
9423
9756
9640
9585
9344
9344
9225
9187
8975
8942
8850
8804
8599
8458
8318
8180
8213
8075
7706
7888
7733
7583
7461
7450
7583
7203
7222
6833
6926
6722
6723
6752
6488
6418
6330
6322
6170
6146
5944
5867
5795
5789
5694
5523
5669
5424
5355
5283
5273
5139
5117
5045
4914
4815
4871
4832
4750
4792
4709
4546
4562
4415
4415
4352
4229
4370
4226
4185
4217
4147
4102
4048
4003
4029
3959
3986
4032
3865
3895
3989
3773
3866
3920
3751
3802
3811
3872
3779
3832
3788
3881
3745
3881
3834
3764
3811
3872
3798
3905
4086
3823
3882
3876
3956
3938
3795
3943
3948
3873
3935
3963
3911
4026
3986
3994
4091
4104
4089
4179
4304
4310
4180
4300
4546
4774
4896
5129
5009
4948
5209
5484
5507
5166
4756
4562
4397
4577
4572
4438
4584
4666
4610
4761
4781
4703
4696
4762
4810
4882
4884
4880
4761
4951
5086
5438
5480
5362
5345
5055
5105
5218
5172
5209
5124
4896
4935
4858
5021
4944
4955
4997
4990
4964
5198
5021
4987
5111
5290
5146
5190
5044
5064
5178
5159
5225
5224
5165
5274
5188
5277
5229
5263
5179
5340
5427
5241
5461
5377
5309
5175
5368
5222
5477
5503
5378
5490
5402
5370
5435
5435
5421
5410
5442
5454
5378
5561
5476
5370
5408
5347
5540
5466
5551
5498
5496
5508
5498
5490
5522
5527
5544
5574
5553
5564
5529
5573
5654
5579
5645
5663
5736
5679
5621
5575
5603
5652
5788
5637
5782
5666
5514
5771
5816
5520
5623
5708
5548
5598
5594
5577
5631
5643
5616
5748
5592
5570
5688
5575
5694
5623
5336
5550
5596
5732
5443
5596
5588
5360
5615
5659
5566
5477
5359
5559
5464
5487
5351
5441
5416
5290
5442
5414
5408
5471
5449
5432
5469
5270
5465
5319
5296
5333
5386
5248
5233
5240
5212
5176
5224
5213
5108
5160
4975
5165
5156
5209
5044
5102
5072
5109
5044
5109
5097
5013
5199
4961
4935
5069
4868
4898
4963
4948
4997
4929
4814
4705
4748
4935
4848
4890
4864
4747
4859
4832
4793
4754
4889
4857
4863
4818
4781
4731
4714
4704
4737
4763
4673
4595
4719
4713
4632
4622
4604
4667
4610
4472
4619
4526
4481
4436
4453
4463
4511
4545
4505
4391
4398
4469
4297
4494
4399
4314
4384
4458
4492
4445
4489
4296
4304
4436
4388
4271
4305
4230
4338
4326
4181
4226
4268
4243
4163
4184
4234
4221
4183
4147
4331
4178
4200
4203
4110
4112
4075
4198
4070
4047
4230
4212
4116
4138
4160
4207
4174
4185
4199
4268
4219
4050
4282
4230
4282
4166
4212
4263
4151
4369
4189
4231
4251
4309
4412
4255
4295
4230
4307
4252
4384
4311
4340
4391
4182
4188
4285
4250
4279
4350
4252
4273
4154
4121
4142
4170
4130
4130
4088
4151
4119
4109
4095
4056
4145
4000
4081
3995
4096
4083
4008
3972
4066
4067
3970
3923
4013
3986
3974
3786
3821
3912
3894
3831
3988
3759
3696
3706
3633
3688
3704
3634
3583
3693
3724
3645
3580
3631
3601
3590
3564
3551
3535
3606
3488
3412
3530
3450
3505
3509
3401
3462
3397
3367
3354
3422
3333
3275
3376
3323
3257
3253
3191
3265
3239
3195
3295
3131
3124
3121
3282
3185
3114
3042
3170
3113
3167
3036
3135
3092
2987
3020
2986
2926
3007
2955
3008
2964
2990
2938
3049
2955
2825
2910
2878
2856
2921
2883
2888
2859
2869
2707
2828
2875
2741
2776
2643
2746
2692
2686
2674
2637
2698
2698
2697
2638
2690
2670
2646
2700
2704
2678
2571
2696
2663
2654
2695
2601
2649
2597
2548
2564
2675
2563
2579
2543
2533
2518
2507
2453
2535
2586
2526
2499
2400
2476
2448
2464
2398
2456
2421
2439
2355
2336
2367
2433
2554
2386
2411
2365
2351
2359
2310
2328
2361
2276
2362
2321
2317
2286
2279
2334
2245
2308
2370
2303
2304
2232
2282
2248
2195
2248
2152
2283
2205
2201
2137
2249
2219
2250
2200
2118
2124
2175
2195
2251
2240
2102
2215
2119
2150
2131
2142
2075
2087
2064
2040
2125
2116
2118
2101
2149
2052
2053
2097
2054
2051
2110
2179
2088
2029
2122
2113
2027
1998
2026
1995
2040
2129
1995
1941
2085
2100
2057
1942
1908
1943
2053
2060
2015
1925
2000
1978
2048
1913
1972
2105
2091
2090
2025
2025
1936
1969
1915
1924
1876
1873
1831
1938
1912
1936
1981
1830
1923
1901
1878
1909
1905
1857
1897
1888
1914
1898
1955
1861
1841
1810
1748
1779
1835
1825
1838
1831
1791
1778
1798
1772
1828
1718
1753
1829
1779
1775
1806
1754
1742
1824
1797
1812
1750
1678
1790
1792
1762
1782
1792
1725
1758
1713
1785
1791
1722
1720
1690
1714
1756
1743
1677
1744
1741
1683
1578
1702
1760
1669
1685
1705
1690
1750
1683
1666
1700
1690
1724
1688
1698
1678
1622
1667
1646
1689
1673
1612
1698
1672
1667
1659
1681
1686
1689
1586
1686
1703
1648
1613
1674
1724
1663
1598
1746
1589
1663
1672
1635
1594
1591
1636
1562
1656
1636
1751
1573
1613
1606
1619
1594
1674
1563
1644
1624
1627
1564
1535
1586
1670
1543
1643
1514
1556
1621
1582
1573
1643
1654
1533
1698
1632
1580
1735
1711
1784
1867
1777
1596
1605
1597
1553
1531
1611
1643
1460
1523
1531
1535
1542
1552
1590
1506
1498
1546
1547
1578
1462
1478
1534
1535
1594
1583
1547
1515
1569
1497
1563
1533
1549
1618
1540
1604
1584
1500
1560
1478
1560
1590
1598
1559
1555
1537
1565
1530
1476
1553
1606
1571
1499
1483
1551
1528
1565
1634
1585
1664
1841
2275
2913
3465
3250
2618
2017
1673
1569
1554
1451
1473
1541
1504
1515
1455
1478
1505
1498
1494
1539
1504
1527
1533
1515
1493
1566
1539
1514
1506
1524
1410
1490
1480
1449
1498
1473
1517
1484
1532
1456
1484
1498
1473
1417
1511
1470
1483
1471
1502
1456
1412
1478
1427
1494
1455
1475
1463
1423
1387
1410
1500
1489
1416
1523
1488
1457
1433
1497
1483
1410
1441
1418
1409
1454
1444
1395
1437
1403
1526
1464
1408
1404
1465
1455
1414
1463
1388
1439
1493
1325
1409
1432
1403
1470
1397
1431
1364
1360
1408
1463
1424
1440
1441
1428
1366
1400
1447
1354
1406
1417
1448
1356
1361
1378
1401
1425
1402
1398
1315
1419
1364
1398
1416
1462
1417
1398
1414
1342
1416
1403
1400
1413
1402
1417
1435
1430
1361
1406
1401
1400
1338
1389
1486
1420
1455
1450
1374
1406
1377
1315
1314
1347
1324
1353
1392
1323
1303
1355
1330
1410
1330
1323
1305
1340
1315
1264
1289
1232
1291
1287
1217
1298
1288
1256
1262
1240
1257
1244
1215
1245
1220
1222
1147
1223
1191
1144
1197
1153
1202
1213
1168
1160
1205
1136
1219
1171
1102
1131
1144
1182
1182
1143
1140
1149
1124
1109
1136
1155
1149
1173
1172
1097
1177
1150
1095
1166
1096
1134
1130
1095
1151
1128
1129
1153
1125
1110
1156
1121
1201
1141
1138
1121
1134
1111
1058
1112
1124
1061
1152
1164
1085
1139
1122
1124
1099
1089
1118
1073
1053
1128
1122
1172
1065
1105
1099
1130
1124
1220
1308
1459
1491
1463
1393
1182
1143
1146
1117
1034
1086
1094
1097
1099
1099
1069
1006
1067
1103
1114
1038
1096
1036
1103
1095
1017
1023
1018
1081
1030
1073
1067
1038
989
1008
1002
1086
999
1035
961
1030
1056
1052
1203
1333
1353
1250
1179
1063
1030
968
993
920
939
893
944
905
856
896
910
870
913
902
883
847
899
903
855
853
881
871
868
829
832
899
886
899
934
952
908
885
849
805
868
848
799
787
779
824
797
803
799
841
793
806
795
772
803
796
785
823
778
773
790
817
748
764
793
809
808
820
766
783
794
826
751
797
772
768
743
787
769
730
751
762
758
740
745
750
756
760
779
750
758
738
692
742
734
678
756
729
751
681
736
779
717
750
685
762
735
699
709
752
714
701
694
774
707
745
716
746
715
700
713
683
715
739
731
759
678
701
680
737
722
718
721
721
737
649
665
680
726
666
668
681
736
690
704
682
708
747
718
754
653
753
753
628
691
709
649
646
691
715
699
672
686
692
737
677
734
677
707
680
677
702
701
715
728
692
673
700
638
660
694
639
715
659
684
647
712
638
674
667
670
667
683
688
617
716
720
672
717
658
645
645
698
669
669
665
667
669
666
632
665
598
648
687
732
668
652
706
681
640
653
663
706
741
742
732
674
713
645
730
711
721
726
745
753
820
888
1174
1565
2111
2349
2159
1723
1214
922
801
710
753
750
781
808
854
951
1228
1858
2773
3588
3718
2994
1950
1217
868
701
679
690
680
657
678
662
644
673
648
663
639
608
703
651
689
653
694
604
663
640
645
659
622
628
644
629
663
663
631
653
599
705
666
621
672
638
655
633
708
659
702
676
656
669
666
639
703
675
678
675
670
661
650
642
635
661
718
661
716
700
700
715
758
730
743
728
750
731
730
825
755
764
797
867
855
846
870
914
928
937
1046
1059
1208
1310
1633
2531
4568
8506
13761
18043
18050
13569
8029
3802
1697
993
718
707
596
587
572
570
560
550
533
520
516
482
449
447
451
430
448
433
464
395
402
391
423
411
392
438
383
396
409
406
391
393
375
398
391
363
401
414
411
395
438
395
370
345
386
360
371
385
383
367
388
358
342
361
349
355
352
365
326
355
376
343
352
346
348
343
360
392
320
364
355
344
331
313
315
330
332
345
351
379
419
436
404
401
374
335
332
325
324
347
346
361
334
315
327
333
319
319
336
316
349
326
354
315
321
321
343
331
354
367
331
359
343
312
352
325
376
324
363
342
406
370
390
367
407
410
416
417
402
468
441
442
499
492
536
589
640
644
728
752
803
877
1090
1650
2900
5574
9592
13350
14852
12515
8186
4129
1824
837
511
413
447
346
352
357
305
323
297
300
282
335
272
279
261
283
254
277
247
235
270
235
231
225
227
243
237
234
233
225
234
232
221
219
224
228
217
216
206
226
201
186
197
184
189
217
189
210
194
183
172
192
204
196
183
188
189
188
178
191
207
183
173
186
207
185
184
183
180
163
150
183
157
167
200
159
162
182
194
174
167
173
170
186
230
274
320
340
335
263
199
193
155
170
170
190
142
176
140
158
165
165
171
155
164
125
143
168
154
147
165
146
160
170
171
146
163
173
140
144
146
164
164
157
134
140
152
144
143
140
153
131
154
147
154
162
150
153
148
155
161
182
153
159
131
130
148
149
161
141
144
151
139
127
146
142
160
130
153
143
169
184
156
131
143
166
121
148
139
155
142
152
138
162
155
158
153
163
183
176
174
164
122
131
146
138
145
136
147
133
152
149
135
135
124
144
136
164
133
108
145
126
140
136
142
126
126
121
140
123
133
123
134
129
149
135
133
135
120
145
127
133
124
137
117
138
131
124
150
125
120
136
123
133
131
136
126
138
133
141
139
140
126
127
126
135
155
128
125
133
116
125
129
112
122
136
115
137
117
156
114
126
133
123
110
136
135
138
121
141
153
169
167
151
142
175
166
149
166
143
143
132
130
135
117
139
122
131
133
150
130
122
108
118
161
131
115
128
135
123
137
113
127
130
148
149
139
132
148
128
142
157
152
128
158
149
161
144
162
135
174
167
158
155
170
168
187
186
185
186
205
210
209
196
218
223
255
218
245
229
267
266
273
317
317
368
367
441
454
485
538
681
964
1651
2877
5330
8737
11269
11781
9800
6256
3353
1502
674
391
355
307
257
260
268
396
574
877
1143
1351
1221
920
539
355
215
165
155
135
130
126
123
133
117
104
144
109
118
109
90
136
112
100
92
93
106
95
85
97
103
91
86
103
103
89
115
89
105
111
125
113
129
161
204
251
276
256
198
147
94
83
60
73
72
80
69
77
69
75
77
75
72
63
74
72
71
64
83
69
80
64
86
69
60
61
85
71
79
57
46
66
74
70
83
80
69
50
61
62
72
71
64
66
72
61
76
72
64
64
56
52
59
73
63
64
62
72
51
63
66
60
50
57
62
70
68
62
72
62
65
75
62
55
64
45
55
69
57
83
64
62
61
47
55
47
49
60
55
66
60
70
61
49
50
70
58
64
69
64
47
71
45
51
53
54
50
63
49
55
55
55
57
66
56
60
64
69
44
48
68
61
52
51
64
45
59
58
41
44
66
65
60
72
69
65
55
52
69
58
64
72
62
41
59
65
58
44
50
59
57
50
54
65
54
71
41
57
57
66
54
60
55
43
48
59
62
58
54
52
58
72
55
80
80
93
107
91
91
67
62
59
50
58
59
57
71
60
55
48
60
48
62
65
57
61
49
47
47
43
43
50
45
57
54
64
58
49
47
58
65
51
50
52
54
44
46
53
60
55
60
51
49
45
55
53
51
51
49
58
43
50
49
52
48
57
54
55
53
55
65
46
50
44
39
55
46
53
44
48
47
46
48
56
50
66
57
53
47
36
54
52
42
35
47
53
44
36
55
39
50
51
55
39
57
36
50
39
65
53
48
38
49
49
43
59
58
41
52
31
51
43
51
49
38
50
53
44
50
53
45
51
56
50
48
57
57
47
51
49
40
42
50
54
48
44
54
70
77
64
60
51
55
43
34
36
49
38
45
39
54
39
42
38
49
39
42
39
49
51
46
49
59
36
45
55
42
44
49
43
43
48
43
45
53
47
51
54
66
44
35
38
28
43
37
35
49
39
38
35
39
46
32
46
52
34
31
37
41
37
38
37
37
46
40
43
39
48
45
33
39
40
32
48
43
35
44
36
45
42
32
31
50
43
41
34
30
43
34
35
34
37
36
36
43
31
40
34
30
38
41
32
35
37
36
42
32
43
46
37
45
34
33
40
31
28
38
51
33
32
39
28
35
40
46
31
34
36
37
33
36
37
37
33
42
33
50
25
30
25
33
38
47
32
30
30
44
42
38
37
34
23
38
37
35
47
31
39
30
37
33
31
30
40
27
39
27
38
37
49
38
29
34
38
39
33
50
30
33
26
40
33
41
38
39
48
33
26
28
39
31
40
35
44
28
32
28
34
34
32
29
33
37
40
34
36
34
27
39
25
27
35
37
34
27
34
24
37
28
32
28
32
29
28
30
33
28
27
40
31
29
23
31
29
29
22
27
35
30
40
44
32
41
32
38
34
26
45
26
20
33
25
34
35
27
33
34
36
38
36
33
29
25
21
37
39
40
39
50
54
98
137
125
155
103
79
50
44
27
30
26
29
30
31
33
27
41
31
17
24
42
30
43
41
67
81
104
147
146
97
109
67
45
26
30
34
17
29
40
27
12
26
27
34
20
24
19
34
22
29
27
18
33
17
28
22
31
23
26
26
19
31
25
26
26
28
26
20
32
30
20
31
29
33
28
32
21
27
32
28
23
19
34
25
36
21
32
26
26
30
26
24
25
26
19
26
18
26
25
19
32
25
22
29
20
28
21
26
29
26
26
27
26
27
23
24
23
21
27
28
26
37
32
40
42
37
43
13
34
19
24
20
24
18
27
23
27
26
15
33
24
30
16
25
32
31
24
26
26
33
22
20
14
29
18
23
27
29
27
26
12
24
19
12
27
17
19
25
21
19
23
23
25
20
24
30
24
22
27
25
18
29
20
24
23
24
29
24
23
21
28
27
24
18
15
24
27
22
25
30
24
29
25
27
20
18
25
30
15
26
30
20
23
24
18
20
27
21
20
19
19
15
23
17
23
18
24
21
21
22
19
18
30
17
19
26
16
18
24
20
26
27
28
21
28
37
23
25
21
24
25
21
24
29
29
17
18
15
15
23
25
29
19
21
25
20
23
19
24
27
18
20
28
24
19
12
20
28
25
28
19
18
27
18
22
26
18
25
16
22
16
20
20
15
21
26
29
8
24
20
22
26
22
26
15
23
23
20
22
16
16
22
22
24
19
16
18
25
20
15
18
21
10
16
27
19
24
18
22
27
25
22
18
18
24
25
18
32
30
28
23
25
22
18
25
20
26
25
46
65
135
125
182
180
179
120
64
50
30
14
20
17
9
23
18
29
15
20
22
12
24
13
10
20
18
17
19
17
22
20
12
18
14
19
15
10
17
19
13
14
19
11
16
17
25
19
17
18
12
15
24
11
12
18
17
15
9
11
11
9
16
18
16
7
14
12
10
16
19
16
11
10
15
19
18
16
16
14
8
13
13
17
18
20
20
11
14
15
16
22
19
15
9
16
17
15
10
10
12
24
15
10
7
21
15
13
11
10
23
14
16
23
20
15
23
26
23
15
19
21
19
17
12
13
13
10
18
19
12
16
10
12
10
9
12
13
8
14
13
11
19
16
5
12
11
13
15
11
13
9
10
12
10
10
7
15
16
12
14
12
11
8
14
7
13
12
9
14
13
14
15
20
12
9
11
9
4
16
8
15
14
11
23
26
24
29
36
27
24
18
9
10
15
14
12
12
9
4
10
12
11
7
12
14
10
14
12
8
13
8
11
15
12
6
8
8
9
14
15
6
7
8
8
11
10
9
10
16
9
11
11
13
10
6
7
5
15
4
7
6
10
11
13
6
11
9
11
10
16
10
9
10
7
5
15
8
8
9
9
10
15
4
13
12
8
14
21
19
22
19
21
17
12
10
10
8
9
9
5
13
12
7
9
7
11
7
9
4
5
5
8
12
9
7
7
9
8
2
6
5
4
6
4
9
7
7
9
7
4
11
8
5
8
6
7
4
10
1
2
10
5
6
6
8
8
8
6
8
5
6
3
6
15
5
7
8
8
6
13
5
3
4
5
4
8
6
10
5
12
9
9
6
6
8
11
9
8
4
7
6
6
5
4
7
10
9
6
7
4
2
3
3
7
3
4
3
3
5
4
7
2
6
10
7
8
8
5
8
8
5
5
6
9
11
10
13
7
3
7
6
6
4
4
5
8
4
7
6
9
6
7
3
5
4
9
9
7
9
6
13
12
12
16
7
7
11
11
10
6
7
5
9
10
4
9
3
6
2
7
1
2
5
5
9
1
2
8
7
7
6
6
4
5
2
3
2
12
4
3
3
6
5
6
8
5
2
1
3
6
4
6
2
4
4
6
9
6
5
2
4
8
4
3
4
4
7
9
8
7
6
4
4
6
7
7
5
13
7
11
4
8
9
5
6
6
12
6
8
10
5
12
11
7
8
12
7
8
6
11
12
11
2
15
9
9
16
8
19
15
22
15
27
44
80
103
181
242
267
220
175
127
63
38
17
18
8
11
8
10
5
3
10
12
2
10
7
3
8
4
7
7
3
6
8
3
5
7
6
6
6
8
3
10
6
7
8
5
9
8
2
6
6
0
10
7
7
7
12
11
12
16
9
5
5
3
5
5
8
3
8
7
6
8
6
3
5
7
8
3
4
6
3
4
0
5
5
6
7
6
3
6
4
4
8
15
8
5
6
9
10
14
26
22
16
6
13
11
7
2
2
4
6
3
0
4
1
5
8
3
5
6
3
2
9
2
3
4
1
1
1
2
1
2
2
5
3
3
3
4
2
1
0
5
1
1
5
4
2
2
1
4
4
5
3
5
3
3
2
2
1
4
0
6
1
7
7
3
2
4
2
5
3
6
3
3
1
1
3
6
2
0
3
2
2
2
0
3
1
1
2
3
1
2
3
4
1
2
2
4
5
2
6
5
5
4
3
2
3
6
2
5
4
5
5
2
6
2
2
2
4
0
1
3
5
4
2
6
4
2
3
7
0
4
6
5
5
4
4
9
2
1
3
3
1
3
3
5
3
3
7
2
7
7
10
15
10
11
12
12
5
7
5
4
11
5
9
9
4
7
7
4
2
4
2
3
3
3
7
2
6
2
2
2
2
0
2
3
2
4
1
1
1
0
3
2
1
1
6
4
2
0
2
1
3
1
3
1
5
5
2
1
2
0
1
0
1
0
4
4
0
1
0
0
3
4
2
3
1
4
0
3
2
1
2
4
1
3
2
1
3
0
0
0
3
2
0
1
4
3
1
2
1
0
1
0
2
1
0
4
3
4
1
0
3
1
2
3
3
0
1
1
4
4
0
1
2
2
0
2
1
0
0
2
2
6
2
8
5
3
4
2
2
2
3
3
1
1
2
1
0
2
1
1
3
2
4
0
0
0
1
0
0
1
0
3
2
1
2
2
1
3
2
0
3
2
2
2
1
5
1
4
3
4
3
1
3
3
2
2
1
2
2
3
2
2
1
1
3
0
2
2
0
2
1
1
2
2
2
4
2
3
1
3
2
0
2
2
3
1
4
1
1
1
1
3
0
5
1
0
0
0
0
0
1
0
0
0
0
3
0
0
2
0
2
0
1
2
0
4
0
2
2
0
0
3
0
2
0
2
2
0
0
4
0
1
3
1
1
5
1
2
4
0
2
6
0
0
2
1
0
0
1
1
1
1
1
2
0
1
2
2
0
1
3
3
1
1
0
1
2
2
0
1
0
3
1
1
0
1
0
4
0
1
1
2
0
2
1
2
1
1
0
1
0
1
3
2
2
1
2
2
2
1
2
2
2
3
1
0
2
1
0
1
5
1
1
1
1
1
1
2
6
1
1
5
1
0
4
2
0
3
3
5
0
4
1
4
14
2
7
3
6
3
7
1
3
1
6
5
17
19
19
19
25
18
21
15
7
9
6
1
0
2
2
1
1
0
0
0
1
1
0
0
1
1
0
1
2
0
2
0
2
1
0
0
0
0
1
2
1
0
1
1
0
2
0
1
1
1
2
2
2
1
2
1
0
0
0
0
0
0
1
3
1
0
0
2
2
0
1
2
0
0
0
0
1
2
1
1
0
2
1
2
1
0
1
0
1
0
1
0
3
0
0
2
1
1
0
2
0
0
1
2
1
0
1
0
0
0
2
0
0
0
0
1
2
1
1
1
0
1
0
1
2
2
1
1
2
0
1
1
0
0
1
2
1
0
0
0
0
1
1
0
0
0
1
2
0
0
0
0
1
0
1
1
0
0
1
1
1
1
0
0
0
1
0
0
0
1
0
0
1
0
1
0
2
0
0
1
0
0
2
0
0
0
0
0
0
0
0
2
1
0
1
0
1
1
0
0
1
2
0
0
1
0
0
1
1
0
1
2
0
0
0
1
1
0
1
1
1
3
1
0
0
1
1
0
2
2
1
1
1
1
0
1
1
0
0
1
0
0
0
4
0
1
0
1
2
1
0
1
1
2
0
0
0
0
0
0
1
1
1
0
1
1
0
1
0
0
0
2
2
0
2
1
2
0
0
2
0
1
1
1
0
1
0
3
0
0
0
0
0
1
0
1
2
0
0
0
0
0
1
0
0
0
2
0
0
1
0
2
1
0
1
1
0
0
0
0
5
0
1
0
0
2
2
2
1
1
0
1
0
0
0
0
0
1
1
0
0
0
0
0
1
1
1
0
3
1
1
2
0
0
1
1
0
0
0
0
0
0
1
1
1
1
0
0
0
0
0
0
0
3
1
0
0
0
0
0
0
0
1
3
0
0
1
0
0
0
0
0
0
1
1
0
1
0
0
1
0
2
0
1
0
4
0
1
0
1
1
0
2
0
1
1
0
1
0
1
0
0
0
0
0
0
0
0
0
0
0
0
1
1
0
0
1
0
1
1
1
0
1
2
0
0
1
1
1
1
1
1
3
1
2
0
1
0
0
1
0
0
1
0
0
0
0
0
0
0
0
0
2
0
0
0
0
1
0
0
0
0
1
1
1
0
1
0
0
0
0
0
0
0
0
1
1
0
0
1
1
0
0
1
0
2
0
1
0
0
0
0
1
1
1
1
0
0
0
0
0
0
0
1
0
0
1
0
0
0
1
0
1
1
0
0
0
2
0
0
0
0
0
0
0
0
0
1
0
1
2
0
0
0
0
0
0
0
0
2
1
0
0
1
0
0
0
0
0
1
0
0
1
0
0
0
0
0
0
0
0
0
0
0
0
0
0
1
0
1
0
0
0
0
0
0
1
0
0
0
0
1
1
0
0
0
0
1
0
0
1
1
0
0
0
0
0
0
1
0
0
0
0
0
0
0
0
0
0
1
1
0
0
0
0
0
0
1
0
0
0
1
0
0
0
0
0
1
1
1
0
2
0
1
0
0
0
1
0
0
0
0
1
2
1
0
0
0
0
0
1
0
1
0
1
0
1
0
0
0
0
0
1
0
0
0
0
1
0
0
0
0
0
0
0
1
1
0
0
0
0
0
0
0
0
0
0
0
0
1
1
0
0
1
0
0
0
0
0
0
0
0
0
2
1
0
0
0
0
0
1
0
0
0
0
0
0
0
0
0
0
1
0
0
0
0
1
0
1
1
0
0
0
0
0
2
0
0
0
0
0
0
0
0
0
2
0
0
0
0
0
0
1
0
0
0
0
0
0
0
0
0
0
0
2
1
0
0
0
0
0
0
2
0
0
0
0
0
0
0
0
0
0
0
0
0
0
0
0
1
0
1
0
0
1
0
0
0
0
0
0
0
0
0
0
0
0
0
1
0
0
1
0
0
0
0
0
0
1
0
0
0
0
0
1
0
0
0
0
0
0
0
0
0
0
0
0
0
1
0
0
0
0
0
1
0
1
0
0
0
0
1
0
0
0
0
1
0
0
0
0
1
0
0
0
1
0
0
0
0
0
0
0
0
0
0
0
0
1
0
1
0
1
0
0
0
0
0
0
0
0
0
0
0
0
0
2
0
0
0
0
0
0
0
0
0
1
0
0
0
0
1
0
1
0
1
0
0
0
0
0
1
0
1
0
0
1
0
0
0
0
0
0
0
0
0
0
1
0
0
0
1
0
0
0
1
0
0
0
0
0
1
0
0
1
0
0
0
0
0
0
0
0
0
0
0
0
0
0
0
0
0
0
0
0
1
2
0
1
1
0
0
0
0
0
0
1
0
0
0
1
1
0
0
1
0
0
0
1
0
1
0
0
0
1
1
0
0
0
1
0
0
0
0
0
0
0
0
0
0
0
0
0
0
1
0
2
0
0
0
1
0
0
0
0
0
0
0
0
0
1
0
0
0
0
0
1
0
0
0
0
1
0
0
0
0
0
0
1
1
0
0
0
0
1
0
0
1
0
0
0
0
1
0
0
2
0
0
0
0
0
0
0
0
0
0
0
0
1
0
0
0
1
0
0
1
1
0
0
1
0
1
0
0
1
0
0
0
0
0
0
0
1
0
0
0
0
0
0
0
0
0
0
0
0
0
0
0
0
0
0
0
0
0
0
0
0
0
0
0
0
0
0
0
0
0
1
1
0
1
1
0
0
1
0
1
0
0
0
0
0
0
0
0
0
0
0
0
0
1
0
0
0
0
0
0
0
0
0
0
0
0
0
0
0
0
0
0
1
0
1
0
0
0
0
1
1
0
0
0
0
0
0
0
0
0
0
1
0
0
0
1
0
0
0
0
0
0
0
0
0
0
0
0
0
0
0
0
0
0
0
0
1
0
0
0
0
0
0
0
0
0
0
0
0
0
0
0
0
0
0
0
0
0
0
1
0
0
0
0
0
0
0
0
0
0
0
0
0
0
0
0
0
0
0
0
1
0
0
0
0
0
0
0
0
0
0
0
0
0
0
0
0
0
0
0
1
0
0
0
0
0
0
0
0
0
0
0
0
1
0
0
0
0
0
0
0
0
2
0
0
0
0
0
0
0
0
0
0
0
0
0
1
0
0
1
0
0
0
0
0
0
0
0
0
0
0
0
0
0
1
0
0
0
0
0
0
0
0
0
0
0
0
0
0
0
0
0
0
1
0
0
0
0
0
0
0
0
0
0
0
0
0
0
0
0
1
0
1
0
0
0
0
0
0
0
0
0
0
0
0
0
1
0
0
0
0
1
0
1
0
0
0
0
0
0
0
0
0
0
0
0
0
0
0
0
0
0
0
0
0
0
0
0
0
0
0
0
0
0
1
0
0
0
0
0
0
0
0
0
0
0
1
0
0
0
0
0
0
0
0
0
0
1
0
0
1
0
0
0
0
0
0
0
0
1
1
0
0
0
0
0
0
0
0
0
0
0
0
0
0
0
0
0
0
0
0
1
0
0
0
0
0
0
1
0
0
0
1
0
0
1
0
0
0
0
0
1
0
0
0
0
0
0
0
1
0
1
0
0
0
0
0
0
0
0
0
0
0
0
0
0
0
0
0
0
0
0
0
0
0
0
0
0
0
0
0
0
0
0
0
0
0
0
0
0
0
0
0
0
0
0
0
0
0
0
0
0
0
0
0
0
0
0
0
0
0
0
0
0
0
0
0
0
0
0
0
0
0
0
0
0
0
0
0
0
0
0
0
0
0
0
0
0
0
0
0
0
1
0
0
0
0
0
0
0
0
0
0
0
0
0
0
0
0
1
0
0
0
0
0
1
0
0
0
0
0
0
0
0
0
0
0
0
0
0
0
0
0
0
0
0
0
0
0
0
0
0
0
0
0
0
0
0
0
0
0
0
0
0
0
1
0
0
0
0
0
0
0
0
0
1
0
0
0
0
0
0
0
0
0
0
0
0
0
0
0
0
0
0
0
0
0
0
0
0
0
0
0
0
0
0
0
0
0
0
0
0
0
0
0
0
0
0
0
0
0
0
0
0
0
0
0
0
0
0
0
0
0
0
0
0
0
0
0
0
0
0
0
0
0
0
0
0
0
0
1
0
0
0
0
0
1
0
1
0
0
0
0
0
0
0
0
0
0
0
0
0
0
0
0
0
0
0
0
0
0
0
0
0
0
0
0
0
0
0
0
0
0
0
0
0
0
0
0
0
0
0
0
0
0
0
0
0
0
0
0
0
0
0
0
0
0
0
0
0
0
0
0
0
0
0
0
0
0
0
0
0
0
0
0
0
0
0
0
0
0
0
0
0
0
0
0
0
0
0
0
0
0
0
0
0
0
0
0
0
0
0
0
0
0
0
0
0
0
0
0
0
0
0
0
0
0
0
0
0
1
0
0
0
0
0
0
0
0
0
0
0
0
0
0
0
0
0
0
0
0
0
0
0
0
0
0
0
0
0
0
0
0
0
0
0
0
0
0
0
0
0
0
0
0
0
0
0
0
0
0
0
0
0
0
0
0
0
0
0
0
0
0
0
0
0
0
0
0
0
0
0
0
0
0
0
0
0
0
0
0
0
0
0
0
0
0
0
0
1
0
0
0
0
0
0
0
0
0
0
1
0
0
0
0
0
0
0
0
0
0
0
0
0
0
0
0
0
0
0
0
0
0
0
0
0
0
0
0
0
0
0
0
0
0
0
0
0
0
0
0
0
0
0
0
0
0
0
0
0
0
0
0
0
0
0
0
0
0
0
0
0
0
0
0
0
0
0
0
0
0
0
0
0
0
0
0
0
0
0
0
0
0
0
0
0
0
0
0
1
0
0
0
0
0
0
0
0
0
0
0
0
0
0
0
0
0
0
0
0
0
0
0
0
0
0
0
0
0
0
0
0
0
0
0
0
0
0
0
0
0
0
0
0
0
0
0
0
1
0
0
0
0
0
0
0
0
0
0
0
0
0
0
0
0
0
0
0
0
0
0
0
0
0
0
0
0
0
0
0
0
0
0
0
1
0
0
0
0
0
0
0
0
0
0
0
0
0
0
0
0
0
0
0
0
0
0
0
0
0
0
0
0
0
0
0
0
0
0
0
0
1
0
0
0
0
0
0
0
0
0
0
0
0
0
0
0
0
0
0
0
0
0
0
0
0
0
0
0
0
0
1
0
0
0
0
0
0
0
0
0
0
0
0
0
0
0
0
0
0
0
0
0
0
0
0
0
0
0
0
0
0
0
0
0
0
0
0
0
0
0
0
0
0
0
0
0
0
0
0
0
0
0
0
0
0
0
0
0
0
0
0
0
0
0
0
0
0
0
0
0
0
0
0
0
0
0
0
0
0
0
0
0
0
0
0
0
0
0
0
0
0
0
0
0
0
0
0
0
0
0
0
0
0
0
0
0
0
0
0
0
0
0
0
0
0
0
0
0
0
0
0
0
0
0
0
0
0
0
0
0
0
0
0
0
0
0
0
0
0
0
0
0
0
0
0
0
0
0
0
0
0
0
0
0
0
0
0
0
0
0
0
0
0
0
0
0
0
0
0
0
0
0
0
0
0
0
1
0
0
0
0
0
0
0
0
0
0
0
0
0
0
0
0
0
0
0
0
0
0
0
0
0
0
0
0
0
0
0
0
0
0
0
0
0
0
0
0
0
0
0
0
0
0
0
0
0
0
0
0
0
0
0
0
0
0
0
0
0
0
0
0
0
1
0
1
0
0
0
0
0
0
0
1
0
0
0
0
0
0
0
1
0
0
0
0
0
0
0
0
0
0
0
1
0
0
0
0
0
0
0
0
0
0
0
0
0
0
0
0
0
0
0
0
0
0
0
0
0
0
0
0
0
0
0
0
0
0
0
0
0
0
0
0
0
0
0
0
0
0
0
0
0
0
0
0
0
0
0
0
0
0
0
0
0
0
0
0
0
0
0
0
0
0
0
0
0
0
0
0
0
0
0
0
0
0
0
0
0
0
0
0
0
0
0
0
0
0
0
0
0
0
0
0
0
0
0
0
0
0
0
0
0
0
0
0
0
0
0
0
0
0
0
0
0
0
0
0
0
0
0
0
0
0
0
1
0
0
0
0
0
0
0
0
0
0
0
0
0
0
0
0
0
0
0
0
0
0
0
0
0
0
0
0
0
0
0
0
0
0
0
0
0
0
0
0
0
0
0
0
0
0
0
0
0
0
0
0
0
0
0
0
0
0
0
0
0
0
0
0
0
0
0
0
0
0
0
0
0
0
0
0
0
0
0
0
0
0
0
0
0
0
0
0
0
0
0
0
0
0
0
0
0
0
0
1
0
0
1
0
0
0
0
0
0
0
0
0
0
0
0
0
0
0
0
0
0
0
0
0
0
0
0
0
0
0
0
0
0
0
0
0
0
0
0
0
0
0
0
0
0
0
0
0
0
0
0
0
0
0
0
0
0
0
0
0
0
0
0
0
0
0
0
0
0
0
0
0
0
0
0
0
0
0
0
0
0
0
0
0
0
0
0
0
0
0
0
0
0
0
0
0
0
0
0
0
0
0
0
0
0
0
0
0
0
0
0
0
0
0
0
0
0
0
0
0
0
0
0
0
0
0
0
0
0
0
0
0
0
0
0
0
0
0
0
0
0
0
0
0
0
0
0
0
0
0
0
0
0
0
0
0
0
0
0
0
0
0
0
0
0
0
0
0
0
0
0
0
0
0
0
0
0
0
0
0
0
0
0
0
0
0
0
0
0
0
0
0
0
0
0
0
0
0
0
0
0
0
0
0
0
0
0
0
0
0
0
0
0
0
0
0
0
0
0
0
0
0
0
0
0
0
0
0
0
0
0
0
0
0
0
0
0
1
0
1
0
0
0
0
0
0
0
0
0
0
0
0
0
0
0
0
0
0
0
0
0
0
0
0
0
0
0
0
0
0
0
0
0
0
0
0
0
0
0
0
0
0
0
0
0
0
0
0
0
0
0
0
0
0
0
0
0
1
0
0
0
0
0
0
0
0
0
0
0
0
0
0
0
0
0
0
0
0
0
0
0
0
0
0
0
0
0
0
0
0
0
0
0
0
0
0
0
0
0
0
0
0
0
0
0
0
0
0
0
0
0
0
0
0
0
0
0
0
0
0
0
0
0
0
0
0
0
0
0
0
0
0
0
0
0
0
0
0
0
0
0
0
0
0
0
0
0
0
0
0
0
0
0
0
0
0
0
0
0
0
0
0
0
0
0
0
0
0
0
0
0
0
0
0
0
0
0
0
0
0
0
0
0
0
0
0
0
0
0
0
0
0
0
0
0
0
0
0
0
0
0
0
0
0
0
0
0
0
0
0
0
0
0
0
0
0
0
0
0
0
0
0
0
0
0
0
0
0
0
0
0
0
0
0
0
0
0
0
0
0
0
0
0
0
0
0
0
0
0
0
0
0
0
0
0
0
0
0
0
0
0
0
0
0
0
0
0
0
0
0
0
0
0
0
0
0
0
0
0
0
0
0
0
0
0
0
0
0
0
0
0
0
0
0
0
0
0
0
0
0
0
0
0
0
0
0
0
0
0
0
0
0
0
0
0
0
0
0
0
0
0
0
0
0
0
0
0
0
0
0
0
0
0
0
0
0
0
0
0
0
0
0
0
0
0
0
0
0
0
0
0
0
0
0
0
0
0
0
0
0
0
0
0
0
0
0
0
0
0
0
0
0
0
0
0
0
0
0
0
0
0
0
0
0
0
0
0
0
0
0
0
0
0
0
0
0
0
0
0
0
0
0
0
0
0
0
0
0
0
0
0
0
0
0
0
0
0
0
0
0
0
0
0
0
0
0
0
0
0
0
0
0
0
0
0
0
0
0
0
0
0
0
0
0
0
0
0
0
0
0
0
0
0
0
0
0
0
0
0
0
0
0
0
0
0
0
0
0
0
0
0
0
0
0
0
0
0
0
0
0
0
0
0
0
0
0
0
0
0
0
0
0
0
0
0
0
0
0
0
0
0
0
0
0
0
0
0
0
0
0
0
0
0
0
0
0
0
0
0
0
0
0
0
0
0
0
0
0
0
0
0
0
0
0
0
0
0
0
0
0
0
0
0
0
0
0
0
0
0
0
0
0
0
0
0
0
0
0
0
0
0
0
0
0
0
0
0
0
0
0
0
0
0
0
0
0
0
0
0
0
0
0
0
0
0
0
0
0
0
0
0
0
0
0
0
0
0
0
0
0
0
0
0
0
0
0
0
0
0
0
0
0
0
0
0
0
0
0
0
0
0
0
0
0
0
0
0
0
0
0
0
0
0
0
0
0
0
0
0
0
0
0
0
0
0
0
0
0
0
0
0
0
0
0
0
0
0
0
0
0
0
0
0
0
0
0
0
0
0
0
0
0
0
0
0
0
0
0
0
0
0
0
0
0
0
0
0
0
0
0
0
0
0
0
0
0
0
0
0
0
0
0
0
0
0
0
0
0
0
0
0
0
0
0
0
0
0
0
0
0
0
0
0
0
0
0
0
0
0
0
0
0
0
0
0
0
0
0
0
0
0
0
0
0
0
0
0
0
0
0
0
0
0
0
0
0
0
0
0
0
0
0
0
0
0
0
0
0
0
0
0
0
0
0
0
0
0
0
0
0
0
0
0
0
0
0
0
0
0
0
0
0
0
0
0
0
0
0
0
0
0
0
0
0
0
0
0
0
0
0
0
0
0
0
0
0
0
0
0
0
0
0
0
0
0
0
0
0
0
0
0
0
0
0
0
0
0
0
0
0
0
0
0
0
0
0
0
0
0
0
0
0
0
0
0
0
0
0
0
0
0
0
0
0
0
0
0
0
0
$ENER_FIT:
0.232 0.368987 0.00000e+000
$MCA_CAL:
3
0.232 0.368987 0.00000e+000
$PEAKLABELS:
1638.455, "Cs-134"
1792.821, "Cs-137"
2156.653, "Cs-134"
1542.618, "Cs-134"
987.263, "I-131"
1526.090, "Cs-134"
769.594, "I-131"
918.615, "Cs-136"
1245.143, "Te-129m"
1287.949, "Cs-134"
2173.108, "Cs-134"
1726.075, "I-131"
1885.940, "Te-129m"
2218.053, "Cs-136"
3698.976, "Cs-134"
1977.650, "Te-129m"
3164.657, "Cs-134"
2075.106, "Nb-95"
2070.283, "Ag-110m"
2814.239, "Cs-134"
2839.771, "Cs-136"
2397.948, "Ag-110m"
2539.986, "Ag-110m"
2935.744, "Te-129m"
3347.357, "Cs-136"
4324.710, "La-140"
3751.069, "Ag-110m"
4078.057, "Ag-110m"
3793.468, "Sum Peak, 605+796"
3430.279, "Sum Peak, 605+662"
3949.823, "Sum Peak, 662+795"
186.480, "Au XRF,(Detector)"
211.105, "Au XRF,(Detector)"
1320.701, "Te-129m, La-140"
181.598, "Au XRF,(Detector)"
216.909, "Au XRF,(Detector)"
497.933, "Backscatter, (Cs-134)"
537.296, "Backscatter, (Cs-137)"
3584.569, "Sum Peak, 662+662"
3277.045, "Sum Peak, 605+695"
4310.187, "Sum Peak, 796+796"
$ENDRECORD:
