$SPEC_ID:
PeakEasy Library File: Fukushima, Japan Data, Detective (HPGe), 12 May 11, on 1-meter tripod
$MEAS_TIM:
618.58000 623.22000
$DATE_MEA:
12-May-11 3:11:11 PM
$LATITUDE:
37.352886
$LONGITUDE:
140.978893
$DATA:
0 8191
0
0
0
0
0
0
0
0
0
0
0
0
0
0
0
0
0
0
0
0
0
0
0
0
0
0
0
0
0
0
0
0
0
0
0
0
0
1
8
164
331
308
341
316
324
326
342
335
330
330
284
311
313
298
284
317
298
295
290
305
280
271
316
312
297
244
293
280
284
277
270
249
248
283
239
262
241
238
287
249
264
244
266
233
263
213
226
226
224
212
229
244
224
227
209
238
213
200
206
222
210
199
220
229
199
207
187
191
216
187
178
188
200
184
184
184
188
183
189
175
197
180
177
176
179
183
167
162
174
166
174
171
168
159
154
166
140
155
154
157
155
176
160
173
143
154
160
148
150
155
135
132
148
168
152
154
147
139
168
155
142
169
170
152
146
159
154
181
162
156
158
155
151
169
146
156
184
159
161
156
155
152
203
204
176
178
181
178
210
206
184
181
184
179
167
158
188
158
170
178
152
163
181
185
160
148
156
165
183
168
190
186
180
203
199
186
162
172
162
153
173
183
157
156
174
171
141
161
197
184
161
164
150
165
143
177
172
156
150
147
180
165
149
165
178
137
161
156
157
147
153
153
167
163
172
179
161
161
180
148
157
191
161
174
174
160
173
146
168
151
174
167
168
149
160
163
167
147
167
176
166
169
151
155
160
174
136
156
151
171
173
152
162
157
164
158
154
158
145
137
168
176
164
155
166
153
144
178
158
180
157
163
148
152
170
179
140
149
164
136
165
195
146
137
158
163
155
144
178
168
156
165
153
155
169
155
151
171
148
119
160
149
147
164
130
130
146
165
136
162
143
160
146
146
173
141
159
173
151
114
147
148
140
140
152
147
150
144
128
125
158
141
148
129
134
142
120
135
153
138
132
131
115
134
158
139
122
135
136
135
103
121
138
134
125
135
128
126
125
124
123
121
144
98
120
129
134
134
120
133
132
111
123
104
124
104
129
120
128
97
125
116
135
118
141
120
129
120
137
123
110
111
122
107
106
112
117
114
127
111
114
118
117
100
137
118
110
121
131
99
106
131
98
116
109
111
110
106
98
110
112
114
97
103
107
90
102
120
109
122
118
97
99
83
120
99
104
85
110
110
97
102
103
96
118
99
99
112
105
86
115
99
91
99
84
111
85
106
123
106
96
134
107
80
98
88
104
96
113
119
107
95
93
97
87
95
109
94
99
103
94
98
102
98
101
80
101
105
95
82
94
82
77
90
76
85
102
96
88
87
89
80
84
86
84
78
85
78
91
82
78
74
85
63
88
79
73
83
81
83
88
91
76
83
80
89
73
89
78
97
71
100
83
79
87
87
78
75
79
75
74
85
73
94
73
73
80
71
68
74
71
68
87
62
69
66
70
70
70
74
77
73
69
67
74
81
55
75
69
63
66
67
81
62
69
63
75
73
76
87
75
57
69
79
66
66
66
57
63
64
64
73
61
64
93
60
68
74
66
72
65
60
61
63
66
73
61
61
63
61
58
76
90
96
90
88
69
51
54
64
63
69
75
56
60
59
55
66
56
49
57
63
49
49
50
58
52
71
53
44
48
45
66
37
60
46
50
58
44
51
49
49
49
47
54
44
62
53
47
59
48
48
60
54
47
42
49
43
43
53
49
44
49
58
59
51
42
45
49
62
41
49
42
50
50
47
56
50
43
41
56
41
46
55
48
48
42
46
50
42
39
56
41
45
33
30
33
49
45
41
39
47
53
53
43
38
48
36
41
51
53
47
42
38
42
28
41
41
47
46
51
38
47
44
36
28
45
43
46
40
45
48
36
36
44
47
37
35
34
51
42
38
40
30
48
36
40
40
33
32
45
45
30
45
40
32
45
39
29
48
50
45
31
43
38
40
40
37
31
35
47
41
39
47
42
31
37
45
30
36
28
32
39
42
32
40
33
44
41
31
24
35
30
29
37
39
32
34
37
33
27
44
39
33
31
27
40
34
42
34
31
47
31
32
36
44
41
40
37
34
34
32
39
24
41
34
28
33
35
27
39
33
43
31
39
44
41
19
35
31
33
29
28
33
35
22
25
34
38
40
41
35
40
34
34
34
38
37
39
33
30
18
41
29
27
44
35
38
25
34
21
29
42
38
32
34
37
28
35
25
31
37
25
39
33
32
30
33
28
27
26
26
32
32
31
23
29
34
28
30
32
29
26
38
33
32
24
31
23
34
12
23
35
34
46
38
55
38
30
27
31
20
26
39
31
24
21
22
17
28
31
22
27
26
43
25
44
32
24
14
31
23
31
24
25
28
36
37
53
40
41
35
30
29
26
28
35
24
28
32
20
28
33
21
22
26
19
22
27
27
31
23
29
34
24
19
23
15
22
29
31
26
33
35
23
26
27
23
28
28
32
24
28
22
25
24
36
22
37
31
40
31
26
25
20
34
24
26
19
29
28
25
19
28
24
23
31
29
23
27
32
28
17
26
22
24
27
22
25
26
27
16
19
25
25
30
38
28
33
31
24
21
23
27
26
27
22
23
24
23
26
27
30
14
24
28
26
17
31
24
19
29
13
23
18
21
19
32
22
29
24
18
31
37
19
28
28
12
21
15
18
29
20
18
25
22
26
26
26
32
13
21
24
24
29
27
33
18
20
23
21
27
16
15
26
30
24
20
23
28
24
25
21
17
28
27
19
12
21
24
26
25
28
19
16
12
21
18
15
22
21
22
20
21
21
19
20
23
26
24
28
23
13
24
25
22
21
14
28
20
23
17
20
21
27
17
22
22
21
18
23
20
20
19
18
20
18
15
18
19
10
12
20
18
17
19
14
22
28
15
16
14
17
25
24
17
29
24
25
23
15
15
23
17
18
24
19
16
24
18
9
25
22
20
19
20
24
21
25
26
23
17
23
18
18
20
30
17
19
25
16
18
19
23
26
13
18
20
20
10
20
25
18
10
17
16
24
8
21
20
23
15
18
17
23
23
16
25
23
24
18
24
19
22
19
17
16
14
15
19
16
22
20
17
13
19
16
22
18
16
17
20
16
22
24
10
12
20
18
11
11
13
18
15
10
18
19
19
18
17
22
9
14
21
17
12
19
14
13
16
11
15
5
16
15
20
15
14
15
22
19
20
19
21
12
11
11
20
10
11
15
11
10
17
14
11
19
11
13
8
14
13
9
14
20
6
10
20
12
16
17
15
14
15
15
14
14
12
22
25
13
18
16
11
14
12
15
13
11
14
9
14
18
13
13
9
19
9
4
14
20
13
18
14
13
8
7
16
20
11
17
16
7
13
10
19
10
6
17
18
15
13
7
13
13
8
13
5
12
9
9
12
9
11
9
9
14
8
8
9
14
13
16
19
11
11
14
15
9
8
15
12
12
14
9
14
13
14
16
9
13
11
9
11
11
17
13
15
13
13
9
8
20
15
16
10
11
13
11
10
9
12
15
8
9
19
18
10
10
14
4
13
9
13
3
13
12
13
10
10
16
14
11
6
13
13
16
4
11
12
15
11
18
9
8
7
16
11
10
11
14
15
34
37
41
24
27
17
13
11
10
16
9
15
13
8
14
20
24
32
56
54
42
23
18
14
11
11
12
10
6
8
16
4
13
10
6
7
15
17
11
10
4
9
15
15
17
14
11
12
9
10
6
16
15
12
11
37
29
32
24
17
16
11
9
12
17
13
9
13
11
12
14
14
7
11
8
8
8
6
11
13
11
8
13
14
9
7
6
12
9
13
6
9
7
12
14
10
13
5
12
14
9
8
14
9
13
6
8
13
9
9
9
20
48
87
145
228
253
207
147
60
24
13
6
19
7
6
20
17
20
16
18
11
11
8
9
4
6
5
8
5
9
11
8
5
15
7
9
12
10
4
11
6
5
5
5
8
3
3
11
7
5
5
6
2
8
3
6
7
9
5
2
5
6
6
5
12
7
5
4
7
5
8
10
7
5
6
9
4
8
7
5
5
6
5
9
5
11
5
7
7
5
6
6
8
10
9
6
6
2
6
1
7
7
4
4
6
3
4
4
7
5
5
2
4
8
5
8
5
7
4
8
10
3
6
7
5
9
6
6
9
3
8
7
7
6
6
6
7
4
7
6
5
2
4
6
7
8
2
9
4
7
6
14
8
11
8
10
14
23
76
96
164
200
155
123
70
36
9
2
7
6
1
9
6
7
9
5
2
6
6
5
2
6
4
6
2
3
4
2
4
4
2
9
7
4
4
5
2
3
5
4
3
3
4
8
2
7
3
4
4
6
9
2
4
8
4
8
12
4
8
3
2
5
3
3
8
2
6
3
10
6
1
3
7
2
2
2
3
1
9
3
3
8
4
6
1
1
1
9
7
4
4
6
4
6
4
9
1
3
3
4
4
2
1
3
6
4
3
3
2
2
2
4
1
6
5
6
7
4
2
3
0
3
4
3
4
3
3
2
4
2
5
5
4
4
10
4
2
3
5
5
3
5
2
3
5
2
6
7
1
5
5
6
5
5
2
1
4
3
4
2
5
5
3
1
2
0
4
4
3
2
4
4
2
7
4
1
0
2
2
3
5
3
7
4
5
4
2
3
1
2
3
3
2
8
12
4
2
4
1
2
6
6
4
4
2
2
5
0
1
3
1
2
3
4
2
2
4
3
2
5
1
1
2
6
2
2
5
1
6
5
3
2
5
2
5
4
6
3
3
1
2
4
5
3
2
5
1
3
7
2
2
4
4
1
6
0
1
4
2
6
4
2
4
3
5
3
3
3
4
2
2
3
4
4
2
3
0
1
3
8
6
4
8
6
2
3
3
3
1
3
4
2
4
9
6
4
5
2
3
2
2
1
4
3
3
7
3
7
4
3
3
1
1
3
3
4
5
2
3
1
2
3
2
1
1
4
0
2
1
5
3
3
3
2
4
6
0
4
6
3
1
0
8
2
6
8
6
3
2
2
2
1
2
2
4
5
4
5
3
6
5
6
6
7
8
27
20
63
95
123
135
124
106
42
24
3
5
2
4
1
4
3
6
4
7
13
15
14
11
9
9
1
1
0
2
3
2
3
4
3
3
5
3
1
6
1
1
2
4
1
1
0
1
2
2
4
2
3
5
4
2
0
3
2
1
0
4
3
2
4
2
1
2
1
1
2
6
2
2
2
0
1
2
0
3
3
2
1
6
3
2
3
4
5
1
2
5
2
2
3
1
1
3
7
2
4
4
0
2
2
3
4
1
0
1
0
2
4
1
3
4
4
1
3
1
3
1
1
1
1
1
2
0
4
1
1
4
2
4
3
2
3
1
2
1
5
1
1
4
2
1
5
0
2
2
1
3
2
1
3
3
2
2
0
4
4
1
0
0
2
1
2
2
5
1
2
1
2
2
5
2
2
2
4
3
5
2
2
4
0
0
4
1
2
1
4
1
3
2
4
2
3
1
5
2
3
0
1
3
1
4
0
0
1
3
6
2
3
5
3
0
3
1
3
2
0
1
4
1
2
2
1
0
3
1
5
4
0
0
0
2
4
1
1
1
2
4
1
2
1
1
1
1
2
0
1
3
0
1
1
3
0
3
3
1
1
2
2
1
2
1
0
2
4
1
0
1
2
0
0
1
1
1
0
0
3
2
1
3
1
2
2
2
0
2
1
0
5
1
3
0
3
1
1
2
1
2
1
1
4
1
2
3
3
1
7
1
2
3
2
4
2
3
5
3
3
8
8
10
6
3
2
2
1
1
1
3
2
2
1
3
0
3
2
0
2
2
1
7
1
1
1
1
3
3
3
0
2
2
4
1
3
2
0
3
0
2
1
1
2
2
1
1
1
0
3
3
2
0
1
3
3
1
1
1
0
2
1
2
0
2
1
1
1
1
1
3
2
4
0
0
0
1
2
2
0
1
2
3
1
0
0
1
1
3
2
1
0
3
2
0
3
4
0
1
0
0
0
3
7
1
0
4
2
4
2
1
0
3
1
1
0
2
3
2
2
4
0
2
3
2
2
2
3
3
1
1
1
2
0
4
2
1
3
2
0
1
3
1
0
0
2
1
3
7
3
0
4
5
1
2
1
4
9
6
3
6
5
1
4
1
1
1
2
0
1
0
1
0
0
0
2
2
2
3
1
0
1
0
3
1
0
2
1
5
2
2
0
3
2
1
0
4
2
5
0
0
2
1
0
2
1
2
1
1
2
3
2
1
3
0
0
2
1
1
3
2
1
1
0
1
3
2
2
3
1
1
1
1
0
3
1
1
0
0
2
5
2
4
1
3
4
2
1
5
0
2
3
0
2
1
1
0
0
0
5
1
2
2
1
2
3
1
3
0
1
1
2
1
2
1
0
2
4
1
1
0
3
2
3
3
1
1
1
0
2
2
3
4
2
1
4
3
0
2
1
2
1
1
1
1
1
0
0
4
1
1
1
3
1
0
1
5
4
1
0
1
0
0
3
1
0
5
2
2
2
1
0
1
3
1
1
2
1
1
0
0
2
2
4
1
6
0
1
3
4
9
1
2
1
4
1
2
3
2
1
1
1
1
5
1
2
3
3
2
3
2
1
0
2
3
3
2
3
1
0
4
2
0
2
1
1
3
1
2
0
1
2
0
0
2
1
2
1
4
1
2
1
3
1
3
1
3
2
0
0
3
0
1
1
5
1
1
2
1
1
3
2
3
2
3
2
0
0
2
0
2
1
0
1
2
5
2
2
3
2
2
1
2
0
0
1
1
0
1
1
1
4
0
2
3
0
5
2
2
0
2
2
3
3
2
3
3
0
2
2
3
1
2
1
0
5
2
0
1
1
1
2
2
1
3
0
0
2
2
3
4
2
2
1
2
1
1
2
1
3
1
3
5
1
1
1
1
0
4
0
1
0
0
1
1
3
3
2
1
2
1
1
2
1
1
2
1
1
0
1
1
2
1
0
0
2
2
1
2
1
3
1
1
1
3
3
5
0
1
0
0
1
1
0
2
4
1
4
0
0
3
0
2
3
1
1
1
2
2
2
3
6
3
4
3
7
4
1
5
2
3
0
3
0
0
1
2
2
2
1
1
1
1
0
1
2
0
5
3
1
1
1
2
3
0
3
4
2
1
0
3
1
0
3
1
1
2
1
2
2
0
2
0
4
0
0
1
1
2
2
0
2
1
0
0
2
2
0
3
2
1
2
2
1
2
2
2
1
3
0
1
1
0
2
1
2
1
0
4
2
3
1
1
1
2
0
0
2
2
3
0
1
2
4
1
5
4
0
3
3
2
0
1
2
2
2
0
2
2
1
4
3
1
2
2
1
2
1
2
2
1
3
4
1
3
6
5
4
3
3
2
1
1
1
3
1
1
1
2
1
1
4
3
3
3
2
2
2
1
1
1
2
1
1
3
0
0
2
1
1
1
2
4
0
2
1
1
1
2
2
2
0
1
3
0
1
0
0
1
3
2
2
3
3
0
1
1
2
0
1
0
4
2
2
3
2
0
0
3
1
3
1
1
6
3
1
1
0
1
2
1
1
5
2
5
2
1
0
1
1
1
2
2
0
4
1
1
4
1
1
1
3
1
1
1
1
0
0
0
0
2
2
3
1
1
0
2
1
1
6
2
2
2
0
1
3
3
2
2
1
2
2
1
2
5
1
0
2
1
1
6
0
2
4
0
4
0
1
3
0
2
2
2
1
3
2
2
3
1
1
2
2
0
1
4
2
4
2
1
2
0
0
2
2
1
1
2
1
2
1
2
2
1
3
2
0
0
2
1
4
2
4
2
2
1
1
2
0
4
0
3
0
0
0
1
1
0
1
2
2
0
1
1
1
3
4
1
1
1
2
1
2
1
3
1
1
1
0
3
1
1
2
1
2
2
1
0
2
2
1
1
1
2
1
3
0
3
2
1
4
1
1
1
0
0
0
0
2
1
1
3
0
1
1
1
1
2
1
1
1
1
1
1
1
0
1
0
3
1
1
1
0
3
2
2
1
2
1
0
0
2
0
2
2
0
1
2
0
2
1
0
0
2
1
3
0
0
1
4
0
1
1
0
0
1
0
0
0
1
0
2
1
1
1
0
3
2
1
2
0
1
1
0
0
0
0
0
1
2
1
1
0
2
2
1
0
1
0
0
1
1
1
1
1
0
0
1
0
0
1
1
1
1
1
0
0
1
1
1
1
0
0
1
1
2
2
1
2
1
3
3
1
4
1
0
0
0
0
1
2
2
0
1
1
1
0
0
0
0
0
0
2
0
1
1
1
1
0
1
0
1
2
1
0
0
1
0
0
0
0
0
3
1
0
1
0
0
1
0
1
2
4
0
1
0
1
0
0
0
0
2
1
2
1
0
2
2
0
0
0
1
0
1
0
0
1
1
0
1
1
0
1
0
0
0
2
0
2
1
0
2
1
1
1
1
0
0
0
2
0
1
1
0
4
0
1
1
1
1
0
0
0
0
1
0
1
2
1
1
0
1
0
0
1
1
1
0
0
0
0
0
0
0
0
0
0
0
0
0
0
0
0
1
0
0
1
0
0
0
0
1
2
2
1
2
5
4
2
4
1
0
1
0
1
0
1
1
0
0
2
1
0
0
0
0
2
1
0
0
2
2
0
0
1
2
1
1
0
2
1
1
2
2
0
2
0
0
2
0
1
0
0
1
0
0
1
1
0
0
0
0
0
0
0
1
1
1
0
0
0
0
0
0
0
2
1
0
0
0
1
1
0
0
1
0
1
1
1
0
0
0
0
1
2
1
0
0
0
1
0
0
0
0
1
1
0
0
3
1
0
0
2
1
2
0
0
0
0
0
0
2
0
1
3
2
1
1
0
0
0
0
0
1
0
0
0
0
1
1
0
0
1
0
0
0
0
1
2
1
0
0
1
1
0
0
1
0
0
1
0
2
0
0
2
0
1
0
0
0
0
0
0
0
1
0
1
0
1
0
0
0
1
1
0
1
0
0
2
0
0
1
0
0
1
0
0
0
0
0
1
0
0
0
0
1
0
1
1
1
0
1
1
0
0
1
0
0
0
0
0
0
2
1
0
0
0
0
0
0
0
0
3
0
1
1
0
1
1
0
0
1
1
1
0
1
0
0
0
0
1
0
0
1
0
1
1
1
0
0
1
2
1
5
3
5
5
18
22
34
36
42
25
22
11
5
5
1
0
0
1
0
0
0
0
1
1
0
0
0
0
0
1
0
0
0
0
1
0
0
1
0
1
0
0
0
0
0
0
0
1
0
0
0
0
0
0
0
0
0
0
0
0
0
2
0
0
0
0
0
0
0
0
0
0
0
0
1
0
1
0
0
0
1
0
0
0
1
0
0
0
0
0
0
0
1
0
0
0
0
1
0
1
0
2
1
1
1
1
0
1
0
0
1
0
0
0
1
0
0
1
0
1
0
0
2
1
1
0
0
2
1
1
0
0
0
1
0
0
0
2
0
1
0
1
0
0
0
0
0
0
0
1
0
1
0
0
1
0
0
0
0
0
0
0
0
0
0
0
0
0
2
1
1
0
1
1
0
0
0
0
0
0
0
0
0
0
0
0
0
0
1
0
0
1
1
0
0
0
0
0
0
1
0
0
0
0
0
1
0
1
0
1
0
1
0
1
1
0
2
1
0
1
1
0
0
0
0
0
0
0
0
0
0
1
0
0
0
0
0
0
0
0
0
1
0
0
0
0
0
1
1
1
0
1
2
0
0
0
1
0
0
0
0
0
0
0
0
0
0
0
0
1
1
0
0
1
1
0
0
0
0
0
1
0
0
0
0
0
0
0
1
0
0
1
1
0
0
0
0
0
0
0
0
1
1
0
0
0
0
0
0
0
0
0
0
0
0
0
0
0
1
1
0
0
0
0
0
0
1
0
0
0
0
0
0
0
1
0
0
0
2
0
0
0
0
0
0
1
1
0
0
1
0
0
0
0
1
1
0
1
3
2
0
2
0
0
0
0
3
2
0
1
2
3
1
1
0
0
0
0
0
0
1
0
2
0
0
0
1
0
0
0
0
0
1
0
0
1
0
0
0
1
0
0
0
0
0
0
0
0
0
0
0
1
1
1
0
1
0
0
0
0
0
0
0
1
1
1
0
0
0
0
0
0
0
1
0
0
0
0
1
1
1
0
0
0
2
1
0
0
2
0
0
0
0
1
1
2
1
1
1
0
1
1
2
0
0
0
0
0
1
0
1
0
0
0
1
0
0
1
0
0
0
0
1
0
0
0
0
0
0
0
1
0
0
0
0
0
0
0
0
0
1
0
0
1
0
1
0
0
0
0
0
0
0
0
0
0
0
0
1
0
0
0
1
0
0
0
0
2
0
0
1
0
1
0
0
0
1
0
0
0
0
0
0
0
0
0
0
0
0
0
1
0
0
0
0
0
0
0
0
0
1
1
1
0
0
1
0
0
0
0
0
0
0
1
0
0
0
0
0
2
0
1
0
0
0
0
0
0
1
1
0
0
0
0
0
2
0
0
1
1
0
0
0
0
0
1
0
0
1
0
0
0
0
0
0
0
0
0
0
0
0
0
0
0
0
1
0
0
0
0
0
0
0
0
0
0
0
0
0
1
0
1
0
0
0
0
0
0
0
0
0
0
0
0
0
1
0
1
0
0
1
0
1
0
1
0
0
0
1
0
0
0
0
0
0
0
0
0
0
1
0
0
1
0
0
0
0
0
2
0
0
1
0
0
0
0
0
0
0
0
0
0
0
0
0
0
1
0
0
0
0
0
0
0
0
0
1
1
0
0
1
0
0
1
0
0
0
0
0
0
0
0
0
1
0
0
0
0
0
1
0
0
0
0
0
0
0
0
1
1
1
0
0
0
0
1
0
0
0
0
0
0
0
0
1
0
0
0
0
0
0
0
0
0
0
0
0
0
0
0
0
0
0
0
0
0
0
0
0
0
0
0
0
1
0
0
0
1
0
0
0
1
0
0
0
0
0
0
0
0
0
0
1
0
0
0
1
0
0
1
0
0
0
0
0
0
0
1
0
0
2
0
1
1
0
0
0
1
0
0
0
0
1
0
1
0
1
0
0
0
0
0
0
0
0
0
0
0
0
0
0
0
0
0
0
0
0
0
0
0
0
0
0
0
0
1
1
1
1
0
1
0
0
0
0
0
0
0
0
0
0
0
0
0
0
1
0
0
0
0
0
0
0
0
0
0
0
0
0
1
0
0
0
0
0
0
0
0
0
0
0
0
0
0
0
0
0
0
0
0
0
1
0
0
0
0
0
1
0
0
0
0
0
0
0
0
0
0
0
0
0
0
0
0
0
0
0
0
0
0
0
0
0
0
0
0
0
0
0
0
0
0
0
0
0
0
0
0
0
0
0
0
0
0
0
0
1
2
0
0
0
0
0
0
0
0
0
0
0
0
0
0
0
0
0
0
0
0
0
0
0
0
0
0
0
0
0
0
0
0
0
0
1
0
0
0
0
0
0
0
0
0
0
0
1
0
0
0
0
0
0
0
1
0
0
0
0
0
0
2
0
1
0
0
0
1
0
0
1
0
1
0
0
0
1
0
1
0
0
0
0
0
1
0
0
0
0
0
0
0
0
1
0
0
0
0
0
0
0
0
0
2
0
0
0
0
0
2
0
0
0
0
0
0
0
0
0
0
1
1
0
0
0
0
0
1
0
0
0
0
0
0
0
0
0
0
0
0
0
0
0
0
0
1
1
0
0
0
0
1
0
0
0
0
1
0
0
0
0
0
0
0
0
1
0
1
0
0
0
0
0
1
0
0
0
0
0
0
0
0
1
0
0
0
0
0
0
0
0
0
0
0
0
1
0
0
0
0
0
0
1
0
0
0
0
0
1
0
0
1
2
0
1
0
0
0
0
1
0
0
0
0
0
0
0
0
0
0
0
0
0
1
0
0
0
1
0
0
0
0
0
0
0
0
0
0
0
0
1
0
0
0
0
0
0
0
1
1
0
0
0
0
0
0
1
0
0
0
0
0
0
0
0
0
0
0
1
0
0
0
0
0
1
0
0
0
0
0
1
0
0
1
1
0
1
0
0
0
0
0
0
0
0
0
0
1
1
0
0
0
1
0
0
0
0
0
0
0
0
1
0
0
0
0
1
0
0
0
0
0
0
0
0
0
0
0
0
0
0
0
0
0
1
0
0
0
0
0
0
0
0
0
0
0
1
0
0
0
0
0
0
1
0
0
0
0
0
0
0
0
0
0
0
0
0
0
0
1
0
0
0
1
0
0
0
0
0
0
0
0
0
0
0
0
0
1
2
0
0
0
0
0
0
0
0
0
0
0
0
0
0
1
1
0
1
0
0
1
0
0
0
0
0
0
0
0
0
0
0
0
1
0
0
0
0
0
0
1
0
0
1
0
1
0
0
0
0
0
0
0
0
0
0
0
1
0
0
0
0
0
0
0
0
0
0
0
0
0
0
0
1
0
0
0
0
0
0
0
0
0
0
0
0
0
0
0
0
1
0
1
0
0
0
0
0
0
0
0
0
0
0
0
0
0
0
0
0
0
0
0
1
0
0
1
0
1
0
0
0
0
0
0
0
0
0
0
0
0
0
0
0
1
0
0
0
0
0
1
0
0
1
0
0
0
1
0
0
0
0
0
0
0
0
0
1
0
0
1
0
0
0
0
0
0
0
0
1
0
0
0
1
0
0
0
0
0
0
0
1
0
0
0
0
0
0
0
0
0
0
0
0
0
0
1
0
0
0
0
0
0
0
0
0
0
0
0
0
0
0
0
1
2
0
1
0
1
1
0
0
1
0
0
0
0
0
0
0
0
0
0
0
0
1
0
0
0
1
0
0
0
0
0
0
0
0
0
0
0
0
0
0
0
1
1
0
0
0
0
0
0
0
0
0
1
1
0
0
0
0
0
0
0
0
0
1
1
1
1
0
0
0
0
0
0
1
0
0
0
1
0
0
1
0
0
0
0
0
0
0
1
0
0
0
0
0
0
0
0
0
0
0
0
0
0
1
0
0
0
0
0
0
0
0
0
0
0
1
0
0
0
2
1
0
0
0
0
0
0
0
0
0
1
0
1
1
0
0
0
1
0
0
1
0
0
1
0
0
0
0
0
0
0
0
0
0
0
0
1
0
0
0
0
0
0
2
1
0
0
0
1
0
1
0
0
0
0
0
0
0
1
0
0
0
0
0
1
0
0
0
0
0
1
0
0
0
0
0
0
1
0
0
0
0
0
1
0
0
0
2
0
0
0
0
0
0
0
1
0
0
0
0
0
0
0
0
0
0
0
0
0
0
0
0
0
1
0
0
0
0
0
0
0
0
0
0
0
0
0
0
0
1
0
1
0
0
0
0
0
0
0
0
1
0
0
1
0
0
0
0
0
0
0
0
0
1
0
0
0
0
0
0
0
0
1
0
0
0
0
0
0
0
0
0
0
0
0
0
1
0
0
0
0
0
0
0
4
0
0
0
0
0
0
0
0
0
0
0
0
0
0
0
0
0
0
0
0
0
0
0
0
0
0
0
0
0
1
0
0
0
0
0
0
0
0
1
0
0
0
0
0
0
0
1
0
0
0
0
2
0
1
0
0
0
0
1
0
0
0
0
0
0
0
0
0
0
1
0
0
0
0
0
0
0
0
0
0
0
0
0
1
1
0
0
0
0
0
0
0
0
0
0
0
0
0
0
0
0
0
0
1
1
1
0
0
0
0
0
0
0
0
0
0
0
0
0
0
0
0
0
0
0
0
0
0
0
0
0
0
2
0
0
0
0
0
1
0
0
3
0
0
1
0
0
0
0
0
0
0
0
0
0
0
0
0
0
0
0
0
0
0
0
0
0
0
0
0
0
0
0
0
0
0
0
0
0
0
0
0
0
0
0
0
0
0
0
0
0
0
0
0
0
0
1
0
0
1
1
0
0
0
1
0
0
0
1
0
1
0
0
0
0
0
0
0
0
0
0
0
0
0
0
0
0
0
0
0
0
0
0
0
0
0
0
0
0
0
0
0
0
0
0
0
0
0
0
0
0
0
0
0
0
0
1
1
0
0
1
0
0
1
0
0
0
0
0
0
0
0
1
0
0
0
1
0
0
0
0
0
1
0
0
0
0
0
0
0
0
0
0
0
0
0
0
1
0
0
0
0
0
0
0
0
1
0
0
0
1
1
1
1
0
0
0
0
0
0
0
0
0
1
0
0
0
0
0
0
0
0
0
0
0
0
0
0
0
0
0
0
1
0
0
0
0
0
0
0
1
1
1
1
0
0
0
0
0
0
0
1
0
1
0
0
0
0
0
0
0
0
0
0
0
0
0
0
0
0
0
0
0
0
0
0
0
0
0
0
0
0
0
1
1
0
0
0
0
0
0
1
0
0
0
0
0
0
0
0
0
0
0
0
0
0
0
0
0
0
0
0
0
0
0
0
0
1
0
0
1
1
1
0
0
0
1
0
0
0
0
0
0
0
0
0
1
0
0
0
0
0
0
0
0
0
0
0
0
0
0
0
0
0
0
0
0
0
0
0
0
0
0
0
1
0
0
0
0
0
0
0
0
0
0
1
0
0
0
0
1
0
1
0
1
0
0
0
1
0
0
0
0
0
0
0
0
0
0
0
0
1
0
0
1
0
0
1
1
1
1
0
0
0
0
0
2
1
0
0
1
0
0
0
1
0
1
0
1
1
0
0
1
0
0
0
0
0
0
0
0
0
0
0
0
0
0
0
0
0
0
0
0
0
0
0
0
0
0
0
0
0
0
1
1
0
0
0
0
0
0
0
0
0
0
1
0
0
1
0
0
0
1
0
0
0
0
0
0
0
1
0
0
0
0
0
0
0
0
0
0
0
0
0
0
0
1
0
1
0
0
0
0
1
0
0
0
0
0
1
0
0
0
0
0
0
0
0
0
0
0
0
0
0
0
1
0
0
1
0
0
0
0
0
1
0
1
0
0
0
0
0
0
0
1
1
0
0
0
0
0
0
0
1
0
2
0
0
0
0
0
0
0
0
1
0
0
0
0
0
0
0
0
0
0
0
0
0
0
0
0
0
0
0
0
0
0
0
0
0
0
0
0
0
1
0
0
0
0
0
0
0
0
0
0
0
0
0
0
0
0
0
0
0
0
0
0
0
0
1
0
0
0
0
0
1
0
0
0
0
0
1
0
0
0
0
0
0
0
0
0
0
0
0
0
2
0
0
0
0
0
0
0
0
0
0
0
1
0
0
0
0
0
0
0
0
0
0
1
0
0
0
1
0
0
0
0
0
0
0
0
0
0
0
0
0
0
0
0
0
0
0
1
0
0
0
0
0
0
0
0
0
0
0
0
0
0
1
0
0
0
0
1
0
0
0
0
0
0
1
0
0
1
0
0
0
0
0
0
0
0
0
0
0
0
0
1
0
0
0
1
0
0
0
0
0
0
0
0
0
0
0
0
0
0
0
0
1
0
0
0
1
0
0
0
0
1
0
0
0
0
0
0
0
0
0
0
0
0
0
0
0
0
0
0
0
0
0
0
1
0
1
0
0
0
0
0
0
0
0
0
0
0
0
0
0
0
0
0
0
0
0
0
0
0
0
0
0
0
0
0
1
0
0
0
0
0
0
0
0
0
0
0
1
0
0
0
0
0
0
0
0
0
0
0
0
0
0
1
0
0
0
0
0
0
0
0
0
0
0
0
0
0
0
0
0
0
0
1
0
0
0
0
0
0
0
0
0
0
0
0
0
0
0
0
0
2
0
0
0
0
0
0
0
0
0
0
0
0
0
0
0
0
0
0
0
0
0
0
0
0
0
0
0
0
0
1
0
0
0
0
0
0
0
0
0
0
0
0
0
0
0
0
0
0
0
0
0
0
0
0
0
0
0
0
0
0
0
0
0
0
0
0
0
0
0
0
0
0
0
0
0
1
0
0
0
0
0
0
0
0
0
0
0
0
0
0
0
0
0
0
0
0
0
0
0
0
0
0
0
0
0
0
0
1
0
0
0
0
0
0
0
0
0
0
0
0
1
0
0
0
0
0
0
0
0
0
0
0
1
0
0
0
0
0
0
0
0
0
0
0
0
0
1
0
0
0
0
0
0
0
0
0
0
0
0
0
0
0
0
0
0
0
0
0
0
0
0
0
0
0
0
0
0
0
0
0
0
0
0
0
0
0
0
0
0
0
0
0
0
0
0
0
0
0
0
0
0
0
0
0
0
0
0
0
0
0
0
0
0
0
0
0
0
0
0
0
0
0
0
0
0
0
0
0
0
0
0
0
0
0
0
0
0
0
0
0
0
0
0
0
0
0
0
0
0
0
0
0
0
1
1
1
5
6
3
5
6
1
6
2
2
0
1
1
0
0
0
0
0
0
0
0
0
0
0
0
0
0
0
0
0
0
0
0
0
0
0
0
0
0
0
0
0
0
0
0
0
0
0
0
0
0
0
0
0
0
0
0
0
0
0
0
0
0
0
0
0
1
0
0
0
0
0
0
0
0
0
0
0
0
0
0
0
0
0
0
0
0
0
0
0
0
0
0
0
0
0
0
0
0
0
0
0
0
0
0
0
0
0
0
0
0
0
0
0
0
0
0
0
0
0
0
0
0
0
0
0
0
0
0
0
0
0
0
0
0
0
0
0
0
0
0
0
0
0
0
0
0
0
0
0
0
0
0
0
0
0
0
0
0
0
0
0
0
0
0
0
0
0
0
0
0
0
0
0
0
0
0
0
0
0
0
0
0
0
0
0
1
0
0
0
0
0
0
0
0
0
0
0
0
0
0
0
0
0
0
0
0
0
0
0
0
0
0
0
0
0
0
0
0
0
0
0
0
0
0
0
0
0
0
0
0
0
0
0
0
0
0
0
0
0
0
0
0
0
0
0
0
0
0
1
0
0
0
0
0
0
0
0
0
0
0
0
0
0
0
0
0
0
0
0
0
0
0
0
0
0
0
0
0
0
0
0
0
0
0
0
0
0
0
0
0
0
0
0
0
0
0
0
0
0
0
0
0
0
0
0
0
0
0
0
0
0
0
0
0
0
0
0
0
0
0
0
0
0
0
0
0
0
0
0
0
0
0
0
0
0
0
0
0
0
0
0
0
0
0
0
0
0
0
0
0
0
0
0
0
0
0
0
0
0
0
0
0
0
0
0
0
0
0
0
0
0
0
0
0
0
0
0
0
0
0
0
0
0
0
0
0
0
0
0
0
0
0
0
0
0
0
0
0
0
0
0
0
0
0
0
0
0
0
0
0
0
0
0
0
0
0
0
0
0
0
0
0
0
0
0
0
0
0
0
0
0
0
0
0
0
0
0
0
0
0
0
0
0
0
0
0
0
0
0
0
0
0
0
0
0
0
0
0
0
0
0
0
0
0
0
0
0
0
0
0
0
0
0
0
0
0
0
0
0
0
0
0
0
0
0
0
0
0
0
0
0
0
0
0
0
0
0
0
0
0
0
0
0
0
0
0
0
0
0
0
0
0
0
0
0
1
0
0
0
0
0
0
0
0
0
0
0
0
0
0
0
0
0
0
0
0
0
0
0
0
0
0
0
0
0
0
0
0
0
0
0
0
0
0
0
0
0
0
0
0
0
0
0
0
0
0
0
0
0
0
0
0
0
0
0
0
0
0
0
0
0
0
0
0
0
0
0
0
0
0
0
0
0
0
0
0
0
0
0
0
0
0
0
0
0
0
0
0
0
0
0
0
0
0
0
0
0
0
0
0
0
0
0
0
0
0
0
0
0
0
0
0
0
0
0
0
0
0
0
0
0
0
0
0
0
0
0
0
0
0
0
0
0
0
0
0
0
0
0
0
0
0
0
0
0
0
0
0
0
0
0
0
0
0
0
0
0
0
0
0
0
0
0
0
0
0
0
0
0
0
0
0
0
0
0
0
0
0
0
0
0
0
0
0
0
0
0
0
0
0
0
0
0
0
0
0
0
0
0
0
0
0
0
0
0
0
0
0
0
0
0
0
0
0
0
0
0
0
0
0
0
0
0
0
0
0
0
0
0
0
0
0
0
0
0
0
0
0
0
0
0
0
0
0
0
0
0
0
0
0
0
0
0
0
0
0
0
0
0
0
0
0
0
0
0
0
0
0
0
0
0
0
0
0
0
0
0
0
0
0
0
0
0
0
0
0
0
0
0
0
0
0
0
0
0
0
0
0
0
0
0
0
0
0
0
0
0
0
0
0
0
0
0
0
0
0
0
0
0
0
0
0
0
0
0
0
0
0
0
0
0
0
0
0
0
0
0
0
0
0
0
0
0
0
0
0
0
0
0
0
0
0
0
0
0
0
0
0
0
0
0
0
0
0
0
0
0
0
0
0
0
0
0
0
0
0
0
0
0
0
0
0
0
0
0
0
0
0
0
0
0
0
0
0
0
0
0
0
0
0
0
0
0
0
0
0
0
0
0
0
0
0
0
0
0
0
0
0
0
0
0
0
0
0
0
0
0
0
0
0
0
0
0
0
0
0
0
0
0
0
0
0
0
0
0
0
0
0
0
0
0
0
0
0
0
0
0
0
0
0
0
0
0
0
0
0
0
0
0
0
0
0
0
0
0
0
0
0
0
0
0
0
0
0
0
0
0
0
0
0
0
0
0
0
0
0
0
0
0
0
0
0
$ENER_FIT:
0.630 0.364202 1.04260e-008
$MCA_CAL:
3
0.630 0.364202 1.04260e-008
$PEAKLABELS:
1657.977, "Cs-134"
1814.084, "Cs-137"
2183.062, "Cs-134"
1560.696, "Cs-134"
998.324, "I-131"
1543.461, "Cs-134"
2199.736, "Cs-134"
2846.771, "Cs-134"
3206.966, "Cs-134"
3744.692, "Cs-134"
186.544, "Au XRF,(Detector)"
212.272, "Au XRF,(Detector)"
4008.295, "K-40,(Bkgd)"
7172.938, "Th-232(d),(Bkgd)"
$ENDRECORD:
