$SPEC_ID:
PeakEasy Library File: Co-60, Detective (HPGe), 158 uCi @ 100cm
$MEAS_TIM:
10176.96000 10875.80000
$DATE_MEA:
29-Sep-2004 11:29:23 PM
$DATA:
0 8191
0
0
0
0
0
0
0
0
0
0
0
0
0
0
0
2
1
0
0
2
4
3
4
3
7
7
7
6
12
9
12
15
31
38
47
55
68
78
127
454
10782
22376
22875
22825
22757
22149
22321
22256
22085
21837
21629
21408
21171
21065
21011
20750
20512
20672
20220
20051
20302
20151
20117
19659
19456
19607
19207
19086
18968
19010
18702
18688
18615
18380
18330
18330
18198
17895
18122
17725
17449
17363
17281
17205
16968
17275
17107
16621
16466
16633
16214
16323
16116
15933
15607
15857
15760
15403
15507
15385
15257
15046
15241
15089
14955
14671
14726
14781
14568
14434
14290
14285
14225
14426
13988
14096
13832
13920
13827
13741
13530
13505
13521
13609
13348
13345
13171
13105
13095
13182
12884
12808
12886
12716
12795
12532
12533
12530
12485
12466
12487
12278
12085
12188
12218
12163
12110
12141
12173
11960
12140
11962
11843
11927
11750
11886
11887
11918
11585
11773
11617
11884
11885
11682
12008
11541
11629
11616
11677
11735
11805
11770
11758
11538
11614
11502
11646
11597
11763
11935
12116
12219
12138
12370
12148
12443
12538
12622
12311
11843
11870
11630
11593
11863
11775
11631
11668
11518
11825
11776
11658
11803
11775
11930
12058
11944
11827
12142
11983
12121
12457
12441
12224
12241
12128
12208
11941
12124
12026
12047
12027
11869
11924
11887
12094
12092
12212
12143
12073
12223
12185
12185
12059
12035
12211
12188
12268
12212
12262
12414
12243
12253
12159
12404
12347
12427
12484
12515
12374
12536
12605
12497
12734
12600
12570
12519
12582
12873
12549
12518
12579
12697
12360
12651
12694
12624
12661
12593
12678
12786
12660
12820
12527
12516
12642
12581
12727
12880
12725
12637
12820
12725
12610
12547
12702
12460
12657
12724
12670
12723
12629
12731
12778
12724
12624
12743
12848
12878
12711
12679
12838
12729
12774
12800
12839
12747
12568
12818
12870
12890
12764
12829
12884
12899
12795
12999
12961
12902
12934
12882
12784
12934
12872
12732
13112
12907
12923
12740
13014
13066
12965
13020
12943
12978
13075
13053
13170
12994
12917
12945
12926
13058
13021
12990
13036
12987
12939
13074
13195
12961
12941
13280
13055
12978
13039
12920
13055
12874
13000
12880
12888
12995
12894
13035
12920
12887
12752
12911
12657
12835
12666
12665
12921
12843
12939
12901
12911
12636
12722
12877
12682
12509
12594
12518
12621
12573
12758
12492
12324
12680
12697
12753
12571
12348
12507
12646
12595
12434
12464
12338
12419
12445
12480
12438
12252
12224
12306
12401
12500
12327
12515
12218
12328
12153
12238
12301
12109
12476
12200
12154
12102
12060
12031
12001
12182
11822
12210
12053
11945
11934
12003
11952
11852
11923
11734
11632
11871
11798
11773
11769
12017
11762
11720
11565
11680
11769
11692
11416
11668
11499
11502
11562
11308
11557
11630
11636
11377
11487
11564
11174
11447
11460
11583
11305
11162
11271
11314
11339
11187
11348
11151
11217
11083
11293
11048
11090
11108
11147
11260
11093
11192
11239
11148
10988
10955
11080
10966
11010
10809
10803
10937
10744
10727
10945
10818
10843
10754
10768
10825
10968
10813
10687
10911
10685
10794
10698
10765
10570
10573
10678
10509
10460
10618
10655
10531
10550
10693
10411
10493
10454
10599
10470
10311
10559
10448
10415
10292
10185
10541
10452
10352
10418
10316
10210
10389
10367
10382
10288
10391
10314
10347
10350
10253
10271
10343
10206
10276
10085
10309
10171
10125
10235
10197
10350
10273
10323
10252
10251
10255
10530
10502
10400
10327
10356
10682
10627
10653
10788
10871
10873
11044
10973
11198
11394
11407
11426
11504
11651
11801
11966
11678
11892
12104
11982
12028
11960
12066
12143
12144
11796
12113
12167
12107
12167
11760
12111
11813
11907
11775
11833
11680
11781
11901
11549
11841
11511
11510
11370
11543
11435
11350
11404
11390
11308
11244
11289
11366
11197
11024
11014
10915
10966
11134
10998
10825
11086
10914
10891
10650
10681
10747
10604
10683
10556
10677
10446
10340
10343
10279
10339
10429
10125
10130
10255
10070
10233
10125
10399
10456
10099
10095
9801
9763
9784
9803
9656
9625
9775
9733
9445
9713
9573
9366
9304
9284
9378
9224
9245
9336
9091
9007
9130
9104
9202
8878
9095
8995
8904
9014
8807
8973
8685
8677
8718
8662
8788
8658
8655
8558
8659
8537
8637
8326
8372
8407
8369
8308
8242
8384
8399
8262
8094
8230
8210
7915
8147
8052
7823
7993
7863
7867
7941
7826
7665
7698
7728
7715
7721
7638
7481
7730
7413
7358
7308
7385
7196
7199
7280
7317
7108
7227
7193
7048
7262
7086
7024
6899
6956
6977
6922
6782
6934
6998
6834
6784
6841
6638
6705
6595
6858
6731
6805
6724
6633
6680
6537
6464
6492
6626
6436
6477
6483
6324
6472
6474
6355
6223
6483
6441
6520
6420
6338
6250
6450
6286
6336
6282
6370
6221
6159
6234
6232
6297
6211
6311
6105
6275
6079
6144
6113
5999
6026
6274
5970
6252
6211
6020
5996
6040
6230
6148
6294
6092
6043
5976
5996
5953
5930
5941
6015
5880
5867
5820
5890
5762
5834
5805
5747
5763
5556
5705
5636
5662
5679
5667
5621
5609
5720
5558
5511
5591
5680
5610
5510
5614
5520
5577
5546
5628
5921
5863
5951
6044
5998
5801
5600
5395
5350
5441
5389
5329
5376
5172
5290
5338
5245
5327
5268
5227
5250
5190
5286
5142
5173
5215
4982
5200
5037
5046
5080
5071
5150
5211
5135
4978
5096
5102
5093
4933
5034
4973
5029
5095
5044
4898
4817
5007
5034
5032
4908
4869
5001
4950
4916
4731
4943
4793
4936
5056
4791
4939
4998
4769
4879
4875
4740
4925
4918
4687
4739
4674
4748
4778
4857
4656
4722
4793
4768
4823
4837
4778
4724
4622
4549
4734
4529
4551
4698
4552
4597
4622
4623
4528
4433
4593
4602
4591
4490
4568
4653
4682
4538
4534
4552
4498
4538
4534
4457
4594
4562
4517
4546
4622
4785
4874
4832
4856
4589
4590
4425
4536
4318
4466
4454
4468
4456
4393
4236
4378
4257
4321
4467
4473
4433
4418
4276
4393
4368
4261
4258
4179
4205
4344
4399
4226
4317
4234
4199
4429
4408
4153
4237
4266
4337
4250
4267
4258
4358
4215
4205
4124
4083
4204
4222
4153
4139
4163
4193
4140
4147
4077
4194
4197
4130
4217
4224
4155
4235
4125
4088
4120
4243
4074
4188
4138
4103
4052
4090
4149
4167
4135
4031
4002
3936
4030
3923
4079
4134
4019
4006
4056
4104
3941
3956
4007
4103
3985
4095
3973
3991
4119
4021
4011
3977
4091
3953
4047
3976
3958
3907
3925
3939
3881
3949
4079
3972
3993
3808
3996
3982
3886
3863
3943
3925
3979
3927
3920
3868
3886
3881
3932
3836
3958
3816
3890
3909
3919
3891
3850
3867
3861
3874
3877
3902
3811
3752
3708
3796
3718
3737
4019
3655
3869
3752
3688
3719
3843
3909
3808
3744
3753
3857
3747
3731
3744
3831
3853
3750
3710
3713
3830
3786
3774
3772
3664
3723
3747
3610
3829
3755
3666
3722
3696
3668
3674
3750
3559
3665
3581
3666
3656
3610
3726
3701
3626
3717
3732
3646
3711
3754
3689
3632
3670
3580
3709
3734
3590
3539
3577
3602
3662
3580
3675
3525
3627
3591
3571
3614
3591
3581
3607
3531
3587
3565
3542
3603
3600
3520
3568
3485
3591
3564
3624
3530
3505
3543
3625
3530
3547
3445
3604
3502
3485
3555
3454
3588
3506
3471
3394
3568
3481
3472
3433
3452
3480
3477
3519
3520
3546
3613
3470
3454
3480
3426
3448
3521
3415
3358
3583
3473
3458
3437
3430
3456
3488
3453
3317
3390
3529
3345
3382
3405
3454
3356
3457
3341
3530
3358
3399
3450
3475
3469
3463
3417
3419
3350
3442
3286
3384
3330
3402
3324
3383
3494
3554
3419
3366
3452
3361
3465
3422
3406
3436
3368
3324
3456
3452
3336
3438
3443
3439
3419
3362
3321
3399
3313
3430
3349
3401
3372
3336
3285
3324
3346
3346
3360
3302
3344
3385
3249
3318
3276
3316
3261
3293
3301
3254
3386
3357
3379
3345
3359
3319
3301
3313
3353
3315
3271
3328
3381
3328
3260
3211
3240
3271
3281
3272
3312
3139
3289
3302
3280
3302
3236
3363
3306
3305
3351
3218
3314
3178
3204
3286
3255
3262
3298
3337
3225
3218
3252
3349
3185
3284
3208
3208
3346
3165
3325
3276
3150
3302
3200
3177
3335
3247
3309
3271
3238
3228
3289
3174
3315
3159
3313
3190
3377
3151
3230
3223
3204
3246
3193
3303
3240
3243
3233
3204
3297
3370
3120
3294
3349
3370
3422
3531
3526
3523
3495
3414
3428
3297
3305
3280
3226
3193
3211
3229
3086
3115
3181
3276
3212
3168
3189
3225
3192
3132
3164
3125
3142
3158
3180
3128
3098
3189
3156
3139
3120
3233
3137
3095
3251
3190
3096
3090
3132
3128
3120
3284
3014
3086
3134
3178
3143
3040
3164
3144
3131
3195
3154
3235
3156
3167
3136
3093
3022
3062
3105
3131
3156
3224
3146
3125
3019
3086
3144
3157
3212
3119
3051
3065
3181
3049
3165
3073
3092
3096
3118
3099
3035
3074
3143
3017
3062
3158
3163
3072
3127
3029
3056
3062
2937
3096
3027
3069
2986
3163
3101
3133
3138
3052
3100
3054
3052
3103
3010
3002
3164
2991
2979
3010
3038
3031
3057
3089
3080
3095
3068
3005
3133
3083
3084
3165
3092
3105
3037
3180
3022
3040
3061
3094
3095
2914
3043
2967
2912
3006
3119
3015
3074
2996
2995
3026
3067
2982
3041
2995
3093
3015
3035
2998
3027
2986
3116
3043
3010
3060
3092
2999
3057
3102
3000
3054
3093
2991
3045
3084
3047
2980
3082
2943
3037
3106
2965
3035
2966
3052
2982
2989
3079
2973
3005
2968
3089
2949
2986
3076
3102
2939
3073
3033
3108
3105
3198
3119
3189
3081
2907
3053
3023
2950
2926
2954
2944
2975
2975
2994
2995
2974
2868
2955
3010
2998
3074
2969
3030
3087
2996
2975
3031
3060
2913
2973
2974
2891
3036
3032
2979
2895
2905
2935
3011
2993
3029
2914
2978
2928
2902
2949
2933
3033
2943
2999
3044
3010
2972
3108
2905
2897
3016
3036
3034
2987
3050
3028
2996
2859
3061
3035
2977
3104
3075
3206
3231
3241
3155
3075
3024
3072
2998
3062
2916
2982
2813
3095
3001
2981
2929
2891
2986
2995
2902
2947
2946
2917
3034
2912
2954
3073
3047
2961
2994
2902
2934
2977
2860
2956
2933
2919
2842
2914
2953
2929
3037
2938
2817
2988
2897
2917
2928
2934
2857
2912
2929
3021
2893
2999
2924
2920
2983
2826
3026
2894
2857
2953
2966
2929
2894
2873
2894
2962
2879
2925
2961
2841
2951
2906
2856
2989
2941
2929
2957
2869
2931
2874
2871
2944
2895
2869
2909
2862
2997
2938
2914
2944
2797
2956
2946
2963
2894
2956
2942
2959
3004
2940
2956
2916
3027
2943
2980
2874
2929
2918
2939
2954
2988
3005
2881
3016
2920
2874
2972
2875
2877
2922
2793
2882
2885
2875
2914
2958
2879
2873
2889
2989
2899
2947
2910
2872
2945
2981
2981
2902
2993
2875
2889
2925
2983
3042
3006
2946
2999
2920
2873
2908
2910
2898
2926
2898
2887
2896
2791
2846
2925
2982
2883
2816
2851
2861
2951
2888
2901
2858
2954
2894
2934
2943
2984
2879
2869
2864
2831
2957
2952
2963
2910
2909
2972
2940
2863
2808
2926
2900
2904
2842
2842
2998
2974
2925
2901
2775
2938
2874
2871
2886
2958
3014
2834
2971
2917
2887
2904
2937
3003
2823
2855
2862
2946
2859
2916
2989
2823
2869
2787
2863
2966
2998
2919
3008
2857
2961
2916
2919
2939
2941
2873
2823
3011
2973
2920
2937
2906
2909
2933
2926
2854
2945
2971
2965
2956
2888
2972
2865
2850
2966
3023
2898
2894
2916
2887
2919
2941
2903
2862
2974
2944
2897
2880
2881
2991
2952
2957
2890
2903
2914
2993
2891
2972
2973
2928
2882
2963
2931
2933
2960
2968
2883
2810
2980
2973
3021
2976
3019
3021
2911
2945
2971
2898
2993
2815
2988
2985
2842
2954
2936
2925
2877
2915
2941
2931
3009
2984
2897
2995
2886
3051
2927
2877
2951
2961
2879
3056
2981
2886
3015
2925
2948
2928
2923
2972
2918
2961
2914
3007
3018
3055
2891
3011
2915
2923
2912
2955
2989
2813
2937
2900
2950
2999
2967
2949
2898
2954
2916
2951
2897
3077
2905
3012
3063
2937
2999
2963
2975
2905
3004
2938
2970
3044
3016
2930
2987
2944
2979
2983
2855
2932
3003
3005
2986
2927
3031
3038
2928
3013
2930
2919
2987
3023
2842
2977
2949
3002
3021
2923
2975
3033
3034
2997
3004
3008
2996
2965
3010
2916
2970
2971
3015
2995
2986
3058
3025
2966
2958
3015
2914
3025
3042
3029
2960
2948
2998
3009
2963
3012
2985
2881
3166
3037
3000
3069
3085
2976
2982
3017
3056
3065
3141
3031
3067
3039
3030
3113
3046
2998
3043
3069
2973
3075
3048
2946
3168
2911
3041
3043
3089
3041
3115
2998
2988
3072
3030
3022
3057
3047
3081
3052
2963
3034
3053
3087
3104
3106
3123
3016
3097
3007
3032
3115
3033
3109
3043
2998
3185
3075
3066
3141
3045
3091
3167
3153
3064
3050
3017
3060
3118
3075
3089
3134
3109
3104
3213
3035
3099
3143
3107
3068
3115
3061
3055
3083
3195
3127
3073
3073
3052
3098
3025
3039
3083
3080
3127
3065
3180
3129
3111
3128
3060
3259
3053
3184
3114
3064
3126
3176
3190
3096
3121
3202
3179
3121
3166
3063
3179
3151
3178
3165
3167
3147
3170
3091
3220
3242
3234
3200
3187
3239
3189
3214
3133
3263
3188
3220
3273
3130
3167
3219
3223
3200
3154
3275
3303
3300
3262
3267
3301
3429
3394
3468
3480
3494
3524
3492
3401
3442
3449
3448
3365
3209
3270
3233
3302
3339
3240
3233
3273
3332
3293
3327
3348
3260
3236
3288
3372
3257
3222
3360
3380
3275
3272
3231
3367
3264
3239
3338
3376
3331
3423
3315
3222
3292
3353
3245
3388
3318
3304
3321
3351
3312
3324
3329
3337
3273
3344
3272
3330
3324
3381
3490
3451
3375
3352
3311
3309
3351
3394
3388
3397
3414
3510
3326
3488
3471
3379
3457
3399
3448
3508
3360
3535
3502
3510
3498
3457
3415
3424
3625
3538
3453
3511
3505
3599
3392
3386
3503
3497
3548
3554
3479
3477
3477
3532
3466
3522
3600
3534
3599
3615
3491
3503
3501
3615
3494
3441
3651
3588
3696
3606
3658
3468
3502
3695
3681
3577
3576
3604
3605
3683
3689
3711
3675
3638
3492
3605
3614
3709
3651
3708
3612
3707
3525
3546
3686
3761
3804
3647
3662
3713
3773
3698
3764
3725
3715
3778
3794
3873
3734
3818
3681
3717
3763
3731
3751
3699
3829
3850
3915
3734
3933
3744
3794
3779
3747
3802
3738
3806
3872
3930
3944
3843
3899
3851
3879
3960
3827
3849
3980
3928
3982
3952
3956
3914
3801
3974
3933
4038
3994
3953
3978
3980
3936
3921
3943
4111
4018
3924
4076
4061
3990
4004
3984
3918
3984
3904
4085
4072
3986
3976
4042
4074
4144
4127
4107
4056
4070
4069
4047
4076
4053
4123
4067
4122
4199
4116
4160
4200
4106
4076
4167
4310
4225
4160
4268
4302
4231
4350
4333
4223
4330
4350
4305
4396
4231
4330
4304
4283
4349
4257
4275
4341
4354
4280
4287
4265
4444
4207
4399
4440
4362
4415
4380
4410
4471
4442
4462
4391
4397
4483
4358
4564
4391
4424
4440
4394
4524
4554
4573
4323
4449
4549
4517
4550
4530
4415
4510
4498
4658
4567
4558
4562
4470
4635
4546
4608
4665
4661
4638
4651
4608
4596
4763
4593
4740
4602
4646
4690
4669
4673
4752
4747
4641
4698
4716
4799
4598
4759
4839
4633
4845
4709
4687
4771
4841
4874
4792
4813
4915
4750
4845
4854
4874
4755
4827
4907
4774
4846
5012
4734
4894
4857
4812
4804
4786
4898
4874
4840
4963
4870
4895
4996
4804
4875
4801
4835
4821
4733
4823
4798
4911
4744
4776
4661
4765
4786
4570
4609
4573
4483
4530
4573
4396
4471
4504
4232
4275
4171
4215
4115
4102
3820
3856
3905
3863
3828
3790
3825
3707
3659
3717
3603
3682
3575
3698
3590
3569
3620
3568
3609
3602
3639
3536
3504
3466
3491
3419
3412
3468
3413
3401
3368
3358
3393
3381
3441
3414
3428
3263
3404
3439
3364
3319
3421
3403
3306
3451
3333
3290
3239
3203
3207
3322
3202
3383
3375
3305
3252
3358
3334
3295
3279
3286
3310
3354
3307
3248
3180
3325
3283
3329
3245
3237
3249
3181
3234
3275
3228
3211
3278
3280
3186
3147
3224
3179
3191
3190
3142
3274
3282
3157
3234
3136
3219
3238
3263
3078
3138
3121
3236
3106
3137
3230
3082
3173
3186
3192
3139
3114
3134
3169
3091
3084
3169
3207
3100
3128
3178
3209
3062
3102
3044
3043
3181
3123
3055
3190
3116
3094
3097
3154
3064
2992
3043
3028
3025
3094
3030
3183
3111
3166
3064
3104
3113
3076
3087
2981
3085
3073
3150
3102
3074
3123
3113
2985
3026
2941
3114
3050
3024
3130
2974
2973
3099
2997
3033
3072
2946
3002
2972
3097
2971
2916
2943
3032
3017
3028
3003
2969
3061
2995
2989
3045
2965
2966
2955
3022
3007
2884
2985
2995
3040
2926
2946
3030
2997
3018
3068
2898
2977
3036
2914
2987
2936
3005
2912
2986
2999
2921
2949
3104
2929
2852
2988
2942
2955
2973
2901
3011
2992
2843
3005
2895
2976
2995
2857
2869
3047
2937
2891
2936
2966
3039
2961
2961
2923
2946
2952
2871
2963
2955
2937
2875
2893
2882
2903
2900
2898
2912
2850
2849
2898
2844
3007
3008
2954
2813
2952
2926
2943
2932
3042
2906
2814
3047
2983
2988
2912
2960
2973
2946
2986
3002
2917
3056
3051
2892
2951
2932
3004
2892
3026
2937
2901
3019
2923
2972
3010
2917
3027
3084
3125
2969
3038
2967
2958
2965
2910
3047
3015
3110
3047
3015
3020
3065
2956
3040
3088
3021
3010
3060
3068
2973
2990
3091
2968
3117
2980
3015
2986
3117
3134
3114
3058
2974
3122
3058
3084
3089
3069
3078
3180
3104
3141
3150
3100
3002
3134
3031
3028
3099
3110
3113
3154
3119
3110
3118
3178
3231
3103
3171
3177
3199
3156
3208
3247
3214
3150
3199
3192
3196
3228
3146
3179
3254
3202
3122
3195
3290
3231
3196
3281
3183
3272
3169
3218
3166
3187
3213
3221
3293
3229
3182
3194
3308
3254
3260
3179
3229
3433
3294
3186
3078
3156
3241
3176
3137
3093
3095
3127
3121
3005
3072
3066
2999
3096
3007
2895
2945
2868
2864
2820
2756
2750
2720
2655
2743
2637
2461
2552
2465
2379
2423
2395
2311
2326
2227
2161
2082
2207
2067
2038
2045
2031
2077
1964
1892
1974
1965
1943
1929
1910
1898
1847
1924
1917
2026
1917
1830
1851
1795
1881
1883
1830
1810
1789
1818
1880
1751
1776
1827
1721
1786
1695
1782
1764
1730
1711
1754
1807
1785
1681
1656
1771
1790
1713
1640
1727
1642
1711
1675
1682
1696
1711
1640
1681
1687
1571
1706
1618
1705
1689
1703
1639
1599
1626
1697
1695
1696
1709
1661
1722
1694
1686
1659
1670
1669
1642
1579
1607
1614
1600
1672
1613
1614
1731
1636
1672
1691
1715
1585
1711
1640
1647
1613
1701
1688
1637
1753
1687
1758
1772
1795
1818
1746
1786
1789
1833
1896
1922
1909
1956
1983
2213
2198
2362
2409
2522
2619
2802
3057
3225
3593
3755
4207
4570
5183
5915
6971
8274
9648
12355
15895
21472
29587
42069
58201
76568
90700
94188
84251
64666
41644
22805
10758
4510
2000
1257
1029
1016
976
1008
998
986
1032
983
937
974
919
916
964
955
958
974
946
997
1000
905
872
917
938
890
938
900
877
901
890
854
875
847
808
863
883
864
850
806
810
795
836
791
841
807
879
771
736
849
757
821
758
776
763
781
732
739
704
767
723
749
721
743
705
729
755
779
683
698
693
662
696
660
680
662
672
663
663
664
647
643
630
640
640
589
621
625
611
620
572
666
547
588
584
581
584
558
584
592
569
585
539
561
564
531
510
544
580
532
515
550
516
504
525
531
536
482
500
525
495
463
453
504
481
469
485
508
483
491
504
476
459
448
449
438
475
434
451
454
434
457
459
460
443
435
409
434
455
384
404
386
394
462
427
393
412
412
389
395
396
395
418
407
390
381
400
458
364
387
398
411
341
362
370
384
348
339
352
373
331
359
343
339
347
347
314
363
314
355
335
323
341
305
313
342
327
318
315
316
314
344
332
316
340
291
365
280
278
310
290
325
291
289
302
276
338
292
290
312
266
310
297
313
302
266
284
292
301
294
291
287
281
289
280
250
271
318
298
308
297
269
289
299
286
307
297
276
291
276
273
272
257
274
278
290
271
293
286
268
272
256
304
265
296
255
302
269
290
255
292
284
266
261
253
268
262
290
281
270
274
276
282
287
260
270
292
269
287
267
295
264
250
277
282
257
270
267
287
272
259
248
250
273
269
269
277
268
258
299
270
258
290
261
264
264
290
278
277
261
274
243
261
257
265
277
268
286
277
268
286
252
281
266
314
276
252
265
266
268
294
263
301
287
262
267
285
334
289
298
305
292
314
278
284
313
317
335
307
323
316
332
330
345
299
303
326
333
366
345
378
359
353
385
389
401
416
393
410
419
422
421
462
484
466
519
509
503
549
556
560
600
654
644
717
796
795
843
947
966
1161
1099
1281
1409
1439
1646
1781
1963
2348
2536
2837
3252
3732
4371
5282
6336
7887
9440
12205
16175
21986
30606
42541
56762
69653
77680
75421
64255
46595
28701
14926
6703
2535
799
247
79
35
32
27
30
26
30
30
22
35
21
24
30
25
28
25
16
20
24
28
28
24
24
24
22
16
16
14
21
17
22
31
29
26
24
21
23
12
23
22
22
25
22
26
24
17
24
14
18
24
32
20
24
22
12
17
18
11
22
10
25
16
15
25
17
22
18
20
20
22
13
16
19
14
17
16
18
18
17
14
20
14
11
15
21
21
13
21
20
20
20
18
21
13
17
22
25
15
23
13
4
16
12
18
16
20
15
25
21
22
26
25
31
27
37
27
30
26
19
21
18
16
11
20
15
20
18
19
9
15
18
22
13
24
30
24
19
22
20
14
20
16
20
25
20
17
15
19
15
23
15
20
23
17
9
16
12
18
21
10
17
11
15
17
16
21
18
13
20
13
18
12
19
30
11
22
19
24
27
27
18
8
17
15
9
18
25
16
13
16
9
14
13
12
21
21
27
15
23
21
12
20
14
14
20
11
13
11
13
9
13
16
17
17
16
14
18
13
13
18
15
14
13
14
14
16
13
16
16
12
12
13
16
18
17
17
14
12
10
9
17
9
16
21
22
19
15
13
20
17
15
18
12
23
12
19
12
19
8
13
19
19
14
14
19
14
8
19
19
17
11
25
22
19
10
12
17
13
12
16
18
13
19
12
11
17
10
27
15
10
9
12
15
16
17
19
15
20
19
18
23
18
17
14
18
19
22
15
17
20
15
16
30
22
18
24
13
25
22
30
26
23
24
34
39
32
42
57
52
102
79
92
104
138
194
253
355
443
532
528
541
412
262
147
94
42
33
13
18
14
16
8
8
7
15
9
7
13
7
14
10
13
11
11
13
10
2
12
11
14
8
7
8
17
11
14
10
3
13
12
15
9
13
6
11
12
15
15
9
18
13
8
10
13
9
10
14
12
11
9
5
11
16
9
12
13
11
7
9
4
7
13
13
10
13
15
11
6
9
9
9
11
17
8
6
9
14
8
16
18
7
16
10
11
14
7
10
15
7
9
13
8
9
7
10
11
8
13
9
14
13
12
12
9
11
11
12
10
11
7
13
23
9
5
10
12
8
22
13
14
24
27
16
11
9
11
10
11
18
9
18
7
12
11
6
4
5
12
4
7
7
9
6
7
16
10
8
11
8
6
1
13
7
7
10
19
18
15
9
4
14
7
5
10
9
11
11
10
16
5
7
9
10
7
12
7
16
7
14
8
9
7
11
10
5
11
7
6
8
20
7
9
9
13
6
11
8
13
12
18
10
13
19
12
11
7
7
7
4
10
6
11
8
11
10
17
14
10
11
16
9
9
6
7
6
9
5
14
10
6
15
14
9
11
7
8
5
6
9
10
7
6
8
6
9
8
5
12
10
7
12
10
9
5
5
8
7
9
9
5
6
3
12
9
7
11
8
4
12
6
8
12
10
11
11
7
5
10
8
11
2
13
13
9
5
9
6
11
12
8
10
8
11
7
7
4
8
11
5
9
6
9
10
9
4
5
8
3
15
11
10
8
10
8
13
12
9
9
11
13
7
5
12
10
10
9
5
8
12
15
12
5
12
17
12
18
12
14
14
11
23
12
19
16
19
14
18
20
18
15
16
14
14
12
8
3
10
5
5
6
8
8
4
6
10
8
9
12
10
10
6
9
10
8
7
3
9
7
8
6
8
8
12
5
9
6
5
8
10
7
4
4
7
8
9
4
6
12
9
7
8
8
9
8
7
6
14
7
11
6
9
8
6
8
11
11
4
11
8
4
9
14
12
7
8
10
12
7
5
4
2
8
7
9
9
5
9
9
13
6
6
5
6
6
8
8
11
13
16
9
11
8
10
17
10
6
10
11
4
5
6
6
6
5
2
8
9
8
8
4
7
6
4
7
4
9
8
6
9
6
7
3
7
4
6
1
5
4
6
4
8
5
10
9
3
11
8
5
5
5
7
10
8
6
7
8
4
4
7
6
10
8
5
7
10
4
4
11
9
8
6
8
6
14
4
6
5
4
9
3
7
3
9
11
8
11
7
8
8
7
10
5
12
3
4
1
3
7
4
4
5
7
3
5
8
8
3
5
9
7
4
7
13
5
8
5
2
9
6
7
3
5
7
5
4
3
7
4
6
5
10
5
9
10
6
6
7
8
7
5
6
9
8
8
6
5
4
6
8
3
6
5
5
5
7
5
5
3
11
4
8
5
10
6
3
6
9
7
5
9
5
5
6
4
9
4
7
5
7
7
7
6
4
5
9
4
9
2
4
4
7
4
8
6
10
3
9
6
7
9
6
4
7
12
10
4
4
6
3
7
8
6
7
10
5
4
7
7
4
10
9
12
5
6
10
8
3
7
6
9
6
4
8
9
4
9
4
5
9
12
1
8
4
4
8
5
6
3
4
6
6
4
7
4
5
2
5
6
5
6
11
8
5
5
9
5
10
14
19
9
13
13
8
9
5
5
5
8
7
8
8
3
4
5
5
7
3
9
2
7
9
4
11
8
5
7
8
4
5
5
2
9
8
7
1
4
4
8
7
15
9
7
11
4
5
11
7
3
3
1
6
3
7
5
3
3
6
5
9
8
5
8
5
8
8
1
9
3
5
6
9
6
5
12
6
7
8
7
7
14
7
9
8
11
9
14
24
20
29
18
21
35
47
53
54
38
32
22
11
10
10
3
7
4
6
5
4
3
5
8
0
5
5
5
8
4
5
9
3
1
4
8
6
4
2
5
5
4
4
4
8
4
11
6
8
8
7
4
8
10
3
5
4
3
4
7
6
4
4
7
7
4
6
10
7
5
5
8
10
4
3
6
8
4
3
3
4
5
6
6
6
5
1
0
3
7
9
3
6
5
5
1
4
6
3
4
8
6
2
5
5
6
2
3
5
6
5
2
3
8
10
9
4
8
8
3
7
3
4
3
3
12
4
6
3
6
2
5
4
8
9
8
6
8
4
5
3
5
6
4
4
0
6
8
7
3
7
3
6
6
8
4
4
5
6
1
2
3
7
6
6
3
5
6
5
0
5
3
6
6
6
4
2
4
1
6
5
5
4
6
9
9
5
7
5
3
6
4
6
5
4
5
9
6
5
0
4
1
3
5
5
8
3
5
6
2
5
5
7
9
9
5
3
3
5
4
8
4
4
5
7
7
5
12
4
8
8
12
10
15
10
9
11
8
6
4
7
7
5
7
5
6
5
7
4
4
3
7
5
8
7
5
9
2
4
3
2
5
8
7
4
2
3
14
5
6
10
7
6
6
5
5
7
10
1
4
3
7
4
9
7
5
4
5
6
2
2
7
7
9
6
4
2
4
5
8
4
5
3
6
9
6
7
6
5
8
3
4
6
9
4
9
6
4
7
9
4
1
4
9
3
6
5
3
5
4
2
7
2
3
12
4
8
10
5
2
5
11
1
9
7
1
5
3
8
2
7
5
6
6
4
2
3
3
10
4
5
3
6
5
5
6
6
6
5
6
7
8
7
3
4
4
6
3
2
5
2
5
7
7
4
9
2
8
7
6
8
7
3
6
5
7
3
6
3
7
8
2
5
4
5
4
4
1
8
5
5
9
6
4
6
5
4
2
5
6
5
4
6
3
6
3
5
2
4
4
6
1
6
5
6
10
9
6
6
7
6
6
3
4
4
5
2
3
10
7
2
5
4
4
8
8
3
5
3
7
2
4
7
5
4
6
4
4
6
6
8
9
3
6
10
2
5
4
6
7
1
3
8
4
4
7
1
3
3
10
1
5
6
10
1
5
7
4
7
3
5
4
2
5
3
4
8
6
5
0
4
5
3
7
4
5
7
3
2
6
5
4
4
5
4
8
2
4
7
3
3
2
9
3
5
6
2
6
6
4
6
6
4
7
6
6
10
4
5
6
5
5
10
3
4
3
5
6
3
3
3
6
4
6
6
4
4
8
4
3
4
7
4
9
3
5
6
3
4
2
7
3
4
6
3
4
5
4
7
7
5
5
7
4
5
1
6
6
3
5
5
4
5
4
8
8
6
6
3
4
3
1
3
4
2
7
4
3
1
1
2
7
3
5
4
4
3
3
3
3
3
4
6
6
3
4
7
6
5
2
2
3
4
4
0
6
1
5
3
3
2
4
7
2
5
3
8
3
7
1
3
4
3
7
4
3
5
8
5
2
5
3
4
6
4
2
1
5
5
3
2
4
3
4
7
4
3
3
5
2
5
4
3
3
4
5
6
3
2
5
5
6
4
6
3
4
5
3
4
7
6
4
2
5
4
6
8
7
2
7
2
4
5
3
2
4
4
9
3
5
4
4
3
2
4
9
7
5
6
6
4
1
2
4
4
3
8
4
3
3
4
6
4
5
4
4
8
6
4
5
6
4
5
4
2
9
1
2
3
6
5
3
5
4
3
4
2
2
4
1
9
9
7
4
0
4
2
7
3
1
1
2
5
3
5
4
3
1
2
2
4
9
3
3
7
8
5
4
4
5
7
2
6
4
7
3
4
5
4
1
3
3
3
6
0
4
4
7
1
4
4
2
2
7
4
3
3
5
1
5
3
5
1
8
5
8
4
2
3
1
3
4
4
4
2
3
6
4
5
5
3
4
3
6
1
2
3
4
4
5
5
9
7
7
7
6
2
6
6
3
6
3
7
4
4
5
3
5
4
8
6
4
1
5
4
3
7
3
6
6
3
7
3
2
6
7
4
4
5
2
2
5
6
5
3
6
6
4
3
2
5
8
9
8
9
10
6
18
13
9
6
11
5
10
3
4
2
4
5
3
5
4
2
5
3
4
5
8
2
4
4
3
6
5
5
5
5
4
5
3
5
10
1
6
4
7
3
5
5
7
5
8
3
5
2
3
8
3
5
8
4
5
2
7
4
6
5
4
4
4
2
8
7
5
6
4
1
7
4
6
1
1
7
6
4
3
5
1
4
3
2
4
4
3
0
6
2
6
2
4
3
3
0
4
6
3
5
8
3
2
3
1
10
3
3
6
5
3
5
6
4
3
4
2
1
7
4
3
1
1
7
5
5
5
7
4
5
2
4
3
4
3
2
5
2
5
3
4
1
5
4
2
6
3
8
4
5
4
1
1
4
3
7
6
4
2
5
2
6
3
3
2
2
4
4
4
2
6
9
2
2
4
3
3
6
5
3
4
1
3
3
3
7
0
3
2
2
4
3
5
6
4
4
6
7
2
3
0
4
3
7
3
5
6
3
4
2
3
3
2
3
2
1
7
6
0
5
3
2
1
13
2
7
3
2
5
7
5
5
4
2
7
4
5
5
1
5
4
5
3
2
7
5
4
3
6
5
2
3
6
2
5
3
4
4
5
2
6
4
9
7
7
6
8
6
7
7
8
11
17
11
10
16
12
15
10
3
5
3
3
5
2
3
3
3
2
1
8
9
3
2
1
5
4
4
1
7
3
4
5
4
2
1
4
0
2
0
3
6
3
5
5
5
8
3
1
1
5
8
1
3
1
2
1
5
5
3
1
6
4
3
2
4
6
3
6
1
5
5
9
4
2
1
4
3
4
1
2
4
1
4
2
1
4
11
0
1
6
3
1
5
4
0
5
6
4
1
3
1
3
4
2
4
3
10
3
3
3
6
3
5
3
4
4
5
7
7
4
6
6
4
3
0
5
5
4
3
5
5
2
3
8
4
2
5
5
5
7
3
3
8
4
7
4
7
3
5
5
2
2
3
2
3
3
6
3
6
4
7
6
9
4
3
1
5
1
4
5
6
2
1
8
3
2
3
2
1
3
6
6
3
4
3
5
1
3
4
8
1
10
2
1
2
5
2
5
5
2
4
3
4
6
5
3
4
7
5
5
2
8
4
1
5
2
2
1
2
6
7
4
4
2
5
3
2
4
6
1
2
3
6
3
6
1
2
5
8
3
3
7
4
3
6
4
2
1
3
3
1
8
3
4
5
5
1
5
6
5
3
4
5
4
5
6
4
3
7
4
5
4
1
2
3
5
5
0
6
1
5
5
3
1
6
5
3
2
5
6
4
2
6
2
4
4
0
6
1
4
3
1
7
2
4
2
4
5
3
5
6
6
6
6
4
3
4
4
2
1
4
2
7
8
4
3
1
7
8
2
5
3
4
4
3
1
4
6
5
2
5
5
6
4
1
8
4
1
2
6
2
3
1
3
4
2
0
3
4
8
5
3
7
3
2
2
3
2
4
2
5
3
1
4
6
6
3
5
11
7
2
5
4
4
7
7
4
5
8
6
4
4
6
9
6
5
1
4
2
5
4
1
5
3
3
7
0
2
6
4
3
5
3
3
3
6
5
2
4
3
3
7
2
4
6
3
2
3
5
4
1
4
5
6
5
3
3
3
1
6
1
5
2
6
4
0
1
4
3
4
3
4
4
2
2
2
4
3
3
1
4
0
0
5
3
5
2
1
3
3
1
3
6
2
2
2
4
2
4
4
3
2
1
2
2
3
4
3
3
2
4
5
4
1
1
4
3
1
4
2
3
2
4
1
4
5
4
2
2
4
4
2
2
4
2
1
2
6
3
1
6
2
4
4
2
5
1
2
3
3
0
1
4
2
2
0
2
4
2
0
1
3
2
2
4
3
4
1
3
4
1
5
3
4
1
4
3
2
3
2
4
4
1
0
1
3
3
0
5
1
1
1
2
4
3
4
2
2
5
1
4
3
3
0
2
1
1
1
4
4
5
7
4
1
2
1
5
0
3
2
4
1
5
1
2
0
2
2
4
2
2
5
2
2
4
0
1
1
4
1
3
3
0
2
0
1
0
4
4
3
2
2
2
1
1
4
1
2
2
3
3
2
3
1
3
0
1
2
2
1
3
1
0
1
4
3
4
4
4
5
3
5
5
8
3
6
3
2
3
3
1
1
1
1
2
1
1
0
3
1
1
1
6
2
4
3
1
1
2
3
1
7
0
0
1
1
3
2
0
1
1
2
2
1
1
0
1
2
2
1
6
2
3
3
3
4
2
2
0
2
3
3
3
1
1
3
3
3
1
3
1
5
2
5
3
5
6
0
2
3
1
3
2
0
1
2
1
0
2
1
0
2
1
1
2
4
3
0
3
0
1
1
2
1
1
1
2
2
1
1
1
2
1
2
1
0
1
0
1
1
4
4
2
1
5
3
1
0
0
3
2
0
0
1
1
1
1
3
3
3
3
1
5
3
1
2
1
1
3
4
3
1
2
4
1
5
3
5
7
2
10
8
2
1
3
1
0
3
0
0
0
0
0
1
1
1
0
1
1
1
0
0
2
1
0
0
1
1
1
0
0
3
0
0
2
1
1
1
1
1
1
0
1
0
0
0
1
3
0
0
0
1
0
1
2
0
0
1
1
1
1
0
1
0
0
0
1
1
1
0
2
0
1
0
2
1
0
2
0
2
0
1
0
0
0
0
0
1
0
0
0
2
0
0
2
0
0
0
2
1
2
0
1
0
1
1
0
0
0
1
0
1
0
1
0
1
0
1
0
1
0
0
2
1
1
0
3
0
1
1
0
1
0
1
1
0
2
0
0
0
0
1
1
1
0
1
0
0
0
0
1
0
1
2
1
2
0
2
1
2
0
2
1
2
0
0
2
0
0
1
1
1
0
0
2
0
2
2
0
0
0
0
2
0
0
1
2
0
1
0
0
2
1
0
1
1
0
2
2
0
1
1
2
0
1
1
1
1
1
1
1
1
2
1
0
1
2
0
1
0
1
0
0
0
1
1
1
1
0
0
0
0
2
0
0
1
0
0
1
0
0
0
1
3
2
0
0
1
0
2
1
1
1
1
0
3
1
1
1
3
2
1
0
2
0
1
1
2
1
1
2
4
8
2
5
3
2
4
5
1
4
6
11
6
11
8
7
10
21
20
22
17
25
31
43
48
57
59
55
48
35
38
11
12
8
2
1
0
0
1
0
0
1
0
0
0
0
1
1
0
0
0
0
1
0
1
0
0
0
0
0
0
1
0
0
0
0
0
0
1
0
0
1
0
1
0
0
0
0
0
0
1
0
2
0
0
0
0
0
1
0
0
0
0
0
0
0
0
1
1
0
0
0
0
0
0
0
2
0
0
0
0
0
0
0
0
0
1
2
0
0
0
0
0
1
0
0
0
1
1
1
0
0
0
0
0
0
0
0
1
1
0
0
0
0
0
0
0
0
0
0
0
0
0
0
0
2
5
1
1
1
2
4
0
0
2
2
0
0
0
1
0
0
0
1
0
0
0
0
0
1
0
0
0
0
0
0
0
1
0
0
2
0
0
0
0
0
1
0
0
0
0
1
1
0
1
0
2
1
0
0
1
0
0
0
0
0
0
0
0
0
1
0
0
0
0
0
0
0
0
0
0
2
0
0
0
0
0
1
0
0
0
0
0
0
0
0
1
0
0
0
0
0
1
0
0
0
2
0
0
0
1
0
0
0
0
0
1
0
0
0
0
0
0
0
0
0
0
0
0
0
0
0
0
0
1
1
0
0
0
0
0
1
1
0
0
0
0
0
0
0
0
1
0
1
0
0
0
0
0
0
0
0
1
0
0
0
0
0
0
1
1
0
0
2
0
0
0
1
0
1
0
0
0
0
0
0
1
0
0
0
0
0
0
0
0
0
0
1
0
0
0
0
0
1
0
1
0
2
1
0
0
0
0
0
0
0
0
1
0
0
0
0
0
0
0
2
1
0
0
1
0
0
0
0
0
0
0
0
0
0
0
1
0
1
0
0
0
0
0
0
0
0
0
0
0
0
0
0
0
0
0
0
0
0
0
0
0
0
0
0
0
0
0
1
0
0
0
0
1
0
1
0
0
0
0
0
0
0
0
0
0
0
0
0
0
1
0
0
0
0
0
1
0
1
0
0
0
0
0
0
0
0
0
1
0
0
0
0
0
1
0
0
0
0
0
0
0
0
0
0
0
1
0
0
0
0
0
0
0
0
0
0
1
0
0
0
0
0
0
0
0
0
0
0
1
0
0
0
0
1
0
0
0
1
0
0
0
2
1
0
0
0
0
0
0
1
0
0
0
0
0
0
0
1
0
1
0
0
0
0
0
0
1
0
0
0
0
0
0
0
1
0
0
0
0
1
0
0
0
0
0
0
1
0
0
1
0
0
1
0
0
0
0
0
0
0
0
0
1
0
1
0
0
0
0
0
0
0
1
0
0
0
0
0
0
1
0
1
0
0
0
0
0
0
0
0
0
0
0
0
0
1
1
0
0
0
0
0
0
0
0
0
0
0
1
1
0
0
0
0
0
0
1
1
0
0
1
0
0
0
0
2
0
0
0
0
1
0
0
0
0
0
0
0
0
0
0
0
0
0
0
0
1
0
1
0
0
0
0
0
0
0
0
0
0
0
0
0
1
1
0
0
0
0
0
0
0
0
0
0
0
0
0
0
0
0
0
0
0
0
0
0
0
0
1
0
0
0
0
1
0
0
0
0
0
0
0
0
0
0
0
0
1
0
0
0
1
0
0
1
1
0
1
1
0
0
0
0
0
1
0
0
0
0
0
0
0
0
0
0
1
0
0
1
0
0
0
1
0
0
0
0
0
0
0
1
0
1
0
0
0
0
0
0
1
0
0
0
0
0
0
0
0
0
0
0
0
0
0
0
0
1
0
0
0
0
0
1
1
0
0
0
0
0
0
0
0
0
0
0
0
0
0
0
0
0
1
0
1
0
0
0
0
0
0
0
0
0
0
0
0
0
1
0
0
0
0
1
0
0
1
0
0
0
0
0
0
0
0
0
1
1
0
0
1
0
0
0
1
0
0
1
0
0
0
0
0
0
0
0
0
0
0
0
0
0
0
0
0
0
1
0
0
0
0
0
0
0
0
2
0
0
0
1
0
0
0
0
0
0
0
0
1
0
0
0
0
0
0
0
0
0
0
0
0
0
0
0
0
0
0
0
0
0
0
0
0
0
1
0
0
0
0
0
0
0
0
0
2
0
0
0
1
0
0
0
0
0
0
0
0
0
0
0
1
0
0
1
0
0
0
0
1
0
0
1
0
0
0
0
1
0
0
0
0
0
0
0
0
0
1
0
0
0
0
0
0
0
0
0
0
1
0
0
0
0
0
0
0
0
0
0
0
0
0
0
0
0
1
1
0
1
0
1
0
0
0
0
0
0
1
0
0
0
1
0
0
0
0
1
0
0
1
0
1
0
1
0
0
0
0
0
0
0
1
0
0
0
0
0
1
0
0
0
0
0
0
0
0
0
0
0
0
0
1
0
0
0
0
0
0
0
0
0
0
0
0
0
0
0
0
0
0
0
0
0
0
1
0
0
0
0
0
0
0
0
0
0
0
0
0
0
0
0
0
0
0
0
0
0
0
0
0
0
0
0
0
0
0
$ENER_FIT:
0.724 0.367974 3.11753e-008
$MCA_CAL:
3
0.724 0.367974 3.11753e-008
$PEAKLABELS:
3185.596, "Co-60"
3618.285, "Co-60"
6801.631, "Sum Peak"
7230.562, "Sum Peak"
7098.524, "Th-232(d), (Bkgd)"
3966.623, "K-40, (Bkgd)"
589.423, "Backscatter"
2577.197, "Compton Edge"
3009.955, "Compton Edge"
841.695, "Double,Escape"
2229.722, "Single, Escape"
184.795, "Au XRF, (Detector)"
210.036, "Au XRF, (Detector)"
$ENDRECORD:
