$SPEC_ID:
PeakEasy Library File: Co-60, Interceptor (CZT), 158 uCi @ 43cm
$MEAS_TIM:
10931.20000 10935.10000
$DATE_MEA:
29-Sep-2004 23:28:56
$DATA:
0 1023
0
0
0
0
0
0
0
0
0
0
0
0
0
0
0
0
0
0
0
0
843
1688
1568
1527
1544
1588
1564
1489
1520
1545
1511
1464
1492
1542
1477
1499
1514
1470
1593
1483
1541
1536
1585
1586
1705
1733
1649
1783
1806
1781
1831
1809
1894
1955
1846
1828
1915
1903
1995
1924
2012
1971
1985
2008
2083
2015
2064
1962
2020
2103
2060
2033
1934
2074
2093
2164
2179
2146
2123
2124
2234
2181
2319
2160
2292
2291
2232
2259
2190
2123
2193
2145
2151
2125
2181
2083
2095
2087
2022
2022
2029
2052
1961
2021
1947
1894
1781
1860
1816
1886
1833
1744
1754
1652
1718
1667
1731
1734
1723
1615
1640
1609
1631
1589
1609
1577
1602
1612
1597
1575
1479
1566
1533
1581
1590
1525
1656
1628
1584
1679
1724
1743
1779
1778
1819
1750
1698
1686
1598
1567
1491
1539
1464
1385
1425
1320
1402
1327
1259
1322
1243
1257
1223
1186
1165
1190
1123
1108
1112
1076
1021
997
1023
992
1009
1013
986
987
946
878
924
912
823
839
839
823
843
819
817
869
789
793
779
775
792
817
787
761
709
748
717
686
765
757
700
763
735
750
702
752
633
648
675
647
630
609
638
657
590
612
679
601
634
596
614
579
606
620
575
584
593
557
603
562
530
530
574
563
564
549
559
549
551
540
480
511
504
488
541
556
538
471
524
497
553
456
480
526
485
524
515
492
490
481
446
525
505
441
490
467
432
474
475
457
463
465
445
456
411
466
438
450
431
469
455
423
473
460
403
458
415
433
406
387
422
431
402
390
371
428
416
394
406
412
401
409
390
372
441
409
389
393
382
365
388
386
394
411
352
411
404
374
379
386
393
392
409
357
387
382
334
341
386
385
345
368
377
355
378
389
348
395
379
325
376
343
343
332
377
354
364
339
338
373
362
366
332
355
339
348
348
385
335
309
332
352
332
374
357
335
371
337
342
354
337
335
348
338
347
360
333
327
355
331
347
325
310
351
340
332
315
337
300
334
337
330
327
326
312
324
341
341
310
328
330
328
323
299
293
315
319
316
321
330
283
289
337
326
295
365
331
299
292
304
311
315
308
321
350
336
292
323
308
312
318
302
331
308
325
326
285
304
315
345
301
295
296
325
303
307
309
309
309
310
328
330
317
316
294
280
330
298
320
277
308
283
308
276
302
286
289
308
298
304
325
248
284
266
291
312
293
302
330
282
337
319
310
323
310
303
299
324
278
318
318
314
313
309
339
333
300
307
288
320
295
331
328
300
291
301
264
288
313
351
300
311
273
279
282
311
298
305
309
320
297
319
318
283
333
278
298
302
320
285
282
298
295
307
301
333
304
303
305
313
287
300
287
326
302
306
309
322
325
335
316
348
331
326
314
287
309
309
322
320
319
310
305
294
307
324
338
318
317
315
308
311
316
345
367
295
288
319
315
299
324
293
327
308
332
306
314
326
325
321
318
313
334
342
319
328
306
331
335
347
333
326
332
312
332
295
348
327
325
343
316
330
267
334
352
358
337
304
310
362
324
296
314
282
302
261
293
292
302
309
298
276
269
270
256
239
245
251
205
242
225
213
205
205
177
196
224
202
206
184
183
180
200
207
203
166
172
194
191
192
200
199
219
177
168
167
200
188
203
186
158
183
170
187
181
191
167
158
176
175
169
167
179
172
188
189
189
181
189
167
160
169
163
176
166
179
176
172
159
194
169
161
175
195
189
182
187
178
183
179
171
191
177
193
163
196
170
148
178
170
140
151
153
177
153
166
187
163
151
163
175
150
163
153
148
143
132
113
126
134
104
119
126
106
102
85
93
115
100
96
97
98
99
127
80
99
106
102
125
137
126
155
122
124
148
148
182
204
158
177
196
231
257
272
282
286
305
284
329
282
266
242
202
151
107
68
56
38
35
22
19
20
17
21
15
14
11
20
18
18
24
17
15
18
14
12
13
11
14
16
17
11
12
17
16
11
19
23
12
19
18
29
25
18
20
27
17
16
15
16
21
27
21
24
22
33
30
25
32
22
16
30
29
40
41
35
24
35
41
39
42
31
46
41
43
49
54
53
51
66
60
51
76
78
66
98
69
110
95
93
100
97
100
116
116
153
131
163
173
175
192
191
224
213
211
207
189
189
146
120
78
46
42
11
12
10
9
1
0
0
0
0
0
0
0
0
0
0
1
0
0
0
0
0
0
0
0
0
1
0
0
0
0
0
1
0
0
0
1
0
0
0
0
0
0
0
1
0
0
0
0
0
0
0
0
0
0
0
0
0
0
0
0
0
2
2
0
1
1
1
0
0
0
1
0
1
1
1
0
0
0
0
0
1
2
0
0
0
0
0
1
0
0
1
0
0
0
0
0
0
0
0
1
0
0
0
0
0
0
0
0
1
1
0
0
0
0
0
0
0
0
0
0
0
0
0
0
0
0
1
$ENER_FIT:
0.000 1.500000 0.00000e+000
$MCA_CAL:
3
0.000 1.500000 0.00000e+000
$PEAKLABELS:
781.557, "Co-60"
888.248, "Co-60"
143.561, "Backscatter"
620.440, "Compton Edge"
$ENDRECORD:
