$SPEC_ID:
PeakEasy Library File: Co-60, GR-130
$MEAS_TIM:
300.00000 306.00000
$DATE_MEA:
25-Oct-2002 4:15:25
$DATA:
0 255
0
0
0
30
530
1033
1382
2169
2335
2387
2414
2448
2457
2389
2224
2084
1909
1785
1694
1633
1523
1540
1344
1153
1085
955
921
844
722
712
687
617
574
486
428
439
435
402
371
437
385
338
351
351
339
345
318
292
315
324
332
341
331
276
241
263
255
237
241
223
265
248
246
219
262
264
232
225
239
245
268
225
243
266
282
253
230
257
228
202
187
192
177
195
170
153
179
167
138
111
133
131
189
265
347
451
433
371
263
151
63
47
54
64
106
163
239
317
354
308
207
124
70
39
32
35
50
62
58
56
22
29
24
8
13
12
11
12
10
6
7
11
5
9
7
8
6
10
13
11
12
9
11
7
6
5
8
4
10
6
8
3
8
6
4
6
4
2
6
7
4
5
3
3
6
2
11
10
9
4
10
2
2
8
8
6
11
4
2
2
8
5
2
1
3
3
4
1
1
2
2
2
2
0
0
1
1
1
3
3
5
3
8
7
4
4
2
2
0
0
0
0
2
0
0
0
0
1
1
1
0
0
3
0
1
0
1
0
0
0
0
0
1
0
0
0
0
0
0
1
1
0
0
0
0
0
1
0
0
0
1
0
0
0
0
0
$ENER_FIT:
16.765 11.398478 7.44200e-003
$MCA_CAL:
3
16.765 11.398478 7.44200e-003
$PEAKLABELS:
96.086, "Co-60"
107.956, "Co-60"
201.401, "Th-232(d),(Bkgd)"
117.492, "K-40 ,(Bkgd)"
$ENDRECORD:
