$SPEC_ID:
PeakEasy Library File: Co-60, IdentiFINDER (LaBr3), 158 uCi @ 43cm
$MEAS_TIM:
10856.00000 10991.00000
$DATE_MEA:
30-Sep-2013 10:40:24
$DATA:
0 1023
0
0
0
0
0
4459
32012
37131
41161
46271
55999
72955
83547
73205
65792
66340
68889
71772
73830
76616
80285
83952
89751
97154
104334
108262
109524
111112
114632
116567
118897
120708
122573
124095
126315
128272
129177
131861
134157
136628
139689
142835
145487
147191
148485
149429
148235
147529
147348
145993
146365
145968
144959
143751
141206
140917
140127
139812
140683
140976
141364
141273
142186
142912
143716
145863
147639
151858
158033
166213
176672
183960
188478
188228
183248
176548
169303
163784
158741
154190
149104
144900
141260
136530
131865
127690
123966
120680
117764
113469
111012
107716
105396
103228
101493
100323
98426
97345
95046
93390
92140
91899
90368
89161
87890
86453
84389
82447
80919
79605
77838
77021
76075
75212
73906
72369
70929
69112
68429
67908
67464
67228
66714
66313
65631
65587
64344
63710
63360
62727
61516
61534
60877
60326
60630
60522
59893
59369
59863
58765
58991
58116
57621
57534
57151
56605
56331
55936
55710
55593
55329
54850
54445
54765
54408
53969
53832
53799
53289
53517
53042
52938
52780
52734
51928
51946
52472
52575
52682
52784
53023
52544
52552
51652
52063
51273
50733
50403
50828
50545
50446
50297
50389
49828
49910
49983
49651
49897
49934
49490
49574
50017
50056
49533
49396
49129
48648
48715
48507
48266
48526
48307
48470
48320
48138
48247
48600
48509
48403
48234
48215
48281
48472
48487
48635
48256
48467
48065
48508
48348
48855
48345
48538
48301
48407
48412
48221
48384
48050
48549
48244
48017
47974
48431
47924
48024
47658
48096
48043
48357
48825
48448
48628
48979
49042
48782
49271
49208
49085
49113
49590
49465
49547
49505
49564
49603
49933
49870
49715
49785
49344
49707
50004
49828
49933
49717
50390
50814
50692
51188
51921
52146
52270
53032
52717
53311
53459
53382
53664
53977
54237
54130
54379
54695
54980
54938
55423
55658
55534
55250
55804
55974
56444
57012
57083
57189
57876
58400
58596
58832
58902
59542
59522
59280
59682
59827
60554
60911
60573
60950
61235
61136
60934
61293
60461
60328
59705
59313
57734
56820
55020
53575
52219
50090
48719
46747
45605
44535
43619
42101
41542
40599
40497
40053
39610
39317
39027
38480
38041
38189
38149
37470
37256
37054
36667
36545
36295
36376
36211
36151
36156
36481
36011
35865
36002
35816
35773
35871
35931
35893
35738
35762
35625
35899
35317
34920
34352
33738
33167
32324
31668
30695
29491
28435
27051
26685
25560
25458
25913
26915
29123
33300
39302
46971
57145
69465
83642
98926
115569
130570
142696
152218
154610
152414
143884
132051
116615
98609
81182
64419
49199
37230
27414
20139
14635
11041
8401
6670
5372
4517
4126
3644
3467
3282
3054
2881
2821
2780
2933
2844
2915
3050
3061
3264
3449
3690
4091
4414
5169
6006
7466
8964
11662
14830
19094
24894
32148
40379
50818
61342
73858
85570
97907
106676
113645
117634
117100
113325
105884
96665
84576
71568
59115
47049
36224
27111
19932
14382
10126
7102
4826
3310
2312
1639
1108
786
605
409
305
265
226
235
206
228
224
256
301
377
376
407
475
490
513
592
599
684
738
744
771
737
768
692
662
627
634
503
450
427
309
282
227
180
149
128
110
105
65
67
66
65
80
60
57
62
58
51
43
49
50
42
57
57
56
57
57
65
48
56
64
54
56
58
64
62
52
58
51
42
51
35
50
39
35
42
45
46
39
45
39
42
33
34
40
38
38
28
37
37
37
34
29
36
38
25
46
33
28
37
43
35
45
47
44
33
38
35
42
52
49
42
37
60
45
48
47
50
57
52
52
65
61
53
52
51
63
53
44
45
45
39
37
41
49
41
38
52
47
53
52
56
61
55
43
54
50
46
42
60
48
53
50
55
53
55
56
59
68
57
61
74
61
71
68
50
64
70
86
61
68
70
75
75
75
85
82
72
80
62
69
93
89
86
82
86
87
84
90
101
87
91
105
90
111
102
104
96
100
102
114
115
101
116
115
112
117
121
114
126
128
150
144
127
118
127
139
121
120
140
117
113
98
113
106
106
81
108
96
93
104
99
93
85
96
81
107
95
79
83
87
84
89
77
75
89
70
83
76
78
92
89
72
65
60
83
78
71
105
90
69
106
92
95
85
77
99
85
92
73
103
92
89
94
88
93
97
92
106
96
87
109
107
91
83
103
96
105
110
109
113
103
110
116
109
99
109
104
102
123
115
101
106
111
86
119
101
102
90
84
87
80
79
85
92
78
81
79
84
82
81
88
94
72
91
81
68
75
65
60
89
83
63
84
71
65
56
68
60
58
39
57
55
42
36
37
36
36
43
40
29
44
31
36
31
36
42
33
29
29
40
35
33
36
43
37
41
45
38
38
45
39
46
48
33
29
42
57
44
42
45
42
40
43
38
36
47
41
40
40
49
40
44
45
50
47
77
65
50
53
62
70
65
61
66
65
82
73
63
68
76
78
73
74
79
77
89
62
81
76
67
72
59
70
79
63
55
50
56
56
42
41
43
34
31
28
20
21
22
20
16
9
16
11
10
14
8
14
9
8
7
5
7
6
3
2
5
1
2
3
1
2
4
3
5
0
1
3
0
2
4
2
4
4
2
3
1
1
1
1
0
0
0
1
0
1
1
1
0
0
0
1
1
2
0
1
4
1
0
1
2
0
1
1
1
3
1
2
1
0
2
0
0
0
0
0
1
1
0
0
0
0
0
0
0
0
0
0
0
0
0
0
0
0
0
0
0
0
0
0
0
0
0
0
0
0
0
0
0
0
0
0
0
0
0
0
$ENER_FIT:
1.681 2.988463 2.06620e-005 -5.37746e-008 0.00000e+000
$MCA_CAL:
5
1.681 2.988463 2.06620e-005 -5.37746e-008 0.00000e+000
$PEAKLABELS:
392.220, "Co-60"
445.431, "Co-60"
879.500, "Th-232(d),(Bkgd)"
488.636, "K-40 (Bkgd),La-138"
312.000, "Compton Edge"
364.945, "Compton Edge"
72.434, "Backscatter"
11.798, "La-138,X-rays"
$ENDRECORD:
