$SPEC_ID:
PeakEasy Library File: Co-60 SAM-935
$MEAS_TIM:
300.00000 300.62000
$DATE_MEA:
25-Oct-2002 1:16:56
$DATA:
0 1023
0
0
0
0
0
0
0
0
0
0
1
377
994
926
720
616
561
487
404
352
362
339
310
301
297
270
295
273
279
284
269
335
345
353
371
441
477
512
510
520
539
522
522
533
543
551
598
581
563
596
593
563
558
554
571
576
575
569
550
541
523
522
524
524
523
523
521
491
473
471
468
465
462
430
410
424
434
418
400
397
395
391
382
379
357
354
369
371
388
399
386
363
360
335
333
345
349
329
299
297
278
277
263
253
250
242
241
228
223
222
221
220
216
214
212
208
207
201
197
196
181
181
176
170
169
171
171
170
162
161
162
166
166
162
160
159
147
144
143
133
132
128
109
108
110
115
115
111
107
107
103
100
99
106
111
111
102
97
96
97
97
97
93
89
89
91
93
93
94
96
95
95
96
95
95
95
95
94
87
87
86
85
84
84
84
83
83
84
85
85
84
76
76
76
81
83
83
80
76
76
75
69
69
69
74
77
77
75
72
72
71
83
86
85
84
81
81
81
78
76
76
77
81
81
81
79
79
78
77
64
64
63
61
59
59
58
63
64
64
63
61
61
61
60
60
60
60
56
55
55
55
65
65
65
64
57
57
56
57
58
58
58
58
57
57
57
62
65
65
65
65
65
65
64
64
63
63
63
59
57
57
57
63
65
65
65
63
62
62
62
61
61
61
60
68
72
72
72
66
61
61
61
60
58
57
57
60
71
71
71
70
64
64
64
64
68
69
69
69
68
68
68
68
66
62
62
62
62
54
54
54
54
55
56
56
56
55
53
53
53
53
46
45
45
45
42
40
40
40
40
36
36
36
35
38
40
40
40
40
39
39
39
39
40
41
41
41
41
36
36
36
36
36
36
36
36
36
34
33
33
33
33
38
38
38
38
34
29
29
29
29
44
48
48
48
49
74
74
74
74
81
100
100
100
100
106
112
112
112
112
105
101
101
101
101
70
63
63
63
62
37
35
35
35
34
21
21
21
21
20
13
13
13
13
13
14
14
14
14
15
22
22
22
22
24
35
35
35
35
38
63
63
63
63
64
79
79
78
78
78
84
84
84
84
84
66
62
62
62
62
49
42
41
41
41
31
18
18
18
18
16
11
11
11
11
11
7
7
7
7
7
11
12
12
12
12
12
11
11
11
11
11
11
11
11
11
11
9
9
9
9
9
8
5
5
5
5
5
3
3
3
3
3
3
2
2
2
2
2
1
1
1
1
1
2
2
2
2
2
2
3
3
3
3
3
2
1
1
1
1
1
2
2
2
2
2
2
1
1
1
1
1
1
1
1
1
1
1
2
2
2
2
2
1
1
1
1
1
1
1
2
2
2
2
2
2
2
2
2
2
2
3
3
3
3
3
3
3
3
3
3
3
2
2
2
2
2
2
1
1
1
1
1
1
1
1
1
1
1
1
1
1
1
1
1
1
1
1
1
1
1
1
1
1
1
1
1
1
1
0
0
0
0
0
1
1
1
1
1
1
1
1
1
1
1
1
1
1
1
1
1
1
1
1
1
1
1
1
1
0
0
0
0
0
0
0
0
0
0
0
0
0
0
0
0
0
0
1
1
1
1
1
1
1
1
1
1
1
1
1
1
1
1
1
1
1
1
1
1
1
1
1
1
1
1
1
1
1
1
1
1
1
1
1
1
1
2
2
2
2
2
2
1
1
1
1
1
1
1
1
1
1
1
1
1
1
1
1
1
1
1
1
0
0
0
0
0
0
1
1
1
1
1
1
1
1
1
1
1
1
1
1
1
1
1
1
1
0
0
0
0
0
0
0
0
1
1
1
1
1
1
1
1
1
1
1
1
1
1
1
1
1
1
1
0
0
0
0
0
0
0
0
0
0
0
0
0
0
0
0
0
0
0
0
0
0
0
0
0
0
0
0
0
0
0
0
0
0
0
1
1
1
1
1
1
0
0
0
0
0
0
0
1
1
1
1
1
1
1
1
1
1
1
1
1
1
0
0
0
0
0
0
0
1
1
1
1
1
1
1
1
1
1
1
1
1
1
1
1
1
1
1
1
1
1
0
0
0
0
0
0
0
0
0
0
0
0
0
0
0
0
0
0
0
0
0
0
0
0
0
0
0
0
0
0
0
0
0
0
0
0
0
0
0
0
0
0
0
0
0
0
0
0
0
0
0
0
0
0
0
0
0
0
0
0
0
0
0
0
0
0
0
0
0
0
0
0
0
0
0
0
0
0
0
0
0
0
0
0
0
0
0
0
0
0
0
0
0
0
0
0
0
0
0
0
0
0
0
0
0
0
0
0
0
0
0
0
0
0
0
0
0
0
0
0
0
0
0
0
0
0
0
0
0
$ENER_FIT:
-2.909 2.882767 2.77200e-005
$MCA_CAL:
3
-2.909 2.882767 2.77200e-005
$PEAKLABELS:
405.125, "Co-60"
461.215, "Co-60"
$ENDRECORD:
