$SPEC_ID:
PeakEasy Library File: Co-60, IdentiFINDER (NaI), 158 uCi @ 43cm
$MEAS_TIM:
10768.00000 10981.00000
$DATE_MEA:
30-Sep-2013 08:23:57
$DATA:
0 1023
0
0
0
0
0
673
33144
53928
59524
64539
70092
75500
79959
84744
88892
94135
99345
104682
109861
114975
120671
127993
135644
147025
157867
166093
169142
171207
172700
176605
178966
182282
185486
190458
194602
199348
203052
213048
220073
222851
218210
213743
215603
219352
220435
223801
224791
227355
227369
229943
229315
229543
230382
227147
228704
226550
225808
224379
226350
226042
226618
227116
228351
230126
232970
236532
240414
247273
253166
261156
266498
272132
275527
278351
275842
273853
269890
264279
257653
251244
245255
238727
231985
225565
219618
212995
208350
201384
197910
191995
186907
183475
178735
175883
172258
168570
165910
163721
161112
159536
156183
154267
151397
149187
146347
144108
141614
138522
136451
134207
133390
131943
131058
129172
127784
126652
124750
123726
121931
120510
119499
118085
116138
115862
113921
113796
111825
111512
110249
108924
107492
106175
104920
103710
103713
102180
101165
100154
99834
99197
99122
97811
97375
96840
96080
95729
94358
94040
92780
92885
91846
91180
90522
89963
89461
89218
89666
88537
88843
88346
87593
87673
87363
87115
86725
86417
85866
85738
85498
85623
84916
85033
84465
84271
83444
84469
83791
82985
83355
83050
82248
82077
81929
81066
81403
81029
80677
80508
80720
79953
79648
79395
79363
79108
79521
79313
78629
78496
77807
78324
78370
78259
78316
78359
78327
78501
78289
77946
77781
78059
78270
77701
77728
78056
77702
77278
77544
77660
77392
77251
76993
77526
77550
77704
77647
77418
77846
77200
77667
77774
77847
77480
77699
77627
77444
77376
77489
77922
77008
77490
76919
76892
77482
77018
76968
77432
77249
77725
77279
77049
78440
77984
78396
78235
78566
78776
78931
78672
78583
79067
79671
79529
79171
80041
80295
80480
80774
81110
81646
81886
82395
82732
82491
82905
83851
83794
84103
84764
85161
84904
85032
86437
85911
86519
86352
86955
86917
87384
87694
87438
88134
87796
88341
88412
88876
88694
88491
87832
88422
88126
88100
87808
87682
87064
86285
86133
84966
84495
83053
82389
81089
79618
78332
76952
76157
74502
72899
71857
70464
68803
67972
66970
65355
64606
63563
62569
61490
61455
60476
60214
59083
58835
58110
57743
57432
57299
57407
56214
56318
56017
56270
55093
55362
54605
54485
54160
54045
53715
52800
52598
52174
51899
51244
50880
50115
49155
48520
47698
46915
45717
45274
43910
43224
42452
42220
41485
40877
41217
41410
42115
43000
44480
46205
48816
52095
55503
59997
64664
69602
75770
82929
88997
95931
102813
109673
116189
122416
127959
132163
136867
138818
141142
139900
139400
136855
133995
129767
123940
117623
110537
103818
95496
87723
79856
72273
64361
57733
51157
45287
40083
34964
30688
27183
23808
21515
19408
17650
16449
16050
15872
16055
16542
17671
19274
21217
23885
26879
30107
33884
38082
42824
47899
52693
58685
64399
69737
75148
81031
86464
90654
96031
99039
102781
104500
106369
106388
105992
105058
102211
99850
95969
91802
87007
82052
76600
70702
65334
59665
54224
48341
43468
38649
34207
29743
26091
22811
19745
16971
14607
12344
10464
9095
7740
6719
5708
4989
4367
3631
3303
2820
2441
2170
1919
1724
1500
1335
1198
1053
1027
944
826
717
668
616
532
539
460
415
401
365
352
329
264
274
263
245
240
210
200
197
194
204
186
146
171
147
145
140
151
152
145
134
144
131
150
166
138
135
121
125
127
135
128
119
119
121
111
122
111
122
112
112
117
113
104
108
99
103
97
80
102
100
87
90
85
90
92
90
78
69
96
94
73
83
82
91
91
79
79
83
78
100
77
86
79
88
90
72
87
89
92
90
83
84
91
74
91
83
112
95
85
85
76
84
88
72
79
79
79
78
84
78
78
71
72
71
74
85
63
62
67
82
70
59
70
71
63
56
65
56
59
67
67
51
56
76
67
65
64
61
54
63
47
49
62
58
56
54
50
54
51
53
49
51
59
50
49
44
54
53
44
43
46
51
56
53
51
47
39
54
49
47
52
46
45
52
43
40
44
41
54
44
49
49
37
47
65
51
44
40
42
49
39
39
44
37
43
38
53
46
42
44
59
42
42
37
35
38
46
48
51
44
54
50
53
56
50
57
33
45
47
51
49
44
46
47
48
50
41
47
49
43
50
52
47
37
39
51
49
51
43
39
42
53
40
37
39
36
52
49
40
38
54
41
44
52
51
34
31
36
36
45
28
35
46
33
30
34
46
36
36
39
41
34
39
42
36
32
35
38
35
32
32
31
30
41
29
30
24
22
29
35
35
31
24
33
29
25
33
34
28
29
29
23
19
21
18
23
25
24
24
18
24
27
14
13
17
18
14
11
22
16
18
11
23
17
13
18
15
17
13
14
11
21
21
18
23
21
19
15
11
15
13
14
16
21
17
12
15
13
12
19
22
17
22
19
21
20
22
22
26
29
22
18
18
14
23
23
25
18
24
32
26
28
27
26
30
19
21
28
31
20
22
30
28
22
21
24
30
24
27
23
10
23
21
12
21
23
17
15
16
13
18
17
11
20
18
14
11
14
15
10
8
12
10
8
10
9
7
6
9
8
7
6
8
7
6
5
6
1
2
5
5
4
3
5
1
1
2
3
2
4
3
1
2
0
3
2
3
1
0
2
4
2
2
1
1
2
1
2
0
1
1
1
2
4
2
1
0
0
3
1
2
1
6
1
0
2
0
1
0
1
0
0
0
0
1
1
0
3
2
0
1
0
0
3
1
0
1
0
1
2
5
3
0
1
1
1
1
2
4
2
0
1
0
0
0
1
0
0
1
0
0
0
1
2
1
2
4
0
0
2
1
0
$ENER_FIT:
-1.234 3.000000 0.00000e+000
$MCA_CAL:
3
-1.234 3.000000 0.00000e+000
$PEAKLABELS:
392.102, "Co-60"
445.430, "Co-60"
871.855, "Th-232(d),(Bkgd)"
75.996, "Backscatter"
299.570, "Compton Edge"
$ENDRECORD:
