$SPEC_ID:
PeakEasy Library File: Eu-152 IdentiFINDER (LaBr3) 7.13 microCuries 25 cm bare
$MEAS_TIM:
60000.00000 60135.00000
$DATE_MEA:
1/20/2008 9:41:29 AM
$DATA:
0 1023
0
0
0
0
0
0
7818
44368
59186
83732
127545
285931
876401
1804246
1922914
1143855
586223
257861
114231
90635
94199
101555
111594
126343
147694
167592
178811
196080
235033
271503
281933
264678
238016
217124
204169
198790
199973
213532
286061
515663
881919
1069344
837565
452028
227212
160355
148754
148795
152356
156802
162198
164325
163476
159673
156123
151867
147639
143486
140696
137289
133625
130930
128419
125858
122011
119156
115952
112758
110532
108697
107891
106071
103537
100796
98209
95906
93608
93682
97796
116602
149832
189721
210200
194578
152245
109503
81332
68065
63437
61601
59891
58231
56866
55014
53309
51541
50125
49828
50494
49972
49487
47050
44393
42983
41113
39559
38988
38084
38161
41165
50210
72676
116487
182156
252221
297663
293168
242027
168510
105083
63546
43089
35853
33997
32547
30591
28492
26933
25194
24536
24178
24270
24551
25556
27989
31589
36043
38919
39828
37785
33713
29699
26609
25152
25404
27743
31848
36495
39746
41401
39235
35045
30135
26115
23133
21498
20603
20383
20370
20924
20811
21459
21987
22303
22575
22481
22517
22236
22029
21751
21455
21154
20931
20705
20607
20336
20333
20260
20010
19818
19629
19934
19848
19737
19899
20481
20997
21578
22101
22782
22459
22267
21931
21544
21420
21223
21041
20320
19713
19428
18833
18034
17944
17403
17516
17220
16874
16584
16449
16245
16340
16052
16004
16061
16101
16175
16048
15957
16062
16107
16241
16180
16440
16537
16833
17649
17838
18275
18722
19038
18924
18559
18199
17747
17332
16771
16259
16235
16465
16519
16945
16558
16922
16796
16399
16030
15712
15334
15190
15177
14997
15081
15513
16265
17831
20217
23081
27362
32489
37302
41237
43453
43185
40167
36258
31150
26188
21718
18547
16621
15060
14342
13985
13565
13222
13299
13426
13054
13015
13228
13276
13554
13814
14205
14768
15547
16585
17708
18995
19990
20963
20959
20280
19187
17739
16173
14771
13428
12191
11559
11018
10678
10518
10268
9999
9893
9955
9784
9735
9550
9447
9010
9283
9298
9999
10878
12489
14796
17909
21354
24759
27860
29634
30694
29941
27420
24597
21101
17443
14313
11873
10135
8977
8171
7907
7753
7647
7387
7158
6936
6731
6438
6192
6045
5838
5729
5620
5614
5441
5551
5601
5729
5807
6117
6603
7293
8399
9762
11321
13357
15723
18113
20205
22214
23615
24172
24796
24836
25385
25584
25559
25777
25695
24515
23567
21416
18866
16411
13952
11974
10202
8692
7576
6945
6513
6247
6167
5988
5839
5884
5706
5796
5646
5510
5393
5396
5188
5071
4935
4809
4671
4794
4767
4715
4689
4582
4674
4648
4390
4204
3960
3794
3475
3139
2915
2762
2584
2550
2464
2333
2272
2253
2229
2160
2154
2159
2256
2214
2306
2367
2484
2598
2584
2702
2747
2707
2695
2369
2202
2011
1797
1500
1289
1110
964
840
745
662
616
571
597
604
540
623
650
664
724
888
1109
1481
2033
2745
3919
5175
6688
8667
10601
12694
14685
16118
17269
17830
17946
16817
15827
14089
12180
10151
8521
7007
5902
5091
4616
4266
4220
4087
4291
4432
4548
4612
4517
4428
4247
3979
3602
3149
2724
2337
1857
1449
1173
925
724
585
470
430
398
393
352
339
359
344
358
320
266
255
243
210
201
176
167
162
137
152
139
145
143
174
164
184
157
217
197
183
181
199
198
181
181
134
129
133
135
126
105
123
102
84
89
90
106
101
94
93
94
89
88
82
73
94
85
71
80
77
94
82
80
98
87
78
81
80
94
94
84
83
93
90
103
102
124
132
131
141
137
162
172
159
183
171
149
162
167
146
142
127
128
128
113
112
98
99
97
99
113
79
95
98
105
90
79
99
81
108
95
94
92
110
87
103
98
98
89
118
97
91
95
106
107
113
106
98
112
123
105
126
109
106
120
117
108
112
119
112
128
105
102
119
104
112
107
130
126
116
137
123
132
104
113
135
149
98
122
132
132
153
115
136
122
139
125
157
160
153
161
166
137
150
159
166
169
185
165
156
171
167
179
167
163
145
143
161
156
131
127
123
142
136
124
135
122
141
124
132
126
142
149
133
127
147
128
149
127
121
145
125
109
117
108
131
114
117
124
115
103
126
114
120
129
137
134
141
127
131
145
141
140
148
121
128
125
136
131
150
153
125
127
130
124
127
129
94
151
118
122
159
136
154
151
138
153
148
132
157
175
165
149
152
171
152
154
153
175
135
136
141
128
137
123
139
131
131
123
132
117
118
117
110
130
124
113
122
109
123
113
98
105
112
108
96
113
111
107
111
90
74
105
89
80
73
82
68
71
68
55
65
52
53
55
53
57
50
41
44
51
48
49
55
37
47
49
45
50
50
47
47
45
48
50
42
37
36
46
47
59
35
49
34
36
54
47
40
43
44
55
47
47
60
53
62
64
71
74
68
75
79
95
98
118
104
117
126
148
151
158
166
165
151
165
158
157
141
178
163
131
127
125
127
117
93
88
75
115
94
76
94
96
74
71
76
66
60
57
55
49
42
52
47
34
29
28
25
19
40
17
19
11
16
15
12
14
8
10
13
6
8
8
5
1
9
8
5
4
2
3
1
4
7
4
6
8
4
3
3
3
1
3
3
6
2
5
3
6
2
6
3
3
2
4
3
4
5
5
3
6
7
4
6
8
2
2
4
3
4
3
5
3
3
5
4
5
3
2
2
1
6
6
6
3
3
5
2
1
4
6
5
4
6
1
6
1
1
3
4
2
5
4
7
6
4
2
4
4
6
5
2
4
3
6
1
5
7
6
6
$ENER_FIT:
-1.157 3.011579 -2.28268e-004 5.68360e-007 -3.96855e-010
$MCA_CAL:
5
-1.157 3.011579 -2.28268e-004 5.68360e-007 -3.96855e-010
$PEAKLABELS:
40.955, "Eu-152"
115.429, "Eu-152"
82.148, "Eu-152"
261.428, "Eu-152"
149.000, "Eu-152"
137.936, "Eu-152"
323.304, "Eu-152"
368.535, "Eu-152"
193.141, "Eu-152"
164.113, "Eu-152"
290.923, "Eu-152"
229.269, "Eu-152"
471.333, "Eu-152"
407.125, "Eu-152"
435.304, "Eu-152"
512.289, "Eu-152"
13.660, "La-138, Sm, X-rays"
490.883, "Eu-152, K-40 (Bkgd)"
878.247, "Th-232(d),(Bkgd)"
50.699, "Backscatter"
29.871, "Backscatter"
$ENDRECORD:
