$SPEC_ID:
PeakEasy Library File: Eu-152 Detective (HPGe) 6.92 microCuries 25 cm bare
$MEAS_TIM:
60786.12000 62594.40000
$DATE_MEA:
8/18/2008 2:55:36 PM
$DATA:
0 8191
0
0
0
0
0
0
0
0
0
0
0
0
0
0
0
0
0
0
0
0
0
0
0
0
0
0
0
0
0
0
0
0
0
0
0
0
0
0
0
0
0
0
0
0
0
1
0
0
0
0
1
0
0
0
0
2
1
0
3
1
3
1
3
5
12
5
11
12
14
16
16
21
27
35
46
51
66
67
90
1460
25923
57275
60374
60307
59679
59188
59180
59645
59331
59271
59343
59328
59435
59858
60766
61375
62093
62928
63567
64559
66514
68606
72472
78076
87292
100501
118364
138553
150810
150369
134854
109877
83803
65039
54156
49337
48333
48786
50680
53797
60785
71497
84240
93823
95219
89370
78270
65074
53844
44569
38508
34152
32208
31143
30313
29496
29723
29327
28824
28606
28708
28692
28356
28373
28562
28408
28290
28423
28611
28562
28351
28328
28316
28777
28408
28320
28715
28798
28671
28911
28781
29417
29272
29351
29622
28929
29579
29665
29944
30071
30420
30314
30487
30674
31216
31389
31575
31717
32305
33908
35377
37470
39504
40151
41023
41854
43327
44762
43676
42141
39179
36637
34941
34491
34696
34006
34600
35061
35307
35616
35927
36100
36506
37257
37431
37883
38034
38072
38846
40068
41135
42628
43500
43274
42448
42055
41531
41499
42304
42142
43226
43298
43956
43937
45703
47153
48425
49780
50359
51575
52714
53125
54024
53856
55104
55909
56434
56766
56301
55875
55431
54913
54419
53940
53955
53781
52736
51912
51698
51750
51309
51240
50926
50511
49930
49714
48960
48610
48283
48178
47649
47061
47045
47014
46923
46631
46573
46619
46586
46977
47011
46937
47431
47624
47801
47816
48102
48328
48922
49033
48923
49041
49389
49865
50257
51182
51300
51854
51955
51684
52085
52222
52387
52456
52984
52980
53227
53974
53899
53270
53933
54285
54574
54984
54953
54927
54980
55716
55573
55269
55815
56009
55709
56300
56054
56606
56374
57014
57130
56687
57516
58394
58644
60039
65073
76230
103536
160631
270622
454034
688499
896656
973752
881941
666750
432005
250161
138647
79135
52411
40752
36688
35204
34787
34460
34365
34569
34556
34592
34083
34740
34130
34209
34364
34600
34402
34066
34210
34249
34271
34327
34111
34103
34198
34119
34245
33928
34225
33976
34441
34097
33552
33964
34034
33965
33575
33804
33555
33550
33830
33500
33363
33219
33673
33323
33380
33514
32956
33210
33330
33157
33287
33604
33655
33590
33673
34262
33914
34221
34957
34814
35713
36125
36550
36580
36375
36128
35887
36063
36235
36021
35543
35741
35642
35195
35375
35629
35145
35175
35006
35026
35192
34711
35190
34731
34581
34426
34577
34595
34676
34654
34599
34535
34661
34543
34487
34161
34348
34103
33980
34100
34368
33770
33844
34270
34238
34049
33747
33803
33491
33203
33343
33005
33116
32753
32440
32363
32500
32439
31898
32100
31960
31973
31393
31573
31422
31264
31332
31474
31201
30730
30920
30620
30305
30463
30793
30864
30528
30701
30344
30334
30633
30182
30245
30203
30327
30153
30269
30092
30147
29951
29640
29489
30019
29535
29673
29491
29453
29762
29672
29556
29295
28786
29063
29225
29318
29079
29386
28990
29244
29187
28634
28781
28392
28649
28495
28282
28213
28451
28131
28357
27996
28187
28013
28239
28008
27965
27937
28032
27748
27701
27788
27400
27560
27419
27050
26655
26951
26430
26364
26140
25838
25407
25498
25005
25156
25036
24939
24676
24454
24730
24373
24529
24217
24367
24045
24176
23942
24147
24035
23957
23904
23734
23791
23872
23787
24125
23865
23892
24094
24118
24024
24111
23574
23692
23710
23444
23596
23497
23982
23639
23267
23297
23275
23009
22726
22872
22750
22718
22575
22520
22754
22816
22551
22439
22820
22673
22158
22124
21992
22036
21980
21824
21681
21592
21659
21523
21620
21339
21520
21256
21281
21457
20815
21020
20828
20736
20501
20554
20557
20619
20492
20423
20313
20490
20172
20125
19792
19943
19963
19957
19541
19663
19762
19916
19583
19531
19288
19395
19218
19269
19158
19320
19346
19173
19411
19398
19307
19636
19814
20231
20129
20425
19867
19682
19214
19268
18784
18962
19220
19645
22074
25919
35406
52837
81346
117800
152098
169242
158397
125757
87496
55666
35612
24931
20358
18716
17950
17671
17158
16552
16107
16086
15680
15922
16158
16629
16550
16554
16342
15700
15331
14987
14843
14709
14581
14628
14776
14634
14432
14562
14360
14568
14389
14348
13991
14193
14002
14041
14259
13932
13867
13790
13582
13780
13582
13818
13757
13433
13386
13375
13322
13291
13349
13142
13438
13132
13232
13120
13119
13011
13141
12950
13109
13075
13061
13341
13443
13972
14425
14018
13898
13787
13180
12948
12836
12640
12275
12700
12826
12574
12758
12832
12791
12561
12529
12335
12474
12108
12053
11992
12215
11841
12194
11801
11749
11710
11560
11694
11437
11637
11546
11464
11600
11503
11441
11330
11496
11524
11394
11470
11407
11255
11212
10967
11091
10974
11017
11127
10920
10935
10881
10924
10802
10769
10651
10768
10700
10848
10779
10822
11021
11251
11868
12882
14489
16348
17676
18003
17168
15380
13754
12010
11001
10590
10303
10312
10445
10211
10291
10191
10217
10102
10008
9857
10183
9916
10024
10056
9847
9875
10040
9525
9878
9900
9784
9728
9685
9804
9856
9605
9629
9527
9562
9493
9598
9707
9527
9349
9591
9452
9395
9359
9448
9486
9311
9458
9510
9752
9967
9895
9838
10109
9881
9752
9574
9171
9308
9210
9248
9271
9314
9313
9041
9289
9141
9331
8863
9087
8916
9155
9083
9144
9350
9416
9838
9883
9992
9852
9858
9431
9301
9324
9135
9331
9433
10073
10219
10685
10886
10619
10317
9956
9621
9275
9172
9243
9043
9099
9087
8984
9293
9173
9196
9181
8981
9079
9054
9153
9302
9346
9567
9472
9789
9832
9765
9978
9968
10060
10298
10405
11433
13619
19255
31570
57196
103779
174683
260460
334378
359929
327489
250398
164817
92991
48425
24347
13383
9200
7836
7246
7052
6851
6935
7018
7032
7289
7276
7811
8176
8344
8408
8424
7817
7564
7138
6816
6821
6838
6837
6898
7071
7077
7073
6979
6987
6799
6882
6737
6759
6679
6683
6603
6661
6730
6693
6534
6736
6629
6493
6646
6600
6742
6659
6605
6695
6667
7074
7092
7927
9202
11054
13707
15739
17128
16730
14381
11753
9380
7871
7131
6658
6422
6561
6525
6441
6305
6334
6431
6375
6385
6366
6485
6367
6411
6477
6320
6420
6468
6394
6420
6289
6348
6411
6344
6343
6436
6335
6230
6444
6216
6328
6297
6376
6274
6385
6339
6491
6485
6437
6566
6716
6894
7008
7048
6910
6940
6637
6515
6322
6367
6280
6299
6275
6236
6274
6226
6161
6239
6243
6187
6312
6262
6213
6183
6214
6246
6337
6168
6387
6280
6146
6271
6235
6266
6140
6162
6269
6086
6193
6276
6011
6090
6176
6201
6233
6067
6246
6245
6105
6066
6218
6116
6065
6155
6146
6192
6293
6042
6222
6161
5937
6186
6167
6242
6473
7111
8469
10706
14645
20072
25845
29422
29252
25649
20148
14411
10360
7896
6807
6417
6013
6263
6497
6691
6998
6993
6844
6509
6364
6226
5946
6124
5835
5765
5926
5981
5822
5814
5730
5813
5818
5908
5887
5701
5700
5769
5763
5706
5851
5716
5890
5700
5889
5834
5860
5866
5806
5816
5768
5850
5853
5785
5876
5709
5745
5815
5724
5789
5863
5787
5817
5837
5895
5864
5811
5736
5767
5860
5755
5734
5761
5844
5937
5903
5906
5667
5908
6014
5839
5833
5917
5957
5957
6204
6737
7502
9651
13383
18994
25803
32704
35971
34402
28733
21155
14563
10286
7837
6608
5948
5744
5819
5739
5559
5558
5797
5713
5674
5561
5733
5681
5610
5630
5621
5624
5603
5596
5529
5590
5563
5764
5473
5519
5507
5609
5451
5636
5595
5361
5615
5534
5622
5557
5588
5638
5522
5549
5592
5530
5549
5629
5727
5798
5772
5779
5828
5678
5730
5663
5544
5645
5707
5554
5511
5549
5668
5598
5626
5574
5599
5516
5493
5583
5561
5629
5536
5640
5438
5538
5584
5562
5497
5515
5406
5553
5541
5630
5577
5522
5617
5527
5690
5619
5521
5718
5542
5606
5693
5802
5654
5581
5741
5578
5707
5882
5845
5847
5799
5726
5759
5672
5538
5492
5726
5610
5596
5715
5789
6101
6507
7212
7767
8781
9132
8920
8376
7357
6690
6205
5799
5673
5672
5630
5731
5715
5712
5828
5817
6034
5788
5709
5661
5601
5574
5586
5555
5536
5670
5611
5513
5582
5458
5510
5483
5546
5661
5534
5773
5697
5758
5926
6351
6572
6859
6713
6746
6288
6021
5898
5623
5556
5580
5495
5558
5571
5526
5684
5716
5747
5870
5924
5945
6313
6422
6213
6385
6155
6001
5998
5840
5775
5712
5586
5605
5460
5580
5422
5561
5518
5477
5497
5431
5585
5486
5584
5614
5839
5798
5970
6033
6086
5766
5708
5723
5599
5575
5622
5675
5646
5573
5618
5653
5496
5494
5481
5635
5556
5679
5731
5763
5612
5599
5489
5611
5584
5539
5606
5544
5518
5541
5523
5507
5767
5684
5680
5812
5878
5952
5938
5971
5760
5638
5635
5641
5578
5622
5587
5543
5761
5587
5502
5575
5617
5519
5596
5641
5580
5647
5500
5652
5686
5417
5638
5696
5667
5635
5729
5663
5687
5513
5719
5659
5679
5645
5723
5681
5740
5694
5567
5576
5646
5701
5778
5681
5693
5665
5862
5776
5747
5707
5663
5789
5687
5749
5772
5840
5853
5828
5899
5722
5816
5769
5856
5805
5793
5675
5897
5839
5683
5846
5828
5817
5965
6177
6506
6973
7682
8555
9168
9363
9323
8508
7850
7373
7123
7065
6877
6618
6479
6237
6067
5950
5841
5948
5881
5687
5899
5753
5956
5904
5971
5974
5917
5925
5745
5958
5705
5876
5917
5906
6001
5819
5875
5899
5848
5903
5903
5963
5904
5837
5951
5767
5879
5939
5919
6089
5887
6062
6175
6356
6415
6591
6679
6375
6322
6529
6895
7369
8027
8432
8425
8243
7510
6617
6009
5740
5489
5467
5261
5194
5385
5423
5466
5440
5442
5489
5497
5531
5246
5065
5088
4940
5023
5116
4965
4901
4915
5090
5003
5027
5034
4994
5023
4993
4999
4731
4854
5047
4859
4995
4943
4896
4842
5016
4864
4891
4865
4914
4770
4804
4901
4859
4918
4892
4890
4812
4862
4977
5104
5391
5723
6042
6249
6242
6107
5686
5436
5141
5023
4739
4845
4816
4760
4845
4868
4885
4778
4707
4878
4852
4890
4964
4835
4751
4812
4953
4788
4694
4801
4641
4664
4873
4736
4819
4778
4783
4693
4705
4805
4744
4726
4777
4695
4693
4670
4827
4689
4623
4768
4687
4702
4738
4689
4685
4666
4641
4660
4568
4706
4674
4743
4757
4765
4657
4772
4673
4682
4552
4727
4743
4622
4745
4652
4613
4800
4618
4674
4668
4666
4631
4708
4610
4601
4622
4693
4539
4753
4752
4599
4679
4677
4663
4644
4667
4837
4718
4626
4626
4720
4819
4679
4652
4682
4648
4708
4698
4773
4750
4603
4600
4689
4666
4647
4639
4663
4562
4609
4666
4572
4604
4669
4619
4557
4705
4727
4719
4800
4879
4913
5227
5520
5487
5590
5274
5194
5103
4780
4781
4576
4728
4678
4614
4637
4614
4729
4488
4682
4445
4667
4529
4593
4630
4658
4759
4701
4713
4615
4661
4509
4594
4518
4630
4545
4536
4562
4564
4507
4615
4733
4458
4623
4663
4691
4715
4632
4662
4588
4759
5023
5130
5478
5538
5473
5214
5094
4988
4859
5081
5451
5890
6555
7143
7086
6829
6412
5727
5119
4639
4553
4495
4223
4370
4334
4387
4293
4491
4338
4363
4371
4507
4426
4366
4562
4788
5061
5689
6785
7701
8764
9266
8977
8237
7087
6111
5296
4904
4665
4562
4464
4513
4420
4461
4490
4312
4431
4394
4434
4327
4381
4366
4369
4253
4414
4319
4365
4317
4458
4394
4377
4378
4481
4452
4428
4457
4497
4367
4326
4369
4337
4418
4569
4340
4377
4372
4332
4490
4420
4396
4477
4448
4341
4392
4424
4505
4448
4354
4534
4465
4515
4645
4554
4561
4659
4825
4893
5039
5022
4914
4708
4673
4491
4625
4651
4507
4483
4510
4537
4763
4906
5058
5505
5842
6148
6376
6120
6014
5521
5181
5052
4914
5148
5376
5849
6088
6087
5933
5440
5204
4950
4954
4667
4655
4556
4690
4658
4769
4722
4722
4662
4642
4625
4711
4595
4580
4641
4581
4630
4540
4593
4399
4587
4605
4565
4570
4471
4715
4675
4633
4567
4631
4675
4554
4553
4677
4587
4504
4668
4588
4587
4659
4645
4664
4534
4616
4738
4692
4652
4711
4636
4773
4600
4648
4672
4732
4704
4702
4776
4783
4673
4712
4729
4811
4652
4676
4832
4629
4778
4755
4625
4707
4711
4904
4747
4663
4696
4703
4760
4738
4924
4875
4705
4815
4919
4998
5100
5161
4885
4912
4734
4669
4776
4581
4595
4622
4557
4453
4551
4455
4527
4431
4429
4447
4506
4621
4819
5073
5098
5236
5138
4986
4777
4567
4411
4409
4435
4455
4698
4688
4862
4715
4499
4450
4318
4219
4103
4111
4101
4111
4061
4237
4131
4006
4078
4215
4227
4322
4530
4949
5931
8406
12782
20616
32234
45811
59231
67040
66236
57250
42918
29035
18147
10904
6974
5004
4171
4031
4024
3782
3779
3903
3718
3764
3818
3937
3767
3803
3884
3750
3772
3835
3695
3823
3835
3810
3770
3818
3646
3753
3732
3716
3660
3786
3644
3816
3678
3846
3789
3852
3913
4054
3981
3893
3855
3820
3663
3767
3752
3575
3735
3783
3774
3686
3703
3841
3710
3666
3585
3777
3629
3620
3817
3684
3750
3675
3829
3645
3789
3857
3774
3724
3748
3748
3762
3850
3809
3856
3952
4123
4407
4656
4969
5251
5091
4943
4689
4274
4003
3889
3943
3727
3663
3714
3716
3688
3790
3750
3715
3777
3641
3749
3710
3682
3638
3702
3779
3586
3750
3648
3791
3801
3737
3723
3704
3736
3652
3746
3684
3647
3689
3876
3695
3743
3761
3753
3705
3699
3723
3710
3809
3801
3734
3580
3668
3818
3632
3711
3751
3778
3787
3658
3630
3693
3822
3707
3644
3647
3698
3840
3701
3717
3798
3759
3684
3899
3814
3786
3777
3852
3872
3918
3936
4012
4148
4177
4368
4388
4551
4480
4269
4298
4144
4007
3888
3831
3829
3805
3894
3810
3837
3891
3784
3843
3756
3815
3736
3831
3773
3826
3859
3699
3846
3952
3842
3778
3953
3798
3840
3867
3899
3879
3971
3897
3879
3849
3808
3878
3819
3890
3888
3934
3957
3881
3870
3963
4025
3989
4038
3943
3970
4032
3907
3945
3926
3942
4015
4094
3958
4035
4114
4462
5026
6036
7912
10924
14991
18837
21475
22231
20541
16755
12932
9167
6807
5230
4346
4251
3899
4019
4131
4190
4414
4632
4608
4777
4593
4393
4159
4162
4068
3922
3844
3839
3680
3841
3837
3841
3689
3766
3777
3721
3598
3680
3629
3566
3616
3666
3597
3524
3550
3662
3511
3365
3390
3512
3443
3428
3579
3477
3436
3484
3406
3338
3332
3425
3389
3445
3426
3447
3425
3397
3489
3466
3449
3394
3408
3353
3374
3549
3381
3439
3466
3455
3418
3407
3618
3688
3596
3563
3637
3627
3598
3461
3470
3486
3427
3414
3545
3475
3582
3457
3416
3402
3361
3212
3218
3169
3261
3105
3125
3114
3040
2959
2975
2876
2854
2788
2907
2777
2760
2793
2773
2852
2888
3115
3113
3208
3302
3235
3257
3011
2812
2760
2713
2779
2582
2639
2677
2537
2597
2529
2629
2681
2676
2899
3047
3248
3664
4099
4228
4214
4111
3776
3215
3062
2818
2566
2497
2504
2489
2488
2509
2604
2708
2696
3039
3238
3327
3532
3619
3319
3173
2897
2644
2556
2436
2496
2672
2670
2709
2711
2662
2690
2638
2519
2483
2478
2466
2496
2535
2562
2402
2506
2407
2257
2439
2447
2323
2344
2444
2353
2339
2318
2376
2349
2290
2353
2341
2230
2322
2321
2357
2291
2245
2423
2243
2382
2352
2383
2281
2281
2246
2236
2231
2340
2269
2303
2288
2298
2356
2329
2298
2260
2391
2315
2311
2284
2229
2259
2351
2336
2246
2277
2227
2264
2240
2288
2239
2268
2244
2308
2300
2227
2339
2358
2329
2355
2350
2469
2350
2448
2565
2691
3187
4190
6425
10441
17316
27089
39078
49905
56697
56993
50338
39529
27078
16960
9874
5623
3549
2595
2308
2245
2353
2267
2285
2263
2346
2042
2057
2025
1933
1853
1909
1914
1915
1993
1932
1956
1961
1864
1978
1910
1886
1872
1872
1790
1791
1888
1950
1871
1860
1841
1766
1818
1764
1770
1779
1818
1811
1838
1811
1832
1783
1856
1744
1740
1786
1798
1775
1734
1874
1785
1813
1736
1808
1777
1818
1819
1794
1832
1892
1939
1807
1888
1848
1870
1816
1746
1808
1797
1841
1790
1865
1841
1925
2025
2034
2253
2372
2343
2203
2119
1937
1880
1788
1747
1681
1810
1712
1693
1697
1703
1714
1810
1779
1789
1982
2159
2699
3269
3788
4512
4898
4927
4537
3863
3204
2554
2123
1874
1693
1658
1658
1654
1607
1667
1588
1577
1587
1628
1552
1641
1653
1580
1609
1564
1652
1661
1618
1651
1613
1614
1604
1572
1619
1611
1546
1628
1549
1629
1584
1575
1533
1561
1568
1554
1589
1652
1547
1601
1616
1581
1608
1567
1655
1546
1604
1605
1652
1585
1521
1540
1580
1562
1627
1634
1561
1512
1559
1576
1583
1639
1565
1558
1596
1635
1597
1545
1559
1555
1645
1574
1561
1609
1605
1534
1591
1627
1584
1581
1588
1540
1596
1609
1564
1571
1519
1543
1587
1540
1588
1668
1576
1649
1683
1592
1586
1573
1541
1629
1569
1661
1626
1624
1541
1616
1627
1536
1600
1605
1574
1600
1640
1637
1619
1654
1589
1589
1645
1610
1573
1696
1665
1669
1664
1691
1622
1711
1694
1644
1661
1685
1719
1608
1655
1606
1619
1736
1600
1652
1714
1759
1683
1668
1684
1635
1682
1660
1662
1782
1689
1660
1767
1718
1697
1764
1629
1697
1657
1643
1674
1703
1620
1654
1671
1700
1729
1680
1764
1790
1672
1698
1752
1785
1678
1649
1787
1645
1764
1756
1700
1646
1749
1676
1763
1724
1735
1696
1739
1711
1723
1805
1710
1773
1839
1771
1798
1806
1804
1855
1868
1878
1872
2063
2208
2874
4024
6270
9842
15063
22015
28879
33796
35367
32776
27386
19733
13467
9033
6549
5846
6091
6936
7398
7557
6736
5640
4382
3191
2562
2069
1778
1668
1597
1622
1558
1648
1660
1567
1671
1704
1686
1664
1641
1640
1675
1628
1616
1628
1722
1649
1726
1677
1682
1651
1732
1741
1648
1752
1754
1735
1789
1752
1792
1724
1753
1810
1790
1756
1816
1872
1877
2036
2229
2402
2720
3194
4375
6270
9933
15407
23110
31891
39972
45358
44893
39383
31380
21526
13801
8066
4732
2959
2186
1794
1692
1664
1584
1634
1606
1623
1669
1745
1768
1885
1896
1948
2010
2011
1865
1846
1838
1677
1690
1651
1681
1664
1680
1654
1621
1719
1736
1669
1680
1683
1687
1670
1693
1673
1645
1692
1657
1641
1666
1682
1699
1738
1777
1704
1735
1748
1761
1701
1746
1789
1711
1761
1712
1698
1825
1674
1720
1722
1721
1722
1650
1703
1704
1777
1745
1731
1755
1731
1672
1740
1804
1742
1817
1752
1803
1836
1796
1712
1768
1752
1832
1819
1768
1799
1779
1841
1881
1856
1803
1876
1796
1836
1845
1908
1876
1751
1928
1900
1865
1833
1873
1840
1915
1886
1904
1896
1815
1871
1954
1954
1881
1892
1890
1917
1815
1825
1833
1953
1914
1881
1930
1841
1882
1921
2032
1920
2017
1833
1918
1917
1905
2006
1894
1930
1913
1981
1901
1934
1959
1941
1947
1984
1968
1951
2089
2023
2016
1979
2016
2048
2019
1973
1986
2018
2026
2030
1935
2042
1949
1937
2015
1975
1921
1961
1972
1948
1965
1927
1966
1986
2031
1955
1983
2007
1924
1983
1965
2005
2025
1953
2023
1975
2076
1961
2074
1903
2016
1901
1928
1907
1924
1991
1834
1878
1878
1934
1963
1874
1866
1771
1855
1798
1804
1758
1710
1685
1620
1647
1513
1567
1564
1522
1539
1499
1466
1440
1303
1459
1349
1345
1336
1378
1394
1333
1297
1306
1300
1263
1322
1243
1257
1354
1222
1189
1215
1228
1245
1240
1224
1136
1233
1248
1204
1203
1133
1227
1226
1195
1210
1122
1195
1215
1188
1188
1177
1191
1257
1282
1524
1829
2277
3110
3855
4647
5169
5408
4821
4116
3265
2433
1863
1503
1281
1123
1136
1090
1125
1060
1065
1059
1126
1106
1078
1054
1085
1052
1004
1027
1065
1101
1029
1029
987
1032
1038
1020
1031
1061
1038
1042
1070
1029
1090
1003
1073
988
1005
1059
1009
1011
1016
1061
989
1009
988
988
1000
935
1034
1043
922
1024
1008
990
982
1010
1001
963
969
992
1052
1005
1004
1074
1044
1074
984
992
961
949
900
938
855
873
922
912
963
923
928
881
894
871
906
903
886
913
895
867
843
944
914
940
1098
1187
1273
1263
1361
1313
1127
1092
918
848
813
787
786
802
836
755
755
771
710
732
743
781
721
767
717
747
747
740
791
757
814
769
818
818
825
782
778
756
728
756
713
704
699
642
687
671
671
642
699
659
687
638
648
622
668
653
687
611
650
634
592
664
650
706
768
855
1067
1315
1511
1789
2054
2044
1838
1569
1269
1042
812
668
623
580
565
590
553
587
570
574
553
571
560
554
541
554
551
502
522
526
508
503
488
499
534
480
539
470
463
486
444
439
466
449
502
452
460
430
470
508
567
609
619
648
725
733
638
628
575
493
480
433
458
484
588
761
1079
1656
2224
3200
3935
4565
4799
4337
3848
2927
2017
1363
815
635
475
375
340
406
377
353
335
312
360
331
349
332
352
323
342
332
345
318
330
305
353
288
316
289
311
316
315
320
277
315
317
286
278
299
291
297
291
289
317
287
293
303
258
266
279
256
256
306
275
283
264
260
244
247
261
253
287
259
253
284
256
231
239
255
229
266
228
230
227
228
213
264
236
268
220
236
235
218
225
225
245
257
225
241
251
248
245
241
215
203
221
205
210
239
229
225
241
236
235
213
255
247
241
253
213
202
196
228
208
210
233
204
210
236
204
237
228
214
208
215
225
225
207
230
228
274
227
243
260
222
224
232
210
200
205
210
194
203
204
218
201
192
209
192
183
205
187
172
186
195
206
193
174
220
198
205
182
198
198
219
187
196
243
240
220
251
234
279
261
246
259
251
220
212
201
184
218
185
187
185
190
207
222
171
184
199
173
178
206
211
201
188
190
183
177
175
184
213
204
176
201
183
241
228
252
264
297
265
263
259
226
215
221
197
213
191
190
209
200
187
203
197
213
231
196
221
222
238
192
252
230
201
213
206
186
212
211
189
200
220
225
215
219
247
238
216
234
248
231
213
248
211
203
253
230
223
259
256
256
285
271
246
244
267
271
274
290
279
315
295
361
339
357
363
370
360
374
460
555
779
1224
2268
4243
7540
13213
21174
30740
40411
47888
51305
48771
41216
31293
21286
13007
7167
3594
1619
747
333
170
129
103
92
85
92
77
83
77
60
86
61
89
73
82
83
95
66
59
79
79
65
73
66
83
74
82
72
80
60
71
60
61
70
71
85
70
75
60
72
73
67
74
62
67
86
60
78
74
57
65
65
55
72
81
48
71
73
86
70
67
71
77
87
80
91
80
80
69
59
73
72
66
69
70
58
66
58
60
58
64
62
76
60
73
73
78
73
62
80
63
63
79
79
64
94
99
83
88
86
80
69
71
82
82
77
63
80
63
80
80
81
82
96
82
95
134
159
226
330
498
704
954
1092
1281
1381
1310
1391
1615
1974
2409
3106
3633
3817
3739
3145
2506
1764
1057
637
329
192
113
77
58
39
44
38
50
46
43
38
49
49
39
48
33
42
34
36
51
37
41
28
36
43
45
30
42
48
34
50
43
42
47
41
46
50
33
41
42
41
47
46
46
47
45
45
42
33
48
51
39
48
39
37
32
40
57
42
42
36
48
34
45
44
45
50
49
51
40
36
42
47
39
40
39
42
56
52
60
55
53
73
57
62
61
69
79
59
68
55
52
58
42
47
44
44
44
41
31
52
43
44
61
38
36
56
58
46
37
40
45
65
61
35
50
46
37
50
60
61
62
71
77
84
80
75
56
55
63
64
48
50
51
51
59
48
41
36
44
38
28
43
39
40
35
41
39
45
50
44
44
39
45
51
44
44
38
43
43
38
45
46
47
43
39
44
61
77
104
145
230
335
429
532
610
594
606
454
343
293
182
148
99
49
65
49
39
42
40
31
32
36
40
38
44
26
35
35
44
46
37
35
51
48
47
35
50
46
30
43
41
31
27
36
29
50
49
36
53
40
46
27
42
34
31
40
29
33
23
25
32
30
31
39
37
32
35
35
30
32
39
38
48
21
29
41
29
42
36
42
32
31
33
41
45
32
32
32
33
32
16
34
32
32
25
25
28
37
29
30
36
22
24
31
34
26
29
23
24
39
30
33
24
32
29
32
23
38
31
31
30
35
27
27
38
31
44
30
32
51
31
28
33
23
34
32
34
22
26
39
41
29
20
37
29
39
41
36
50
42
32
42
43
41
44
54
45
48
32
43
36
37
39
46
50
54
64
78
87
88
79
81
67
64
64
70
83
86
134
126
140
168
154
121
113
80
74
72
61
63
96
90
72
84
87
61
52
42
41
36
44
40
42
32
31
34
26
30
30
27
34
45
40
34
47
43
46
44
43
48
37
37
45
54
36
39
42
38
37
33
23
32
32
31
24
31
34
39
27
21
32
28
25
24
25
29
26
32
23
29
32
25
28
38
39
60
53
62
45
50
44
50
49
35
24
29
28
27
35
34
38
34
31
26
34
35
25
20
21
24
38
41
44
41
55
42
43
33
37
35
32
17
28
23
22
21
18
34
23
24
19
27
30
27
22
30
36
32
29
42
31
20
24
26
20
34
30
33
23
29
24
26
32
21
30
28
38
31
34
30
47
46
32
26
33
12
23
19
21
24
33
34
31
23
30
32
22
22
26
29
22
20
21
20
24
27
19
20
27
20
22
24
32
31
31
39
34
32
41
45
35
38
34
28
28
32
30
23
17
29
17
22
22
26
22
22
23
27
19
15
25
26
16
19
14
17
17
29
34
24
24
22
19
21
26
26
26
22
26
26
20
20
24
25
22
23
25
20
23
26
21
22
19
19
27
13
29
27
40
27
29
20
20
29
29
25
26
18
19
31
21
25
17
24
25
17
28
24
23
25
27
36
24
24
28
30
32
36
31
32
20
33
19
29
41
23
31
28
22
12
23
19
30
28
25
20
19
28
17
21
25
21
18
22
26
24
23
19
24
17
21
22
20
28
20
22
23
24
24
22
26
24
19
27
18
34
19
29
20
21
20
24
25
17
18
22
17
24
26
22
31
21
26
21
18
33
22
26
18
27
18
29
24
21
28
22
29
23
24
12
32
21
34
29
26
17
30
23
34
33
50
46
63
76
90
79
57
66
47
40
30
35
26
26
19
19
29
19
19
24
12
31
25
21
19
25
27
21
17
26
20
23
25
17
18
26
16
21
21
25
24
23
27
17
27
18
17
26
20
22
16
20
18
22
27
23
19
18
25
26
20
30
20
24
24
22
22
23
27
19
23
23
21
22
24
25
25
24
22
17
26
21
17
25
18
21
31
22
19
18
28
32
31
54
83
132
187
215
273
292
343
316
253
186
144
98
75
58
38
42
26
38
36
33
41
35
36
27
16
26
17
18
19
19
11
20
8
16
13
21
25
14
12
17
15
21
20
16
23
22
20
19
16
20
17
21
12
22
23
20
17
23
19
19
22
21
23
21
30
25
20
23
23
26
24
22
16
23
33
22
21
29
16
18
17
26
22
19
17
22
20
27
21
21
21
22
15
24
18
20
30
18
25
18
12
24
23
21
21
28
23
19
19
21
13
22
17
14
17
30
22
20
17
22
21
20
20
19
21
23
24
20
15
24
17
27
22
26
25
19
27
19
22
22
21
23
16
16
22
22
23
22
16
10
19
19
17
20
17
26
20
19
20
22
19
19
9
14
17
27
33
17
19
22
15
16
11
24
17
18
16
15
16
20
25
16
20
14
23
24
25
17
15
21
29
18
14
18
21
23
16
23
28
17
20
10
28
17
32
27
25
27
17
25
28
20
16
17
18
20
21
22
16
25
25
24
27
25
17
23
21
29
35
40
55
66
58
54
57
47
50
32
27
28
22
20
13
29
15
24
15
23
17
22
20
16
16
18
20
14
21
24
15
22
17
20
20
24
25
21
28
20
16
17
19
16
21
22
20
30
17
26
23
13
10
25
26
15
20
17
24
19
17
17
15
22
18
25
22
18
23
29
11
23
20
22
36
22
21
27
24
22
19
16
27
19
23
19
20
29
20
23
21
16
20
24
17
15
23
23
11
31
17
18
23
14
15
35
22
26
18
31
19
19
24
26
18
19
20
21
22
26
28
16
20
19
24
22
26
15
22
15
23
18
26
17
19
11
27
20
20
28
25
21
22
16
18
23
25
21
23
21
21
23
15
23
21
25
21
24
22
19
19
23
19
15
13
26
19
15
22
21
21
29
12
14
14
24
23
19
29
23
23
20
21
20
15
19
18
24
19
29
22
21
24
18
15
18
16
22
20
26
23
22
18
23
17
24
23
28
11
27
17
15
12
26
16
17
16
10
25
28
26
27
20
24
20
23
19
16
16
26
20
24
21
16
18
29
24
19
17
21
18
14
18
15
20
21
27
23
16
18
24
21
16
20
14
19
30
21
25
23
16
25
12
18
13
26
21
15
9
19
19
21
28
21
18
17
14
13
23
21
17
24
18
21
15
26
18
23
23
20
26
14
24
15
20
19
7
19
19
23
20
33
20
28
18
28
24
24
24
15
12
29
19
19
17
16
17
21
16
21
15
22
25
17
16
23
21
24
16
25
17
16
17
8
20
20
13
24
16
16
17
22
24
16
19
13
17
17
16
30
12
19
19
20
20
14
22
24
20
9
10
19
16
23
26
20
14
24
19
16
24
18
19
17
12
16
18
21
15
21
17
13
14
12
9
18
20
14
19
14
17
14
21
18
17
16
11
19
15
18
15
19
19
16
19
26
18
17
19
19
17
18
15
14
21
16
28
28
27
28
15
18
16
18
10
26
19
10
16
21
23
6
11
21
17
16
15
18
23
11
20
6
16
13
18
16
17
14
16
23
14
16
12
17
22
14
14
9
14
18
17
17
16
18
11
12
21
17
23
15
13
16
19
21
20
19
26
20
17
18
19
16
25
18
17
16
10
23
21
13
22
19
19
18
18
15
16
16
21
18
17
18
20
14
15
16
14
24
20
12
16
23
12
14
10
22
21
18
18
17
18
14
12
17
17
19
14
20
19
17
18
18
16
16
17
16
14
14
19
21
14
17
13
11
24
19
14
13
17
12
22
11
20
20
18
15
15
15
10
12
21
14
22
13
19
15
26
19
17
14
20
19
12
16
20
11
15
16
21
18
20
14
18
16
14
10
17
16
20
21
14
19
13
18
21
14
21
11
17
19
15
19
13
16
17
14
14
18
17
13
15
24
10
20
13
12
21
9
15
19
24
18
16
14
16
15
13
7
15
21
15
32
18
13
18
10
13
18
24
12
12
17
14
14
10
26
16
22
14
14
19
16
14
16
12
15
13
8
12
11
16
13
21
8
15
27
22
23
16
29
20
22
21
18
20
25
19
12
18
18
11
20
16
18
17
16
15
21
14
19
15
16
21
19
27
25
40
33
43
62
69
68
79
73
65
67
58
63
34
30
27
32
21
18
21
20
24
9
18
27
16
13
23
14
17
21
16
15
16
20
21
21
9
16
17
12
17
17
22
27
22
26
43
37
45
38
40
29
22
14
14
19
13
18
25
18
16
16
11
21
10
20
15
19
17
20
14
19
15
20
11
13
16
22
28
21
17
16
15
10
15
15
20
12
17
20
14
17
19
12
12
13
20
5
17
13
22
28
9
15
15
25
16
23
12
13
16
16
18
10
22
15
7
13
17
21
21
18
10
18
25
22
24
16
17
9
13
13
24
17
22
16
14
19
18
13
11
13
22
24
14
19
16
17
10
25
13
10
21
23
16
19
18
21
12
13
13
17
13
21
18
21
20
16
13
15
13
11
24
23
18
13
17
11
9
18
20
17
19
13
18
9
17
20
16
26
10
15
14
11
14
13
23
17
10
14
15
18
23
13
14
20
16
16
18
23
15
22
17
16
13
15
12
21
14
16
17
19
15
12
22
20
14
14
17
22
19
17
16
17
19
13
17
13
13
15
11
20
14
19
17
29
19
17
20
25
31
15
18
18
19
15
19
14
17
14
25
18
28
14
12
8
14
18
18
20
28
20
26
34
35
44
52
56
101
93
114
88
116
82
69
57
57
27
32
28
13
24
19
17
19
21
18
20
23
16
17
13
13
12
14
17
34
17
13
17
15
14
12
22
23
17
16
15
21
14
16
21
21
24
19
14
18
26
18
21
21
24
22
25
24
23
18
19
27
15
18
12
16
16
13
14
12
22
16
18
17
12
16
24
14
23
13
19
19
16
15
20
14
12
19
14
20
19
22
14
18
14
12
21
11
13
25
16
21
14
21
16
20
16
21
10
18
17
15
21
15
12
11
10
17
9
16
22
17
11
24
12
13
13
16
23
15
10
11
19
12
24
15
13
21
15
28
20
15
14
21
19
18
11
17
16
24
13
16
12
21
13
16
17
17
16
19
16
17
22
18
9
15
8
26
15
21
27
14
14
15
19
18
16
15
25
17
24
13
10
24
12
19
22
17
18
22
21
20
12
25
15
13
19
25
19
19
21
20
13
13
19
17
15
19
13
18
17
18
20
22
18
22
16
19
19
14
16
21
23
14
19
16
23
14
19
14
11
19
18
22
22
16
19
15
10
16
13
25
24
24
15
18
16
26
25
20
24
24
15
14
9
20
17
20
11
23
16
15
20
18
19
23
18
30
11
15
19
21
15
16
16
20
17
19
11
19
16
18
25
22
17
21
10
16
14
15
19
21
19
16
18
13
16
24
25
16
23
18
22
21
9
20
16
17
24
15
17
20
20
16
25
20
14
25
21
17
16
21
18
22
22
22
23
24
25
19
22
15
25
20
14
15
11
29
19
17
21
19
17
20
15
20
19
12
21
26
28
20
20
21
15
15
21
5
24
18
24
12
27
16
10
21
20
21
12
20
18
24
19
19
21
15
19
21
24
14
25
19
26
11
18
17
23
19
19
23
17
19
18
18
18
15
18
30
21
25
23
19
18
13
12
26
25
19
27
19
10
21
22
17
26
16
13
15
22
25
23
17
27
21
34
16
17
20
21
24
21
16
23
27
15
13
28
26
21
24
19
25
18
16
18
24
20
23
25
22
25
23
24
10
25
22
15
18
21
24
19
17
12
18
22
18
17
16
14
26
17
20
18
27
15
17
18
21
17
28
16
13
20
14
12
16
13
20
27
12
15
23
12
14
19
12
19
13
12
13
21
13
16
20
14
15
15
12
12
17
17
15
11
22
21
15
10
15
18
22
12
11
14
12
13
9
11
15
10
9
12
16
15
15
15
12
10
10
14
8
13
19
11
17
15
16
15
7
8
12
10
17
18
14
11
18
13
26
12
12
19
12
13
12
7
9
14
16
8
7
6
13
14
10
10
19
11
9
6
11
19
6
13
8
12
7
9
10
19
16
7
10
8
8
12
15
17
11
12
17
11
12
3
9
12
8
10
9
11
18
10
6
10
5
10
9
11
11
7
11
15
13
11
13
12
10
12
13
5
14
9
15
9
7
10
9
6
10
15
10
12
10
8
4
9
11
7
9
7
16
8
8
9
9
10
8
8
7
10
12
14
16
16
25
20
33
20
24
38
36
31
31
21
20
14
16
13
12
10
9
17
10
9
11
6
10
6
11
12
9
10
5
11
14
9
10
10
11
10
6
11
14
8
13
10
9
10
10
5
14
9
10
10
16
12
4
11
8
9
6
6
4
11
6
8
16
6
11
14
8
7
6
4
5
4
12
9
7
7
10
7
6
8
4
7
3
7
2
8
8
9
9
6
10
5
11
7
7
7
9
6
6
7
4
7
8
10
4
5
5
3
4
0
4
6
5
5
5
11
10
3
6
6
5
6
8
5
5
5
6
10
2
9
4
3
6
6
3
7
7
5
3
6
2
3
3
8
5
2
8
7
4
6
5
5
3
6
6
4
3
4
9
5
2
6
3
2
6
7
7
5
6
3
3
3
2
3
2
8
4
3
3
7
4
2
4
1
1
3
5
5
4
6
4
5
1
4
4
7
1
6
6
3
4
4
4
3
4
5
5
2
3
1
4
4
2
5
2
4
4
6
4
2
4
3
3
2
7
4
1
4
3
3
1
8
3
3
3
5
2
2
3
3
6
1
3
2
1
2
2
3
2
3
2
1
4
6
6
4
2
3
3
2
0
3
3
3
2
3
4
2
2
1
1
2
3
4
2
1
4
5
4
4
4
4
1
3
4
0
1
2
3
3
4
4
3
5
2
1
1
5
4
2
2
1
2
1
1
1
5
2
2
3
3
0
3
5
4
1
3
0
2
3
1
4
4
4
5
5
3
4
0
5
0
3
1
2
3
2
7
2
2
2
1
1
3
4
2
3
3
4
2
3
1
1
3
0
1
4
2
2
2
4
6
3
1
1
4
2
5
2
3
3
2
0
2
6
1
0
3
6
3
5
0
2
3
4
3
5
3
3
3
2
6
3
3
2
3
3
6
3
2
2
1
1
4
3
1
1
1
0
3
2
2
6
1
1
4
2
1
3
2
0
2
6
3
6
5
3
4
6
4
0
3
3
5
3
4
2
6
5
5
6
3
5
4
6
5
1
7
8
11
16
18
30
60
99
136
200
245
327
419
466
442
458
365
336
234
180
117
71
47
19
11
10
4
2
2
2
0
1
1
1
2
2
0
0
0
0
1
0
2
1
0
0
0
0
0
1
3
1
0
0
1
1
0
1
0
0
0
1
1
1
2
0
0
1
2
0
0
2
1
0
0
1
0
1
5
0
1
3
0
2
1
0
1
1
1
1
0
3
1
1
2
0
0
1
1
1
2
1
1
2
1
0
0
1
0
1
3
0
2
0
1
0
2
1
3
2
1
2
1
0
3
1
0
2
0
2
0
2
0
3
1
1
1
1
2
2
2
1
3
1
1
2
0
1
0
0
0
1
1
0
2
1
0
1
1
2
1
2
2
0
0
1
0
3
0
0
2
1
1
0
0
2
1
3
1
2
1
2
1
0
0
1
1
0
0
1
4
1
0
2
1
2
2
3
0
1
0
0
0
3
1
1
0
1
1
0
1
1
1
0
0
1
0
3
0
0
1
2
0
0
1
2
1
1
0
2
0
2
0
0
0
0
0
1
0
0
3
1
0
1
1
0
1
2
0
0
1
1
1
0
1
1
2
0
2
1
0
1
0
0
1
0
2
2
0
0
2
3
0
1
1
0
2
2
1
0
2
0
1
1
0
0
0
0
1
0
1
2
0
1
0
1
0
3
1
1
0
1
2
1
1
0
1
2
0
1
1
0
1
1
0
1
1
2
1
0
1
1
0
1
0
1
0
1
1
0
2
2
0
2
1
0
0
0
0
0
1
0
1
0
0
0
0
1
2
1
1
1
2
1
0
1
0
1
1
0
1
0
0
0
2
0
0
1
0
1
1
2
0
4
0
0
1
1
2
0
1
0
1
1
2
2
0
0
1
0
1
0
2
0
0
1
0
0
0
3
0
2
1
2
1
0
1
0
0
3
0
2
1
0
0
0
1
0
1
0
0
0
1
2
2
2
4
0
1
0
1
2
2
0
2
2
0
1
0
1
1
1
0
0
1
1
0
0
1
0
0
0
0
0
1
0
0
1
0
1
1
1
1
1
1
1
0
0
1
0
0
0
1
2
1
1
3
2
0
1
2
1
1
2
1
2
0
0
4
1
1
0
2
0
0
0
2
0
1
0
0
0
1
1
0
1
2
1
2
0
0
1
1
1
0
1
0
0
1
2
2
2
0
0
2
1
0
0
1
2
1
2
1
1
0
0
2
0
0
1
0
1
0
0
1
0
0
1
1
1
0
3
1
0
1
0
1
0
2
0
3
1
2
1
0
2
0
1
1
0
1
0
1
0
0
0
0
3
0
1
0
0
2
1
2
2
1
2
1
0
1
0
1
0
0
3
0
1
0
0
0
1
0
1
2
0
2
0
1
1
1
1
0
1
0
1
0
1
0
3
0
2
2
3
1
1
0
1
2
1
0
2
0
0
2
1
2
0
0
0
2
2
2
0
1
1
0
0
1
1
0
0
1
0
2
0
1
1
0
1
2
1
1
1
0
1
1
0
0
2
1
1
1
1
0
0
4
1
0
2
1
2
0
2
1
0
1
2
1
2
2
2
0
0
1
0
0
0
1
2
1
0
1
1
0
3
0
1
1
2
1
1
1
0
1
1
2
2
2
1
0
1
1
1
4
1
1
3
2
1
2
0
1
1
2
2
2
0
2
1
2
1
0
2
1
2
1
2
4
2
0
2
0
0
1
0
2
1
1
3
1
0
2
0
0
2
1
0
1
1
0
1
0
0
2
4
1
0
0
1
0
1
0
0
2
0
3
0
2
1
2
0
1
0
2
0
4
1
1
1
0
1
1
1
0
1
1
0
2
4
1
1
0
0
0
0
0
1
1
1
1
0
0
1
2
1
0
1
1
1
2
0
0
1
0
0
1
1
0
0
1
0
3
0
0
0
2
3
0
0
1
1
0
0
0
1
1
0
0
1
0
2
0
0
3
2
1
1
1
0
0
1
0
1
3
0
0
1
0
2
1
0
1
1
3
2
0
1
0
1
0
2
0
0
2
0
2
0
0
0
0
1
1
1
0
0
2
2
1
0
1
3
1
0
0
3
1
0
0
2
2
0
2
1
3
3
2
2
0
1
0
0
1
0
1
0
0
1
2
1
0
0
0
0
0
0
1
2
0
2
0
2
0
1
1
0
1
2
1
0
0
0
2
1
1
0
2
1
0
0
2
1
0
1
1
1
1
1
0
1
1
1
2
1
1
0
1
1
1
1
1
0
1
1
1
0
1
0
3
1
1
0
0
1
1
0
2
2
0
2
0
0
1
0
2
1
0
1
0
1
0
0
0
1
2
0
1
0
2
1
0
1
1
1
1
0
0
0
0
3
1
2
2
0
1
1
0
0
0
1
0
0
1
0
0
1
0
0
1
1
0
0
2
1
3
2
1
1
1
0
1
0
$ENER_FIT:
0.150 0.366165 4.16398e-008
$MCA_CAL:
3
0.150 0.366165 4.16398e-008
$PEAKLABELS:
331.959, "Eu-152"
940.242, "Eu-152"
668.129, "Eu-152"
2126.450, "Eu-152"
2631.536, "Eu-152"
3843.123, "Eu-152"
3034.616, "Eu-152"
1211.941, "Eu-152"
2964.119, "Eu-152"
1122.679, "Eu-152"
2367.787, "Eu-152"
807.718, "Eu-152"
1004.090, "Eu-152"
686.796, "Eu-152"
740.010, "Eu-152"
898.989, "Eu-152"
860.018, "Eu-152"
886.129, "Eu-152"
1540.704, "Eu-152"
1880.466, "Eu-152"
1334.404, "Eu-152"
1600.674, "Eu-152"
2974.944, "Eu-152"
1548.066, "Eu-152"
1852.740, "Eu-152"
1136.139, "Eu-152"
1374.448, "Eu-152"
1964.141, "Eu-152"
1974.238, "Eu-154"
1420.143, "Eu-152"
1458.663, "Eu-152"
1791.951, "Eu-152"
1842.015, "Eu-152"
1615.934, "Eu-154"
3311.140, "Eu-152"
2212.551, "Eu-152"
2087.652, "Eu-152"
2065.365, "Eu-154"
1946.453, "Eu-152"
2743.339, "Eu-152"
2099.173, "Eu-152"
3545.821, "Eu-152"
2383.855, "Eu-154"
2296.932, "Eu-152"
2509.493, "Eu-152"
2447.714, "Eu-152"
2528.462, "Eu-152"
2540.109, "Eu-152"
2719.570, "Eu-154"
3478.525, "Eu-154"
3977.048, "Eu-152"
3411.336, "Eu-152"
3528.489, "Eu-152"
4170.528, "Eu-152"
3722.733, "Eu-152"
4358.156, "Eu-154"
404.593, "Eu-152, Backscatter"
108.685, "Sm X-rays"
123.903, "Sm X-rays"
3987.438, "K-40 , (Bkgd)"
7133.809, "Th-232(d),(Bkgd)"
187.796, "Au XRF,(Detector)"
212.594, "Au XRF, (Detector)"
1053.849, "Double,Escape"
234.638, "Backscatter"
$ENDRECORD:
