$SPEC_ID:
PeakEasy Library File: Eu-152 IdentiFINDER (NaI) 7.13 microCuries 25 cm bare
$MEAS_TIM:
60000.00000 60181.00000
$DATE_MEA:
1/20/2008 9:42:08 AM
$DATA:
0 1023
0
0
0
0
0
0
8257
76871
68349
75859
115708
213873
433224
816152
1227857
1371132
1145855
762146
446742
256749
170791
148460
155166
177231
205957
238566
271228
298757
323191
346966
361183
363861
356866
344378
334062
338827
363823
423755
522840
647461
769462
840136
832327
746002
618192
486480
378599
306450
267074
249286
242628
240695
239062
237494
235831
231358
227475
224033
218491
214261
210339
204619
200709
196107
191104
187598
184305
181092
178181
176085
173997
171893
171856
171502
172274
174854
179571
186597
194488
203327
209227
213429
212806
208946
199736
187472
172678
157226
142475
130041
119202
110600
104224
99413
95329
92662
90615
88421
86998
86159
84481
83898
83801
85715
88372
92861
100549
111003
123691
139888
157033
174968
192207
207511
219334
227142
228770
225288
215587
201303
184272
165597
145133
126886
108672
93344
81527
71627
64535
59427
56000
53404
51988
51287
51390
51190
51564
51313
51786
51826
51607
51760
51934
51470
51222
50946
50814
50199
49904
48843
48083
47218
46181
44926
43439
42009
40430
39201
38172
37058
36149
35696
35143
34860
34338
34146
33739
33495
33211
33268
33003
32522
32004
31858
31705
31241
31346
31081
30899
30687
30879
30672
30157
30114
30195
29979
29826
29847
29716
29499
29495
29153
29596
29426
28828
28510
28263
27801
27706
27661
27044
26861
26625
25929
25360
25551
25122
25110
24511
24284
24114
24412
24220
24288
24197
24100
24381
24412
24184
23928
23967
24343
24282
24657
24661
24536
24872
24817
24782
25177
25057
25125
24910
24958
24669
24694
24620
24689
24633
24641
24465
24667
24529
24822
25278
25564
25606
25823
26998
27631
28385
29490
30305
31638
32411
33560
34667
35597
36088
37053
37300
37423
37249
37320
36688
35897
35503
34140
33351
32495
31131
29764
28649
27627
26239
25182
24720
24093
22877
22697
22220
21927
21692
21531
21352
21246
21081
20666
20706
20757
20337
20285
19959
19431
19209
19055
18586
18143
17616
17287
16852
16700
16792
16597
16277
16416
16604
16890
17085
17272
17726
18426
18991
19766
20261
21013
21653
22152
22837
23476
24129
24448
24468
24580
24513
24255
24411
23720
22969
22414
21917
21196
20410
19505
18776
17628
17164
16474
15759
15069
14733
14015
13733
13574
13302
13265
13233
13618
13677
14095
14314
15055
15715
16315
17166
17700
18710
19728
20345
21252
22353
23282
23834
24204
25434
25934
26331
26780
26661
27149
26961
26548
26439
26077
25577
24697
24100
23194
22405
21541
20383
19087
18407
17088
15958
15190
14249
13168
12557
11786
11102
10285
9620
9137
8627
8040
7768
7482
7037
6718
6417
6296
6155
5833
5609
5536
5241
5212
5005
4850
4763
4713
4540
4369
4298
4200
4159
4076
4003
3926
3807
3674
3641
3648
3561
3554
3462
3346
3309
3330
3284
3234
3231
3227
3100
3153
3089
3052
3035
2956
3029
3136
3127
3131
3230
3393
3484
3525
3650
3948
4174
4368
4838
5172
5505
6015
6359
6738
7274
7665
8336
8798
9260
9775
10016
10467
10681
11418
11739
11717
11937
12038
12074
12175
12046
11866
11515
11423
11053
10508
10331
9989
9396
9043
8446
8099
7680
7087
6805
6317
5845
5347
4975
4629
4236
4035
3710
3487
3230
2989
2719
2660
2439
2262
2080
2028
1907
1770
1650
1523
1448
1358
1286
1275
1205
1164
1101
1051
945
956
1011
916
803
833
769
770
770
722
668
637
633
602
631
602
581
559
487
510
480
514
488
460
423
437
447
396
395
388
384
361
367
345
351
363
341
309
322
299
280
316
285
281
273
265
293
271
283
248
245
258
256
246
250
251
254
270
264
250
241
262
241
244
247
250
235
266
260
236
236
264
236
241
218
232
246
236
257
228
215
218
234
213
197
180
192
175
178
166
171
195
175
179
169
178
174
172
164
146
143
153
150
152
134
134
129
127
127
125
127
107
136
122
126
120
137
115
108
110
100
121
114
99
126
104
102
111
124
127
110
107
108
120
117
97
116
108
106
106
124
125
112
120
115
88
82
92
100
103
97
102
104
91
110
95
117
103
86
111
99
111
100
99
111
111
110
97
112
94
105
126
112
105
106
115
126
101
100
129
108
116
121
117
128
134
134
121
117
118
125
126
121
124
137
129
122
113
133
119
125
113
108
113
109
119
123
99
100
108
105
101
106
116
127
130
128
122
112
120
122
101
101
108
113
112
117
119
109
128
91
98
100
101
106
99
100
99
100
95
98
104
98
91
89
80
99
81
92
100
101
82
89
78
79
74
99
77
71
80
65
68
55
60
74
71
69
70
60
72
65
59
54
63
62
57
66
66
53
66
58
52
50
52
62
49
50
47
48
52
46
46
45
43
51
43
48
46
35
50
52
36
37
39
54
50
45
54
39
36
46
48
56
63
58
51
59
61
58
49
58
61
50
64
61
78
75
66
66
82
99
88
85
91
99
107
98
89
96
110
106
99
103
98
86
114
98
99
80
84
84
103
95
87
90
79
74
69
70
81
69
73
60
68
62
57
47
50
37
42
41
27
36
30
29
23
33
29
29
29
22
23
23
22
18
15
18
19
23
17
20
19
17
16
16
20
20
16
23
21
13
20
4
13
12
15
9
12
15
10
20
14
14
16
15
17
9
13
12
12
15
12
13
9
12
13
9
13
13
13
7
14
7
15
6
18
6
12
11
7
6
13
12
13
7
13
17
8
7
14
15
10
8
12
11
7
13
11
10
14
10
14
8
11
11
8
8
13
9
9
3
10
14
7
12
7
13
7
13
16
13
6
7
10
11
5
18
12
9
10
11
7
9
10
15
7
8
8
8
3
0
0
0
0
0
0
$ENER_FIT:
-3.766 3.036186 -3.71941e-004 7.67205e-007 -3.84890e-010
$MCA_CAL:
5
-3.766 3.036186 -3.71941e-004 7.67205e-007 -3.84890e-010
$PEAKLABELS:
41.455, "Eu-152"
115.955, "Eu-152"
81.959, "Eu-152"
149.250, "Eu-152"
261.643, "Eu-152"
191.188, "Eu-152"
369.865, "Eu-152"
323.440, "Eu-152"
14.844, "Sm X-rays"
471.997, "Eu-152, K-40 (Bkgd)"
861.519, "Th-232(d), (Bkgd)"
$ENDRECORD:
