$SPEC_ID:
PeakEasy Library File: Eu-152 Interceptor (CZT) 6.92 microCuries 25 cm bare
$MEAS_TIM:
62794.70000 62853.10000
$DATE_MEA:
8/18/2008 2:53:08 PM
$DATA:
0 1023
0
0
0
0
0
0
0
0
0
0
0
0
0
0
4516
5781
5378
5351
5771
7111
9471
13105
18407
25753
34462
43102
49977
50470
43353
33102
23458
16321
11414
7225
4337
2715
2151
2064
2203
2290
2356
2550
2664
2809
2954
3038
3280
3383
3766
3945
4101
4419
4589
4790
5062
5525
5989
6169
6397
6353
6103
6027
5934
5755
5768
5651
5722
5707
5768
5905
6124
6441
6866
7267
8037
9062
10262
11985
13813
17311
21168
25187
26384
22455
15386
8632
4522
3060
2664
2451
2436
2461
2475
2374
2521
2411
2567
2544
2538
2650
2521
2496
2492
2447
2360
2344
2255
2287
2211
2145
2096
2099
2014
1928
2002
1946
1861
1852
1873
1785
1823
1736
1722
1681
1624
1587
1569
1545
1519
1511
1435
1467
1371
1358
1364
1308
1358
1342
1232
1299
1292
1214
1213
1240
1277
1157
1243
1165
1143
1145
1146
1078
1146
1130
1195
1206
1244
1287
1371
1421
1616
1660
2063
2123
2182
1930
1493
1109
888
691
669
674
617
643
637
655
572
564
577
583
545
576
547
554
520
533
562
525
522
512
476
529
494
550
513
522
527
482
517
540
478
463
489
469
498
504
468
487
493
539
516
512
518
560
562
631
646
592
699
762
772
832
863
901
1011
1183
1336
1526
1850
2065
2260
2041
1721
1101
687
432
309
285
259
271
283
251
267
272
276
288
254
263
235
227
232
219
222
227
220
231
235
227
218
233
246
244
226
200
199
228
237
232
234
254
234
263
245
316
290
313
291
277
218
219
199
226
162
194
185
230
192
213
228
227
253
244
218
291
254
270
275
279
250
246
225
189
181
201
177
178
197
167
153
171
143
171
153
166
179
174
160
177
168
160
160
188
183
167
163
190
194
184
167
151
161
162
153
148
181
171
166
158
165
185
162
138
168
175
160
145
146
159
137
148
171
151
154
153
142
142
151
155
136
132
140
162
159
152
191
158
159
152
149
134
165
155
145
156
154
159
168
165
172
149
147
140
155
130
129
153
149
132
138
133
114
127
157
126
115
120
121
121
120
133
108
123
113
126
136
124
120
117
143
126
125
128
111
105
119
134
116
120
99
109
104
99
117
122
122
132
115
97
136
117
123
123
118
106
112
121
112
111
134
109
119
122
128
131
101
114
121
111
144
120
136
119
115
118
111
113
129
117
122
123
118
133
139
123
107
114
107
120
105
101
127
114
113
125
113
122
107
113
126
121
107
114
106
111
127
129
114
103
106
124
91
120
109
121
113
115
118
117
116
120
123
127
101
117
115
131
124
110
114
159
128
137
107
153
121
167
157
174
178
159
172
172
174
137
120
103
89
81
85
85
71
71
72
70
87
94
80
88
82
76
89
73
74
89
66
79
89
78
80
90
84
80
96
89
85
93
84
90
84
82
91
90
68
91
61
81
93
88
79
80
83
84
77
95
103
89
89
94
89
96
90
91
86
77
79
77
65
87
80
62
62
59
61
52
58
57
53
58
52
64
28
47
47
57
49
40
57
54
55
49
46
45
59
45
53
41
77
48
47
50
49
44
50
60
67
59
61
66
61
73
44
49
50
59
72
63
63
82
63
79
86
101
97
104
98
107
81
62
60
47
40
44
39
43
36
43
36
46
54
34
34
47
32
38
48
37
50
25
41
37
42
34
32
35
37
36
33
46
45
32
28
41
36
34
22
41
35
46
36
35
47
38
43
37
34
43
40
34
32
28
41
36
45
44
42
53
51
46
44
36
53
45
54
46
38
56
67
63
69
79
61
58
54
83
59
80
92
78
82
60
64
40
59
57
65
53
51
67
57
62
67
66
80
74
61
58
50
39
38
31
34
31
23
35
27
33
25
30
35
26
22
24
23
29
23
24
35
26
31
28
24
26
28
24
23
25
42
24
39
21
31
34
26
24
30
28
20
25
22
24
15
25
22
16
22
19
16
14
14
10
9
12
13
11
8
18
20
9
9
10
9
11
9
11
12
14
7
10
11
8
8
8
2
10
6
10
10
6
4
4
8
8
5
8
5
8
3
6
6
7
6
5
8
8
10
12
12
6
5
6
3
10
11
4
7
6
0
9
5
6
8
5
14
4
3
7
10
11
15
12
8
6
7
4
3
9
1
0
6
5
6
1
10
6
3
8
4
7
1
11
11
4
13
4
5
7
5
2
7
6
8
11
10
10
13
9
9
6
8
6
2
9
10
14
7
7
14
15
15
16
6
15
15
12
16
10
21
18
20
22
23
27
22
22
30
22
28
33
32
32
26
26
30
29
19
21
6
6
13
4
5
3
3
1
2
3
3
2
0
4
0
1
3
1
2
1
2
5
4
1
0
3
6
1
4
2
2
0
4
1
3
0
2
0
1
0
0
0
0
2
3
1
0
0
0
4
0
0
1
0
0
1
0
1
4
1
1
1
0
0
1
0
2
0
1
3
1
0
0
4
1
2
2
0
$ENER_FIT:
3.106 1.423930 3.92591e-004 -6.76166e-007 3.62287e-010
$MCA_CAL:
5
3.106 1.423930 3.92591e-004 -6.76166e-007 3.62287e-010
$PEAKLABELS:
81.850, "Eu-152"
230.304, "Eu-152"
163.803, "Eu-152"
275.826, "Eu-152"
295.176, "Eu-152"
245.003, "Eu-152"
516.906, "Eu-152"
643.525, "Eu-152"
578.633, "Eu-152"
727.277, "Eu-152"
742.630, "Eu-152"
940.485, "Eu-152"
26.581, "Sm X-rays"
57.063, "Backscatter"
99.234, "Backscatter"
$ENDRECORD:
