$SPEC_ID:
PeakEasy Library File: Ge-68, Detective EX-200 (HPGe), 0.75 uCi @ 24 cm
$MEAS_TIM:
58284.18000 59219.20000
$DATE_MEA:
26-May-2015 20:54:20+00:00
$DATA:
0 8191
0
0
0
0
0
0
0
0
0
0
0
1
0
0
0
0
0
0
0
1
1
0
0
0
1
0
0
1
1
2
1
2
4
8
9
8
20
18
504
9664
19936
20405
20150
19933
20062
19902
19547
19933
19547
19389
19232
18978
19162
19048
18784
18736
18656
18809
18652
18509
18277
18441
18498
18189
18250
17732
18110
18111
18007
17853
17955
17839
17842
17795
17506
17530
17540
17359
17408
17389
17418
17228
17137
17179
17118
17002
17065
17199
17101
17080
16739
16850
17022
16965
16977
16709
16987
16934
16850
16848
16654
16863
16830
16749
16468
16770
16695
16726
16402
16556
16708
16569
16704
16515
16735
16627
16371
16433
16354
16377
16400
16231
16588
16304
16450
16383
16448
16563
16157
16348
16251
16268
16312
16350
16509
16443
16522
16352
16384
16331
16198
16618
16711
16430
16627
16372
16367
16352
16446
16728
16669
16623
16611
16857
16626
16752
16793
16772
16800
16957
16965
16969
17073
17136
17019
17054
16991
17047
17418
17565
17402
17615
17622
17784
17437
17705
17766
18077
17991
18234
18914
19916
20470
19907
19288
20120
21651
22827
21147
19402
18618
18564
18577
18667
18403
18703
18628
18882
18951
19206
18870
19198
19629
20223
19875
19448
19421
19845
20456
21062
21698
21644
21166
20493
19916
19735
20079
20054
20139
19749
19970
19404
19504
19549
19627
19875
19677
19919
20031
20139
20190
20408
20037
20372
20364
20314
20801
20794
20688
20767
20253
20554
20948
21059
21143
21192
21095
20933
20965
20988
21414
21812
22009
21671
21738
21520
21473
21282
21435
21513
21246
21349
21621
21735
21972
21879
21562
21912
21905
21856
21875
22092
22350
22084
21943
22110
22487
22201
22450
22339
22843
22391
22422
22443
22750
23127
23068
22787
22784
22953
22604
22860
23206
22958
23205
23280
23433
23445
23282
23427
23418
23725
23264
23645
23513
23501
23684
23328
23718
23575
23623
23536
23710
23712
23889
24284
23734
23994
24206
24049
24034
24160
24091
24123
24038
24328
24061
24236
24124
24249
24457
24392
24379
24406
24389
24079
24579
24512
24596
24593
24542
24788
24647
24491
24534
24398
24615
24436
24836
24489
24503
24884
24842
24512
24433
24757
24686
24390
24358
24234
24391
24580
24303
24412
24551
24633
24449
24379
24317
24362
24451
24284
24318
24415
24665
24242
24083
24276
24375
24290
24342
24354
23973
24399
24118
24185
24348
24135
24287
24211
24269
24510
24222
24269
24169
23988
24027
23848
24136
24069
23992
23780
23971
23880
23629
23980
24093
23961
24073
23906
23801
23804
23703
23823
23783
24059
23799
23608
23557
23628
23746
23704
23491
23537
23684
23728
23440
23861
23656
23508
23223
23412
23514
23427
23571
23548
23487
23071
23524
23445
23305
23378
23570
23326
23413
23288
23627
23463
23619
23412
23650
23588
23812
23837
23514
23455
23697
23855
23966
24268
24495
24830
24964
25681
25820
26156
26467
26433
26620
26866
26848
26807
26913
26968
26829
26822
26804
26724
26353
26183
26239
26468
26334
26058
26118
25889
25700
25634
25571
25484
25436
25362
25426
25067
25265
24915
24986
24743
24616
24525
24646
24211
24239
24542
24178
24820
25066
25119
24951
24047
23719
23540
23328
23411
23451
23280
22868
23008
22676
22715
22729
22532
22676
22702
22346
22556
22393
22169
22144
21972
22004
22034
21833
21688
21837
21925
21565
21451
21415
21400
21474
20978
21094
20973
21035
20891
21295
20786
20693
20720
20777
20732
20478
20507
20708
20270
20108
20079
20292
20223
20246
19824
20132
19866
19734
19903
19715
19424
19667
20022
19990
20060
19816
19462
19344
19214
19072
19364
19135
18973
19018
18962
18961
18927
18627
18733
18687
18522
18574
18419
18662
18401
18357
18472
18444
18360
18294
18347
18079
18234
18008
18226
18377
17939
17920
17790
18066
18164
17746
17749
17820
17793
17698
17486
17629
17500
17363
17597
17533
17476
17317
17552
17400
17350
17340
17216
17150
17090
17231
17296
17145
16918
17073
17127
16819
16828
17163
16814
16802
16655
16852
16703
16712
16828
16643
16574
16831
16647
17037
18332
20733
22368
20848
18320
16940
16238
16298
16571
16910
17229
17461
16987
16367
15991
15873
15883
15725
15731
15865
15612
15747
15662
15917
15567
15477
15576
15657
15539
15712
15425
15558
15450
15426
15440
15286
15499
15392
15329
15520
15013
15212
15515
15123
15270
15260
15146
15272
15095
15109
15066
15189
15235
15204
15271
14967
14974
14840
15004
14769
15149
14912
14880
14779
14793
15073
14871
14970
14805
14748
14922
14826
14663
14679
14564
14627
14623
14587
14519
14623
14590
14576
14427
14729
14623
14760
14709
14924
15114
14950
14824
14640
14840
14774
14455
14467
14652
14462
14513
14427
14482
14600
14300
14493
14551
14527
14439
14676
14747
14804
14545
14602
14477
14484
14708
14387
14443
14530
14490
14430
14496
14472
14512
14439
14709
14444
14494
14344
14321
14355
14412
14552
14581
14420
14635
14532
14550
14572
14391
14225
14297
14405
14655
14542
14432
14525
14599
14541
14393
14630
14320
14451
14680
14490
15064
16045
17170
17636
17038
15856
14733
14743
14574
14496
14786
14932
14538
14800
14867
15141
15082
15117
15031
14965
14845
14952
14608
14962
14871
14653
14772
15007
15038
15063
15068
14787
14991
15093
14604
14991
15217
14856
15263
15297
15186
14970
15288
15177
15342
15198
15205
15284
15301
15282
15434
15449
15346
15272
15660
15413
15387
15401
15576
15453
15526
15574
15506
15774
15743
15758
15766
15816
15809
15655
15718
15641
15743
15871
15867
15907
16113
16116
15757
16020
15917
16116
15926
16177
16112
16078
16145
16281
16240
16425
16290
16310
16472
16484
16388
16186
16314
16470
16435
16487
16393
16400
16049
16235
16135
16269
16290
16262
16028
16200
16098
16072
16007
15782
15864
15823
15964
15530
15740
15774
16306
16324
16158
15099
14430
14197
13886
13905
13102
12777
12779
12549
12249
12063
11808
11707
11413
11434
11244
11011
10972
10935
10617
10508
10494
10388
10345
10186
9941
9859
10035
10059
9809
9823
9933
10630
12130
14228
15346
14170
11718
10135
9446
9266
9257
9146
9258
9025
8737
8879
8806
8912
8825
8770
8745
8572
8642
8552
8426
8458
8361
8370
8308
8241
8286
8235
8317
8143
8341
8014
8179
8064
8000
7891
7785
7831
7815
7724
7703
7847
7660
7730
7762
7418
7557
7518
7523
7332
7268
7398
7310
7549
7275
7385
7107
7154
7176
7218
7129
7094
7152
6886
6882
6862
6826
6819
6787
6783
6662
6716
6783
6841
6636
6587
6482
6502
6430
6419
6417
6395
6328
6367
6218
6261
6297
6177
6236
6191
6166
6022
5932
6126
6087
5991
5987
5927
5958
5921
5883
5767
5903
5807
5723
5784
5561
5664
5524
5739
5556
5545
5562
5705
5486
5425
5307
5466
5407
5462
5239
5328
5143
5391
5274
5274
5299
5132
5054
5079
5038
5134
5138
4949
4935
5073
4887
5043
4909
4946
4886
4845
5048
5016
4854
4845
4735
4770
4788
4606
4712
4690
4771
4651
4606
4628
4647
4802
4695
4577
4476
4479
4478
4544
4448
4375
4414
4387
4338
4381
4367
4351
4304
4352
4281
4279
4279
4254
4302
4207
4307
4201
4095
4306
4270
4208
4270
4143
4137
4188
4104
4123
3992
4133
4175
4118
4120
4127
4096
4123
4027
4049
4087
4075
4076
4129
4022
4044
3994
3972
4139
3938
3855
3862
3823
3871
3854
3969
3870
4037
4013
3956
3904
3807
3809
3774
3859
3869
3839
3771
3826
3859
3787
3754
3915
3836
3962
3997
3915
3957
3915
3780
3888
3720
3719
3720
3779
3782
3712
3818
3848
3813
3679
3652
3740
3794
3813
3696
3695
3838
3756
3737
3783
3692
3726
3684
3668
3596
3661
3764
3688
3601
3645
3703
3613
3741
3597
3643
3573
3640
3697
3702
3573
3662
3589
3537
3504
3458
3625
3563
3524
3495
3580
3610
3427
3427
3523
3481
3528
3422
3532
3690
3782
3943
3786
3772
3503
3479
3399
3444
3393
3329
3418
3342
3416
3424
3320
3369
3384
3309
3475
3393
3338
3456
3394
3380
3342
3326
3354
3300
3264
3306
3305
3311
3357
3314
3241
3310
3163
3218
3218
3334
3217
3308
3304
3236
3242
3269
3172
3248
3272
3268
3168
3181
3192
3168
3090
3170
3084
3181
3104
3212
3154
3093
3113
3077
3117
3202
3144
3275
3151
3138
3162
3123
3239
3092
3081
3090
3088
3099
3116
3129
3251
3096
3134
3154
3116
3080
3222
3098
3019
3092
3118
3053
3200
3132
3111
3046
3065
3211
3072
3044
3057
3044
3170
3178
3205
3108
3264
3172
3226
3273
3403
3314
3375
3425
3475
3547
3785
3824
4141
4514
5256
6518
9132
13618
23003
40425
70589
118598
187930
276981
375702
463853
517431
514617
457446
363945
265568
176901
109497
64235
35409
19275
10698
6342
4269
3083
2550
2156
1924
1683
1686
1625
1599
1506
1501
1482
1499
1488
1404
1474
1460
1493
1394
1401
1492
1364
1402
1456
1344
1396
1400
1390
1330
1338
1381
1348
1358
1410
1410
1343
1350
1373
1319
1348
1369
1356
1309
1354
1352
1335
1335
1374
1381
1289
1375
1377
1383
1391
1303
1342
1343
1345
1369
1320
1356
1330
1353
1263
1276
1258
1405
1304
1384
1284
1277
1392
1348
1337
1301
1329
1306
1322
1368
1266
1289
1347
1248
1226
1240
1310
1322
1251
1350
1299
1314
1330
1258
1312
1286
1292
1256
1284
1305
1232
1282
1324
1250
1222
1277
1297
1316
1267
1329
1238
1316
1259
1235
1285
1253
1262
1200
1302
1293
1224
1237
1227
1159
1240
1235
1307
1200
1286
1312
1374
1255
1302
1301
1204
1266
1298
1259
1194
1253
1222
1246
1178
1206
1176
1207
1233
1163
1245
1209
1243
1260
1183
1289
1293
1196
1211
1189
1260
1222
1153
1155
1242
1158
1172
1208
1229
1203
1174
1135
1206
1249
1279
1362
1394
1348
1250
1278
1281
1189
1264
1256
1242
1580
2135
3076
3934
4195
3387
2421
1644
1312
1192
1146
1159
1162
1153
1092
1086
1145
1113
1160
1126
1126
1135
1091
1120
1083
1074
1070
1180
1148
1157
1108
1155
1108
1175
1100
1048
1151
1102
1086
1098
1114
1099
1079
1065
1118
1180
1149
1070
1074
1057
1071
1078
1128
1100
1152
1043
1066
1110
1084
1081
1094
1094
1099
1097
1120
1116
1073
1097
1081
1107
1176
1506
2425
4086
5749
6835
5965
4032
2452
1486
1216
1031
1044
1094
1058
1090
958
993
1045
1035
1045
1024
1011
1086
1026
1032
1013
954
1057
1015
1024
1022
1018
1020
1008
959
1030
951
1009
1010
987
997
958
995
1034
993
989
972
964
1026
970
1051
973
971
1008
934
980
1021
1027
981
988
1021
1013
1027
988
967
949
945
919
926
980
955
981
945
908
960
968
951
1009
966
902
964
972
951
963
991
923
952
934
965
998
1017
930
970
961
960
963
940
984
990
924
902
972
921
966
909
943
1002
978
972
969
973
989
911
948
923
941
922
933
942
870
970
920
967
890
959
989
986
1002
955
921
937
930
940
896
894
908
937
939
915
913
925
953
916
893
918
908
990
944
947
958
953
925
928
908
946
948
1052
1140
1105
1101
1023
940
951
915
936
907
900
900
933
934
963
909
927
936
925
872
959
933
982
911
976
906
919
889
920
906
888
893
937
937
943
933
940
945
969
942
923
961
985
1056
994
983
999
1025
1010
925
930
943
981
967
949
963
940
885
900
835
920
896
890
905
944
910
879
907
889
884
867
880
884
933
900
836
853
860
877
902
878
885
927
899
880
914
808
862
917
942
823
890
895
835
833
887
881
898
846
896
918
864
926
937
909
869
873
872
915
882
863
817
842
880
847
860
879
884
862
869
858
812
888
832
839
853
821
836
772
791
810
794
859
811
813
909
775
811
798
830
852
810
804
789
873
833
804
843
858
863
870
821
845
810
829
826
827
823
808
845
844
795
895
864
810
893
864
983
1123
1334
1477
1415
1221
1097
942
825
803
805
815
802
757
813
744
776
818
784
754
776
821
816
796
791
791
798
809
773
811
804
757
779
801
795
750
774
751
805
752
778
798
793
801
884
820
821
799
743
822
808
759
759
764
852
807
787
781
820
772
776
782
816
787
753
760
752
833
761
824
743
717
768
791
823
810
810
792
766
859
882
815
788
807
711
750
730
723
774
803
730
763
745
793
766
787
742
742
779
788
774
746
817
799
811
736
705
791
785
852
830
825
907
994
1113
1277
1279
1131
939
841
759
752
743
783
773
854
857
908
778
782
788
751
771
740
759
755
714
697
751
736
710
731
698
717
721
697
721
723
702
685
753
763
744
702
779
714
699
706
713
740
764
828
956
915
819
795
808
748
777
694
723
716
718
710
706
727
700
740
679
707
657
738
713
707
769
800
973
954
1047
1013
939
848
755
716
714
720
707
675
655
696
678
681
651
654
743
714
667
719
703
689
738
686
716
681
757
788
902
969
1045
1093
977
838
736
748
717
757
725
675
671
702
648
703
721
693
670
728
680
711
690
667
689
706
683
727
676
654
628
645
687
681
634
718
743
686
682
714
687
663
686
664
673
700
727
722
714
679
701
675
697
647
745
663
645
653
688
694
658
674
674
682
750
692
670
681
713
748
700
705
684
697
698
715
701
648
632
689
724
747
808
810
799
789
736
733
703
733
676
690
782
755
804
834
738
794
694
674
652
674
702
679
650
679
709
615
660
655
671
715
735
723
713
696
743
720
646
643
695
711
690
664
639
666
616
684
694
664
675
685
663
687
690
686
664
678
656
681
685
680
713
734
652
697
686
682
757
858
938
1024
1021
878
817
739
693
645
659
674
671
648
656
672
643
672
608
671
654
616
664
637
640
641
608
686
659
727
686
644
633
591
644
612
596
589
633
649
657
638
640
656
615
604
634
618
612
630
605
602
612
619
615
588
615
645
607
621
565
589
624
585
639
614
573
611
636
570
644
599
628
592
632
592
632
607
565
606
562
589
593
576
596
566
607
536
572
607
586
668
588
572
611
602
611
609
595
537
614
599
600
585
614
567
584
553
595
623
560
597
591
609
568
559
557
596
575
613
599
623
671
644
622
623
577
576
550
561
559
596
614
535
587
581
642
767
931
1470
2099
2518
2773
2329
1710
1123
787
623
567
543
552
508
559
540
555
545
550
541
557
617
591
563
511
589
543
524
517
575
494
538
557
513
543
538
550
543
545
547
552
489
562
497
543
523
552
492
550
488
537
534
537
556
578
517
543
515
541
533
493
564
508
625
706
822
856
888
765
668
586
528
511
481
544
535
480
491
513
529
519
533
501
497
543
522
517
534
462
526
489
527
515
521
510
531
522
520
520
509
485
554
530
533
541
586
581
582
560
580
632
545
613
582
558
535
545
544
524
467
484
482
522
468
500
447
511
473
493
486
482
476
482
516
529
459
513
521
483
508
548
504
526
475
509
531
583
642
799
838
913
896
805
684
536
521
533
649
816
1061
1531
1642
1711
1478
1148
816
608
486
504
477
482
475
493
448
481
488
464
454
497
475
469
473
476
511
472
464
545
440
486
433
482
444
470
447
495
439
467
478
417
502
435
451
487
498
426
445
442
459
478
456
440
501
469
465
493
470
476
456
466
497
440
453
479
465
443
441
447
470
479
421
480
415
457
424
454
468
491
441
431
449
477
455
417
508
438
475
507
547
585
573
552
534
485
471
441
498
439
441
426
459
461
482
419
457
467
488
456
462
446
461
463
466
466
449
459
444
469
466
452
413
463
453
467
440
442
441
438
437
416
446
449
491
448
450
499
447
439
446
460
467
465
461
483
455
451
446
463
447
484
440
473
439
459
431
418
459
422
453
406
477
403
427
420
427
457
429
426
425
469
436
409
476
439
449
460
437
459
467
444
459
464
442
456
443
444
458
414
434
455
408
474
441
458
447
403
405
482
402
426
421
426
459
401
416
438
422
426
448
422
433
423
423
437
461
446
429
439
425
403
437
400
445
411
425
410
488
450
437
496
492
472
476
453
462
433
424
446
437
442
453
432
397
414
465
477
438
423
432
421
453
408
438
413
431
413
456
432
477
442
415
420
481
440
449
419
446
438
421
451
450
447
448
409
467
471
441
438
485
445
439
422
463
470
429
441
427
432
432
422
437
470
451
608
934
1645
2857
4506
6126
6668
6091
4494
2782
1520
857
555
481
444
438
418
432
436
381
457
436
372
406
410
435
408
426
430
442
414
447
394
448
426
407
396
402
417
417
429
374
439
399
438
401
441
428
415
404
406
437
451
409
436
413
424
401
420
476
421
418
444
427
436
361
476
397
393
422
420
408
419
418
451
445
452
438
428
401
425
399
419
422
442
466
423
442
429
440
420
393
421
417
426
456
459
408
419
429
394
434
415
421
381
403
412
389
420
488
440
438
417
446
376
412
438
456
507
684
958
1350
1671
1873
1842
1378
1055
688
479
464
413
397
447
405
431
413
400
427
403
441
413
425
391
457
431
430
421
420
450
434
411
426
407
434
421
449
390
430
442
411
402
435
401
444
419
393
383
391
414
398
419
404
372
408
437
418
398
434
430
441
404
377
437
429
406
381
373
410
430
422
396
420
413
398
378
437
430
371
422
436
429
419
422
408
347
430
454
444
436
403
416
412
390
459
479
484
524
578
560
528
537
520
466
433
435
435
438
424
428
392
428
443
417
418
413
407
414
419
410
411
407
383
441
454
426
436
389
393
408
426
436
441
393
389
461
427
450
416
421
448
382
412
426
435
438
403
398
458
497
426
440
435
403
427
370
418
437
444
388
425
410
423
395
399
430
424
410
404
408
429
464
469
388
466
446
439
465
438
437
423
430
441
421
469
445
410
437
406
406
418
438
469
423
433
425
403
432
402
423
437
447
390
454
408
430
452
436
454
421
443
433
398
454
412
457
452
449
405
426
428
435
443
421
434
435
401
463
461
425
408
420
459
452
429
425
414
462
457
464
463
460
500
440
455
475
497
433
470
439
448
439
428
414
457
438
404
426
429
457
439
399
458
430
472
426
417
413
432
448
456
451
448
433
448
484
438
431
429
436
429
422
409
445
426
463
452
471
425
461
461
457
436
454
419
416
439
421
471
455
421
460
458
414
478
431
448
480
430
424
432
477
452
425
467
434
459
444
443
463
477
497
562
660
780
908
946
900
792
632
539
454
437
409
444
390
412
401
393
428
375
403
383
423
394
374
377
421
375
455
399
384
388
370
354
348
358
352
347
378
336
319
311
359
376
341
356
340
335
391
341
321
346
345
290
335
341
338
320
355
329
338
310
341
348
352
438
432
451
459
414
412
349
371
340
326
314
284
298
303
329
296
330
303
338
321
315
285
336
322
298
281
329
320
298
316
294
310
341
344
308
318
321
298
336
318
309
298
306
307
333
283
311
326
279
302
284
280
295
315
358
353
422
433
397
368
339
321
317
297
308
280
291
315
273
303
333
305
307
303
304
288
290
243
293
294
282
284
288
258
272
263
291
303
277
285
237
295
264
252
279
285
285
272
261
313
264
307
242
284
268
276
267
287
281
282
274
263
281
264
252
259
279
289
289
263
286
273
265
257
254
262
235
253
266
259
249
243
241
267
232
252
289
238
244
270
228
265
251
248
228
263
261
233
240
253
233
258
236
246
260
249
258
240
238
250
230
230
221
218
244
265
251
234
239
239
239
248
241
216
236
235
228
244
231
201
231
266
240
202
241
229
231
234
245
246
234
255
246
208
259
285
244
249
268
218
255
251
237
212
230
226
208
214
219
203
207
230
226
204
208
212
201
224
208
188
228
209
183
201
253
228
203
222
213
193
209
196
206
202
207
214
199
209
203
224
212
189
194
204
192
204
197
190
196
192
200
229
195
201
194
175
180
172
171
220
176
190
196
201
218
184
189
168
207
216
144
190
160
180
192
199
202
213
210
171
193
188
199
162
189
185
165
160
174
185
187
197
173
161
192
192
172
182
182
181
178
212
191
175
194
186
186
178
173
184
195
187
191
175
190
192
206
281
359
397
446
479
481
392
347
252
216
190
167
187
157
180
158
156
173
160
168
170
196
195
212
237
210
221
219
184
174
179
159
170
150
162
159
147
163
164
164
162
175
173
177
160
148
165
178
152
155
160
149
165
174
147
168
169
153
160
171
173
159
173
174
166
180
202
252
274
255
314
230
207
170
164
194
144
176
165
172
134
178
187
245
255
303
332
341
348
294
226
222
182
164
180
157
141
150
156
162
140
159
148
164
170
166
174
161
143
142
172
138
150
166
135
148
157
156
154
151
165
135
169
174
149
163
165
167
126
148
121
146
162
158
162
154
158
182
153
132
179
157
141
147
160
164
161
167
151
142
139
139
171
148
150
158
147
174
143
171
159
162
161
151
171
170
143
158
139
157
164
165
144
139
159
137
180
149
154
161
133
146
140
157
162
157
151
170
169
134
138
151
142
137
158
171
157
153
147
148
165
137
153
130
152
150
146
160
144
147
159
176
157
154
165
156
149
161
176
173
205
214
220
274
525
988
2078
3946
6818
9935
13019
14365
13545
10655
7413
4302
2110
989
414
187
135
93
104
101
99
82
97
96
102
91
91
91
94
82
99
99
96
101
82
100
98
98
83
96
89
93
80
86
96
96
78
106
105
75
82
102
88
103
94
103
87
86
90
104
94
73
113
96
101
92
94
94
94
95
94
96
88
92
100
73
106
104
101
97
108
95
81
85
87
86
93
83
102
86
81
110
90
79
74
97
80
110
101
122
141
148
159
152
135
132
114
114
94
108
90
94
86
99
102
132
90
114
122
126
92
113
105
100
92
87
86
92
77
109
106
92
102
112
94
125
186
202
245
273
253
228
177
167
127
108
110
109
99
135
119
101
107
92
100
104
85
83
92
102
71
86
82
90
85
97
85
98
88
82
83
99
92
78
81
95
86
73
79
81
90
84
85
85
80
98
96
99
96
98
80
95
84
94
99
99
109
87
74
88
98
97
117
70
101
87
108
94
87
77
101
111
90
106
88
82
110
88
122
125
107
105
116
92
96
95
89
64
82
113
90
111
105
117
113
107
86
82
94
85
81
84
82
79
75
68
90
85
82
86
89
80
82
72
74
82
77
91
90
84
66
91
78
89
80
84
81
87
86
92
98
82
69
82
73
66
84
63
77
81
79
76
70
79
79
81
80
71
77
80
61
84
74
74
65
72
74
72
90
76
87
76
77
68
80
78
75
68
65
80
96
86
88
82
92
81
73
81
80
77
71
79
65
81
67
98
76
67
71
66
78
79
120
120
106
110
124
106
125
121
147
130
140
152
105
104
68
85
78
95
122
160
174
258
294
296
274
209
151
133
111
118
145
195
240
294
290
257
273
205
159
147
117
102
85
88
84
97
99
73
80
72
89
92
111
104
96
95
69
81
67
75
66
80
70
70
76
54
70
69
65
70
84
59
76
77
71
92
79
75
63
86
84
65
78
77
66
60
94
88
78
66
60
69
83
77
76
74
65
64
71
81
63
71
82
82
75
78
93
94
104
121
153
168
168
160
139
115
75
75
75
72
80
81
75
84
72
93
57
73
71
68
66
65
81
78
91
107
147
159
155
172
164
152
109
80
69
75
69
53
70
59
63
68
72
55
70
84
77
91
89
90
84
77
81
89
68
61
61
57
59
58
74
67
73
54
59
66
63
71
69
66
48
65
60
65
51
51
66
75
65
71
60
76
73
68
67
73
52
60
74
62
70
67
55
59
57
69
65
74
69
59
66
61
77
52
60
67
61
68
91
101
90
142
143
120
139
113
92
75
83
65
57
63
60
60
65
79
72
66
66
61
71
62
53
54
70
57
61
51
40
70
52
52
58
62
53
54
65
53
74
41
62
57
51
36
59
56
70
57
63
57
61
49
75
64
62
75
59
63
69
65
63
65
69
61
78
79
73
69
67
71
65
65
56
57
65
49
65
54
60
56
61
48
47
58
55
73
78
78
68
89
92
87
75
60
63
64
49
55
66
52
62
59
62
39
72
40
56
62
49
60
52
68
63
45
54
58
64
49
61
67
53
57
56
45
52
50
65
60
45
59
54
58
60
53
51
55
51
48
62
59
53
53
52
52
57
58
50
61
53
52
64
55
49
41
39
57
44
56
48
63
63
58
44
66
48
54
60
54
62
62
48
48
55
62
43
49
57
44
62
60
56
57
68
89
96
141
178
231
255
268
266
188
181
136
104
74
59
47
53
67
63
54
50
44
55
64
46
49
48
42
58
64
61
60
47
51
70
62
51
60
52
60
47
54
50
71
55
72
60
72
73
58
67
50
56
63
36
58
50
55
47
58
61
50
45
47
47
54
54
50
63
50
57
50
52
49
60
48
51
45
52
38
50
62
70
56
71
55
47
68
60
58
59
54
46
72
74
116
138
268
433
640
880
1057
1219
1160
1027
741
486
281
163
110
77
58
43
46
58
47
50
59
48
54
48
55
49
59
41
39
58
56
46
47
37
49
36
45
56
62
58
64
60
63
52
44
52
45
58
50
46
48
44
50
54
64
45
52
49
55
47
45
41
49
41
58
32
49
38
40
48
32
54
38
54
46
44
61
48
59
50
42
49
47
48
34
46
42
43
55
39
42
52
36
47
40
42
49
46
54
34
65
50
47
52
46
53
48
48
48
41
54
48
50
45
37
50
64
44
54
39
47
60
50
41
49
53
53
54
56
45
44
52
58
46
42
54
40
51
44
47
47
47
42
43
62
39
47
47
39
44
61
44
47
50
46
37
39
40
38
57
43
43
48
56
48
51
49
42
54
34
50
53
52
58
41
43
52
42
39
38
61
44
44
38
47
50
45
42
57
55
42
37
60
53
55
48
55
49
46
60
47
51
57
57
66
62
81
87
71
62
65
55
48
56
52
61
55
60
40
44
50
45
53
41
65
45
75
77
104
141
185
181
196
169
171
124
91
75
57
48
65
39
49
47
49
50
45
54
41
56
45
39
55
54
44
47
40
45
42
42
44
53
47
49
55
41
36
54
41
36
49
46
37
50
47
47
51
54
43
48
43
60
42
42
42
49
51
47
50
49
51
66
44
48
45
44
37
65
62
52
61
69
57
56
67
56
51
60
49
51
49
57
35
40
40
49
51
44
47
48
50
66
55
62
71
91
112
123
144
160
157
158
134
98
74
68
51
50
54
53
69
48
54
54
51
55
68
43
42
49
62
61
53
59
38
33
44
55
41
51
42
54
59
63
48
49
62
52
37
51
46
54
45
42
44
39
42
38
47
55
45
42
47
41
45
37
46
43
45
45
48
45
43
39
46
50
45
50
49
61
45
52
45
37
51
40
36
56
41
38
60
58
48
44
55
40
41
50
50
41
46
43
46
50
59
50
51
66
35
41
61
51
44
54
53
38
52
36
55
44
33
48
47
49
46
50
44
57
51
49
48
51
43
63
52
50
39
48
56
45
42
52
32
30
52
40
53
44
46
50
44
59
67
49
56
58
53
42
57
56
46
46
42
53
35
45
38
43
35
42
49
54
40
51
39
51
39
33
38
49
44
33
32
47
59
45
42
43
51
41
54
33
55
58
61
46
50
54
54
57
44
52
43
49
42
54
54
47
38
31
39
45
45
32
46
58
47
52
52
48
46
62
43
38
43
51
34
42
43
40
48
40
33
38
50
52
44
44
59
39
48
40
55
53
53
41
48
35
53
38
47
46
43
50
57
51
54
42
46
38
38
38
47
36
56
36
42
43
46
34
46
43
32
29
45
43
38
47
28
37
36
39
35
33
45
39
33
44
59
32
45
31
36
43
39
45
49
42
37
45
40
39
52
40
42
42
41
31
43
45
31
39
37
51
45
44
37
39
39
45
42
50
34
43
44
50
31
46
46
39
28
38
34
34
41
50
39
36
39
49
45
37
48
45
28
26
39
44
41
34
45
32
47
53
32
55
57
52
40
41
32
41
49
51
40
43
32
40
38
42
50
41
44
35
40
31
53
44
32
57
45
35
46
43
48
38
38
55
48
27
45
36
33
42
43
42
31
46
41
41
42
37
46
33
35
49
40
39
37
39
22
38
44
36
49
41
43
52
52
40
30
57
38
41
31
41
38
39
42
49
25
46
38
46
40
40
50
52
43
33
34
29
36
43
31
38
34
48
34
43
40
32
36
35
39
36
37
40
35
48
42
36
27
47
32
31
42
39
34
44
50
42
51
41
45
40
41
36
34
45
35
40
31
36
42
49
34
34
40
48
43
55
35
44
48
34
34
36
43
45
39
34
40
45
37
53
40
52
40
28
36
41
32
46
46
38
32
45
43
34
42
37
37
49
47
35
43
49
35
31
37
39
30
46
45
30
37
47
30
43
40
29
36
41
36
32
37
47
38
29
39
32
44
52
34
34
32
36
34
38
30
27
44
40
47
27
29
39
39
34
24
52
46
50
44
47
53
44
45
34
34
38
45
42
43
46
33
37
42
38
41
52
45
50
40
48
36
46
42
40
49
40
62
55
91
123
131
157
201
226
236
250
217
202
167
148
114
97
74
69
48
66
46
54
47
41
35
46
59
59
54
35
42
38
30
33
45
42
41
30
41
31
30
42
40
52
47
51
63
88
109
107
115
111
84
78
60
73
46
41
52
37
51
49
44
36
35
30
44
42
38
42
39
43
41
40
37
28
40
47
32
40
37
32
41
36
42
36
39
42
40
32
44
34
28
27
38
44
38
34
48
32
58
33
34
39
43
34
35
44
40
44
42
40
41
42
33
49
38
38
35
39
43
33
43
46
29
45
38
42
46
46
31
46
55
42
30
34
44
39
40
50
35
32
38
36
33
25
36
29
35
49
43
38
38
38
37
29
33
32
38
44
43
42
39
40
43
53
41
33
31
38
49
44
30
36
30
42
31
31
40
38
44
39
34
43
40
31
30
43
46
41
28
45
33
35
43
42
35
33
34
39
45
42
38
42
33
36
49
46
40
44
45
41
47
40
54
45
37
31
36
30
40
46
42
35
34
29
26
40
27
34
22
33
41
46
42
31
41
35
43
35
33
47
33
31
35
39
41
37
38
48
29
34
39
48
37
42
53
42
41
40
50
42
35
50
36
45
50
27
36
35
39
53
46
37
53
49
52
69
109
163
218
258
317
367
357
341
267
214
151
97
76
62
52
54
29
51
45
42
33
31
46
48
38
37
38
45
45
41
27
47
42
35
50
41
33
39
24
34
41
32
42
42
40
34
34
43
42
38
37
53
36
52
52
47
44
45
51
51
31
54
36
35
52
46
39
50
45
28
38
39
57
43
47
36
51
42
30
40
40
32
39
46
33
44
36
38
45
32
44
58
37
44
30
46
48
38
32
33
34
35
38
44
42
40
29
36
49
39
40
29
36
44
44
45
41
45
39
35
50
36
39
33
41
44
48
42
40
41
43
26
51
40
29
44
25
42
48
35
49
47
44
37
49
37
35
37
42
40
36
36
30
48
45
35
31
40
48
39
47
36
58
44
33
35
30
40
38
38
48
45
41
45
33
45
46
38
25
50
46
31
35
34
47
52
41
38
32
36
40
34
50
31
36
39
46
42
46
43
43
55
37
42
44
36
43
43
42
42
29
40
38
43
43
35
36
42
48
50
34
45
44
45
43
39
44
42
42
39
50
31
32
47
44
40
35
40
34
36
40
37
44
53
48
47
66
63
53
49
61
62
57
36
46
47
50
54
43
42
44
33
45
45
44
49
45
38
44
43
45
48
50
57
43
50
37
40
39
41
44
36
45
39
41
48
49
39
31
54
35
47
48
44
41
38
42
52
42
39
38
46
40
38
39
45
49
50
35
42
42
43
48
51
41
45
49
55
28
48
52
32
45
45
27
37
52
40
40
41
52
54
37
48
49
60
54
50
51
34
48
52
42
45
54
54
43
58
42
41
41
45
39
41
39
45
54
38
50
44
38
57
48
39
43
47
49
51
37
45
49
45
52
52
36
48
49
40
47
36
48
44
44
51
44
56
48
48
41
45
43
41
60
48
42
49
46
50
39
48
36
55
37
52
36
38
56
40
43
44
51
40
53
43
49
44
53
47
46
42
35
45
43
45
55
49
45
40
42
41
42
43
48
43
42
55
38
55
53
43
63
68
43
49
52
54
65
40
47
44
57
55
57
47
46
47
64
41
58
46
54
53
49
53
41
43
33
46
44
62
54
47
50
56
40
34
38
64
40
57
53
33
47
39
55
37
42
36
49
38
43
29
34
33
31
43
53
39
27
30
30
39
39
23
34
33
37
35
36
35
29
40
38
40
45
33
32
38
32
52
43
34
35
27
40
32
42
34
26
35
44
33
33
36
31
38
43
27
32
31
35
25
31
38
31
33
31
37
20
23
36
34
40
38
34
35
32
26
25
38
33
32
29
19
34
33
37
35
32
31
29
31
37
26
41
23
31
33
27
31
41
22
27
24
42
35
35
39
40
23
31
27
27
27
26
31
28
26
35
31
37
43
35
27
36
24
34
31
31
29
32
21
35
32
25
35
25
25
22
36
32
28
35
26
25
38
26
21
25
26
24
21
24
36
21
27
22
23
28
28
24
20
27
30
26
36
30
32
20
28
25
22
34
30
27
33
30
25
24
29
23
30
34
30
34
45
64
59
95
87
102
109
123
118
79
71
51
47
26
32
32
26
19
19
36
25
30
28
32
36
25
19
20
37
31
22
27
30
30
28
25
28
27
24
36
18
16
27
24
17
21
24
24
26
30
19
20
26
31
26
19
17
25
17
15
21
18
19
31
21
18
30
24
20
20
10
21
31
22
23
25
20
25
22
12
21
18
13
19
19
17
21
19
27
16
20
20
22
19
11
16
16
14
24
14
29
25
14
21
20
22
15
13
23
19
18
17
22
19
18
16
17
21
17
16
25
27
21
23
14
20
13
9
19
15
13
20
18
8
9
13
20
16
11
13
22
16
14
24
17
12
16
15
19
15
14
19
15
13
10
9
7
8
16
16
16
16
15
20
8
19
10
17
14
7
14
14
16
9
15
13
17
15
15
15
12
12
15
12
9
15
11
8
19
16
6
6
19
14
12
8
16
8
16
11
11
10
10
10
12
12
13
13
19
15
12
10
12
8
14
15
8
8
14
11
12
12
13
4
12
11
10
14
10
7
11
10
4
10
5
12
12
10
5
6
13
14
13
17
13
8
11
11
11
7
7
5
12
11
8
23
9
13
5
8
11
7
7
13
13
18
10
12
6
16
5
7
12
4
6
10
9
11
5
7
7
10
12
8
12
10
17
8
7
8
5
14
6
10
10
6
4
5
11
13
5
9
2
7
6
9
12
8
11
7
10
9
10
10
7
8
9
10
10
6
13
9
7
8
10
8
11
7
8
20
6
12
4
5
13
8
4
7
7
14
13
4
2
11
7
8
8
9
9
12
10
2
11
3
5
8
9
10
15
6
10
12
8
8
7
7
8
10
9
9
5
9
8
7
6
9
9
9
4
5
16
11
7
8
12
5
13
6
9
10
8
9
4
12
17
10
11
7
8
9
10
13
12
2
10
5
12
12
4
11
13
9
12
12
10
11
10
10
7
12
10
6
8
6
13
8
8
14
11
11
11
3
8
9
12
14
8
14
11
5
15
6
13
13
12
18
10
14
16
19
27
37
67
88
171
287
467
672
1011
1264
1561
1635
1615
1474
1219
998
689
432
252
116
69
41
18
11
6
6
1
2
3
1
4
2
5
9
5
5
1
4
4
4
3
5
3
4
5
1
2
6
4
2
4
6
5
5
5
3
2
0
3
4
2
4
5
3
2
4
2
7
0
3
4
1
3
5
2
3
7
4
4
2
2
3
3
5
1
3
0
2
2
6
4
6
4
2
2
3
7
6
4
7
5
2
2
4
3
4
3
1
2
2
1
2
4
6
5
1
5
3
1
1
4
1
5
5
1
6
3
3
5
3
4
5
4
4
4
3
2
0
2
3
3
6
0
1
3
2
4
0
6
3
3
5
4
1
1
4
3
4
0
3
5
6
3
0
2
4
1
4
6
2
2
3
2
3
2
1
3
1
4
2
3
1
2
5
3
4
3
1
5
3
4
4
6
4
2
4
0
4
1
1
4
2
4
2
3
5
5
5
3
3
9
5
2
4
3
4
4
2
4
4
3
5
3
5
5
6
3
2
2
5
9
7
3
4
4
4
3
0
6
3
2
2
5
3
0
6
7
2
0
7
3
3
2
2
5
3
3
3
2
9
1
4
6
4
5
3
5
5
2
3
5
1
5
4
1
4
5
3
3
6
4
3
8
3
1
3
2
3
2
4
1
6
2
2
2
3
3
8
3
1
1
2
5
8
5
2
4
3
2
7
3
2
2
1
3
6
2
2
4
3
3
3
6
2
2
3
2
4
2
7
3
4
5
3
2
3
3
6
3
2
4
2
2
6
4
1
2
0
4
2
4
4
3
5
6
5
9
3
4
4
8
3
2
2
7
0
2
2
6
5
2
1
3
3
3
4
2
4
1
4
3
1
1
3
3
7
5
2
2
6
3
4
6
4
3
2
0
1
8
1
5
2
4
0
2
3
4
1
8
0
1
3
1
3
4
2
6
7
4
7
4
4
2
1
5
5
2
0
4
5
1
1
2
2
2
7
2
1
4
5
2
1
5
5
0
2
4
2
1
2
3
2
4
3
5
7
4
3
2
2
4
4
2
2
2
3
3
1
3
1
4
3
8
3
5
4
3
0
3
5
7
5
4
3
5
4
2
2
5
4
5
3
1
5
4
3
0
5
0
3
4
4
3
3
1
3
1
5
4
4
3
5
2
3
6
4
3
2
0
0
5
2
5
1
1
7
2
4
3
7
6
5
1
2
4
1
8
3
4
4
3
2
2
2
1
4
1
1
3
1
6
1
4
5
1
4
5
1
6
1
3
2
5
2
1
2
7
5
5
4
3
1
4
5
2
4
1
3
6
4
3
2
5
3
4
2
3
5
4
1
3
4
2
4
4
3
4
4
1
2
1
5
3
3
3
3
3
6
6
2
1
2
0
1
2
4
3
2
1
3
4
3
3
2
3
4
0
7
6
1
2
2
3
5
4
4
4
5
1
3
2
3
4
4
6
7
1
2
1
2
1
2
8
2
3
5
1
6
5
2
1
3
5
2
1
1
2
2
2
4
1
2
5
3
7
2
4
2
3
4
3
0
1
3
5
1
3
2
3
7
4
1
6
2
3
4
2
0
1
1
1
5
1
0
1
3
4
1
3
3
3
4
4
1
2
3
2
5
2
1
1
1
1
1
0
2
2
5
0
0
2
3
2
3
6
2
1
2
6
4
1
2
2
2
5
3
3
4
1
2
3
2
2
1
4
4
2
4
3
0
4
3
3
3
4
1
0
5
2
5
1
4
3
7
4
3
4
0
1
3
0
2
2
2
2
5
4
6
3
2
1
2
2
3
5
3
1
2
6
6
5
3
1
2
1
3
3
4
4
4
0
1
3
3
3
7
4
2
6
3
0
1
1
4
3
1
2
4
4
1
2
2
2
1
4
3
1
1
3
1
0
1
3
2
4
2
5
4
3
7
4
1
3
1
4
4
0
5
5
0
1
1
4
4
6
3
4
3
5
4
2
5
5
1
4
4
3
1
2
5
1
3
2
7
2
2
2
4
4
1
3
3
5
3
3
2
2
1
2
4
5
4
3
2
3
3
3
2
3
6
2
3
3
3
1
3
2
2
4
2
3
1
4
1
1
4
1
2
4
2
4
1
1
4
3
4
1
3
5
3
2
4
3
3
3
2
5
2
5
5
2
4
5
3
2
2
3
3
3
2
4
2
2
3
1
2
2
4
3
3
1
5
3
1
4
3
0
5
2
1
1
3
4
1
3
6
6
3
2
3
7
4
3
3
5
4
1
4
4
1
5
5
2
1
5
1
6
0
5
2
4
3
2
1
1
2
6
6
1
2
3
2
5
1
2
2
2
1
4
5
4
3
6
2
5
5
5
5
3
4
0
3
3
3
9
2
4
4
2
0
2
4
0
4
3
1
5
9
4
2
6
1
0
$ENER_FIT:
0.713 0.364856 7.33718e-007 -1.67274e-010 1.22526e-014
$MCA_CAL:
5
0.713 0.364856 7.33718e-007 -1.67274e-010 1.22526e-014
$ICD_TYPE:
20
$PEAKLABELS:
1395.440, "Pos. Ann."
2942.980, "Ga-68"
1579.802, "Ga-68"
2201.401, "Ga-68"
3444.447, "Ga-68"
5143.386, "Ga-68"
210.492, "Au XRF, detector"
203.207, "Au XRF, detector"
186.902, "Au XRF, detector"
181.838, "Au XRF, detector"
471.809, "511 keV, backscatter"
930.251, "511 keV, Compton Edge"
1861.957, "Ge-68, sum peak"
3990.090, "K-40, (bkgd)"
7140.435, "Th-232 (d), (bkgd)"
$ENDRECORD:
