$SPEC_ID:
PeakEasy Library File: Ge-68, IdentiFINDER (NaI with Cs-137 seed), 0.75 uCi @ 10 cm
$MEAS_TIM:
61266.00000 61397.00000
$DATE_MEA:
13-Jan-2000 05:18:27
$DATA:
0 1023
0
0
0
0
8806
49546
56978
66418
79868
119619
226770
273011
197967
137181
116394
114020
116627
119104
122926
127856
132082
138070
143181
151030
158920
167727
171212
171933
175098
177377
180059
181213
183550
186191
188389
190879
196321
209049
217434
214305
202410
193687
193127
194354
195383
195450
194447
194379
193605
194130
193877
195408
198822
207087
214803
222777
231184
239227
245081
248527
247704
246295
242087
235966
230212
223826
218289
210895
204418
199255
193857
189703
184639
180472
176491
172750
168970
166317
162722
158615
155527
151743
148663
145436
143175
140803
138377
136430
135008
132887
131093
129936
127918
126490
125209
124651
123445
122813
121597
120450
119698
118648
115787
113571
110747
106678
102456
98274
93755
89832
85046
80365
76327
72918
69676
67363
64786
62839
60993
59121
57521
55615
54292
52426
50749
49549
49062
48431
47557
47436
47025
46700
45612
45803
44875
44836
44835
44101
43670
43819
43429
43444
42912
42850
42371
41906
41829
41726
41133
40635
40296
40673
41558
43089
46618
52378
61590
73395
91636
113441
140340
172900
209891
249482
289059
330529
366657
398554
422767
436721
438963
428528
408206
379046
339573
297553
253389
209265
167176
131445
100115
74592
54553
39611
28437
20759
15711
12324
10584
9239
8489
8197
7928
7911
7883
7950
7793
8030
7922
8370
8628
9254
10086
11247
12831
15115
18014
21513
25902
30971
37227
43105
50217
57296
64826
71707
77875
83088
86190
88763
88432
86566
83584
78831
72840
65627
57840
50083
42739
35513
29346
23488
18793
14842
11781
9679
7573
6413
5546
4760
4415
4199
3817
3620
3596
3480
3416
3368
3434
3329
3295
3371
3328
3172
3392
3349
3366
3257
3254
3258
3167
3285
3219
3146
3175
3053
3078
3085
2991
3015
2970
2993
2887
2877
2715
2747
2742
2745
2660
2652
2560
2562
2452
2470
2473
2399
2395
2255
2290
2359
2281
2199
2208
2259
2211
2191
2186
2228
2237
2246
2271
2158
2193
2149
2076
2108
2013
2054
2100
2084
2022
1997
1977
1859
1858
1860
1907
1932
1881
1821
1876
1843
1758
1788
1795
1691
1708
1698
1659
1641
1648
1608
1560
1596
1535
1722
1626
1699
1782
1737
1736
1895
1965
2066
2196
2277
2381
2524
2685
2738
2830
2998
3205
3104
3282
3283
3219
3325
3320
3301
3187
3069
3094
2820
2744
2661
2558
2383
2259
2232
2007
1912
1871
1829
1698
1632
1538
1538
1463
1413
1376
1365
1357
1304
1308
1246
1284
1322
1216
1301
1164
1156
1175
1173
1153
1141
1144
1093
1054
1068
1019
1093
1047
986
1042
1006
969
946
957
947
905
942
870
919
877
880
866
811
767
771
771
764
777
709
690
692
654
676
655
648
605
578
593
552
562
561
550
561
547
555
575
534
522
530
506
555
526
557
566
537
525
555
547
523
560
579
593
600
647
677
666
650
677
745
791
825
904
922
956
1075
1113
1141
1219
1307
1415
1516
1502
1542
1634
1664
1692
1648
1667
1692
1647
1637
1568
1537
1454
1429
1390
1271
1170
1138
1067
974
881
841
754
704
655
586
544
502
505
455
403
384
337
326
344
342
328
298
285
305
321
310
311
278
289
314
304
315
300
295
286
311
292
298
258
304
292
275
263
279
249
234
204
222
227
243
210
219
210
212
207
220
219
204
201
199
191
205
184
191
186
205
219
223
206
187
172
194
196
197
206
239
217
214
225
233
234
241
236
235
257
244
226
252
271
248
250
232
213
265
266
234
224
231
220
224
221
204
233
221
205
209
170
185
179
163
189
168
175
160
164
171
174
170
169
145
157
181
150
166
151
165
180
162
175
184
157
176
150
143
145
169
154
140
163
152
145
144
144
144
136
111
128
128
129
121
115
110
103
125
127
109
107
136
106
133
95
115
118
111
96
106
88
102
90
88
111
98
106
100
105
97
113
111
114
94
107
91
91
106
117
105
100
108
127
93
104
110
129
125
100
116
125
117
125
130
128
113
105
123
120
135
123
138
142
139
135
131
131
138
131
151
141
125
137
140
130
122
105
132
138
121
127
135
121
151
138
114
123
146
127
104
123
126
112
123
129
126
128
102
117
102
109
127
117
103
86
127
112
108
106
102
85
106
91
93
91
90
99
105
97
100
96
96
92
92
110
80
92
88
88
78
88
89
92
97
96
80
97
93
78
79
92
75
81
57
71
67
64
68
57
71
47
57
58
53
57
62
58
53
56
48
53
55
50
40
48
46
39
52
43
44
47
32
50
44
42
45
40
38
30
28
23
37
30
35
35
31
25
28
34
30
35
31
28
25
34
40
33
39
37
39
47
50
41
47
54
54
64
50
72
62
74
85
93
91
91
98
108
106
119
123
133
117
135
125
126
125
131
118
119
120
117
125
122
120
112
109
113
99
117
108
94
90
88
80
70
80
75
51
57
57
49
40
59
43
35
33
31
32
33
33
24
27
27
25
10
13
9
16
15
11
14
17
14
16
13
17
9
10
14
9
12
8
12
11
10
12
12
19
11
8
10
15
11
7
11
11
7
10
11
7
9
10
11
12
12
14
12
6
8
8
7
8
6
9
14
13
12
15
11
11
8
8
5
7
9
11
9
8
10
9
11
13
6
11
6
7
10
7
18
11
8
13
7
15
9
14
9
4
3
9
11
8
7
8
11
8
8
11
7
12
5
9
7
7
7
7
8
13
7
7
6
12
11
7
4
9
10
4
10
6
5
8
10
9
9
9
$ENER_FIT:
-1.522 3.029375 -8.51287e-006
$MCA_CAL:
3
-1.522 3.029375 -8.51287e-006
$PEAKLABELS:
169.550, "Pos. Ann."
356.935, "Ga-68"
10.822, "Cs X-ray, (detector)"
219.625, "Cs-137, (detector)"
482.034, "K-40, (bkgd)"
865.400, "Th-232 (d), (bkgd)"
38.144, "Rebinning Artifact, (detector)"
$ENDRECORD:
