$SPEC_ID:
PeakEasy Library File: Ge-68, Detective EX-100 (HPGe), 0.75 uCi @ 28 cm
$MEAS_TIM:
58484.62000 59227.22000
$DATE_MEA:
26-May-2015 2:56:41 PM
$DATA:
0 8191
0
0
0
0
0
0
0
1
0
1
0
0
0
0
0
0
0
0
1
0
0
0
1
0
0
3
0
3
0
1
2
2
1
1
3
3
8
12
14
271
6857
14472
14850
14716
14486
14563
14255
14127
14407
13886
14123
13902
13775
13728
13525
13590
13572
13356
13297
13149
13128
13020
13229
13023
13050
12951
12742
12931
12782
12576
12818
12590
12477
12291
12365
12261
12132
12037
12034
12313
12326
12279
12158
12030
12017
11878
11684
11774
11797
11604
11632
11703
11737
11683
11765
11624
11352
11577
11530
11413
11478
11256
11346
11522
11521
11361
11317
11348
11286
11332
11319
11071
11151
11216
11213
11003
11117
11280
10985
11018
11048
11001
11116
10978
11158
10984
11117
11078
11071
11014
11027
10986
10920
11147
11103
10889
10946
10984
10875
11101
10976
11030
11127
11011
11159
11237
11306
11121
11245
11183
11420
11383
11499
11400
11560
11625
11756
11537
11694
11888
12010
11852
11855
11957
12024
12177
12373
12252
12413
12381
12616
12766
12788
12760
13078
12989
13018
13142
13464
13628
13821
14807
15909
16487
16339
16202
16784
18391
19038
18219
16357
15323
14785
14908
14895
14839
14719
14821
15005
15140
15368
15291
15570
16004
16515
16397
16123
16072
16208
16916
17875
18362
18893
18329
17860
17389
16896
17294
17141
17316
17314
16838
16869
16329
16570
16635
16585
16923
16734
17021
17120
17300
17241
17284
17223
17252
17899
17964
18037
18304
18080
17929
18086
18100
18166
18428
18586
18325
18678
18626
18489
18991
19182
19463
19276
19270
19289
19124
19252
19019
18896
19022
18979
19299
19334
19061
19124
19352
19575
19567
19361
19686
19920
19524
19531
20078
19737
20153
19794
19973
19799
20069
20270
20089
20222
20299
20350
20596
20539
20350
20419
20278
20400
20840
20705
20161
20760
20733
20607
20684
20793
20915
20862
20864
20581
20837
21179
21023
20922
21207
21014
21025
20829
21034
21187
21396
21233
21233
21243
21189
21379
21378
21029
21013
21080
21401
21283
20842
21159
21213
21246
20941
21389
20950
21264
21197
21113
20989
21338
21303
21191
21121
21236
20969
21079
21392
21173
20899
20999
21110
21153
21277
20986
21025
21487
21143
21214
21007
20965
21112
21152
20798
20995
21227
20778
20907
20727
20779
20505
21024
21031
20665
20884
20613
20539
20488
20657
20622
20756
20413
20404
20479
20384
20630
20459
20516
20433
20247
20297
20312
20214
20243
20130
20195
20042
20195
20248
20044
19806
19793
19845
19944
19674
19741
19577
19818
19729
19622
19426
19923
19763
19643
19288
19645
19706
19460
19194
19379
19382
19431
19520
19172
19171
19165
19217
19269
19186
19080
19125
18892
19053
19071
19180
19062
18867
18998
18855
18577
18935
18763
18720
18649
18491
18791
18677
18889
18718
18292
18687
18881
18465
18717
18793
18698
18300
18451
18738
18875
18992
18814
18874
18954
18852
19163
19064
19437
19391
19529
19727
20037
19940
20149
20046
20099
19929
20116
19843
19921
20054
19802
19760
19777
19510
19500
19539
19677
19285
19131
19255
19184
19090
18884
18887
18986
18969
19138
18933
19087
18616
18813
18573
18630
18735
18503
18611
18745
19320
19660
19726
19492
18911
18197
18129
17990
18015
18018
18021
17916
17781
17506
17779
17508
17453
17482
17558
17530
17258
17475
17313
17081
17378
17169
17236
17407
17102
17115
17077
16753
16621
16931
16770
16589
16731
16827
16537
16628
16715
16301
16399
16386
16387
16336
16374
16503
16140
16280
16212
16095
16121
15931
15998
16114
15995
15831
15434
15670
15493
15311
15494
15736
15672
15724
15788
15604
15228
15313
15092
15343
15027
14963
14933
14742
14856
14734
14480
14469
14388
14499
14682
14466
14467
14339
14357
14536
14098
14207
14312
14196
14029
14252
13987
13966
13968
14173
13995
14003
13437
13903
13948
13562
13504
13594
13577
13724
13531
13603
13391
13427
13271
13560
13449
13401
13319
13274
13001
13042
13166
12992
13107
12883
12808
12987
13060
12903
12986
12844
12759
12634
12676
12785
12368
12791
12709
12590
12837
12573
12427
12507
12792
14094
15799
18004
19041
17925
15436
13600
12648
12390
12753
13155
13353
13472
13017
12480
11894
11713
11607
11496
11607
11455
11368
11614
11500
11323
11451
11426
11157
11411
11471
11241
11208
11345
11172
11371
11174
11408
11254
11239
11267
11199
11135
11164
11020
11276
10938
11060
10981
10920
11009
10909
11035
11126
10919
10945
10835
11016
10936
10878
10874
11124
10813
10820
10914
10633
10725
10733
10640
10554
10642
10538
10542
10638
10898
10548
10614
10553
10612
10547
10715
10426
10723
10388
10581
10613
10760
10697
10680
10890
11012
10937
10879
10712
10707
10257
10324
10289
10333
10230
10339
10386
10334
10391
10417
10312
10299
10344
10711
10671
10622
10499
10380
10209
10338
10181
10337
10286
10240
10347
9912
9986
10179
10129
10001
10002
10017
10035
9959
9973
10020
10105
10131
10198
9918
10087
9840
9990
10195
10323
10052
10153
10060
10002
10015
9979
9977
10068
10082
9991
9997
10066
9924
9939
10005
10277
11139
12235
13184
13587
12911
11633
10682
9988
9867
9869
9947
9927
10073
10123
10097
10267
10500
10387
10279
10299
9900
9776
9832
9898
9872
9839
9956
9949
9898
9830
9793
10003
9911
9878
10022
9975
9924
9864
9836
9763
9890
9736
10020
9810
9687
9903
9845
9900
9608
10014
9712
9840
9979
10050
10017
9902
9891
9955
9783
9896
10043
9873
9807
9988
10056
10115
9915
9956
9905
9809
9965
10049
10062
10323
10218
10042
10057
9885
10098
10028
10101
10150
10111
10113
10063
10279
10287
10069
10135
10174
10083
10187
10363
10239
10380
10358
10066
10067
10152
9812
10130
10193
9907
10028
9842
9970
9877
9987
9754
9827
9814
9751
9610
9712
9680
9539
9738
9706
10310
10709
10961
10773
10211
9437
9069
8601
8678
8469
8311
8227
8166
7818
7787
7981
7612
7596
7393
7331
7423
7306
7302
7075
7053
6971
7062
6889
6871
7020
6882
6980
6938
6820
6928
7126
7939
9301
11347
12966
12746
11241
9278
7415
6671
6167
6221
6310
6211
6109
6123
6151
6090
5941
5888
6052
6079
5944
5839
5849
5795
5835
5914
5913
5811
5786
5649
5834
5734
5596
5680
5832
5611
5603
5709
5474
5669
5484
5461
5582
5401
5370
5421
5540
5312
5336
5299
5313
5398
5212
5263
5159
5296
5155
5231
5238
5217
5173
5221
5153
5074
5198
5136
4999
4991
4927
5184
4956
4945
4881
5011
4892
4838
4937
4925
4856
4916
4922
4848
4721
4778
4793
4866
4715
4745
4666
4636
4693
4608
4606
4658
4627
4517
4583
4673
4514
4730
4666
4653
4586
4485
4512
4384
4457
4415
4426
4440
4427
4243
4272
4250
4279
4206
4294
4248
4245
4204
4191
4118
4188
4220
4051
4157
4131
4184
4159
4114
3951
4121
4034
4024
4059
4058
4003
4085
4031
3973
3907
4038
3915
3860
3898
3911
3883
3933
3933
3878
3799
3811
3730
3696
3615
3787
3848
3838
3851
3996
4010
3900
3851
3762
3662
3471
3646
3776
3560
3624
3581
3636
3662
3542
3633
3622
3572
3433
3506
3505
3488
3488
3549
3504
3505
3413
3538
3528
3541
3481
3407
3459
3469
3447
3406
3481
3545
3449
3322
3309
3476
3393
3412
3403
3398
3378
3312
3292
3411
3374
3329
3393
3266
3286
3332
3326
3310
3346
3256
3314
3383
3238
3255
3338
3275
3290
3165
3216
3234
3328
3088
3322
3200
3386
3226
3204
3208
3339
3288
3370
3383
3308
3209
3155
3233
3232
3241
3201
3159
3157
3172
3161
3174
3184
3206
3122
3179
3197
3243
3089
3103
3156
3144
3165
3161
3097
2965
3019
3023
3034
3063
3095
3116
3089
3086
3017
2951
3076
3130
3070
3041
3022
3036
3075
3028
3014
3059
2973
2987
3108
2948
3015
3001
2919
2997
2870
2986
2894
2888
2938
2959
3008
3079
3177
3270
3526
3363
3406
3220
2994
2826
2840
2889
2934
2812
2896
2885
2792
2810
2811
2845
2834
2852
2873
2771
2786
2820
2870
2806
2801
2724
2841
2698
2775
2740
2806
2720
2838
2826
2644
2837
2784
2719
2763
2718
2798
2772
2746
2773
2847
2730
2789
2730
2750
2748
2741
2735
2685
2677
2632
2772
2621
2687
2705
2707
2656
2676
2708
2602
2847
2687
2651
2705
2691
2620
2617
2635
2620
2599
2590
2632
2624
2553
2642
2641
2666
2670
2666
2674
2638
2690
2684
2556
2656
2592
2511
2630
2570
2654
2582
2619
2672
2671
2606
2676
2617
2716
2694
2682
2736
2734
2676
2771
2761
2856
2735
2868
2898
2857
3068
3093
3132
3316
3630
4108
4903
6526
9328
14729
24154
39532
62901
96199
139015
186907
232784
266138
278873
265532
229515
181685
132307
90238
56665
33917
19307
11065
6495
4184
3109
2407
2037
1836
1694
1683
1529
1506
1546
1480
1488
1470
1475
1500
1373
1536
1496
1501
1459
1433
1439
1497
1404
1466
1452
1434
1424
1440
1427
1405
1388
1417
1420
1467
1378
1385
1422
1423
1343
1392
1460
1493
1401
1370
1466
1308
1330
1409
1412
1463
1408
1432
1433
1415
1391
1405
1350
1319
1431
1396
1387
1384
1382
1377
1360
1322
1359
1365
1344
1318
1354
1366
1337
1370
1419
1331
1342
1396
1398
1353
1282
1366
1395
1299
1401
1401
1368
1349
1325
1435
1293
1281
1301
1386
1389
1365
1373
1355
1358
1308
1369
1382
1328
1290
1317
1390
1325
1281
1342
1336
1375
1270
1366
1318
1267
1260
1328
1314
1272
1324
1246
1339
1296
1257
1281
1310
1389
1355
1419
1411
1338
1345
1363
1304
1338
1292
1295
1192
1221
1255
1311
1244
1296
1286
1239
1252
1318
1287
1244
1192
1286
1280
1281
1294
1295
1305
1364
1320
1304
1237
1217
1255
1243
1266
1206
1286
1307
1295
1271
1334
1299
1359
1349
1381
1413
1345
1251
1313
1365
1400
1504
1739
2208
3089
4120
4790
4634
3912
2893
2020
1472
1325
1224
1174
1223
1249
1161
1119
1207
1172
1175
1134
1144
1129
1135
1247
1099
1205
1147
1167
1172
1185
1169
1133
1156
1214
1196
1203
1112
1193
1140
1127
1185
1087
1105
1130
1196
1141
1123
1140
1178
1152
1204
1140
1140
1170
1140
1108
1107
1087
1179
1118
1172
1122
1125
1140
1114
1077
1168
1174
1301
1411
1894
2648
4016
5842
7408
7773
6932
5159
3267
1996
1383
1135
1069
1112
1023
1102
1123
1040
1038
1051
1046
1025
1046
1059
1066
1095
1040
1070
1106
1100
1039
1072
1062
1056
1025
1046
1033
998
1067
1080
1049
1004
1058
1010
1041
1078
991
1067
1037
1004
1045
1025
1000
1076
1048
964
995
1044
1027
1015
1045
1050
1037
1034
1010
1050
1031
990
980
1042
1022
961
1013
1042
992
965
1030
975
961
1004
959
985
1047
1055
1025
1008
1016
1025
1000
1014
908
1046
1008
954
982
981
1005
1013
989
963
987
1022
1013
1024
1064
1009
982
992
1009
975
995
965
976
1026
961
884
1002
969
1021
1017
995
983
1036
996
952
963
986
979
990
1016
968
932
963
974
943
989
924
1007
1055
978
979
980
944
1019
1018
984
928
1000
1035
1000
969
993
977
1049
1008
1066
1066
1179
1172
1135
1144
1025
1024
957
962
1022
872
944
972
1016
883
954
927
963
983
912
937
887
867
931
984
927
946
946
969
942
939
914
902
889
983
946
1023
952
945
924
924
942
943
852
918
915
958
956
900
976
938
962
976
979
1008
954
965
924
846
962
873
941
963
942
907
930
883
900
906
911
903
925
942
883
928
937
864
907
923
913
923
908
932
920
931
869
855
931
901
929
862
900
902
922
948
912
950
917
904
915
918
938
939
996
952
967
913
958
914
940
885
906
880
926
961
906
898
900
884
977
903
893
916
925
888
917
815
895
895
881
821
862
888
859
905
845
914
867
873
908
850
879
855
868
878
876
909
869
850
885
874
893
937
932
875
850
851
857
843
869
878
842
880
874
898
912
924
1046
1163
1352
1489
1644
1579
1355
1206
1022
973
885
855
765
829
852
797
821
792
871
839
781
845
850
853
814
879
837
853
863
834
830
843
861
780
822
802
830
826
803
801
826
799
873
818
832
869
830
849
877
806
781
821
844
783
823
813
811
784
843
804
848
837
781
799
798
856
841
867
853
815
828
839
809
825
793
812
837
856
834
862
920
886
883
813
876
837
803
801
765
721
822
850
822
804
827
727
834
777
801
803
773
798
875
844
835
838
810
825
856
831
892
877
1025
1090
1114
1295
1394
1452
1270
1141
979
892
789
772
845
903
930
931
903
910
884
813
815
760
748
777
714
772
742
753
740
736
751
765
800
789
759
742
735
715
767
770
765
834
708
841
794
819
785
721
837
846
872
962
986
1026
959
837
808
782
785
793
767
725
758
776
723
768
708
710
752
774
762
771
787
808
883
1011
1117
1206
1178
1087
936
839
784
718
771
751
691
745
703
689
732
748
695
723
752
753
694
735
729
689
754
723
723
772
775
881
939
1042
1030
950
835
817
755
789
747
725
696
731
682
700
749
661
732
689
729
674
728
719
711
725
722
731
674
681
698
694
735
725
687
705
634
700
702
721
703
678
696
661
726
694
703
746
683
649
700
666
700
696
765
723
702
747
750
773
703
691
738
692
710
747
696
699
756
730
780
772
760
736
714
692
740
699
697
733
721
816
738
846
894
810
886
814
779
726
696
796
782
786
840
837
741
820
820
797
748
731
680
698
693
706
662
673
689
701
704
677
731
674
689
761
705
732
673
696
648
689
641
636
642
683
687
655
652
668
685
668
688
706
717
702
688
701
694
686
688
673
676
666
710
698
709
739
775
856
915
1018
1124
1121
1041
938
842
757
718
680
712
683
702
689
679
616
645
706
635
716
598
708
698
697
665
632
659
687
625
653
629
687
667
603
625
692
636
621
631
655
625
691
645
674
629
627
639
613
642
631
633
654
636
644
639
598
609
639
696
639
631
655
641
618
607
643
633
597
679
611
626
659
606
658
589
648
619
645
602
594
656
638
615
636
600
654
628
579
611
603
692
646
665
664
630
646
643
640
605
604
621
590
608
589
589
631
584
633
658
596
635
624
631
668
600
627
594
629
621
683
694
701
659
635
658
663
660
641
588
641
613
638
644
692
749
838
975
1301
1795
2337
2849
3192
3041
2551
2059
1321
923
702
581
604
606
608
577
577
621
564
608
560
552
569
522
585
574
575
596
595
578
557
550
580
572
543
616
565
588
593
605
572
582
545
545
547
558
578
549
557
627
605
550
578
583
549
534
597
596
551
560
579
635
622
723
717
821
912
912
888
834
729
667
589
574
553
541
562
553
537
562
559
597
532
554
567
570
559
520
593
548
572
545
538
544
570
588
570
572
528
559
550
564
539
589
606
604
631
636
644
673
673
646
625
570
616
601
584
574
560
576
513
569
549
530
548
543
572
561
568
595
517
599
599
611
590
560
592
544
581
512
575
535
589
603
585
608
702
709
879
941
1016
1128
1005
893
818
756
713
817
1000
1253
1591
1876
2083
2000
1716
1384
1000
731
564
569
573
511
526
512
512
503
536
519
522
483
521
514
521
546
513
516
498
525
519
538
519
512
492
503
509
514
469
507
580
520
511
526
497
513
505
509
501
544
525
557
528
506
534
497
509
541
532
494
514
508
520
521
529
497
497
528
515
524
521
491
515
491
525
500
496
531
493
487
534
513
547
523
496
535
537
529
526
566
563
622
611
633
581
542
523
516
506
549
517
447
510
537
520
495
507
516
507
504
489
511
547
456
511
528
513
488
560
470
521
497
462
511
478
486
516
485
521
528
519
491
482
504
510
550
508
479
457
501
488
484
514
529
506
467
486
499
465
532
517
517
520
524
500
506
502
472
546
479
495
500
519
510
537
499
508
490
471
522
519
471
513
491
514
520
498
534
546
482
548
481
551
522
532
510
478
514
497
479
529
500
481
470
515
466
473
523
506
475
497
491
497
488
482
484
475
492
461
510
460
493
488
480
511
491
543
477
482
515
495
508
517
471
467
475
473
500
524
560
507
530
516
489
496
531
517
492
479
455
481
484
488
481
506
490
492
508
475
511
481
488
485
487
481
516
512
470
503
469
499
492
472
476
485
495
499
484
536
452
488
492
513
480
479
482
504
546
520
494
509
544
477
526
498
477
514
490
512
492
546
594
573
712
846
1082
1368
1921
2600
3276
3709
3806
3500
2738
1979
1301
870
644
525
499
443
468
480
478
454
489
505
489
435
474
481
457
469
508
455
504
460
479
476
451
510
502
506
491
486
462
471
469
448
485
480
538
451
505
489
492
478
504
496
507
445
488
484
515
537
522
486
444
487
434
506
482
466
467
465
478
521
482
530
499
541
468
498
520
486
500
514
492
489
512
467
478
491
508
500
478
456
517
489
473
503
479
527
505
544
501
481
515
484
504
485
494
502
463
498
494
478
529
530
529
582
602
705
863
1105
1348
1688
1989
2136
1959
1733
1338
1015
723
564
499
481
445
492
407
472
520
449
487
495
450
492
482
476
475
488
464
487
489
486
515
485
510
453
444
440
483
479
457
542
486
539
488
453
492
456
505
520
510
429
517
511
471
442
469
467
473
442
456
479
451
490
515
459
479
477
485
473
471
436
519
464
466
507
437
515
472
473
503
514
478
499
494
527
468
479
542
488
485
483
498
533
526
564
574
624
645
648
669
696
641
614
538
503
513
523
497
516
533
495
500
465
497
488
476
492
494
493
500
455
495
504
508
483
510
449
495
461
533
484
473
516
487
531
479
510
458
469
496
522
486
490
513
490
499
504
521
531
528
500
492
469
532
500
477
487
485
466
496
498
469
487
453
492
521
497
503
518
484
477
496
541
482
510
454
485
477
489
484
454
540
503
471
520
495
476
519
485
542
485
455
505
526
497
497
517
527
537
494
456
521
483
480
463
524
514
505
509
494
507
529
470
557
477
508
533
535
522
470
480
550
469
485
507
495
502
491
521
490
501
463
511
511
515
540
518
570
527
533
556
519
536
551
546
564
515
548
517
554
533
488
508
517
461
526
506
478
481
511
519
541
485
502
499
498
540
560
511
527
546
512
519
523
537
502
565
518
540
510
512
566
527
492
518
507
536
522
574
491
506
494
576
522
573
568
567
522
559
513
558
487
544
494
564
516
535
510
566
516
502
504
489
543
519
530
574
577
555
608
624
645
724
874
1060
1048
1168
1082
1031
802
728
617
592
503
471
474
508
483
464
478
444
471
448
449
444
450
492
476
456
433
493
480
455
460
432
393
453
414
414
438
417
416
407
424
416
394
451
382
415
414
428
395
379
399
369
356
394
392
402
362
384
408
390
407
389
401
389
416
424
464
455
405
441
411
406
378
357
391
357
385
371
353
363
375
391
368
344
358
353
371
362
354
364
375
358
349
350
351
366
366
338
360
362
330
371
357
381
342
345
347
364
333
364
341
375
376
377
377
376
402
454
465
476
508
488
455
434
404
379
351
340
316
293
344
347
346
332
320
361
300
338
326
332
320
326
306
329
331
368
344
313
344
338
353
308
313
301
310
344
326
338
334
313
302
314
289
334
310
325
274
330
283
278
337
334
344
332
303
315
317
315
299
303
319
306
288
314
327
322
326
311
292
312
334
293
290
307
320
292
280
312
324
266
290
305
303
306
300
277
284
270
290
296
275
299
290
290
250
268
311
302
311
297
315
276
309
260
269
306
315
295
263
267
270
265
279
263
256
250
271
286
257
251
262
252
262
264
266
272
287
280
261
255
279
257
255
270
261
277
252
278
277
265
276
302
300
280
269
261
265
253
258
231
270
229
240
255
251
257
232
246
217
226
239
254
239
219
241
242
215
235
254
256
251
256
237
248
239
266
213
259
224
239
237
215
234
252
252
210
237
235
208
218
194
216
227
200
218
220
253
237
204
207
236
216
240
209
242
231
226
214
251
211
185
220
217
193
235
204
232
203
217
212
228
178
220
227
218
223
190
215
203
192
217
223
159
221
198
212
187
217
202
190
198
197
224
193
196
194
209
191
215
169
222
204
226
244
221
212
227
217
247
289
340
374
473
491
551
588
544
444
391
328
214
241
196
216
188
186
190
216
223
216
201
199
233
268
255
253
270
254
255
215
210
197
199
217
183
189
216
213
170
187
188
197
192
202
184
164
192
194
168
207
201
189
191
194
198
176
180
156
194
198
182
220
179
210
218
229
226
248
291
282
299
303
252
246
211
242
187
202
216
198
239
221
232
254
312
368
412
418
379
359
329
287
238
208
211
177
165
185
175
185
190
167
178
170
199
179
178
186
143
174
177
173
185
176
185
190
184
179
163
225
150
165
166
188
177
160
190
158
163
194
174
190
178
194
192
185
171
202
182
192
181
182
183
182
145
166
186
186
181
186
178
180
168
194
173
162
168
154
198
168
176
183
179
186
159
183
172
161
168
186
195
144
168
179
202
181
158
160
176
168
181
158
184
153
173
188
195
178
161
199
162
163
174
187
142
196
176
173
175
175
188
200
184
176
198
172
155
192
161
197
199
179
222
190
194
193
252
275
315
381
516
665
896
1349
1943
2652
3915
5444
7825
10314
13168
15331
16006
15063
12484
9175
5798
3241
1645
700
345
189
125
127
115
97
96
110
100
101
106
95
94
111
105
88
129
109
97
101
94
113
128
104
94
92
105
97
98
93
107
115
87
104
117
106
120
110
106
101
123
114
107
107
104
105
112
104
114
117
111
105
98
108
105
82
110
99
113
115
98
98
91
96
86
119
97
121
115
119
110
119
105
140
82
101
96
121
120
118
100
108
127
130
135
145
157
154
180
179
169
158
122
117
98
113
122
120
115
117
124
132
124
149
146
127
124
125
103
111
95
110
116
90
117
113
117
137
131
147
179
228
259
303
315
287
276
252
166
173
141
147
124
124
141
119
124
126
99
97
105
109
89
115
110
91
111
103
113
86
112
95
129
99
93
105
95
106
113
99
115
97
94
102
91
96
99
116
89
103
112
104
95
98
85
99
99
108
124
97
82
107
106
95
117
86
109
104
109
105
87
115
98
93
85
101
91
120
116
126
128
137
143
119
131
137
131
123
132
102
132
105
105
108
93
116
107
134
109
114
108
120
106
122
87
99
90
71
104
84
98
94
102
93
72
97
114
80
75
85
89
93
88
59
91
101
87
104
94
106
100
103
93
98
93
112
93
95
91
95
101
81
90
85
83
83
86
94
81
106
80
86
80
87
93
81
87
76
79
86
88
77
67
83
91
93
74
79
94
88
77
78
96
77
89
87
86
80
91
70
104
82
81
85
91
82
81
85
77
94
72
105
80
91
101
120
106
136
130
136
133
150
114
155
149
156
150
154
163
154
139
137
132
129
148
172
198
257
276
331
349
332
302
250
231
182
185
163
183
186
207
211
214
226
196
191
166
162
127
124
90
106
97
104
96
91
87
103
92
108
119
109
96
112
96
72
84
91
81
75
84
85
83
92
76
60
78
83
87
76
83
84
79
77
84
81
90
68
94
76
90
81
75
73
88
75
75
82
70
75
68
82
90
63
70
84
92
86
81
81
95
93
101
130
85
151
147
156
192
192
195
169
148
130
104
80
106
93
86
95
93
88
88
89
68
103
85
88
94
95
104
119
117
157
175
188
176
178
145
144
128
98
83
76
71
76
79
83
88
77
88
75
78
70
82
109
102
87
100
91
106
75
88
65
71
84
81
66
78
80
79
67
64
65
64
73
70
60
78
64
61
68
53
78
64
76
49
73
79
70
67
59
63
79
58
77
64
63
73
71
68
67
61
65
59
68
63
76
65
79
78
67
78
67
88
117
122
138
131
127
146
163
140
129
104
79
72
68
53
68
82
84
82
72
72
75
84
78
67
71
57
67
66
81
68
76
61
63
68
55
62
60
83
63
55
68
71
64
65
69
64
71
77
75
64
88
54
51
66
79
70
62
56
69
63
62
78
69
75
86
73
91
111
90
73
71
73
63
63
79
75
77
66
64
67
52
57
70
75
63
67
55
78
66
82
98
73
79
72
94
79
72
80
66
56
55
61
47
70
71
56
67
73
74
70
65
71
65
49
64
54
62
65
76
64
76
77
60
59
61
68
61
48
70
64
62
67
65
58
62
55
48
46
65
63
68
59
57
51
74
54
61
61
63
55
57
60
52
67
60
57
63
54
46
58
55
56
67
69
80
61
58
60
52
63
65
70
62
71
63
75
61
66
69
66
60
83
88
91
100
106
148
169
189
223
291
287
297
284
208
200
144
124
97
75
65
68
60
65
60
63
55
68
46
70
51
58
56
67
65
70
59
44
55
51
57
51
48
71
61
54
54
67
72
58
74
61
60
49
56
65
74
69
49
58
51
55
63
59
50
63
61
61
59
71
54
64
54
59
58
49
62
60
61
61
75
58
67
59
49
69
62
68
71
66
61
57
98
98
85
106
121
171
217
262
302
400
498
735
917
1171
1303
1299
1272
1139
872
656
386
270
152
88
73
64
62
59
64
46
56
63
53
57
53
51
57
57
45
45
55
56
54
57
56
59
54
53
57
55
61
50
68
62
51
38
63
65
51
50
52
50
58
59
64
65
56
70
52
54
50
61
55
47
54
54
61
54
41
47
47
48
46
50
59
48
43
60
39
58
55
59
47
51
48
57
50
46
45
59
51
48
49
52
60
50
43
58
37
54
50
71
59
50
52
49
56
71
54
50
45
56
46
55
59
58
69
60
67
65
62
67
58
65
48
52
63
64
67
49
56
50
64
58
51
51
58
56
60
52
52
55
60
60
47
46
46
52
60
53
71
40
72
48
56
58
44
45
45
52
50
57
45
53
50
50
63
51
48
51
54
59
68
54
41
55
60
52
60
51
46
64
46
59
70
69
55
43
39
49
71
61
60
61
54
52
58
43
59
51
57
67
61
84
68
94
75
78
90
70
68
73
65
62
63
73
59
69
57
68
73
68
65
77
90
77
115
123
143
173
191
192
232
179
198
155
114
95
67
72
46
55
56
56
51
49
58
58
47
55
44
46
62
56
52
48
55
48
47
57
47
63
62
46
62
59
58
56
58
58
42
58
59
47
50
52
44
65
61
59
64
38
54
65
57
55
52
54
36
46
62
57
61
68
55
61
44
64
60
60
70
73
71
77
68
71
79
64
53
54
54
54
53
49
55
61
55
59
60
62
72
73
56
88
86
95
100
107
122
119
123
110
106
77
79
82
66
57
66
73
68
68
61
45
55
52
72
59
39
58
66
63
55
71
51
44
64
54
61
69
48
58
58
77
73
75
51
65
59
80
56
66
68
61
64
54
60
49
56
74
45
63
49
58
52
60
65
50
46
46
74
59
54
53
49
62
52
53
50
52
53
47
55
51
54
51
53
51
39
56
51
44
37
42
42
66
62
56
50
42
57
59
39
59
59
48
52
68
54
47
50
59
57
42
46
53
57
56
55
51
56
51
55
60
55
47
51
66
62
45
46
60
64
52
67
58
63
46
43
67
57
59
64
54
62
59
47
56
56
53
64
52
56
77
83
67
57
75
63
62
49
58
54
66
50
54
59
52
60
52
55
62
51
58
46
49
55
54
41
51
54
49
52
35
41
51
52
55
37
51
54
64
61
40
59
63
53
52
60
47
57
51
66
40
63
63
63
43
52
65
61
63
50
52
64
53
61
52
49
47
57
52
50
57
62
48
47
38
56
57
49
55
46
64
56
52
48
54
61
51
45
61
51
64
57
48
63
62
47
52
60
45
67
44
52
47
50
50
54
47
50
45
62
61
47
48
37
53
42
45
49
55
49
45
60
34
46
58
50
54
52
46
59
61
52
52
48
41
46
44
37
41
44
44
55
49
46
36
40
42
39
42
38
50
46
49
51
42
46
49
60
46
33
48
58
56
41
51
33
49
37
51
44
52
53
40
48
57
42
50
47
40
45
46
46
43
49
41
57
48
43
41
49
42
44
47
35
60
45
46
44
39
51
50
52
65
49
65
53
50
65
49
54
36
55
61
60
50
47
61
51
51
50
45
50
50
60
48
50
47
39
33
51
49
44
45
68
56
38
48
55
47
46
37
37
40
44
47
49
44
42
34
39
64
52
47
33
45
45
38
37
47
59
57
41
51
53
32
48
37
49
37
50
42
38
54
52
37
49
42
41
41
39
48
61
48
60
33
50
40
46
49
53
45
53
42
48
36
54
50
54
43
46
52
55
47
46
53
56
39
39
44
55
40
41
47
50
41
45
51
40
55
43
48
52
48
61
42
45
50
51
44
50
49
54
38
56
43
52
42
58
47
41
43
37
56
47
44
51
45
40
37
28
44
32
35
47
48
59
45
53
49
39
40
38
47
51
39
38
53
45
58
50
47
41
51
42
53
34
36
45
49
46
46
43
41
33
43
47
49
40
52
48
43
51
48
37
53
37
42
40
49
45
51
44
47
41
58
55
46
44
50
45
40
45
51
43
51
49
58
43
51
40
41
43
60
46
34
43
43
42
51
55
46
48
43
39
45
58
48
51
54
49
60
46
51
52
59
61
55
91
89
104
113
125
160
194
203
234
247
238
270
271
248
229
207
154
133
103
84
68
68
48
55
54
53
53
50
57
63
58
49
53
59
49
40
46
45
35
39
44
62
53
62
41
70
67
89
81
84
132
116
123
141
126
99
88
80
68
45
58
29
49
39
48
42
42
48
54
61
40
41
45
49
45
48
46
41
48
36
41
53
47
57
29
42
48
31
48
45
44
40
48
49
54
45
58
41
42
51
58
46
57
44
50
54
50
39
37
54
50
46
47
43
53
49
50
47
51
41
41
51
50
42
47
34
43
52
41
52
44
41
49
52
42
41
66
45
41
43
49
45
58
48
43
41
46
44
47
56
43
36
45
48
44
54
44
40
36
50
50
37
37
53
45
41
43
37
45
47
45
57
41
56
50
57
45
56
45
38
41
51
55
35
53
48
47
42
37
41
44
40
42
42
41
40
46
49
51
50
48
49
44
54
37
50
45
37
54
44
43
50
51
48
36
55
41
45
40
47
46
50
50
41
39
43
48
35
36
36
54
38
35
45
53
47
56
33
54
60
50
43
50
47
41
51
47
31
50
31
40
48
51
45
40
51
50
51
43
44
37
50
49
55
34
42
61
67
48
50
50
63
59
75
64
88
76
85
119
142
165
184
219
287
337
346
386
364
313
284
243
166
121
107
69
51
48
62
51
40
57
54
37
48
42
50
44
44
50
54
39
40
52
53
36
37
46
40
34
50
41
43
40
60
38
53
40
41
45
53
51
45
59
61
59
59
58
59
80
54
54
44
54
45
38
48
38
47
46
45
44
50
40
54
59
38
45
41
58
54
40
48
46
50
33
47
59
33
41
50
54
44
47
47
43
42
54
50
48
41
48
49
53
39
35
40
57
53
51
44
37
37
38
46
45
47
48
55
35
39
42
50
43
41
58
45
46
44
43
41
57
48
42
32
31
44
41
49
51
64
45
59
51
46
50
57
39
41
48
38
48
39
63
56
47
46
47
54
52
52
44
51
44
58
51
47
51
44
40
50
46
59
39
47
69
53
46
40
57
47
48
50
52
51
47
56
40
66
39
42
52
47
55
41
55
60
43
70
42
54
53
50
52
57
57
51
61
65
57
50
63
54
55
46
45
45
45
51
46
46
47
60
45
62
53
55
54
45
47
48
53
54
51
59
46
47
63
49
51
39
54
49
59
58
69
53
53
83
75
85
76
82
80
58
63
53
57
50
50
52
47
48
53
45
50
42
58
50
57
39
63
47
45
50
58
46
57
63
67
43
49
46
53
42
59
54
62
53
51
61
45
54
45
47
53
59
59
42
56
61
50
55
40
50
37
55
39
63
51
52
51
52
43
50
54
33
46
55
71
49
51
61
46
45
51
44
52
43
60
50
55
59
62
60
62
54
50
69
56
64
41
52
59
44
53
46
54
49
73
56
49
57
53
54
59
51
55
42
53
54
68
53
51
50
57
69
58
58
41
52
40
46
54
60
83
54
53
61
57
43
55
57
66
53
57
50
57
56
48
53
68
60
51
74
52
58
58
44
48
58
50
67
63
61
59
49
58
44
57
58
52
54
70
49
55
52
57
38
57
46
57
73
70
74
67
61
62
59
51
63
51
63
49
56
56
56
55
57
55
73
49
60
53
50
62
52
46
47
57
54
63
48
51
67
54
34
53
55
43
60
63
58
66
60
68
62
67
51
53
53
41
46
52
51
43
49
54
52
64
57
57
40
51
54
67
54
50
63
72
40
48
46
58
51
45
46
48
43
49
49
42
45
45
51
42
40
35
46
45
38
38
44
38
33
34
50
41
47
48
38
30
40
62
35
55
56
40
39
37
39
36
37
40
48
34
46
23
36
34
37
38
46
34
32
52
54
29
33
37
34
33
40
28
28
34
35
36
35
49
30
38
27
42
28
37
31
31
34
30
35
43
36
50
34
38
38
41
49
37
46
28
43
37
36
41
39
39
38
32
31
45
34
34
37
29
26
29
36
43
42
26
31
40
39
25
40
31
32
28
26
37
42
33
38
25
28
35
38
43
27
29
35
35
35
37
48
32
30
36
37
40
29
30
34
27
44
32
38
38
31
29
39
39
32
34
27
31
34
30
31
37
37
25
40
25
38
37
45
45
45
45
35
41
42
43
61
64
85
100
114
123
123
145
120
116
89
81
58
61
45
29
33
26
35
29
27
33
32
30
24
25
26
28
27
28
25
30
20
31
26
28
26
28
23
28
27
25
27
25
24
25
29
29
27
27
36
41
29
28
19
25
43
32
27
28
24
23
23
16
26
19
19
33
24
25
22
27
26
26
32
22
33
26
11
24
23
15
21
13
28
17
16
20
26
18
24
23
25
19
18
29
20
28
17
21
20
25
21
17
20
19
21
23
13
20
27
16
25
17
17
25
14
27
19
17
22
26
24
22
27
15
16
25
19
14
23
19
23
15
12
15
24
22
21
21
20
23
18
15
20
19
17
13
14
12
20
25
15
9
15
16
25
17
12
19
12
16
17
14
15
23
20
14
11
15
13
13
11
11
16
22
11
12
14
19
9
19
15
20
14
18
14
10
15
11
11
18
15
12
13
18
19
15
11
11
14
7
12
11
13
11
24
19
13
10
21
14
17
15
12
16
11
11
10
13
14
11
8
14
15
16
11
12
13
8
16
12
13
10
11
6
11
10
11
15
10
4
12
13
7
9
6
10
16
10
12
10
13
19
15
5
10
16
8
7
10
14
10
7
11
11
8
12
11
9
8
11
16
8
12
14
5
9
9
11
8
4
15
13
10
10
14
9
14
9
13
10
15
6
12
10
11
15
7
7
10
12
10
7
13
9
10
5
5
16
16
12
8
11
8
11
12
6
12
6
8
8
6
6
13
11
10
10
11
12
9
10
18
13
13
7
11
12
13
7
18
13
14
16
10
10
9
10
15
11
11
11
10
9
11
10
12
6
8
8
11
9
8
7
7
8
7
16
15
16
3
8
10
5
10
15
9
13
9
6
4
6
7
9
10
9
12
7
7
9
9
6
8
8
13
12
4
5
10
10
9
7
5
11
6
10
11
3
7
7
16
7
13
8
12
9
12
6
11
9
11
11
5
16
11
10
14
13
8
10
12
16
13
12
12
14
23
14
16
21
16
34
40
43
58
78
75
110
105
166
190
233
268
387
436
532
736
848
1078
1297
1531
1800
1797
1782
1666
1425
1185
854
581
352
223
132
61
37
13
5
4
4
2
5
5
5
3
4
4
5
1
1
3
3
4
3
3
1
4
1
2
8
4
3
2
4
2
5
7
3
1
2
4
3
4
2
2
3
0
3
2
4
4
3
3
3
1
5
5
5
6
7
4
6
3
5
0
3
5
3
3
4
2
1
2
2
3
4
3
0
3
2
6
3
7
9
2
1
2
3
5
1
1
6
1
5
4
0
5
0
3
5
4
7
1
3
5
2
7
5
8
5
5
1
3
1
2
3
3
6
5
2
3
3
8
1
3
4
5
2
5
3
1
4
5
5
3
4
3
2
4
2
3
1
4
3
1
0
3
4
1
2
4
4
3
5
3
4
1
2
2
9
0
7
3
7
2
2
4
3
1
4
4
3
1
3
3
6
7
5
2
3
3
5
2
6
3
5
2
1
3
2
1
3
3
5
2
3
2
4
2
1
3
7
8
2
5
6
4
2
8
5
4
3
5
6
2
8
5
3
3
3
6
10
4
4
3
5
1
2
4
4
3
6
7
1
4
1
7
2
6
3
2
4
3
3
3
4
3
0
4
4
4
2
7
2
3
2
2
3
5
4
2
5
1
2
2
4
2
1
4
1
3
4
5
5
5
0
2
3
2
4
4
4
2
2
5
1
0
4
4
3
2
3
3
1
5
2
5
2
5
3
3
3
3
2
3
2
4
7
2
2
5
0
8
0
3
4
4
5
3
5
6
4
2
0
3
0
1
4
5
1
5
3
4
6
3
2
2
3
4
7
4
4
4
4
2
3
2
2
5
1
2
0
3
4
3
2
2
3
3
4
3
1
3
2
4
1
2
5
3
1
3
9
1
6
4
3
1
4
3
6
6
3
3
6
5
7
4
5
6
2
2
4
2
4
6
4
3
1
7
4
3
1
2
3
6
2
5
2
5
5
1
8
3
3
6
2
4
9
5
5
2
4
5
4
4
7
5
4
3
4
3
4
5
3
3
5
2
3
0
4
4
2
4
1
3
3
4
6
1
2
4
1
3
2
4
2
0
3
2
5
7
1
2
4
2
2
1
2
3
4
1
3
2
4
1
3
1
5
6
2
6
4
2
3
3
2
5
4
2
3
3
2
1
1
2
3
2
3
2
1
4
5
4
2
1
5
4
3
1
1
4
2
3
3
1
4
0
2
2
2
2
2
1
3
1
1
3
0
2
6
3
4
1
3
0
1
3
2
3
1
1
2
4
3
3
4
2
5
3
1
6
3
2
4
2
3
1
1
3
2
2
3
4
3
4
2
2
3
4
0
6
0
3
6
3
3
3
0
4
5
0
0
5
3
1
3
2
3
2
4
2
5
3
3
2
4
5
2
0
3
4
2
5
3
2
3
4
2
0
1
1
4
5
1
1
3
1
4
2
6
5
4
0
2
3
3
0
0
4
3
2
1
3
2
3
2
2
3
1
2
4
3
3
1
3
1
4
3
1
4
6
3
0
4
0
1
3
5
3
3
4
5
5
4
2
2
3
4
3
2
6
4
1
2
2
5
7
5
3
2
4
2
3
3
1
1
4
1
3
2
0
2
6
2
2
3
2
1
0
3
4
5
7
0
3
2
9
5
1
2
2
3
4
2
3
2
1
4
6
3
5
4
5
4
4
1
1
2
3
2
4
0
3
3
4
3
6
4
5
2
1
2
2
2
2
3
2
1
3
2
1
4
2
5
2
8
5
5
3
4
4
4
1
3
2
0
3
2
6
6
2
4
1
0
5
3
2
1
0
5
2
1
0
1
6
1
6
2
1
4
1
3
6
2
3
1
5
2
1
4
4
2
0
1
2
1
1
3
2
4
4
2
1
4
1
2
6
0
2
1
5
1
1
2
7
1
1
3
3
2
1
2
1
3
1
9
4
4
10
0
6
7
2
6
5
4
0
3
1
4
3
6
2
5
0
1
0
6
2
3
2
2
4
4
4
3
3
3
4
3
3
5
6
3
3
2
2
2
2
4
1
4
4
2
1
3
1
5
6
5
3
5
1
6
3
1
4
1
3
0
3
1
2
3
0
1
2
3
5
3
6
4
4
2
5
2
3
2
4
3
3
4
3
1
2
3
2
3
1
1
6
2
7
5
4
4
3
3
3
0
2
3
5
3
6
4
3
3
4
2
5
5
4
0
2
6
3
7
5
2
3
4
2
4
5
6
4
0
1
3
2
4
4
1
5
2
1
3
5
3
3
3
4
4
2
2
1
1
0
3
4
2
2
2
4
5
4
5
4
3
2
4
4
5
2
1
5
2
4
6
4
7
3
3
1
4
2
4
3
5
2
3
3
1
4
0
1
4
5
6
2
1
3
2
0
2
2
0
1
4
1
$ENER_FIT:
0.198 0.365772 1.62845e-008
$MCA_CAL:
3
0.198 0.365772 1.62845e-008
$PEAKLABELS:
1395.937, "Pos. Ann."
2944.540, "Ga-68"
1581.466, "Ga-68"
2202.496, "Ga-68"
3448.119, "Ga-68"
5146.822, "Ga-68"
211.796, "Au XRF, detector"
204.419, "Au XRF, detector"
182.985, "Au XRF, detector"
187.966, "Au XRF, detector"
7144.927, "Th-232 (d), (bkgd)"
3992.687, "K-40, (bkgd)"
474.204, "511 keV, Backscatter"
929.727, "511 keV, Compton Edge"
$ENDRECORD:
