$SPEC_ID:
PeakEasy Library File: Ge-68 GR-135 (NaI)
$MEAS_TIM:
264.93 330.00
$DATE_MEA:
9/28/2004 3:41:25 AM
$DATA:
1 1024
0
0
429
432
450
504
853
2013
3405
4086
4513
4853
5172
5521
5917
6427
6861
7484
7876
8507
9361
10546
11068
11884
12870
14012
15218
15719
15959
16103
15963
16251
16034
16161
16198
15967
16216
16759
16826
16753
16625
16884
16497
16358
15908
16161
15840
15555
15035
14982
14642
14188
14218
14214
13903
14294
13237
13451
13672
13524
13824
13931
13671
13808
13089
12930
12260
11534
11306
10656
10353
10202
9215
9193
8859
8594
8038
8075
7685
7454
7161
7190
6809
6426
6400
6207
6162
6146
5445
5692
5595
5491
5230
5287
5071
5052
4708
4921
4706
4577
4603
4612
4394
4490
4072
4182
4011
4084
3985
3882
3794
3631
3561
3536
3344
3144
3068
2975
2944
2707
2741
2745
2610
2634
2648
2648
2533
2518
2346
2313
2262
2291
2234
2120
2164
2176
1948
2121
1933
1987
1889
1928
1826
1872
1794
1833
1696
1708
1731
1662
1697
1838
1503
1704
1686
1683
1580
1682
1765
1995
1922
2188
2521
2889
3445
4040
4764
5844
5704
6917
7282
7924
7844
8271
8018
7589
6763
6063
5037
4111
3359
2547
1945
1511
863
728
505
341
276
211
173
154
156
151
147
141
137
146
140
142
129
156
138
136
131
126
131
115
108
112
129
110
106
100
98
122
109
105
126
100
112
110
111
100
103
113
108
97
103
99
88
95
93
100
93
109
93
97
90
95
98
75
77
97
82
94
84
72
98
75
90
89
79
70
76
75
81
71
71
78
68
79
72
95
62
70
86
78
63
81
67
91
48
69
65
78
62
56
53
65
45
75
52
55
55
54
60
60
43
40
48
44
55
41
37
50
35
31
40
51
35
44
37
42
39
35
29
35
35
36
33
35
34
32
36
39
24
33
21
43
31
29
22
28
37
21
33
30
24
28
28
41
31
46
44
50
35
62
43
62
67
94
104
89
71
104
105
120
110
109
103
115
71
104
88
83
70
71
68
59
35
43
37
34
18
24
13
22
13
15
12
21
16
13
22
9
12
17
12
11
13
11
13
14
10
11
7
13
12
8
13
14
8
17
10
11
8
16
10
11
6
11
9
10
16
11
12
15
7
8
9
15
4
8
10
14
3
14
7
4
6
7
0
6
4
4
4
9
8
5
4
6
10
1
6
8
4
3
6
7
3
7
8
6
6
4
4
11
10
10
7
12
10
11
9
13
6
8
7
16
10
8
14
12
8
7
8
9
5
5
6
13
2
5
7
6
6
5
5
4
6
2
2
7
4
0
2
3
1
4
5
5
4
2
5
3
2
3
3
2
3
2
6
2
0
2
4
5
2
2
2
2
3
4
3
4
4
1
2
3
4
1
0
2
3
2
0
0
1
1
3
0
2
1
2
1
1
5
3
2
6
2
2
0
1
2
2
2
2
1
1
4
0
0
2
2
2
1
1
2
4
3
0
2
2
3
0
1
0
0
3
4
4
3
1
2
2
4
0
3
3
1
4
5
3
3
1
0
5
3
2
4
4
0
2
1
0
1
0
3
1
0
1
2
1
1
0
1
0
0
0
2
0
1
0
0
1
2
2
0
0
3
0
0
0
2
1
2
0
0
0
1
0
1
0
0
0
0
1
1
0
0
0
0
1
0
0
2
0
0
3
0
0
1
0
2
0
0
0
0
1
0
1
0
1
0
0
0
0
1
2
1
0
1
1
1
0
0
0
0
0
0
0
0
0
0
0
0
1
0
0
0
0
0
0
1
0
1
0
0
1
0
1
0
0
0
0
0
0
0
1
1
0
0
0
0
1
0
0
0
0
0
0
1
0
0
0
0
0
0
0
0
0
1
1
0
0
1
1
1
0
0
1
1
0
1
0
0
0
0
0
0
1
0
0
0
0
0
0
0
0
0
0
0
0
0
0
0
0
0
1
0
0
0
0
0
0
0
0
0
0
1
0
0
1
0
0
0
0
1
1
0
1
0
1
0
0
1
0
1
0
1
0
0
0
0
0
0
0
0
0
0
0
0
0
0
0
0
0
0
0
0
0
0
0
0
0
0
0
0
1
0
0
0
0
0
0
0
0
0
0
0
0
0
0
0
1
0
0
0
0
0
0
0
0
0
0
0
0
0
0
0
0
0
0
0
0
0
0
1
0
0
0
0
0
0
0
0
0
0
0
0
0
0
0
0
0
0
0
0
0
1
0
0
0
0
0
0
0
0
0
0
1
0
0
0
0
0
0
0
1
0
0
0
0
0
0
0
0
0
0
0
0
0
0
0
0
0
0
0
0
0
0
0
0
0
0
0
0
0
0
0
0
0
0
0
0
0
0
0
0
0
0
0
0
0
0
0
0
0
0
0
0
0
0
0
1
0
0
0
0
0
0
0
0
0
0
0
0
0
0
0
0
0
0
0
0
0
0
0
0
0
0
0
0
0
0
0
0
0
0
0
0
0
0
0
0
0
0
0
0
0
0
0
0
0
0
0
0
0
0
0
0
0
$ENER_FIT:
0.115 2.876045 0.000602373730
$MCA_CAL:
3
0.115 2.876045 0.000602373730
