$SPEC_ID:
PeakEasy Library File: Ra-226, Detective (HPGe), 10.42 microCuries 25 cm bare
$MEAS_TIM:
59401.54000 62762.82000
$DATE_MEA:
8/19/2008 12:00:00 PM
$DATA:
0 8191
0
0
0
0
0
0
0
0
0
0
0
0
0
0
0
0
0
0
0
0
0
0
0
0
0
0
0
0
0
0
0
0
0
0
0
3
0
1
0
3
0
0
2
3
3
3
5
3
2
3
0
7
4
7
7
4
6
2
8
8
11
21
23
30
28
35
46
56
64
81
92
145
120
156
212
260
250
292
2322
37467
83649
87871
86739
86383
85819
85593
84560
83697
83131
83056
82110
81814
81055
80583
80063
79624
79547
78735
78043
77957
77253
76887
76767
75968
75292
75138
75079
74312
74248
74090
73521
73527
73229
72803
71852
72366
72260
71758
72207
71894
71813
72191
72911
73142
74656
74906
75075
73628
72590
72117
71800
71276
70616
71484
71549
71451
72054
72415
73407
74690
76338
79916
84285
88321
90034
88088
84232
79199
76274
74605
73986
73882
74380
74661
75656
76797
78018
78593
80478
81978
83559
84866
86085
87583
88563
89612
89576
90072
91087
90963
91220
91105
91051
91637
91575
91803
92214
93759
94164
97255
99229
102337
104268
105855
107204
109687
111468
112209
110111
108454
105750
104895
105004
105971
107285
110238
114813
123012
138443
166272
211685
269285
320439
344312
342772
333612
352069
408385
477509
508532
473794
385325
285182
208696
163322
138196
122857
110005
99667
92308
86135
82296
79958
78623
79452
81435
84439
87191
87192
86682
86280
90284
102580
122028
152454
185400
208902
213190
195235
165872
140292
126484
125648
129068
128588
120501
107577
93177
82838
76950
74127
73114
71845
71588
71101
70789
71364
71714
71434
70298
69644
69168
68984
68941
69848
69692
69367
69584
69046
69505
69267
69431
68836
69198
69483
69595
69684
70080
70111
70247
70151
70468
70654
70973
71182
71266
72108
72201
72126
72448
72810
72776
73278
73066
73553
73781
73648
73812
74061
74794
74875
74415
74220
75244
75074
75484
75674
74981
75252
75575
75432
75797
75846
75757
75904
76004
75906
76085
75358
75620
75800
75726
75146
75897
75479
75365
75703
74709
75727
75571
75113
75406
75264
75597
75600
76789
76309
76384
76968
76506
76917
77654
77471
77505
77763
77721
77142
77973
78064
77618
78050
77971
77914
77631
77689
77892
78475
78206
78334
78027
78385
78883
78775
78759
79225
79263
79250
79974
79640
79813
80927
80888
81038
81865
81891
82357
82235
82248
82695
82359
82872
82577
82338
82746
82565
82509
82326
82438
83001
82778
82167
82288
82384
82661
83111
83463
83112
83437
83401
84349
84978
85065
86119
87294
87489
87867
88350
88097
88535
88585
88294
87961
88625
88079
87750
87376
87024
86655
86211
85885
85655
85193
84624
84446
84444
83563
84151
82792
83289
81979
81806
81154
80729
79903
79334
79300
78722
78987
77957
78460
77496
77631
77332
77403
76607
76633
76597
75893
75564
75617
75363
74549
74683
74279
73968
73290
73568
72883
71804
71849
71561
71268
71114
70824
70600
70474
69776
69286
69392
69437
68526
68076
68084
68172
68202
67497
67278
67413
67266
67429
67320
67034
67074
67438
66652
67333
67496
67999
67815
68396
68642
68563
68699
69312
70036
69755
69364
69353
70173
69951
72149
75445
83608
99466
125141
161298
195731
214558
206862
176355
138509
105607
84035
72912
67687
65609
64853
64530
63904
64154
64118
63980
64116
63485
63323
63113
63425
63202
63010
63295
63550
63674
63795
64784
65321
64436
64109
63224
62389
61655
61235
61372
61286
60725
60729
60307
59932
59924
59417
59530
58666
58443
57925
58052
57123
56508
56299
55797
55172
54977
55030
54382
53495
53824
52681
52476
52557
51837
51936
51491
51463
51047
50609
50925
50247
50145
49882
49662
49472
49593
49582
48786
49155
48708
48517
48315
47790
47818
47581
47758
47559
46988
46972
46699
46970
46532
46037
45958
46221
45896
45759
45883
45618
45353
45096
45250
45103
44926
44361
44160
44317
44470
44293
44319
43631
43679
43860
43739
43565
43458
43189
42766
42840
42766
42692
42419
42526
42393
42365
42226
42049
41823
41614
42169
41206
41188
41217
41164
41005
40842
40388
39967
40112
39939
40018
40060
39882
40768
40620
41085
41714
42578
43319
47150
54792
72493
105713
154890
211139
255838
265072
234095
179890
122618
81171
55729
42846
37267
35796
34680
34319
34133
34261
33561
34005
33564
33637
33179
33521
33221
33033
32722
33309
32547
32598
32426
32526
32892
32400
32581
32122
32033
31832
31851
31389
31519
31529
31583
31218
31574
32037
32785
35004
38101
42028
45075
46034
44016
40465
36643
33499
31338
30423
29662
29822
29803
29411
29228
29536
29275
29098
29026
29044
28832
28946
28673
28860
28583
28960
28313
28532
28896
28737
28786
28550
28326
28489
28453
28177
28601
28098
28139
28462
29267
30070
32160
34378
36581
38221
39149
38076
35550
32508
29974
28460
27742
27465
26989
27244
26643
26677
26913
27192
27080
27532
28125
27994
28042
27569
27310
26896
26657
26487
26479
26236
26339
26392
26281
26307
26131
26516
26144
26190
26173
26328
26397
26372
26084
26183
26465
26565
26608
26577
26744
26819
27285
28178
30393
36894
51740
82108
139150
228987
341655
442375
485170
449229
352044
236770
140841
79757
46502
32134
26240
24039
23197
23015
22807
22630
22413
22168
22239
21854
21784
22345
21793
22038
22130
22096
22449
22667
22564
22494
22604
22244
21963
21506
21534
21505
21359
21223
21061
21338
21294
21245
21228
21108
21099
20845
21381
21064
20992
21206
21210
21625
22137
22505
22566
22584
22214
21815
21425
20835
20757
20689
20799
20603
20755
20748
20470
20734
20477
20438
20420
20316
20471
20417
20653
20596
20521
20776
20766
21029
20688
20933
20688
20749
20470
20324
20577
20515
20457
19972
20347
20518
20477
20011
20390
20312
20462
20198
20143
20385
20451
20158
20657
20942
21158
21589
21783
21736
22009
21486
21250
21019
21084
20759
20526
20435
20582
20409
20683
20821
20909
20719
20852
20648
20316
20482
20537
20401
20426
20914
20585
20594
20779
20840
21122
21114
21256
21257
21270
21441
21575
21676
21949
22210
22480
23131
23975
25905
28326
33691
45855
72779
128440
228124
377137
550448
692104
733343
657028
498439
323547
184483
96864
50637
29838
21602
18907
18164
17883
17668
17400
17471
17082
17033
17194
17321
17046
17111
16941
17343
17009
17203
17193
17197
17020
17328
17309
17156
17309
17328
17237
17250
17176
17148
17052
16905
17350
17077
16972
17473
17286
17168
17399
17114
17289
17192
17536
17026
17200
17301
17499
17294
17328
17292
17423
17352
17378
17519
17427
17690
17644
17503
17574
17709
17684
17665
17554
17558
17518
17588
17514
17697
17846
17796
17752
18018
17886
17574
17775
17797
17895
18002
17804
17650
17791
18011
18382
18650
19004
20229
21728
23025
23663
24088
24285
24130
25040
25565
25431
24711
23261
21150
20091
18970
18574
18143
18229
18369
18572
18334
18645
18491
18824
18672
18656
18819
19057
18738
19187
18937
18902
18820
18729
18593
18603
18741
18642
18713
18715
18605
18799
18670
18924
18754
19010
18788
19119
18772
19183
19497
19700
20270
21302
21796
21991
21503
21223
20359
19853
19437
19158
19122
19411
19270
19472
19207
19392
19382
19379
19349
19413
19491
19336
19394
19245
19297
19300
19469
19399
19435
19421
19288
19215
19430
19322
19337
19669
19798
19588
19595
19678
19593
19481
19803
19901
19764
19446
19390
19634
19314
19217
19242
18976
18991
19022
19302
18743
18613
19080
18403
18372
18411
18615
18189
18155
17938
17590
17106
16860
16513
16081
15763
15537
15448
15242
15254
14957
14917
14803
14381
14229
14174
14112
14022
13826
13838
13498
13547
13519
13789
13704
13358
13424
13619
13374
13301
13210
13359
12989
12797
12793
12858
12710
12593
12815
12351
12503
12379
12545
12349
12464
12534
12560
12384
12141
12215
12193
12073
12162
12050
11935
11930
11943
12033
11952
11993
11870
11764
12096
11943
11996
11919
12473
12748
13273
14166
14996
15695
15976
15342
14649
13415
12394
11740
11568
11477
11438
11249
11171
11181
11214
11292
11826
12127
12526
13410
13777
13829
14026
13224
12848
12063
11376
11238
10815
10846
10367
10504
10455
10611
10451
10794
10740
10770
11000
11020
11584
11845
12198
12408
11976
11498
11065
10661
10498
10223
10322
10331
10547
10837
11152
11499
11450
11226
10772
10226
10233
9852
9971
9728
9834
9858
10083
10492
11125
11970
12911
13938
14186
13469
12363
11519
10655
9991
9387
9393
9147
9350
9386
9550
9565
10155
11077
12074
13410
14326
14593
14188
13038
11559
10742
9687
9185
8771
8814
8861
8693
8791
8715
8656
8516
8822
8756
8726
8546
8767
8858
8617
8656
8569
8454
8505
8556
8347
8296
8434
8252
8403
8223
8275
8332
8222
8319
8405
8415
8226
8355
8129
8185
8042
8198
8181
7942
8028
8193
7986
7939
8036
7910
7867
8192
7842
8098
8646
9039
9309
9842
10149
10414
10685
10643
10422
10194
9787
9717
9109
8844
8540
8266
7940
7986
7899
7777
7784
7627
7636
7795
7560
7571
7520
7708
7738
7636
7835
7566
7837
7771
7593
7570
7474
7678
7567
7571
7735
7562
7482
7708
7684
7722
7637
7515
7537
7483
7605
7452
7430
7337
7522
7562
7550
7567
7574
7481
7436
7275
7412
7593
7744
7856
7903
8391
8962
9535
9473
9275
9127
8599
8272
8035
8071
7992
7938
8149
8077
8026
7827
7688
7498
7407
7458
7360
7368
7522
7425
7613
7615
7986
8252
8350
8522
8569
8542
8479
7881
7725
7633
7574
7701
7869
7636
7853
7660
7530
7306
7470
7396
7373
7391
7386
7438
7251
7300
7150
7299
7259
7370
7220
7345
7372
7229
7263
7269
7336
7219
7301
7236
7142
7233
7348
7173
7268
7293
7165
7152
7249
7365
7520
7371
7516
7311
7138
7330
7315
7255
7174
7194
7371
7144
7182
7212
7270
7288
7375
7303
7311
7144
7412
7193
7337
7323
7320
7357
7314
7346
7360
7399
7476
7716
7807
7952
7888
8079
7870
7523
7375
7428
7285
7473
7252
7131
7170
7046
7267
7066
7196
7614
8191
9042
9910
10525
10921
10749
9869
9006
8296
7785
7525
7636
7420
7470
7328
7195
7025
6929
6676
6910
6780
6678
6948
6849
6863
6858
6705
6837
6769
6681
6767
6835
6970
6706
7000
6832
6918
6615
6844
6935
6973
6977
7113
6987
7156
7069
7232
7042
7115
7080
7101
7032
6972
7286
7322
7281
7322
7196
7236
7396
7218
7271
7323
7357
7374
7486
7789
7709
7770
8126
8306
8560
8475
8926
9593
11698
17039
28898
54471
100904
176087
277382
382282
455773
467816
408830
310188
202903
116418
60197
29106
14434
8520
6355
5535
5346
5459
5408
5690
5694
5910
5916
5886
5732
5708
5575
5533
5291
5244
5169
5092
5040
5076
4981
5013
4921
5047
4918
5089
4952
4984
5075
4916
4911
5110
4966
5005
4940
4901
4947
4965
5055
5012
5003
4950
4998
4987
4861
4936
5080
4970
5058
5154
5211
5291
5256
5241
5414
5424
5497
5577
5419
5186
5201
5082
5006
4783
4918
4775
4842
4806
4950
5052
5151
5278
5377
5179
5247
5123
4953
4948
4973
4926
4818
4894
4887
4852
4787
4807
4802
4844
4819
4757
4767
4764
4711
4726
4862
4783
5076
5078
5170
5309
5145
5085
5148
5042
4893
4784
4780
4616
4779
4819
4673
4710
4698
4901
4712
4784
4758
4657
4639
4702
4838
4845
4678
4798
4889
4914
4893
5014
5012
5004
5122
5217
5184
5219
5153
5116
5169
5405
6044
7217
9312
12137
15645
18026
18847
17425
14742
11349
8588
6704
5435
4981
4831
4552
4621
4662
4500
4648
4532
4540
4488
4677
4619
4580
4581
4625
4665
4611
4702
4675
4625
4570
4630
4547
4680
4589
4594
4609
4585
4495
4538
4593
4542
4555
4780
4687
4480
4608
4847
4771
5089
5245
5342
5258
5130
5050
4912
4709
4705
4694
4705
4673
4624
4656
4702
4548
4756
4706
4525
4567
4491
4633
4543
4637
4581
4648
4603
4628
4750
4611
4654
4612
4653
4681
4635
4570
4570
4689
4820
4858
4884
4939
5092
5193
5072
5005
4979
4832
4715
4965
5055
5212
5585
6452
7400
8248
8711
8858
8164
7587
6742
6048
5463
5310
5087
4868
4931
5010
5201
5144
5241
5191
5114
5144
5104
5275
5137
5223
5233
5152
4945
4783
4705
4750
4594
4489
4552
4600
4590
4690
4654
4791
4628
4703
4715
4878
4940
5102
5628
6213
6954
7676
7972
7861
7499
6661
5960
5494
5273
4986
5067
4938
4918
4795
4737
4698
4668
4643
4631
4699
4721
4804
4881
4732
4756
4792
4692
4668
4487
4747
4722
4699
4518
4626
4500
4680
4597
4632
4782
4764
4816
4726
4856
4704
4624
4464
4462
4607
4500
4567
4477
4462
4269
4435
4538
4512
4569
4782
4877
5230
5506
6038
6488
6819
7179
6756
6546
6081
5407
5057
4750
4659
4754
4525
4658
4575
4451
4483
4419
4483
4363
4544
4424
4414
4576
4418
4511
4609
4682
4771
5196
5319
5339
5298
5323
4972
4787
4713
4508
4485
4521
4478
4479
4466
4502
4478
4498
4442
4431
4437
4395
4326
4508
4455
4505
4546
4589
4379
4480
4348
4418
4615
4634
4725
4785
5048
5296
5986
7228
9298
13278
19153
26847
35186
40667
41992
37763
29996
21856
14534
9696
7018
5477
4734
4595
4333
4369
4369
4255
4242
4236
4373
4288
4290
4351
4422
4366
4250
4329
4420
4213
4481
4288
4346
4310
4348
4255
4271
4266
4333
4294
4479
4376
4413
4396
4650
4911
5411
6449
7789
9427
11173
12315
12206
10992
9635
7928
6521
5551
5052
4655
4535
4394
4385
4411
4216
4344
4337
4374
4268
4252
4308
4366
4293
4288
4274
4398
4404
4467
4452
4424
4380
4455
4371
4270
4485
4581
4520
4583
4748
4703
4694
4495
4558
4509
4399
4459
4483
4466
4425
4607
4839
5375
6277
7650
9583
11612
13071
13689
12680
11116
8918
7138
5850
4941
4586
4354
4466
4412
4505
4412
4341
4336
4424
4332
4346
4474
4467
4561
4531
4683
4676
4756
4640
4591
4575
4670
4545
4437
4472
4500
4322
4489
4487
4637
4904
5226
5277
5613
5727
5464
5261
4969
4780
4572
4630
4701
4749
4946
5047
5207
5465
5631
5652
5424
5199
4997
4704
4676
4624
4601
4598
4563
4500
4464
4573
4570
4623
4696
4793
4797
4664
4664
4676
4627
4722
4636
4668
4576
4717
4699
4828
5304
5661
6325
7240
8200
8714
8729
8182
7279
6250
5700
5169
4815
4767
4684
4628
4676
4556
4571
4645
4552
4657
4693
4650
4749
4830
4803
4861
4732
4752
4721
4684
4705
4645
4633
4727
4794
4707
4788
4723
4739
4689
4720
4699
4665
4666
4779
4714
4677
4715
4758
4779
4800
4710
4713
4833
4695
4793
4846
4777
4751
4949
4932
4850
4893
4970
4823
4970
4657
4795
4834
4842
4788
4767
4815
4997
4881
5033
4902
4864
4749
4971
4791
4989
4947
4964
4990
4794
4952
4884
4854
4930
4870
4898
5023
5080
5024
5180
5021
5017
5163
5160
5070
5035
4918
5169
5111
5052
5141
5161
5004
5119
5015
5125
5036
5058
5040
5038
5192
5172
5028
5043
5203
5060
5114
5254
5177
5062
5155
5201
5192
5192
5134
5113
5125
5153
5134
5210
5166
5222
5171
5118
5385
5275
5119
5197
5183
5286
5230
5227
5265
5469
5284
5245
5302
5307
5209
5290
5291
5443
5283
5352
5282
5252
5271
5398
5449
5310
5478
5306
5210
5401
5198
5320
5176
5338
5292
5309
5345
5460
5439
5617
5617
5764
5773
5627
5750
5433
5508
5387
5260
5248
5243
5112
5220
5217
5190
5329
5278
5398
5384
5573
5695
5459
5334
5221
5068
5015
4746
4758
4679
4716
4694
4834
4800
4792
4819
4574
4678
4560
4362
4470
4526
4316
4327
4346
4338
4348
4223
4356
4452
4292
4373
4222
4249
4347
4338
4344
4315
4216
4213
4320
4250
4299
4226
4180
4237
4298
4241
4353
4338
4400
4356
4329
4375
4488
4670
4980
5503
6692
8792
11863
15839
19901
22520
23392
21262
17527
13574
9807
7276
5586
4810
4325
4195
4129
4044
4170
4248
4171
4178
4088
4159
3992
4119
4022
4069
4107
4210
4100
4061
4072
4183
4104
4052
4099
3911
4024
4084
4041
4029
3973
3931
4008
3996
4052
3980
3943
4063
3976
3951
3973
3901
3997
3897
3786
3970
3941
3816
3865
3945
3941
3901
3856
3733
3853
3952
3987
3802
3881
3841
3839
3979
3790
3867
4037
3967
3843
4018
4028
4114
4122
4426
4765
5234
5521
5959
5980
5951
5387
4920
4548
4202
4044
3947
3969
3959
4062
4098
3981
4235
4129
4109
3925
3879
3858
3751
3813
3745
3679
3788
3756
3704
3673
3744
3694
3596
3728
3781
3878
3830
3785
3784
3772
3749
3741
3559
3647
3665
3721
3671
3721
3660
3632
3794
3633
3638
3525
3667
3792
3636
3786
3714
3608
3562
3714
3669
3720
3667
3638
3705
3691
3626
3740
3694
3760
3706
3744
3733
3670
3587
3575
3636
3765
3697
3666
3769
3663
3697
3642
3640
3609
3605
3590
3680
3601
3638
3589
3663
3681
3651
3737
3559
3631
3628
3513
3565
3666
3597
3566
3407
3580
3547
3521
3632
3594
3614
3464
3573
3492
3488
3473
3479
3622
3437
3411
3501
3512
3528
3538
3634
3456
3454
3477
3593
3482
3559
3488
3573
3529
3413
3481
3537
3622
3519
3420
3497
3298
3412
3598
3556
3560
3471
3562
3539
3431
3448
3403
3488
3554
3512
3397
3511
3447
3505
3522
3436
3439
3367
3373
3323
3459
3412
3355
3305
3297
3293
3411
3232
3143
3234
3361
3170
3177
3192
3158
3130
3122
3219
3241
3341
3538
3490
3542
3354
3421
3363
3339
3105
3152
3142
3200
3055
3059
3049
2932
3046
3103
3114
3053
2984
3141
3074
3050
2950
3003
3048
3002
3039
3032
3106
2988
3083
3006
3013
3052
3173
3123
3128
3083
3113
3091
3124
3128
2997
3103
3039
2987
3100
3121
3034
3235
3466
3859
4133
4453
4728
4650
4402
4136
3731
3380
3169
3085
3024
3053
2966
2995
3069
2981
3024
2940
2948
2985
2987
2949
3034
2989
3054
3028
2921
2945
2903
2936
3025
2927
2946
2968
3040
2899
2938
3001
3056
3062
3057
3045
3117
3035
3149
3225
3221
3302
3589
3823
4161
4223
4346
4127
3978
3783
3327
3215
3099
3003
2954
2905
2958
2954
2929
2908
2764
2854
2827
2851
2989
2906
3036
2819
2863
2877
2969
2787
2888
2875
2962
2801
2885
2951
2810
2940
2846
2971
2936
2960
2896
2812
2943
2847
2928
2883
2896
2928
3051
2918
2988
2970
2898
2918
2872
2901
2925
2903
2901
2868
2925
2887
2841
2829
2825
2783
2847
2917
2836
2953
2872
3074
3097
3154
3249
3252
3170
3153
3112
3024
2905
2872
2844
2897
2902
2938
2921
2984
2916
3137
3295
3479
3455
3653
3585
3718
3632
3427
3489
3343
3165
2948
3023
2909
2938
2991
2958
3016
2992
3001
2963
3057
2948
3030
3010
2955
3006
2987
2960
2964
3071
3079
3082
3236
3111
3046
3109
3117
3241
3388
4054
5256
7801
12510
20613
32121
46840
61879
73476
77178
72572
59775
44337
29445
18147
10648
6241
4245
3264
2997
2801
2789
2776
2784
2800
2697
2795
2728
2822
2686
2802
2771
2728
2806
2869
2988
2896
3009
2926
2970
2966
3107
3346
3600
3894
4003
4058
3936
3546
3372
3106
2868
2913
2782
2748
2748
2752
2841
2779
2783
2769
2757
2741
2816
2799
2746
2668
2787
2821
2760
2711
2756
2891
2837
2704
2740
2763
2746
2799
2730
2878
2776
2843
2791
2809
2799
2754
2900
2867
2906
2806
2948
2862
2839
2913
2974
3090
3192
3764
4395
5389
6980
8628
9876
10662
10289
9368
7623
5988
4694
3668
3357
2983
3001
2770
2770
2697
2733
2727
2722
2720
2652
2677
2751
2711
2738
2668
2609
2658
2601
2597
2557
2644
2601
2683
2686
2653
2621
2733
2643
2615
2578
2633
2586
2503
2655
2640
2648
2677
2626
2755
2916
2815
2859
2848
2852
2661
2627
2687
2476
2542
2476
2563
2535
2575
2540
2479
2485
2440
2574
2657
2672
2817
3034
3262
3584
3970
3955
4019
3822
3563
3145
2918
2793
2691
2421
2483
2601
2491
2525
2512
2605
2446
2541
2370
2420
2398
2375
2327
2442
2438
2452
2502
2395
2437
2388
2422
2343
2409
2315
2317
2284
2400
2365
2360
2330
2314
2364
2307
2357
2356
2342
2357
2328
2298
2318
2373
2320
2358
2301
2255
2333
2250
2360
2259
2330
2295
2333
2272
2349
2357
2461
2591
2970
3358
3739
4122
4279
4262
4138
3715
3197
2852
2581
2460
2306
2278
2357
2304
2210
2324
2289
2342
2328
2245
2278
2252
2292
2254
2309
2296
2335
2313
2359
2416
2457
2453
2481
2518
2394
2448
2366
2399
2330
2296
2349
2307
2213
2322
2272
2250
2317
2309
2266
2318
2215
2294
2238
2384
2340
2285
2282
2443
2319
2286
2329
2327
2322
2275
2293
2285
2241
2328
2348
2341
2310
2177
2302
2355
2396
2439
2681
2871
3457
4743
6847
10112
14629
19967
24823
27445
27555
24956
20158
15070
10162
6521
4387
3145
2552
2310
2233
2141
2183
2252
2132
2177
2150
2159
2084
2168
2171
2207
2085
2164
2088
2120
2177
2168
2159
2107
2184
2195
2148
2361
2371
2491
2657
2740
2973
2991
3123
3262
3271
3167
3033
2803
2672
2467
2309
2254
2214
2097
2152
2104
2116
2008
2169
2090
2106
2104
2048
2071
2080
2058
2079
2029
2036
2118
2100
2079
2141
2156
2069
2138
2022
2101
2068
2053
2041
2112
2210
2075
2054
2070
2067
2091
2087
2122
2098
2134
2201
2234
2147
2117
2105
2164
2113
2038
2037
2148
2078
2173
2047
2169
2003
2091
2112
2125
2212
2369
2711
3348
4135
5271
6439
7592
8276
8054
7326
6179
5029
3817
3169
2461
2224
2134
2215
2151
2108
2021
2044
2049
2074
1949
1987
1932
1973
1997
1974
2047
1900
1962
1961
1967
1933
1960
1948
1962
1952
1875
1904
2029
1933
1976
1902
1903
1979
2053
1882
1862
1875
1952
1918
1850
1888
1880
1961
1955
1840
1919
1992
1900
1963
1967
2091
2129
2247
2272
2327
2295
2251
2264
2038
2064
2056
1986
1883
1920
1957
1914
1909
1895
1869
1904
1880
1858
1944
1944
1905
1913
1884
1806
1918
1864
1942
1863
1953
1882
1907
1968
2032
2013
2064
2140
2210
2174
2191
2117
2040
1998
1989
1842
1915
1905
1835
1883
1879
1837
1886
1863
1977
1918
1871
1884
1816
1835
1838
1910
1847
1863
1803
1920
1935
1881
1921
1920
1951
1869
1931
1925
1968
2032
1929
1997
1921
1957
1942
1910
1997
2029
1937
2046
1970
1910
1990
2049
2065
2036
2083
2087
2080
2053
1969
1889
1969
1892
1929
1887
1967
1925
1920
2022
1980
1959
1993
1937
1881
1840
1874
1952
1963
1870
1978
1936
1871
1877
1872
1901
1945
1910
1902
1836
1953
1935
1858
1918
1941
1895
1897
1887
1925
1920
1993
1917
1956
1910
1946
1862
1909
1989
1923
1889
1903
1834
1941
1903
1869
1918
1842
1884
1977
1927
1850
1941
2016
1865
1879
1943
1916
1925
1882
1930
1923
1893
1920
1892
1887
1946
1868
1956
1909
1866
1949
1909
1926
1888
1955
1901
1907
1941
1911
1927
2000
1919
1894
1894
1864
1866
1956
2026
2067
2129
2438
2856
3806
5287
7689
10160
13396
16114
17074
17204
15153
12319
9183
6375
4415
3183
2506
2113
1972
1861
1913
1985
2097
2301
2699
3098
3593
4271
4816
4846
4883
4387
3795
3221
2683
2316
2155
1920
1877
1920
1821
1867
1824
1896
1908
1941
1840
1896
1857
1856
1939
1893
1847
1913
1861
1881
1903
1926
1875
1922
1936
1931
1808
1889
1904
2069
2123
2541
2975
3679
4601
5610
6503
6870
6843
6287
5390
4411
3346
2818
2453
2159
2134
2229
2520
3225
4056
5681
7323
9092
10486
11009
10488
9126
7409
5472
4254
3095
2547
2145
2014
1932
1935
1888
1863
1941
1873
1909
1840
1885
1904
1911
1930
1877
1935
1914
1915
1911
1905
1897
1868
1985
1899
1858
1936
1950
1891
1999
2043
1990
1960
1982
1930
2087
2140
2129
2299
2441
2453
2577
2605
2385
2303
2180
2122
2050
1990
1990
2028
2051
1943
2017
2048
2007
1903
1966
2005
1940
1920
1969
1886
1988
1944
2004
1934
2116
1980
1981
1988
1984
2005
1946
1981
1889
1943
2059
2028
1986
2023
1965
1911
2001
1995
1985
1939
1943
2018
1958
2076
1969
2039
1947
1943
1983
1943
1964
1968
2044
2010
2032
2051
2041
2086
2006
2003
2082
1958
1968
2030
2017
2034
2098
2009
2013
2040
1998
2045
2043
2024
2043
2084
2099
2020
2038
2032
2025
2086
2184
2268
2476
2928
3541
4150
4897
5511
5857
5625
5176
4509
3732
3075
2687
2354
2240
2119
2072
2172
1944
2067
2047
2190
2033
1957
2016
1971
2111
2081
2077
2033
2091
2167
2126
2188
2172
2142
2060
2193
2149
2126
2057
2103
2179
2023
2076
2131
2121
2075
2131
2156
2215
2337
2223
2259
2341
2315
2361
2399
2320
2288
2287
2173
2246
2098
2134
2211
2178
2259
2213
2192
2165
2247
2156
2193
2151
2252
2177
2182
2252
2201
2194
2177
2199
2293
2240
2291
2252
2307
2197
2193
2229
2223
2255
2258
2240
2280
2271
2244
2249
2260
2323
2340
2362
2301
2281
2291
2387
2285
2257
2251
2243
2301
2410
2235
2250
2307
2302
2379
2406
2281
2308
2317
2267
2319
2322
2308
2307
2313
2358
2497
2585
2900
3270
4138
5200
6507
7964
9031
9675
9567
8436
7256
5686
4358
3585
2964
2528
2334
2351
2199
2259
2204
2197
2326
2203
2322
2228
2338
2278
2262
2390
2294
2194
2313
2311
2315
2305
2414
2255
2283
2263
2267
2249
2379
2229
2239
2312
2262
2348
2303
2251
2330
2397
2320
2210
2338
2308
2234
2228
2267
2262
2243
2294
2274
2298
2291
2279
2275
2264
2151
2261
2293
2361
2214
2329
2349
2229
2227
2297
2288
2183
2380
2354
2620
2676
2969
3230
3453
3636
3518
3382
3174
2772
2491
2414
2328
2281
2223
2506
2686
2760
2948
2846
2726
2495
2228
2100
1907
1830
1751
1731
1715
1614
1674
1645
1580
1612
1601
1581
1592
1614
1583
1609
1561
1565
1609
1590
1553
1567
1508
1528
1542
1549
1514
1545
1435
1505
1510
1535
1504
1484
1496
1480
1555
1488
1545
1496
1491
1445
1545
1482
1452
1439
1538
1478
1429
1527
1507
1443
1445
1469
1492
1449
1394
1446
1480
1489
1378
1496
1466
1481
1395
1517
1443
1389
1504
1398
1489
1472
1400
1459
1471
1437
1412
1470
1423
1395
1435
1422
1400
1397
1375
1443
1416
1391
1440
1311
1388
1416
1461
1401
1461
1521
1582
1726
2025
2356
2809
3246
3656
3600
3743
3307
2878
2348
2084
1753
1614
1436
1405
1449
1360
1396
1480
1418
1327
1365
1337
1358
1424
1404
1399
1472
1470
1490
1605
1602
1717
1766
1976
2071
2133
2181
2072
1964
1749
1593
1596
1525
1571
1729
2005
2220
2236
2303
2295
2217
1846
1758
1568
1374
1352
1298
1316
1266
1169
1295
1250
1267
1346
1256
1255
1245
1265
1324
1303
1377
1310
1283
1289
1288
1325
1258
1227
1210
1191
1169
1128
1235
1132
1126
1191
1204
1187
1168
1174
1199
1129
1115
1144
1138
1164
1152
1168
1136
1092
1109
1109
1121
1122
1142
1116
1139
1085
1112
1011
1075
1044
1035
1070
1011
995
982
942
1016
959
988
1010
1014
998
987
993
1011
965
907
948
980
905
959
965
955
954
961
890
950
905
858
862
887
879
881
934
854
894
913
921
886
993
985
872
867
823
842
844
868
845
810
899
853
810
831
812
803
814
832
790
809
765
807
812
798
814
790
775
811
807
826
758
750
769
825
745
762
778
770
737
769
708
731
751
752
756
741
782
744
768
703
784
793
837
842
831
869
893
871
964
992
1261
1570
2073
2628
3225
3709
4007
3682
3324
2791
2183
1600
1228
1020
800
772
658
684
716
701
687
672
684
659
655
648
608
656
661
613
630
613
659
617
640
591
615
635
639
627
638
655
608
613
657
604
614
596
616
647
583
597
593
622
613
559
614
615
623
671
662
707
744
764
879
977
1146
1186
1257
1248
1150
984
912
765
697
663
623
608
624
631
574
576
608
648
655
718
779
838
1033
1050
1200
1322
1329
1270
1263
1202
1111
1040
927
796
751
643
672
651
577
605
615
618
572
571
548
542
555
576
555
600
571
543
589
605
568
594
530
591
566
561
548
589
543
529
551
568
567
590
569
527
573
564
589
563
580
594
565
555
547
519
534
561
558
560
614
569
577
581
538
557
537
600
527
573
569
585
574
532
570
546
577
597
567
589
518
576
550
574
520
566
523
570
655
567
603
603
629
751
880
1188
1630
2522
3652
4991
6742
7846
8780
8608
8020
6715
5084
3531
2364
1586
1058
711
666
578
552
546
507
555
532
500
550
525
572
531
515
502
504
524
489
529
491
519
541
549
561
500
509
543
568
560
540
531
519
552
550
529
502
537
550
530
523
512
595
490
566
544
562
544
566
615
560
545
575
525
601
591
605
566
585
550
581
611
611
601
596
587
612
558
621
601
651
638
669
653
689
735
710
957
1341
2106
3452
5824
9817
15524
23055
30498
37526
42934
43574
40668
33983
26408
18144
11531
6835
3694
1905
1137
680
528
462
417
464
427
451
407
402
416
418
397
419
405
438
397
424
409
473
404
423
452
422
454
410
402
491
414
422
506
447
442
448
434
461
454
444
449
473
473
449
493
440
456
470
476
448
442
435
429
427
431
429
465
388
425
458
434
418
436
435
419
436
435
424
447
425
450
423
440
411
400
406
444
441
437
461
434
453
423
422
378
415
392
430
447
427
445
413
453
384
437
401
398
460
428
420
424
450
447
439
424
429
456
438
404
470
485
399
420
449
434
439
443
419
431
469
455
444
421
493
492
441
484
484
471
456
444
441
425
486
463
449
469
411
454
443
448
446
428
458
471
442
423
427
418
442
450
444
502
424
396
491
458
458
407
414
475
462
427
470
433
441
474
463
486
463
469
481
434
487
503
461
460
446
452
502
482
447
439
442
524
471
568
568
607
714
851
1061
1169
1281
1366
1338
1299
1054
933
731
651
531
490
509
481
509
508
495
520
574
615
821
1100
1529
2296
3039
3891
4856
5495
5667
5558
4908
3947
2914
2034
1378
916
704
590
470
468
457
470
490
470
427
508
445
486
490
455
478
491
469
486
488
504
465
499
483
502
485
457
441
500
459
484
472
522
465
455
463
501
512
463
515
507
519
483
512
457
491
464
467
482
494
505
504
454
485
483
536
564
586
684
751
865
882
1040
1016
1031
946
876
747
677
610
604
587
485
543
512
490
493
534
511
496
501
495
493
473
488
516
517
484
537
544
489
554
521
477
493
554
487
485
498
518
469
494
492
533
501
591
624
616
598
730
705
642
655
613
585
523
495
546
557
564
604
640
739
764
837
853
923
809
837
772
723
661
645
603
596
587
498
517
515
505
532
499
463
442
478
445
466
465
492
495
507
469
491
491
506
470
506
555
503
518
505
498
454
491
471
485
526
471
457
475
495
518
468
503
499
477
461
502
474
511
501
482
485
495
515
499
495
499
502
502
548
519
472
500
516
510
525
501
538
483
507
507
460
569
497
491
535
496
467
523
512
506
545
470
501
478
521
494
502
505
545
475
533
538
492
536
540
551
609
585
672
705
766
822
867
890
869
841
829
788
769
645
642
591
578
594
512
541
536
515
530
584
533
535
509
535
547
538
512
531
472
517
526
533
567
505
553
549
557
543
562
518
528
544
524
500
536
569
554
540
493
565
559
538
553
521
530
584
554
564
517
581
507
545
543
565
554
520
604
507
564
493
560
514
546
553
494
522
536
535
555
531
499
546
515
538
525
532
549
517
517
508
501
547
522
552
527
544
546
457
540
473
504
504
488
540
446
535
506
493
497
446
429
453
473
418
434
467
421
433
398
399
410
405
394
375
411
394
393
352
409
342
353
393
368
388
373
327
379
369
364
357
360
395
362
340
382
363
340
384
370
389
347
345
334
321
336
354
367
350
370
349
362
352
367
324
339
362
302
328
341
347
358
370
359
360
332
330
331
328
309
343
342
319
351
329
293
313
340
331
338
320
360
333
335
318
322
358
311
340
341
327
362
358
362
400
402
390
403
477
407
398
379
368
328
311
318
302
332
325
304
361
324
324
301
332
342
301
311
314
306
335
328
319
303
334
390
351
332
359
339
331
324
310
325
290
319
309
320
299
310
314
298
308
297
333
325
303
298
300
288
290
301
311
310
291
272
292
284
292
278
237
283
260
301
292
271
256
312
257
290
283
271
270
323
266
278
296
294
282
277
280
281
277
269
256
283
281
274
306
311
220
270
249
274
266
265
277
281
274
259
274
270
306
281
276
247
300
311
301
387
382
387
429
423
429
374
340
327
272
300
269
243
254
259
263
221
245
240
248
278
251
234
242
240
237
223
236
244
203
211
228
218
275
254
221
233
245
206
211
226
255
206
197
212
231
210
242
212
213
227
231
229
199
223
200
247
187
208
207
208
213
216
209
216
211
190
196
246
201
239
225
200
190
213
195
214
240
222
195
188
197
235
177
227
205
204
195
213
211
194
217
215
217
211
206
200
238
218
221
266
253
260
257
274
281
277
267
252
201
183
186
195
184
170
173
182
181
214
186
190
170
181
200
175
185
188
176
196
174
177
175
182
201
204
194
217
201
251
229
251
234
225
218
209
207
190
198
189
171
164
183
210
266
216
250
332
329
339
368
355
331
296
232
239
195
197
184
204
158
166
183
186
240
330
451
631
932
1288
1742
2172
2523
2701
2606
2448
1938
1548
1121
739
507
344
243
186
187
158
158
146
139
136
155
141
170
150
147
138
181
149
151
148
146
148
141
143
159
142
125
151
143
153
144
141
161
164
133
140
166
157
147
162
163
153
136
140
146
154
160
143
147
149
163
151
168
171
152
164
167
139
167
135
167
160
154
139
148
159
153
160
161
177
157
154
163
170
171
171
193
162
162
168
135
127
167
138
146
164
158
141
167
163
153
135
151
149
175
150
165
152
166
131
145
150
156
123
163
152
162
164
163
145
164
156
144
172
144
150
165
160
137
150
135
154
160
167
172
164
177
172
145
177
154
166
175
136
147
147
150
159
164
141
140
145
154
160
158
186
170
157
170
168
173
145
163
164
172
151
146
159
146
176
134
148
161
158
155
164
165
175
165
158
175
152
162
165
167
162
152
174
184
148
204
159
179
171
179
171
160
164
177
201
200
218
248
219
230
242
261
237
223
195
215
197
196
175
166
202
159
199
189
208
217
187
203
210
229
265
329
530
769
1211
1959
2910
4355
6021
7631
9245
10065
10349
9591
8015
6374
4668
3170
1997
1092
664
405
273
187
166
146
137
113
135
141
134
130
148
142
131
132
139
129
149
109
145
125
121
100
99
102
122
111
108
118
111
112
108
108
109
100
115
101
101
100
107
99
113
102
85
98
83
96
105
97
91
101
78
96
110
112
92
75
115
92
85
82
101
112
98
82
83
102
84
92
92
99
108
92
75
80
83
83
82
83
90
78
81
102
84
73
74
81
95
98
104
81
77
114
87
86
93
76
76
71
95
67
69
82
81
89
80
73
73
89
92
66
90
110
84
86
85
85
92
83
81
99
83
98
97
84
72
77
80
77
74
89
86
83
76
69
102
85
89
98
85
89
85
116
117
108
90
84
98
103
88
96
82
73
67
90
78
101
119
118
116
96
121
117
105
109
88
69
80
96
91
68
72
83
92
72
71
73
72
81
82
88
71
59
74
69
69
72
77
75
84
94
78
73
81
77
74
92
68
70
64
75
81
72
85
71
76
77
79
91
69
74
58
71
78
75
81
92
75
75
70
78
83
77
82
85
109
121
152
197
267
361
503
592
620
692
654
597
441
399
270
190
128
109
88
72
71
69
82
71
56
57
73
65
56
51
68
67
58
64
54
55
52
61
62
57
65
54
51
60
54
82
75
55
58
59
56
63
60
52
58
62
66
60
83
67
77
48
78
72
76
67
65
53
49
52
47
50
34
50
54
61
49
48
65
42
53
61
51
60
44
53
41
53
49
44
61
39
65
66
50
50
61
48
47
43
46
51
49
45
73
68
71
62
70
81
81
94
92
84
69
74
59
69
53
62
56
36
42
50
36
37
57
39
51
43
44
32
37
33
31
39
43
43
45
46
48
45
46
38
38
50
33
52
42
38
34
48
43
33
41
29
45
39
42
30
44
49
37
42
48
61
43
30
33
33
47
37
30
39
35
41
38
40
40
26
36
43
39
34
35
38
36
47
42
39
33
44
40
30
45
37
38
31
40
39
46
51
43
35
28
35
37
42
38
35
43
42
45
33
53
37
45
35
43
39
47
35
42
40
39
25
34
34
36
39
38
33
33
51
38
58
49
42
41
50
47
41
60
39
34
40
35
35
26
37
30
25
26
27
35
27
28
29
26
30
28
31
28
38
31
30
34
37
21
27
27
26
32
31
31
33
21
31
24
20
22
25
22
34
32
26
32
24
33
32
32
27
30
22
25
25
33
25
29
32
23
34
24
29
25
29
34
28
21
27
24
34
24
22
21
26
23
33
36
29
21
31
27
30
29
31
28
36
29
36
37
29
41
26
27
28
27
36
22
29
30
31
25
27
19
21
28
30
24
28
33
28
26
29
24
21
27
23
48
26
28
40
26
44
38
31
29
31
25
30
35
23
28
27
16
29
30
29
22
15
29
31
35
32
18
28
21
24
24
29
27
25
18
32
21
27
35
28
23
36
28
31
28
32
26
30
26
41
27
31
37
35
38
39
40
41
54
54
51
87
101
225
302
466
824
1133
1521
1921
2361
2615
2755
2666
2349
1879
1494
1046
690
410
237
140
66
49
23
18
20
27
31
27
23
10
15
29
20
18
18
15
21
22
22
26
7
23
21
25
21
12
12
21
22
11
11
18
15
15
12
20
19
14
19
16
17
20
17
8
21
17
22
19
20
22
21
11
15
23
12
7
13
11
17
23
9
8
15
16
14
18
9
12
8
13
14
13
15
11
9
21
14
19
12
7
11
8
12
21
11
20
9
19
17
13
9
22
5
14
14
7
14
10
19
15
20
17
11
11
15
13
16
15
11
12
9
12
14
12
10
10
18
10
15
9
14
7
16
7
16
15
9
16
9
8
7
8
7
23
11
17
9
14
5
13
14
12
19
11
19
22
18
19
19
22
15
17
13
10
11
13
13
6
11
14
9
9
9
10
16
17
11
13
5
8
4
14
12
9
8
10
2
8
7
6
16
7
5
5
15
11
13
18
10
10
15
10
12
7
7
9
10
12
10
11
9
12
12
14
6
9
12
12
4
6
14
13
9
10
7
4
13
7
10
10
7
7
8
9
7
8
8
10
9
11
8
12
9
9
9
13
11
5
8
12
11
12
8
22
18
7
10
13
12
13
15
13
20
19
15
17
9
9
10
13
7
5
6
12
4
10
7
8
13
6
12
11
9
10
14
8
12
8
10
9
6
5
6
13
14
6
10
7
10
7
9
7
8
14
9
9
6
11
10
15
13
5
13
10
12
8
7
2
7
4
5
6
10
11
3
7
8
13
9
10
14
9
5
9
17
16
8
6
2
13
9
7
15
11
4
7
7
11
7
10
14
4
8
14
17
13
7
8
6
9
6
13
10
15
4
6
12
8
10
9
5
4
11
4
10
7
10
10
3
4
8
8
10
5
5
10
4
8
13
11
6
7
7
9
7
9
5
9
8
15
6
5
9
4
6
8
8
5
6
6
9
6
10
4
8
6
7
12
7
5
8
10
13
5
9
7
10
9
10
10
7
4
9
12
9
7
4
6
9
9
9
15
18
14
21
30
40
48
82
146
174
250
320
377
410
450
452
382
274
245
201
118
72
49
30
13
12
8
8
10
3
4
8
5
10
9
9
9
8
4
5
6
7
2
8
7
8
6
6
6
6
7
3
12
8
10
11
8
7
6
11
4
9
7
4
8
9
5
6
6
9
6
5
4
7
3
12
13
5
3
6
4
9
5
5
8
3
4
7
6
5
6
6
8
9
4
6
4
5
8
5
6
5
3
8
6
2
7
4
9
7
6
7
12
6
6
6
2
5
6
5
5
5
5
1
5
9
1
12
6
3
4
13
6
5
3
6
7
7
7
6
8
5
6
6
11
6
11
5
1
6
2
8
6
5
6
3
8
6
2
6
6
5
6
4
3
5
7
5
6
7
4
5
6
7
7
8
7
7
1
3
6
5
8
2
7
7
9
5
5
3
8
5
6
6
4
6
8
5
6
7
5
3
11
3
4
5
2
8
7
9
5
4
6
2
3
8
3
5
6
4
3
8
6
7
9
18
20
26
27
39
48
46
50
58
39
38
27
24
13
17
13
15
14
9
9
7
7
13
8
7
7
7
9
2
5
0
6
9
8
5
2
6
4
4
5
3
4
6
3
3
7
6
5
5
8
5
7
6
4
5
2
7
5
3
6
9
5
4
7
3
7
5
5
8
9
1
7
10
3
7
6
12
6
7
6
2
8
6
7
5
6
6
6
1
6
2
5
8
3
1
7
6
4
3
7
2
9
5
4
1
6
4
7
6
4
9
6
9
10
3
6
5
8
3
2
7
8
4
3
5
6
3
6
7
4
4
2
6
6
5
7
6
3
5
4
4
3
4
5
6
4
3
3
2
1
4
4
3
5
5
4
4
3
4
5
4
2
6
5
2
0
3
4
8
6
6
2
4
4
4
2
4
6
5
6
6
10
7
3
6
1
6
3
8
3
4
5
3
4
6
3
4
0
1
3
7
6
6
5
9
5
13
14
29
29
38
26
37
42
33
40
22
26
15
12
5
7
3
3
4
1
8
4
4
2
5
4
4
3
4
3
1
2
5
3
4
4
2
7
4
2
4
4
7
4
8
8
6
10
11
14
11
8
13
14
6
8
7
8
2
4
5
2
3
2
2
3
3
4
6
8
2
3
6
3
3
2
3
3
6
2
3
6
7
7
5
3
2
2
0
3
2
3
2
1
4
4
4
4
1
8
2
5
3
2
5
7
4
2
2
2
1
5
4
7
4
6
1
1
5
2
5
5
3
4
3
2
1
3
5
3
5
6
5
2
5
3
3
1
5
1
3
5
2
0
0
3
3
3
7
2
5
2
3
5
4
7
4
11
4
4
3
5
7
8
6
5
1
3
2
6
4
3
2
2
5
4
2
2
4
1
1
2
4
4
0
4
3
2
2
0
2
3
1
1
3
3
1
2
3
2
2
4
1
5
5
2
1
3
3
3
2
4
3
0
4
3
3
1
3
2
6
1
6
1
1
0
1
0
4
5
3
2
3
4
5
2
0
2
3
1
3
6
7
2
3
0
3
3
6
2
5
2
5
2
0
3
3
2
1
3
1
1
4
2
4
3
2
3
0
2
2
3
4
3
1
2
0
4
2
1
1
2
2
1
2
2
2
2
1
1
2
2
0
5
2
2
1
3
3
4
6
8
6
7
9
14
19
14
11
10
13
10
5
4
7
6
2
3
2
7
2
5
1
0
4
1
2
1
2
8
1
2
3
4
3
4
4
7
3
3
7
9
9
9
4
14
2
3
3
6
5
1
0
2
4
2
5
1
2
0
0
2
2
3
5
1
2
2
1
2
4
1
4
2
7
3
0
3
6
3
3
4
3
0
3
2
2
1
1
2
4
1
5
2
1
5
1
0
2
2
2
2
2
5
0
2
2
1
2
3
4
4
5
6
7
13
8
17
17
26
24
18
15
17
15
24
5
7
1
4
1
2
2
4
1
2
2
2
1
2
3
3
6
1
3
0
2
4
2
0
1
0
4
2
1
2
3
0
0
1
4
1
3
1
3
2
2
2
1
1
1
0
0
1
1
1
1
0
2
3
1
2
3
1
1
0
2
3
1
0
1
1
1
1
0
2
1
1
1
2
0
1
0
1
1
1
0
1
1
2
0
0
2
1
2
1
3
0
1
1
1
1
3
0
0
2
1
1
2
2
3
4
3
3
2
2
1
1
2
1
1
0
2
1
2
0
1
0
1
0
1
1
0
0
1
2
2
1
2
1
0
2
2
1
1
1
1
3
8
8
8
10
18
15
17
21
26
24
14
14
13
4
6
1
3
2
1
3
2
1
0
1
2
1
1
1
2
1
0
3
1
1
1
1
0
1
0
2
1
0
1
0
0
2
1
1
1
0
0
0
0
0
3
1
2
1
3
1
3
8
14
10
13
14
9
11
9
6
4
10
1
0
$ENER_FIT:
0.410 0.366226 3.39111e-008
$MCA_CAL:
3
0.410 0.366226 3.39111e-008
$PEAKLABELS:
959.850, "Pb-214"
805.053, "Pb-214"
1663.141, "Bi-214"
659.740, "Pb-214"
507.245, "Ra-226"
143.907, "Pb-214"
3056.914, "Bi-214"
125.255, "Pb-210"
706.313, "Pb-214"
4814.708, "Bi-214"
2096.675, "Bi-214"
749.326, "Pb-214"
3378.517, "Bi-214"
1060.889, "Bi-214"
1055.221, "Bi-214"
2548.708, "Bi-214"
1106.889, "Bi-214"
1816.387, "Bi-214"
3759.303, "Bi-214"
1240.748, "Bi-214"
1328.643, "Pb-214"
1311.070, "Pb-214"
1260.229, "Pb-214"
2199.848, "Bi-214"
1281.641, "Bi-214"
2144.527, "Pb-214"
1294.664, "Bi-214"
3842.015, "Bi-214"
1582.554, "Pb-214"
3152.711, "Bi-214"
6014.113, "Bi-214"
1456.730, "Pb-214"
1918.483, "Bi-214"
4719.496, "Bi-214"
2289.496, "Pb-214"
3495.381, "Bi-214"
1964.482, "Bi-214"
3824.350, "Bi-214"
4111.674, "Bi-214"
2631.207, "Bi-214"
2241.052, "Bi-214"
5040.970, "Bi-214"
2255.069, "Bi-214"
2054.332, "Bi-214"
3780.124, "Bi-214"
2870.440, "Bi-214"
2919.784, "Bi-214"
3295.402, "Bi-214"
3093.105, "Bi-214"
4533.101, "Bi-214"
4320.069, "Bi-214"
3012.420, "Bi-214"
4198.244, "Bi-214"
4211.213, "Bi-214"
6678.432, "Bi-214"
5780.779, "Bi-214"
3557.347, "Bi-214"
4363.830, "Bi-214"
3593.769, "Bi-214"
4351.412, "Bi-214"
5016.189, "Bi-214"
4595.042, "Bi-214"
5110.929, "Bi-214"
5174.323, "Bi-214"
5158.224, "Bi-214"
6257.004, "Bi-214"
5602.450, "Bi-214"
5757.713, "Bi-214"
7352.155, "Bi-214"
7557.987, "Bi-214"
7969.771, "Bi-214"
8126.595, "Bi-214"
7856.425, "Bi-214"
8184.339, "Bi-214"
236.528, "Bi X-rays"
185.287, "Au XRF, (Detector)"
408.831, "Pb-214, Backscatter"
1392.982, "Rn-222, Pb-214"
2026.437, "Double, Escape"
3420.722, "Single, Escape"
2992.686, "Double, Escape"
3225.380, "Double, Escape"
3890.637, "Double, Escape"
3986.185, "K-40, (Bkgd)"
4619.619, "Single, Escape"
5283.646, "Bi-214, + Single Escape"
7133.469, "Th-232(d), (Bkgd)"
209.143, "Bi X-rays"
202.927, "Bi X-rays"
243.915, "Bi X-rays"
$ENDRECORD:
