$SPEC_ID:
PeakEasy Library File: Ra-226, IdentiFINDER (LaBr3), 10.43 microCuries 25 cm bare
$MEAS_TIM:
60000.00000 60192.00000
$DATE_MEA:
1/26/2008 12:00:00 PM
$DATA:
0 1023
0
0
0
0
0
11553
68695
84573
97356
112746
152391
253338
312271
246449
200191
200590
217295
250699
273100
300639
340616
370210
406120
565691
908514
1134384
925536
591179
494887
487012
404218
309966
269478
262862
267853
275846
285524
294688
298959
300091
300740
305979
307419
311719
316618
323819
331330
339486
346679
355418
358663
357335
348253
336474
322356
309616
298175
292449
293678
310876
346567
383110
389710
355540
305040
267182
245806
232423
221987
213215
205660
198870
193274
189710
185865
183786
186204
202948
239916
291855
329112
321273
270795
209185
167105
146852
138951
132902
127081
122621
120372
119073
118080
123898
148048
201393
284380
372331
419101
400537
318025
216602
141322
101012
84268
78037
75638
73591
71739
71120
72265
79002
99010
145454
231404
352346
475479
548571
530883
433685
302408
187776
114143
76893
62136
57105
56905
58581
60499
62269
62193
61020
59380
57798
56665
56829
55835
54508
53218
51815
50656
48992
46681
44126
41601
39629
37922
36291
35473
34990
35118
35751
35599
35138
34875
34665
33830
33442
33072
33269
33030
33140
32827
31930
30566
29380
28434
27551
27269
27252
27462
27549
27073
26366
26301
25608
25430
25462
25680
25727
25615
25363
24624
24596
23633
23443
23307
23075
23246
23261
23438
23919
24522
24954
25612
26778
29679
36637
50650
74626
108712
152355
196771
233482
251783
244837
217123
174338
128705
87866
58582
38530
27623
21800
19311
18129
17794
18232
18910
19918
20966
21906
22901
23208
22715
22215
20560
19596
18412
17821
17723
17381
17844
17996
18630
19139
19229
19267
19044
19231
18836
18651
18364
17957
17707
17279
17534
17313
17771
18149
18641
19695
21072
23048
25766
28706
31133
32160
33434
32249
30873
28653
26613
24461
22990
21958
21328
21460
20990
21287
21228
20962
20514
19795
19675
19233
19104
18948
18940
18623
18665
18666
18645
18241
18187
17645
17559
17237
17094
16920
16872
17047
16859
16752
16916
16844
16878
16838
16884
16767
16661
16657
16427
16286
16351
16538
16808
17080
17953
18632
19378
20327
20521
20646
20357
19687
18359
17227
15894
15260
14596
13795
13505
13345
13062
12897
12534
12021
11998
11754
11806
11531
11445
11259
11389
11093
11173
11024
10997
10919
10688
10532
10596
10107
10332
10153
10126
10108
10150
10225
10118
10269
10314
10192
10328
10253
10022
10253
10268
9984
9915
9733
9984
10161
10466
11228
12347
13649
15828
18594
21655
24921
28604
31451
34297
35290
35468
34272
32288
28578
25128
21917
19377
16987
15006
13993
13168
12473
12056
11554
11162
10696
10370
10105
9626
9337
9244
8999
8981
8868
8559
8577
8557
8805
8824
8962
9338
9845
10702
11414
12303
13279
14217
14996
15764
16051
15914
15302
14649
13643
12629
11666
10750
10124
9803
9431
9153
8822
8954
8758
8572
8462
8116
7978
7811
7514
7060
6766
6608
6502
6372
6185
6261
6161
6059
6106
6195
6141
6171
6139
6312
6456
6853
7231
7638
8145
8942
9626
10387
11135
11821
12113
12523
12807
12856
12918
12622
12443
12204
11795
11562
11602
11139
10729
10367
9897
9585
9318
8992
8690
8779
8637
8630
8696
8887
9104
9353
9477
9701
9860
9969
9971
10079
9896
9646
9375
9226
8971
8787
8558
8510
8485
8393
8427
8358
8231
8099
7955
7642
7533
7291
6750
6507
6071
5887
5583
5329
5164
4733
4733
4418
4253
4191
4148
3944
4057
4044
4140
4094
4232
4119
4087
4119
3981
3783
3705
3516
3373
3228
3040
2886
2748
2647
2419
2392
2378
2326
2344
2338
2481
2371
2481
2613
2645
2716
2691
2732
2698
2681
2637
2593
2580
2467
2446
2417
2454
2451
2410
2580
2642
2868
3062
3172
3428
3752
4151
4435
4914
5366
5869
6513
7216
8161
9067
9909
10993
11753
12490
13164
13401
13482
13265
12729
11716
10807
9473
8255
7155
5927
5038
4089
3427
2949
2615
2395
2190
2173
2112
2009
2149
2279
2382
2466
2647
2788
2923
3019
3014
3028
2991
2959
2813
2772
2577
2434
2261
2230
2037
1960
1888
1816
1763
1771
1683
1674
1625
1567
1551
1575
1574
1557
1567
1566
1528
1543
1531
1520
1520
1529
1438
1471
1391
1439
1476
1330
1325
1220
1289
1247
1167
1089
1093
1067
971
909
923
848
880
899
815
816
825
751
851
805
812
780
742
722
751
744
730
746
715
720
684
636
628
627
648
631
632
622
625
648
656
700
721
723
763
787
848
906
1009
1061
1020
1079
1147
1140
1134
1095
1055
1039
925
899
845
831
784
755
709
647
680
717
739
824
937
1117
1186
1394
1564
1723
1925
2159
2322
2425
2631
2810
2744
2852
2852
2653
2485
2307
2256
1940
1751
1529
1292
1070
873
780
659
568
513
461
403
413
399
362
382
416
338
388
363
376
399
369
405
398
331
362
367
377
354
294
300
269
260
266
208
226
219
200
195
177
175
161
170
162
150
156
163
158
147
156
137
156
157
156
174
142
156
164
173
188
193
240
239
300
334
356
361
442
468
524
551
602
583
677
708
676
685
671
646
644
610
569
531
457
424
344
304
257
221
179
184
121
124
100
95
86
85
74
64
58
65
79
79
66
67
74
70
63
60
67
66
66
55
67
56
64
66
76
82
83
99
88
96
104
119
118
125
158
121
127
154
140
175
156
153
157
167
166
156
149
131
146
147
130
124
105
122
115
118
104
99
130
95
97
85
97
87
81
80
88
82
69
67
65
62
60
47
51
31
35
30
27
36
25
27
25
25
29
18
23
18
25
28
22
20
9
19
20
24
20
20
24
24
24
11
11
13
10
7
14
14
11
13
9
9
4
9
8
7
15
10
7
7
8
7
11
5
6
10
10
7
10
16
12
11
12
8
10
11
16
14
10
12
9
13
9
13
9
10
7
10
6
6
10
7
11
11
9
9
10
7
12
8
12
9
12
9
8
6
6
9
13
10
9
8
8
8
9
9
10
8
11
7
6
7
13
12
6
0
$ENER_FIT:
2.035 2.969053 5.00850e-005 -4.19303e-008 0.00000e+000
$MCA_CAL:
5
2.035 2.969053 5.00850e-005 -4.19303e-008 0.00000e+000
$PEAKLABELS:
117.781, "Pb-214"
98.602, "Pb-214"
62.484, "Ra-226"
80.547, "Pb-214"
204.766, "Bi-214"
130.625, "Bi-214"
375.820, "Bi-214"
258.516, "Bi-214"
223.617, "Bi-214"
313.625, "Bi-214"
236.250, "Bi-214"
415.328, "Bi-214"
590.672, "Bi-214"
461.641, "Bi-214"
430.500, "Bi-214"
506.125, "Bi-214"
530.000, "Bi-214"
617.250, "Bi-214"
738.250, "Bi-214"
556.000, "Bi-214"
709.000, "Bi-214"
820.000, "Bi-214"
768.000, "Bi-214"
25.195, "Bi X-ray"
50.504, "Bi-214, Backscatter"
491.262, "K-40, (Bkgd)"
878.595, "Th-232(d), (Bkgd)"
11.766, "La-138, X-rays"
$ENDRECORD:
