$SPEC_ID:
PeakEasy Library File: Ra-226, Interceptor (CZT), 10.43 microCuries 25 cm bare
$MEAS_TIM:
81389.00000 81398.00000
$DATE_MEA:
1/26/2008 12:00:00 PM
$DATA:
0 1023
0
0
0
0
0
0
0
0
0
0
0
5206
5713
5542
5975
6174
6292
6236
6392
6380
6657
6685
6954
7101
7424
7750
8372
8795
9376
9801
10571
11319
11727
12250
12800
13713
13692
14397
15598
16562
17991
19432
20743
22242
24408
26346
28448
30945
33110
34166
33375
29908
24571
19245
15622
14158
13897
14113
13531
12163
10434
9031
8043
7521
7280
7232
7231
7267
7437
7270
7296
7407
7426
7583
7561
7525
7450
7395
7643
7480
7687
7483
7681
7635
7731
7905
7800
7745
7601
7808
7705
7676
7916
7847
7780
7681
7607
7679
7731
7578
7366
7552
7332
7124
7023
6863
6646
6564
6305
6284
6197
6063
5956
6059
5876
5941
5905
5988
5833
6075
6088
6431
6532
6844
6529
6088
5372
4758
4343
4272
4195
4011
3780
3810
3803
3594
3695
3369
3440
3534
3420
3193
3337
3338
3270
3318
3265
3222
3201
3230
3190
3234
3372
3312
3329
3464
3476
3620
3808
4150
4478
4305
3839
3207
2554
2292
2115
2124
2068
2118
2069
2098
2081
2121
2111
2053
2067
2033
2139
2105
2203
2261
2202
2303
2258
2290
2462
2498
2511
2540
2712
2920
3026
3439
3819
4176
4413
4138
3302
2341
1698
1461
1304
1284
1300
1304
1359
1325
1497
1356
1482
1402
1436
1420
1459
1483
1623
1702
1617
1684
1800
1908
1917
1893
2089
2140
2188
2391
2566
2825
3051
3517
3836
4247
4436
4055
3036
2055
1322
919
725
733
722
667
714
714
691
730
663
695
665
669
654
663
678
682
715
689
649
716
669
690
638
598
631
676
632
611
575
589
626
601
610
574
565
576
566
541
528
496
505
489
484
479
436
477
418
399
393
362
371
347
403
352
342
375
388
346
373
348
352
355
320
352
379
358
373
361
327
337
356
363
321
351
310
358
348
343
302
318
326
336
307
318
312
295
298
337
337
298
260
279
277
284
298
280
308
300
296
315
315
324
352
330
356
314
283
272
299
300
314
308
287
305
318
328
355
344
315
286
316
313
315
370
314
335
321
347
351
352
311
378
374
411
388
352
430
375
414
427
389
437
393
438
439
488
445
480
510
509
488
500
527
566
595
616
613
677
734
717
800
880
922
1011
1175
1190
1136
938
773
594
343
258
218
180
169
202
175
171
167
165
179
173
202
198
183
179
191
167
166
190
175
174
180
177
166
194
189
197
181
177
200
203
175
183
207
194
183
175
189
187
155
179
193
148
174
149
170
186
172
160
181
174
180
158
154
186
176
169
193
191
172
180
157
189
182
181
137
195
175
198
184
181
190
177
162
172
181
186
199
181
193
178
186
194
206
181
205
204
172
190
174
193
192
163
192
174
182
200
192
195
205
212
207
190
182
177
151
168
153
151
159
174
162
155
160
150
178
157
125
165
143
153
151
170
139
159
163
165
150
179
140
174
173
149
141
130
118
147
129
134
158
157
149
157
155
150
148
140
142
131
145
170
166
146
153
144
150
136
159
147
136
135
151
150
135
130
135
124
113
137
135
129
157
146
134
135
130
129
152
149
149
131
116
110
129
149
141
134
133
132
113
120
128
131
125
107
124
137
105
110
101
117
122
125
117
112
112
104
111
111
96
113
124
111
132
96
99
95
100
103
105
98
87
94
96
84
93
106
88
94
94
105
96
87
84
101
97
103
82
98
84
74
81
81
96
82
99
85
65
112
88
88
105
93
95
86
88
91
100
84
90
75
99
119
101
84
85
93
89
90
88
84
90
93
96
83
89
79
93
88
81
84
93
84
70
95
73
94
85
102
94
103
79
103
85
89
92
97
98
94
88
100
98
101
97
92
105
95
95
107
98
104
85
86
85
105
102
84
101
120
94
95
96
89
112
104
109
117
108
111
117
134
123
129
122
123
118
139
127
125
97
95
92
93
74
66
68
78
70
70
72
88
81
68
75
73
82
73
86
81
73
84
74
81
93
78
56
73
64
68
66
61
63
60
72
75
73
85
60
74
79
72
60
64
55
66
75
42
49
68
53
62
48
57
58
69
73
68
71
68
45
56
58
55
61
60
55
54
79
68
72
82
62
68
66
66
74
68
54
60
60
61
49
47
61
56
47
53
53
41
41
44
50
60
50
56
51
72
51
51
53
39
45
54
49
60
54
52
52
36
52
58
52
52
40
50
35
48
43
54
39
49
49
53
35
39
46
32
49
52
50
43
37
42
61
52
41
56
51
62
50
44
52
46
48
59
58
41
50
59
45
56
54
49
60
49
55
59
57
55
58
56
56
54
54
54
55
47
51
39
56
55
66
65
53
45
40
45
63
57
47
55
57
60
51
61
49
53
49
51
56
45
41
34
37
43
41
40
47
45
46
46
39
41
43
43
44
40
40
43
37
45
45
43
37
38
43
45
49
37
40
42
50
30
56
41
37
41
35
40
44
47
38
52
47
38
44
43
34
39
37
42
42
21
34
49
40
34
36
38
39
39
39
49
44
41
37
31
42
40
36
32
29
30
40
35
39
31
45
17
31
30
33
0
$ENER_FIT:
3.221 1.493525 1.33566e-005 -8.41263e-009 0.00000e+000
$MCA_CAL:
5
3.221 1.493525 1.33566e-005 -8.41263e-009 0.00000e+000
$PEAKLABELS:
123.469, "Ra-226"
160.172, "Pb-214"
232.781, "Pb-214"
195.938, "Pb-214"
405.008, "Bi-214"
512.906, "Bi-214"
746.219, "Bi-214"
47.673, "Bi X-ray"
$ENDRECORD:
