$SPEC_ID:
PeakEasy Library File: Ga-67, Interceptor (CZT), 12.5 mCi
$MEAS_TIM:
69471.10000 69577.10000
$DATE_MEA:
26-Sep-2011 16:06:34
$DATA:
0 1023
0
0
0
0
0
0
0
0
0
0
0
0
0
0
0
0
0
0
0
0
20221
40445
40373
40182
40039
39754
40260
41007
42436
44415
46303
48555
50601
52757
55858
59096
64382
70211
76515
83622
91712
102295
114541
130642
149781
170604
187202
197943
197621
190673
181381
171929
166028
162973
166229
172789
184567
208708
256237
347027
486845
644699
731134
680544
507786
308196
162881
89540
63892
59193
60623
64729
68483
70720
72647
71569
69478
67953
65360
63365
61057
59478
57850
56304
54855
53742
52519
51928
51518
51028
51374
52031
52184
53239
53612
53692
52490
51116
49733
48733
47551
47019
46630
46959
46645
47175
46466
46825
45964
44899
43165
42838
41726
42175
43815
46071
50439
56336
67038
83188
107381
142476
181210
207130
204604
165065
109383
59922
29912
16312
11878
10918
10828
11426
12065
13343
15074
17701
20919
23781
24173
21499
16836
12196
8855
7067
6509
6225
6298
6022
6035
6088
5857
5758
5639
5614
5817
5603
5396
5335
5224
5144
4970
4984
5028
4843
4779
4683
4847
4746
4553
4619
4683
4794
4797
4758
4688
4820
4852
4998
5147
5356
5535
5901
6210
6416
6548
6918
7189
7653
8463
9310
10800
12469
14786
17843
21361
26829
33878
42763
50196
52347
46611
33566
20218
9844
4042
1456
739
541
525
502
487
505
497
476
525
506
505
519
487
502
501
454
502
503
518
453
499
455
475
487
468
467
514
507
461
509
506
557
566
574
581
667
672
716
764
874
962
1004
1127
1150
1267
1484
1525
1867
2053
2393
2834
3326
4171
4849
6020
6968
7095
6159
4680
2765
1427
514
216
98
49
49
46
38
29
46
49
46
41
32
48
49
40
35
46
41
44
41
40
41
48
35
41
49
36
40
38
45
39
38
33
31
38
41
46
38
37
42
36
41
40
33
37
50
54
53
43
41
54
52
39
53
53
55
70
63
69
64
89
99
92
82
49
41
38
27
32
33
34
30
42
26
31
38
23
27
36
29
28
23
29
27
22
28
24
23
28
24
24
23
33
29
28
28
17
21
32
26
30
33
30
25
26
18
26
33
31
30
31
23
27
29
24
25
19
34
19
24
26
32
27
18
40
21
24
20
31
26
23
23
24
25
28
32
22
20
19
24
21
26
18
14
25
16
24
19
25
16
15
19
16
18
17
16
18
24
26
22
25
26
25
13
26
18
24
19
26
21
16
20
20
21
17
18
26
14
23
23
16
9
20
26
19
12
20
13
16
7
15
24
13
20
16
15
10
17
17
11
18
20
16
9
10
15
14
5
8
10
6
12
10
12
11
11
8
11
8
13
5
9
7
14
10
5
7
8
16
8
7
10
7
8
10
12
9
7
10
9
5
10
8
10
13
15
8
7
8
5
12
14
15
18
11
13
14
18
10
15
19
21
20
17
19
19
10
11
9
6
7
8
13
4
5
7
11
3
6
7
12
8
8
6
5
6
8
5
6
5
6
10
6
6
10
9
6
6
6
5
4
14
9
10
9
5
13
11
13
15
16
18
10
14
14
14
22
12
11
14
11
27
25
20
27
30
38
40
19
17
15
10
6
7
5
7
5
5
15
9
6
7
6
4
9
3
4
2
5
6
4
9
4
2
7
3
1
4
6
6
1
2
5
2
6
5
10
8
2
1
4
4
3
1
5
8
2
8
6
7
6
5
5
4
5
2
3
7
4
5
6
5
3
1
3
2
5
5
4
4
3
6
4
4
6
6
5
2
2
4
3
5
2
6
4
7
2
6
3
6
5
3
3
1
5
1
4
5
5
5
6
2
7
7
5
4
1
3
5
4
7
6
0
1
4
2
2
7
5
4
3
6
4
2
8
4
4
5
1
3
3
2
4
3
3
1
5
2
2
6
8
3
4
4
3
3
1
5
5
1
1
6
4
7
5
0
3
4
4
1
1
5
3
6
5
3
3
8
7
3
2
4
6
3
3
3
5
4
4
2
2
7
8
3
1
3
4
8
3
5
3
4
8
6
5
2
2
4
3
4
0
0
4
4
5
3
3
1
2
4
4
3
4
5
5
5
6
6
0
3
1
3
1
2
2
3
4
3
2
4
2
3
3
0
3
3
1
1
2
1
2
2
2
1
4
0
0
3
1
5
0
2
1
2
1
0
2
5
1
1
0
0
2
3
0
0
2
2
2
2
1
2
1
4
1
3
1
0
1
3
0
2
2
1
1
2
1
0
2
0
0
0
0
4
3
2
5
2
2
3
0
2
3
0
0
1
0
3
2
0
2
0
1
1
1
0
1
2
2
0
0
2
4
0
0
1
6
1
0
3
0
2
0
2
2
0
2
1
0
2
3
2
2
1
2
2
2
2
1
1
2
3
2
1
1
0
2
1
3
1
3
4
0
0
2
0
6
1
3
1
2
4
3
1
1
3
3
0
2
2
5
3
3
3
4
5
0
3
2
0
1
3
0
0
1
0
0
3
0
1
1
0
2
3
0
2
2
1
2
1
3
0
0
0
1
0
1
2
2
2
0
2
0
0
$ENER_FIT:
-0.960 1.513789 -9.66390e-005 1.02915e-007 0.00000e+000
$MCA_CAL:
5
-0.960 1.513789 -9.66390e-005 1.02915e-007 0.00000e+000
$PEAKLABELS:
62.280, "Ga-67"
123.538, "Ga-67"
201.074, "Ga-67"
138.953, "Ga-67"
263.855, "Ga-67"
331.563, "Ga-67"
595.460, "Ga-67"
530.445, "Ga-67"
74.227, "Backscatter"
94.578, "Backscatter"
47.041, "Backscatter"
$ENDRECORD:
