$SPEC_ID:
PeakEasy Library File: Ga-67, Detective (HPGe), 12.5 mCi @ 30 cm
$MEAS_TIM:
60000.00000 72931.44000
$DATE_MEA:
9/26/2011 3:50:25 PM
$DATA:
0 8191
0
0
0
0
0
0
0
0
0
0
0
0
0
0
0
0
0
0
0
0
0
0
0
0
0
0
0
0
0
0
0
0
0
0
0
0
0
1
0
0
0
0
0
0
2
0
0
0
0
0
1
2
1
2
0
2
0
2
3
1
0
2
1
5
4
5
17
23
18
26
31
39
55
70
130
249
389
640
1088
8627
154957
373477
392499
388615
384234
379086
372944
369167
363343
359483
354788
348768
343741
339044
335719
332207
326892
323499
320696
316514
311367
307899
306163
301111
296952
294239
291843
289054
284957
282431
281096
279966
277292
275557
273850
272419
271340
270931
269209
267406
266412
266272
265983
265801
266427
264840
264492
264738
264813
265514
266790
267760
268268
269563
269029
270297
271497
273142
274355
276488
275756
279481
281428
284933
288573
290198
293722
298207
301637
305743
311319
315499
320106
324068
327978
331317
337417
341371
345720
350903
355387
359802
364716
369885
373233
379589
385751
390702
398558
402579
409463
418514
425282
433200
442217
450875
461810
477792
498956
531269
568996
613394
651670
685378
726265
777003
831865
865467
865012
839455
810209
785593
774968
767339
765588
762229
762117
758970
752800
746706
740196
736329
731740
726234
721774
715852
708292
708085
713401
725164
739758
750354
751075
736822
723245
712770
710690
713351
716342
713853
711843
710788
713800
720607
729103
741407
751444
766027
779462
795584
808468
824358
837179
850724
864005
878654
889975
901782
912914
922115
930720
945047
972110
1031931
1156620
1369518
1670607
2020832
2463645
3252657
4809834
7354228
10280797
12183477
11874031
9412226
6113118
3313531
1582691
749069
421440
316007
286375
277984
276335
275189
275897
276977
277181
277495
277823
278860
280153
281641
283242
283910
285297
286863
287528
290348
293111
294329
297443
299438
304024
307232
312273
317944
325221
335167
344510
356360
365006
374940
383262
389750
396177
398656
400768
403699
406103
405805
406650
405126
404899
403677
401409
400661
398575
396408
394381
393326
391677
389819
386829
384690
383742
381353
378983
376189
373558
370479
367389
367031
362957
360562
357800
354967
351233
349896
346565
343683
341343
337562
334914
331481
328925
326646
323161
322897
320255
316734
315333
314320
311483
311572
309285
307300
305937
304090
303816
302488
300713
301366
299415
298007
297885
298317
297816
295856
296266
296410
296258
295566
297425
297366
297652
297857
299459
301111
303601
306277
308310
311752
315190
319914
323424
327173
331523
333340
336774
337844
338817
339560
341137
341384
341565
341235
340212
340213
341156
340961
340493
338659
340069
338696
337600
336117
334818
333415
332745
331837
330628
329020
328327
327840
327382
325023
324418
322287
322653
320192
320371
318829
318592
316943
314973
316568
314568
314455
313389
314187
312100
312248
312569
311170
310576
310520
309260
307804
306471
304761
302897
301990
300053
298941
296737
293924
291149
288995
286944
283142
280366
277983
275069
272113
267782
267765
263839
261537
259100
256117
254221
252608
249007
247482
245412
242467
242480
240378
238134
236174
234773
233952
232868
231867
230884
229766
229536
228282
228826
226925
225573
225093
224938
225101
224779
224473
223948
223275
224098
223178
223222
223762
223734
224771
224527
225006
225466
226946
227680
228514
230435
235972
248042
283700
392266
679835
1310233
2448256
4020602
5608075
6481890
6161560
4814465
3114774
1696829
807253
366703
187966
123495
103542
96920
94238
92276
90923
89960
89345
88755
87853
87206
87244
85839
85221
85007
84039
83971
83350
82994
82732
82270
82070
81843
81345
80994
80312
80762
79779
80006
79318
78864
79212
79231
79116
78585
78360
78133
78416
78248
77521
77854
76983
76385
77242
77076
76870
76972
77138
76960
76751
78095
79698
85759
104480
148187
236311
374387
540631
674332
710160
625550
464450
300035
179262
111294
79932
67668
63872
62432
62274
61870
61620
61194
60953
60782
60621
60631
60350
60309
60103
59848
59661
59569
59251
59188
59542
59315
58954
58711
58813
58630
58564
58320
58172
57893
57931
57628
57253
57565
57423
57427
57324
57414
57388
57060
56883
56934
56776
56631
56903
56263
56115
56383
56438
55838
56619
56434
55896
56021
55599
55565
55662
55461
55477
55279
55359
55126
54918
54841
54821
53997
54421
53291
53673
53344
53549
53127
52966
53148
53161
52604
52307
51247
50847
49830
49858
49192
49219
48841
48108
47961
47448
47324
46807
46995
46336
46390
46286
46053
46144
46214
45267
45525
45281
45075
44880
44450
44828
44616
44234
44418
44216
43840
44285
43877
43529
43123
43123
43047
42764
42612
42640
42679
42203
41973
41584
41999
41200
41024
40878
40762
40766
40123
39873
39797
39759
39582
39495
39063
39042
38634
38713
38261
38450
38180
37937
38144
37481
37614
37801
37354
37281
37004
37175
37047
36799
36921
36583
36592
36203
36494
36104
36164
36144
36085
36076
35704
35705
35928
35519
35649
35092
35267
35514
35151
35305
35782
35702
35760
36085
36136
36793
37527
38975
40106
41172
41315
40368
38604
37040
35401
34802
33757
33715
33684
33610
33436
33605
33849
33814
34241
33453
33792
33914
33951
34199
33904
34257
34215
33894
34185
34841
34699
34631
34343
34815
34858
34966
34993
34960
35235
35502
35401
35654
35609
36108
36507
36923
37207
37350
38272
38834
39970
40548
41661
42755
43762
45283
48411
55557
76564
134273
276225
571768
1085646
1791021
2509140
2962623
2916248
2394543
1642729
944781
460712
195681
76480
32133
17026
12643
11267
10572
10178
9935
9638
9551
9314
9155
8925
8616
8491
8441
8490
8393
8281
8044
8087
8027
7903
7837
7836
7760
7594
7582
7522
7552
7536
7290
7235
7311
7312
7288
7339
7214
7163
7171
7023
6843
7051
7085
6957
7003
6914
6735
6766
6682
6624
6609
6625
6562
6525
6576
6582
6514
6393
6536
6347
6335
6429
6327
6313
6131
6279
6231
6285
6173
6215
6186
6303
6242
6088
6197
6132
6041
5900
6081
5980
5972
5882
5916
5979
5771
6065
5985
5772
5889
5815
5948
5807
5822
6022
5965
6000
5974
6025
5979
5972
5795
5833
5481
5655
5506
5494
5579
5464
5758
5444
5454
5560
5427
5600
5521
5430
5414
5361
5499
5315
5343
5426
5326
5219
5379
5363
5326
5436
5518
5581
5772
5971
6271
6539
6522
6277
5913
5423
5365
5044
5248
5196
5073
5043
5140
5097
5200
5178
5051
5068
5049
5078
5059
5024
5038
5057
5105
4950
5051
5124
5047
5011
4982
5162
5023
5182
4992
4953
5146
5204
5153
5271
5274
5315
5415
5634
6015
6577
6750
7073
7117
6639
6257
5709
5394
5074
5101
5077
5027
5074
4957
4931
4950
4958
4995
4953
5103
4947
4978
4928
5020
5011
4912
5113
4898
5049
4965
5030
5026
5100
5016
5269
5123
5124
5253
5186
5313
5331
5342
5404
5629
5548
5658
5825
5869
5985
6009
6134
6208
6338
6604
6865
6942
7337
7365
7872
8147
9125
11017
15926
29063
58627
118300
216679
349740
484996
578297
583000
497384
356921
217801
113070
50952
20641
8236
3915
2509
2205
1899
1814
1808
1786
1722
1666
1571
1565
1632
1520
1563
1522
1540
1448
1483
1384
1447
1471
1403
1462
1487
1441
1358
1424
1380
1447
1344
1314
1357
1404
1436
1345
1426
1396
1370
1288
1302
1294
1320
1352
1287
1256
1260
1314
1229
1245
1275
1240
1253
1288
1237
1297
1262
1249
1208
1257
1255
1216
1192
1175
1209
1210
1180
1207
1173
1177
1178
1161
1123
1108
1105
1155
1128
1107
1034
1119
1135
1130
1152
1092
1178
1157
1139
1079
1060
1041
1117
1138
1066
1083
1064
1087
1070
1094
1085
1043
1092
1082
1049
1040
1131
1093
1067
1066
1033
1118
1036
1048
1072
1117
1116
1066
1079
1109
1082
1030
1063
1057
1061
1038
1080
1068
998
989
1113
1063
1005
1037
1034
1053
1041
1050
1061
1048
1082
1050
1010
1071
1071
1037
1039
1041
1040
983
1007
1006
1038
1041
1051
973
970
968
1018
1027
1053
1045
1009
1027
970
1026
988
1029
963
991
1005
981
1006
1012
1026
1015
1028
995
965
1037
1065
1132
1046
1128
1157
1139
1064
1025
992
1013
1053
969
924
942
977
1005
1012
929
1020
929
944
938
1021
987
907
982
875
939
959
915
925
1000
955
916
956
911
965
914
894
979
920
996
971
1002
971
985
1027
1075
1056
1125
1094
1128
1201
1204
1204
1281
1311
1478
1711
1963
2326
2654
2925
2871
2612
2328
2099
1700
1633
1383
1265
1164
1047
875
838
827
776
815
843
753
836
882
1086
1389
2065
3006
4442
5867
6928
7079
6435
4988
3439
2307
1436
1005
839
805
767
782
765
755
756
728
750
782
733
746
742
785
729
729
718
771
802
755
736
779
755
727
787
753
752
775
830
839
864
943
1052
1026
1126
1214
1220
1224
1269
1154
1142
1025
875
851
768
725
760
719
696
665
706
733
683
695
709
682
743
721
698
675
726
679
659
672
708
673
732
744
641
696
680
674
592
681
689
670
646
662
677
663
652
655
691
667
691
645
688
670
627
665
680
627
655
659
705
656
663
686
694
692
694
670
656
673
681
672
702
637
618
658
647
620
653
671
685
647
628
667
673
667
656
625
653
664
656
695
649
637
612
698
626
650
676
673
665
635
661
636
691
644
635
693
686
634
638
592
641
661
673
638
623
662
593
675
655
643
647
634
630
652
599
654
614
605
640
668
624
591
643
653
595
622
641
612
584
605
657
599
623
644
606
615
614
653
618
602
623
627
658
625
670
598
626
670
635
607
671
647
618
657
657
624
668
635
657
667
695
638
683
682
674
643
707
729
709
710
785
811
866
901
923
951
906
819
793
688
700
632
630
690
659
801
966
1068
1199
1262
1247
1098
967
849
769
675
567
597
611
578
628
606
608
619
633
633
599
602
608
590
625
591
622
622
566
597
570
593
629
624
644
611
612
618
600
617
631
630
655
683
757
742
822
908
1008
1119
975
935
907
732
677
632
638
618
552
584
568
561
535
571
528
550
540
605
670
752
911
1153
1344
1613
1700
1720
1498
1227
997
774
637
563
542
495
546
515
557
542
549
514
503
507
490
547
473
499
514
502
526
520
581
515
510
493
501
520
539
554
508
501
504
515
500
517
481
470
524
501
495
536
528
540
571
532
499
499
495
547
501
500
525
547
498
553
497
523
518
500
526
504
496
549
530
540
492
530
517
499
526
485
507
514
454
494
557
486
521
520
533
513
493
512
531
532
520
530
533
506
502
520
478
465
551
518
475
519
521
493
524
536
484
510
498
504
498
493
510
521
497
534
556
530
538
503
511
538
499
514
498
499
571
458
496
488
457
487
526
500
515
488
505
502
544
525
530
544
569
536
519
514
552
497
509
552
526
550
570
532
556
529
524
530
501
487
519
509
509
542
455
530
518
514
513
527
531
503
521
528
508
551
500
537
506
512
490
555
521
493
457
525
543
525
526
541
509
512
532
506
501
507
547
535
458
518
482
484
511
467
521
494
483
497
468
477
477
504
471
491
505
442
494
464
482
484
454
449
458
456
475
492
521
542
558
603
572
607
515
471
443
445
394
389
399
378
395
368
366
365
381
411
420
393
393
438
517
582
691
822
996
1099
1136
975
914
719
555
494
435
387
379
361
339
392
394
401
339
367
353
373
353
340
340
347
369
374
374
372
338
338
348
349
342
357
342
349
322
355
361
341
312
336
328
328
332
372
347
346
330
320
341
344
321
340
336
324
338
325
326
335
346
347
378
384
370
444
429
491
475
431
421
384
391
338
329
312
334
338
329
322
328
333
316
271
319
318
315
311
331
286
303
293
320
313
305
297
283
311
297
306
293
310
297
309
295
338
311
330
309
327
320
328
310
291
284
292
301
307
279
308
262
298
276
303
295
279
288
275
285
288
289
298
258
296
301
308
296
275
317
287
287
277
288
297
296
296
290
301
286
283
295
286
273
283
237
263
285
283
308
249
261
311
269
293
283
280
285
307
281
232
330
304
245
295
308
305
325
379
370
344
376
376
371
281
302
260
286
268
302
298
285
274
280
273
257
274
230
256
289
255
261
269
255
257
263
222
253
230
237
237
255
244
249
242
251
259
231
263
261
256
236
260
239
258
293
261
307
298
311
279
278
306
288
307
249
259
237
239
284
244
258
293
340
397
581
901
1282
1811
2294
2827
2983
2944
2539
1867
1322
846
571
349
274
251
235
210
228
202
205
229
203
217
186
208
213
207
203
213
211
231
219
241
227
207
222
257
208
220
252
228
225
214
201
198
203
217
174
233
211
209
229
210
192
211
202
197
200
186
211
201
188
190
210
219
192
212
202
221
215
177
212
212
216
201
216
198
207
222
217
182
182
188
204
190
202
204
208
225
204
222
198
200
234
219
200
197
192
218
202
207
196
218
208
231
212
236
208
214
193
200
211
220
219
224
223
230
216
260
211
220
204
199
216
189
223
209
231
210
236
206
216
193
206
207
251
222
185
184
219
167
192
181
178
206
214
202
189
220
199
212
193
202
200
188
213
222
181
217
206
161
201
198
204
189
207
184
169
209
190
182
202
190
203
210
184
169
207
226
227
214
247
221
258
293
230
250
250
223
236
214
197
176
221
192
199
198
194
187
169
217
197
188
193
200
216
194
202
183
187
179
210
204
160
214
204
188
180
211
204
197
197
214
184
208
191
182
213
198
210
211
189
215
200
218
236
239
217
207
223
244
232
227
228
226
223
232
223
261
308
384
527
842
1404
2112
3021
4278
5404
6414
6877
6436
5512
4250
2848
1771
987
511
309
247
205
222
177
181
163
195
194
190
187
199
185
168
197
149
172
166
196
153
188
188
155
198
175
169
166
180
173
183
177
188
158
184
183
194
194
211
183
200
184
174
167
166
190
181
137
158
194
218
222
280
351
454
514
589
624
591
548
428
310
276
211
196
172
165
166
186
152
157
129
170
171
142
160
141
163
166
167
164
147
161
160
176
174
151
132
166
190
122
154
142
129
144
161
145
165
149
146
166
152
169
167
152
152
165
145
166
145
172
135
180
151
166
183
180
197
197
213
232
239
186
196
170
155
152
159
171
125
149
170
159
154
176
156
148
142
163
173
156
158
191
164
165
164
137
152
152
154
146
147
157
139
147
167
157
177
160
150
169
164
193
192
186
141
170
157
172
155
158
161
154
146
161
156
122
157
166
145
151
159
144
162
154
178
145
171
170
158
154
133
162
156
163
157
160
171
170
225
181
235
244
226
226
231
195
200
208
222
243
274
345
367
406
360
392
330
263
206
201
156
148
142
152
151
140
169
143
155
156
141
138
169
141
153
150
118
156
166
160
161
157
153
146
151
163
142
150
138
143
162
141
144
152
145
137
150
145
137
157
167
159
156
151
137
150
152
142
147
139
132
136
149
157
151
136
135
153
139
132
129
125
143
140
136
145
140
164
152
122
156
148
148
131
151
184
181
158
188
160
156
142
143
184
161
152
153
153
129
148
121
142
150
128
145
149
149
163
165
127
135
156
142
132
131
113
137
136
166
139
147
142
156
143
154
133
143
147
134
164
144
137
124
138
130
138
126
147
148
148
139
143
150
148
147
145
122
138
179
144
154
161
137
137
131
138
118
143
136
157
139
154
152
131
133
141
136
130
142
155
151
138
161
133
142
149
148
132
148
148
138
142
147
155
148
136
139
134
135
136
156
165
138
143
126
132
147
150
142
147
112
146
151
123
127
137
152
128
142
135
127
157
146
146
140
122
133
137
146
124
129
151
152
132
164
120
125
140
149
137
123
133
144
150
119
127
136
140
153
147
115
123
164
121
140
155
149
151
147
138
129
144
146
140
140
160
136
152
143
141
144
135
140
144
148
129
148
145
121
156
140
146
134
138
137
144
141
164
151
158
170
128
141
145
150
123
130
153
140
144
128
123
136
158
142
138
134
148
148
149
145
135
147
141
152
160
154
135
141
137
171
144
145
139
133
145
142
142
119
134
122
134
129
134
117
152
142
142
146
138
134
143
136
137
144
148
115
134
137
162
127
145
132
132
136
130
125
159
159
141
154
158
146
150
150
140
152
140
136
111
148
143
129
136
136
135
129
133
120
153
131
136
156
127
144
146
156
145
155
137
139
135
150
173
148
132
145
140
168
148
143
144
114
143
130
121
151
119
151
125
150
122
147
141
159
144
151
153
160
177
227
265
324
353
396
387
355
316
339
266
197
203
159
128
151
134
118
135
157
169
132
142
140
131
136
125
122
123
146
149
152
140
162
138
132
144
126
154
140
136
143
155
160
133
126
147
128
139
147
150
138
136
129
159
131
140
136
165
147
148
116
131
117
132
153
146
152
140
128
143
139
127
148
129
158
141
131
140
167
152
140
157
140
147
143
137
141
140
138
153
149
143
153
137
150
153
148
166
165
154
161
150
162
159
167
150
142
130
158
151
154
149
129
154
157
148
137
152
139
123
151
154
142
156
151
164
150
133
142
130
136
143
153
136
156
148
147
140
152
152
149
141
126
142
155
147
164
134
150
161
156
159
139
137
137
138
148
142
144
160
134
139
158
161
181
146
151
167
162
161
169
161
170
158
150
155
132
140
153
143
157
148
156
135
151
156
144
141
135
147
152
139
132
154
154
144
160
165
158
142
135
148
142
163
153
134
132
158
143
152
153
140
140
165
153
141
150
136
134
148
159
145
136
150
162
152
156
156
152
137
138
168
147
143
160
125
149
158
172
130
142
141
137
163
184
166
165
173
139
185
169
158
165
148
125
160
163
171
162
146
162
169
147
156
140
171
172
152
167
151
161
129
144
147
176
157
146
164
162
146
161
139
146
138
166
138
149
140
147
155
160
166
163
167
154
130
160
134
157
163
144
145
168
158
150
164
149
143
149
170
140
145
182
140
144
141
165
145
188
186
177
181
203
222
252
288
255
235
237
197
197
184
140
174
146
129
149
149
130
133
144
132
124
136
142
133
113
129
122
137
136
117
110
120
104
114
119
121
113
113
99
121
107
103
104
111
130
99
125
107
95
110
106
110
107
112
103
90
115
114
89
104
102
105
113
101
110
104
114
90
100
94
113
104
92
105
98
109
91
84
107
96
108
82
119
93
104
91
116
96
111
103
84
107
85
100
96
80
99
102
85
106
82
102
71
93
103
102
92
98
90
83
110
90
106
98
102
86
97
121
109
119
131
126
106
113
113
96
99
98
98
85
106
92
88
95
83
88
80
79
90
98
78
90
91
78
95
107
98
100
98
74
91
81
85
78
86
85
93
102
84
76
90
72
77
78
101
74
87
86
70
88
87
82
79
80
82
86
67
101
85
78
86
82
78
94
82
71
91
95
88
63
84
86
70
81
83
81
92
69
82
73
88
71
101
85
83
95
82
79
73
62
77
87
68
75
71
73
76
84
58
71
79
89
88
61
61
74
87
62
77
87
85
73
84
64
77
70
79
77
75
76
72
69
84
61
60
89
86
84
63
65
74
63
71
65
62
69
69
78
72
63
74
55
72
76
74
63
56
67
76
80
57
69
61
72
66
50
70
66
63
67
64
57
60
73
66
72
53
70
59
59
52
63
57
75
77
55
46
62
63
56
60
55
58
60
48
57
71
67
62
54
58
53
59
55
50
55
59
48
63
63
56
55
60
51
57
59
64
42
59
48
73
51
46
66
62
52
51
44
65
52
69
55
51
77
49
51
64
53
50
43
54
70
55
78
44
45
55
54
58
51
58
57
54
46
64
55
44
42
44
53
48
46
64
50
58
62
44
59
80
64
85
98
106
94
105
107
91
98
73
88
81
56
63
58
46
59
46
52
48
80
54
54
66
62
61
71
66
75
72
41
71
64
34
53
41
48
44
43
45
49
40
44
53
51
44
50
40
46
41
51
41
50
43
42
64
50
50
56
47
43
46
52
49
57
65
60
67
62
77
82
78
66
55
62
58
52
53
44
62
53
53
63
61
74
60
80
77
83
72
72
80
79
47
69
48
55
40
50
53
64
44
53
53
39
64
56
43
54
41
47
37
56
48
38
51
39
39
57
51
42
45
37
38
51
56
59
53
48
56
42
54
45
57
49
46
46
40
50
43
50
50
46
44
48
48
44
47
49
56
33
41
47
48
56
54
52
46
46
51
51
58
47
44
49
49
47
61
47
53
35
54
33
49
48
46
54
50
50
53
47
49
53
50
52
42
38
50
61
38
48
45
42
45
45
48
45
51
45
60
60
55
54
53
55
60
63
50
53
52
61
57
70
58
67
63
65
77
89
112
127
200
261
427
561
771
1043
1386
1696
1989
2227
2394
2260
2033
1802
1407
1056
637
416
226
139
67
55
28
35
28
31
29
28
25
37
41
41
29
35
41
43
20
29
44
26
27
31
43
38
20
26
34
33
30
39
30
32
29
34
33
40
34
49
33
30
36
35
39
29
30
31
33
26
26
35
29
33
16
25
26
30
44
21
28
35
30
38
26
31
28
23
22
24
28
32
39
24
29
29
29
19
30
34
37
32
37
40
35
39
33
41
35
45
38
40
38
44
35
29
30
25
41
30
35
37
38
34
32
38
27
33
28
34
24
32
34
28
27
34
23
42
44
45
50
60
58
49
70
56
55
54
26
46
47
34
31
31
27
44
27
37
31
30
30
22
27
28
33
32
39
25
25
27
35
37
37
27
34
39
33
26
26
32
22
36
27
34
32
36
34
25
26
28
30
37
36
31
29
32
37
39
22
32
40
26
29
42
37
37
33
24
28
32
25
29
35
40
26
27
29
29
25
42
37
25
41
34
39
48
37
26
22
33
41
32
40
34
43
35
37
34
30
30
27
17
28
24
20
29
27
44
23
29
24
20
31
23
29
27
29
31
26
24
21
20
28
29
35
22
28
20
26
30
35
31
26
29
27
27
31
28
30
19
22
30
25
25
25
22
21
15
21
29
25
25
28
20
18
32
36
31
22
21
24
24
25
19
23
24
27
24
19
27
24
20
24
23
34
16
26
18
24
36
19
22
25
23
25
21
23
29
30
20
25
30
20
28
38
23
39
30
25
30
31
29
36
40
31
37
38
35
30
46
37
37
24
42
46
39
51
44
58
64
67
60
71
84
67
70
80
78
96
96
85
94
72
79
65
78
49
48
35
32
29
30
25
30
31
19
31
27
22
39
41
25
31
22
22
23
22
23
20
31
28
20
25
25
27
26
28
21
23
21
16
26
14
30
21
30
19
23
32
20
22
24
17
28
25
18
10
20
27
23
25
16
25
28
24
29
28
31
20
16
27
30
23
39
36
38
40
31
34
36
34
30
28
27
20
22
28
23
22
23
23
26
24
21
25
26
27
22
26
26
29
28
38
34
40
44
47
29
30
32
22
26
25
17
28
26
20
24
25
22
16
25
18
22
22
29
23
22
24
25
27
23
20
26
23
22
18
28
19
26
19
17
21
24
21
19
19
18
17
14
23
34
20
26
22
12
24
22
18
14
12
23
27
11
15
24
19
13
18
28
19
15
28
17
21
16
18
23
24
29
30
27
18
32
29
40
35
37
40
34
31
23
29
29
18
23
20
17
11
21
23
14
19
17
15
19
24
16
18
19
15
22
13
19
21
18
22
19
18
19
22
15
17
12
18
16
16
21
25
12
16
17
19
12
22
15
23
15
10
19
20
25
16
16
8
15
17
17
14
19
28
22
13
22
29
27
15
14
32
14
20
23
20
17
18
20
20
13
26
18
18
22
20
23
32
18
14
22
23
15
29
16
18
24
19
23
20
18
17
16
17
24
19
21
21
20
16
20
14
12
12
25
18
23
18
16
19
8
23
13
14
18
15
20
14
17
21
22
20
18
13
17
19
19
17
14
13
16
34
15
15
14
14
15
12
16
17
13
17
25
20
26
20
25
24
16
17
19
20
26
22
22
18
27
16
18
15
19
16
15
19
20
16
11
22
27
31
24
37
28
41
38
50
50
50
49
57
42
32
28
38
30
24
20
30
17
12
22
27
17
14
15
21
17
23
10
21
21
14
17
23
18
10
18
16
14
16
13
13
18
24
17
22
15
13
13
17
18
22
23
16
17
12
17
23
13
15
18
22
14
12
21
11
14
21
20
23
14
17
22
14
15
19
18
17
26
24
14
24
18
21
14
21
19
19
21
26
34
33
37
49
61
80
99
109
131
184
187
216
221
204
175
173
109
109
78
60
40
25
21
20
22
13
11
16
21
11
14
15
19
13
20
19
13
15
16
18
11
17
15
9
22
27
24
18
18
23
18
13
23
21
19
20
21
18
17
18
15
17
17
20
13
17
11
20
8
14
21
12
12
18
12
14
11
15
18
15
21
13
20
5
18
16
16
12
10
19
10
27
16
15
9
14
13
9
9
19
18
11
14
21
13
22
18
15
14
11
11
11
15
21
19
21
13
18
11
15
10
14
18
18
13
19
12
21
17
23
18
13
19
15
16
14
15
20
22
19
20
12
19
15
23
16
15
25
17
19
22
20
27
14
14
9
17
23
19
17
20
13
14
14
15
18
12
17
16
16
13
16
24
20
15
14
15
9
10
13
19
15
18
14
19
12
16
14
22
18
14
14
20
20
18
15
17
18
11
21
15
12
15
18
19
18
15
21
14
15
20
22
23
33
29
17
18
13
17
21
13
18
18
20
21
29
14
17
21
22
22
38
37
36
39
39
33
48
38
45
36
36
22
18
22
20
25
12
23
15
16
15
18
15
15
20
22
21
17
10
10
11
12
8
7
13
22
19
17
13
12
15
12
23
9
13
14
16
22
15
18
16
19
21
20
16
10
22
19
17
11
16
12
16
16
13
23
23
15
20
20
19
19
14
24
28
19
26
21
31
15
20
14
16
12
14
21
17
14
15
18
16
16
9
18
16
14
24
23
10
15
16
18
19
15
15
18
17
18
18
11
17
10
13
14
19
14
18
22
18
11
18
22
23
8
19
18
17
16
17
14
17
21
23
17
24
12
16
18
18
20
18
17
20
19
17
15
12
13
20
21
16
20
25
20
7
18
20
19
13
13
15
15
10
16
13
20
23
16
15
12
13
20
17
11
9
12
20
17
20
10
11
18
16
9
10
19
13
7
19
16
22
18
18
14
16
8
12
27
13
13
16
16
21
24
13
16
18
14
17
13
15
13
15
17
21
18
16
11
14
16
14
21
18
23
16
14
15
9
15
16
17
13
15
13
19
16
15
17
24
21
14
16
12
21
20
17
15
13
17
20
19
24
20
14
15
19
19
15
19
7
15
16
16
16
14
20
14
20
14
16
17
20
13
14
19
17
13
18
10
11
15
19
17
19
17
21
20
17
5
11
11
16
17
14
16
13
10
19
18
13
22
11
20
21
19
9
13
17
11
14
17
21
12
17
17
21
16
14
24
19
22
19
15
15
14
16
19
14
14
17
16
13
16
14
16
18
14
15
15
17
9
22
19
10
16
12
13
16
19
18
15
13
9
21
14
9
21
16
15
14
15
12
16
13
13
13
15
17
8
18
14
15
18
17
18
17
9
15
12
14
11
24
20
13
10
22
18
16
16
13
12
18
10
18
10
12
14
11
23
12
14
15
21
17
17
19
13
10
17
12
16
13
11
13
22
23
16
13
14
17
17
18
5
17
15
13
11
13
16
17
25
11
11
17
16
19
15
18
14
11
8
13
21
12
18
13
12
13
14
10
17
13
22
13
15
16
16
18
20
13
15
16
7
12
4
14
21
7
14
14
23
12
14
19
21
17
15
17
15
14
15
17
14
14
14
9
13
17
10
17
13
12
11
8
6
11
15
11
20
15
13
9
13
14
14
10
11
10
13
9
10
10
14
8
15
11
16
15
6
17
13
16
8
14
19
10
10
19
16
14
9
10
9
8
9
13
13
18
9
12
13
13
11
7
12
12
14
12
11
15
12
13
11
18
22
15
10
6
14
13
10
13
12
19
14
14
13
18
11
14
12
9
15
9
12
12
14
11
16
16
8
9
22
14
12
11
16
11
16
15
17
17
8
13
20
19
8
18
10
14
11
14
14
16
14
12
15
12
13
11
12
15
13
12
16
11
8
21
17
11
11
11
17
22
15
12
15
12
18
17
18
12
7
15
14
15
16
13
11
15
17
19
14
14
14
9
8
12
15
18
15
13
15
15
20
9
6
21
24
11
11
15
13
8
16
15
16
17
18
18
11
16
10
15
12
18
16
13
19
10
19
25
13
18
11
10
8
16
27
11
15
19
18
20
26
40
38
30
40
36
52
41
49
50
50
41
38
35
32
42
27
23
18
23
22
17
16
27
18
14
16
19
12
18
18
17
12
15
14
17
13
13
13
12
12
15
15
19
17
25
12
15
29
23
18
32
17
21
24
25
17
19
13
10
10
14
20
14
15
18
5
16
12
15
16
6
11
16
14
13
11
15
23
12
12
16
13
11
17
13
10
18
16
20
11
13
12
14
13
21
15
12
13
10
8
9
12
13
18
19
16
8
10
20
12
16
14
17
11
13
16
6
10
14
14
10
11
13
10
13
19
10
16
20
19
16
20
11
16
8
11
13
17
9
13
13
13
22
12
16
14
14
15
11
13
9
16
7
25
14
16
7
16
27
12
9
12
13
9
12
10
12
13
11
10
14
12
10
14
16
11
22
13
15
10
12
12
9
12
18
18
13
17
24
15
17
16
13
11
14
13
9
12
14
9
7
11
18
12
11
10
19
10
15
14
11
12
15
13
21
14
13
15
13
14
20
17
7
19
21
16
9
16
15
7
17
15
11
13
14
11
20
6
13
10
9
16
15
9
19
16
15
15
7
19
18
15
14
16
15
14
18
15
15
17
13
15
9
17
23
15
11
16
17
24
12
26
15
16
31
48
34
39
46
50
59
61
56
64
47
58
47
49
32
22
18
24
21
9
11
6
13
14
14
14
9
13
7
11
12
15
10
20
16
13
6
10
13
19
13
6
15
9
11
8
16
10
15
15
17
12
11
9
16
9
14
18
17
25
19
17
16
6
11
16
17
16
16
14
14
14
16
11
12
18
14
7
18
18
12
15
8
13
15
19
17
19
17
14
19
8
13
23
18
13
18
11
11
11
10
11
12
16
18
13
18
18
9
12
13
15
18
21
21
11
19
11
8
12
16
13
9
14
9
11
16
13
14
20
11
15
13
9
17
12
17
14
17
9
9
15
12
15
12
21
16
12
11
17
10
19
16
14
17
12
11
20
18
12
12
16
22
16
22
14
10
10
16
16
17
17
17
14
11
16
18
12
11
22
16
16
14
15
12
15
18
11
14
11
8
16
14
11
7
18
18
14
11
12
18
24
11
16
12
20
13
16
7
9
17
15
20
24
17
8
16
11
15
17
14
8
14
12
15
15
15
19
21
11
14
17
17
9
15
12
13
24
22
14
15
18
10
22
17
20
19
11
11
10
20
20
33
14
8
18
15
11
13
15
14
13
19
14
11
17
20
15
18
12
8
14
18
15
15
17
17
18
13
13
11
21
14
13
15
12
13
10
10
19
20
18
23
15
12
23
14
24
13
19
13
22
14
24
17
14
22
12
17
16
19
15
14
13
19
15
19
15
12
8
17
13
7
29
15
22
10
14
13
16
10
12
14
13
14
14
8
10
19
15
11
18
18
13
23
15
12
17
11
15
17
22
19
19
25
10
21
14
17
19
16
12
18
16
13
19
17
18
15
20
16
17
13
12
15
14
15
14
17
13
18
14
18
15
19
13
18
20
14
13
26
13
19
11
17
21
12
20
13
12
10
14
9
13
19
15
20
21
12
14
14
12
16
23
14
14
20
10
16
13
18
15
18
21
16
13
20
20
14
16
14
17
18
24
18
16
19
8
16
12
20
20
23
25
12
18
7
19
16
8
25
19
9
21
18
14
20
14
15
20
25
14
11
17
11
15
14
16
15
14
16
8
13
12
10
14
11
21
10
14
16
14
9
10
8
18
17
21
18
13
9
11
20
9
16
19
16
14
12
8
13
11
7
9
10
19
10
14
9
13
15
9
10
14
13
10
11
14
10
14
11
16
12
13
8
12
9
9
13
6
15
10
19
6
9
9
12
13
10
9
7
6
9
11
12
6
11
14
11
12
8
8
8
19
10
11
12
12
8
15
10
15
14
15
12
7
7
14
7
8
8
9
7
9
10
6
12
11
8
5
11
12
6
5
5
9
9
7
9
6
14
13
10
11
15
11
7
9
9
9
16
9
7
8
13
10
8
10
13
13
6
8
9
6
5
1
16
8
7
5
12
20
12
6
10
7
10
14
12
13
5
15
12
13
12
7
9
8
15
9
5
8
8
8
8
7
7
7
5
5
5
9
3
9
6
8
10
8
6
6
14
8
16
12
17
16
17
22
19
19
20
16
18
16
23
21
20
17
16
13
14
6
10
12
13
7
8
4
10
5
8
5
4
11
7
14
5
3
9
10
6
9
6
4
4
8
7
4
5
8
8
7
5
5
12
6
5
5
7
8
6
6
12
10
13
9
8
8
6
2
8
5
5
7
9
5
2
5
6
6
10
5
5
7
6
6
8
6
7
7
5
4
1
10
13
5
6
8
4
5
3
5
5
14
5
4
5
5
5
5
4
6
5
6
6
6
5
6
4
4
4
6
3
4
4
3
8
11
2
3
6
4
3
6
4
3
3
4
5
5
10
1
5
7
5
4
8
5
9
4
10
6
4
3
4
4
4
3
2
6
5
0
6
6
6
6
6
4
6
9
5
5
5
4
4
3
5
7
0
5
6
3
1
11
2
2
5
5
3
5
1
5
4
5
6
4
4
4
1
2
5
5
5
2
5
6
3
7
2
1
6
5
3
5
0
4
4
3
2
5
2
0
2
0
4
1
2
4
4
3
3
7
7
1
4
5
3
2
3
1
4
4
0
4
3
6
4
2
4
3
1
5
3
2
1
3
1
3
3
3
2
3
2
4
4
2
2
4
2
3
2
3
5
3
3
4
4
2
1
4
4
2
2
0
0
4
4
1
2
2
4
3
1
2
1
1
2
6
2
3
4
2
3
5
0
3
4
2
1
4
1
1
3
1
5
3
0
3
4
3
3
8
2
2
2
6
2
1
7
2
3
3
3
1
2
3
3
3
2
2
3
4
3
7
3
2
1
1
1
2
6
3
4
0
5
6
2
3
0
2
5
3
0
1
3
3
3
2
3
2
3
2
1
4
1
2
1
1
2
1
2
2
1
3
2
2
2
1
1
5
2
3
2
1
6
2
1
1
1
5
4
1
4
3
2
3
6
2
5
4
5
5
6
4
3
0
3
2
6
10
2
1
2
2
1
5
9
2
3
2
4
2
3
1
5
5
10
4
8
4
6
10
5
7
5
10
10
20
18
19
24
38
46
59
65
66
69
113
148
142
167
175
226
194
223
242
233
216
189
178
133
95
84
47
41
19
16
6
3
3
6
1
3
2
0
3
2
3
1
0
4
0
2
0
2
0
2
2
0
3
3
2
3
2
2
4
2
3
2
1
1
0
0
1
2
5
1
1
1
1
1
5
0
3
2
2
1
3
3
2
3
3
3
2
0
2
0
2
3
4
1
0
0
1
1
0
2
1
1
3
1
4
0
0
1
1
2
3
1
3
2
0
0
2
1
2
2
2
1
5
0
2
0
2
2
2
5
3
1
0
0
1
1
0
2
1
0
1
3
3
0
0
1
1
0
0
5
0
1
1
2
0
3
1
0
1
2
0
2
1
0
1
1
2
1
0
4
0
2
1
3
4
0
0
2
4
1
3
0
0
0
1
0
1
0
3
1
4
4
0
3
2
2
0
1
1
3
0
0
1
1
1
3
2
3
5
1
2
2
1
1
1
2
1
2
1
2
2
2
2
0
2
1
1
0
0
1
3
2
2
1
5
2
2
1
1
2
2
2
0
1
0
3
0
0
1
0
0
3
0
3
0
1
6
2
3
1
0
1
0
1
0
2
0
1
0
1
1
2
3
2
3
0
1
2
1
0
0
0
2
0
0
0
0
1
0
0
0
1
0
2
2
4
1
1
1
0
1
2
2
0
1
1
0
1
1
1
1
0
1
0
1
1
1
1
0
2
3
3
1
4
3
1
1
3
1
2
1
0
1
1
1
0
1
1
1
0
0
2
3
2
1
1
1
1
3
0
0
1
0
1
3
2
0
2
0
2
0
1
1
2
1
0
1
0
0
1
3
1
0
1
1
1
3
1
2
2
0
1
2
2
1
3
2
0
1
2
1
0
0
0
0
1
1
0
2
1
2
1
2
3
0
0
1
3
1
0
0
0
2
2
2
1
1
1
1
0
0
0
0
2
2
2
0
3
1
1
2
2
1
3
2
4
4
2
1
3
3
1
3
1
1
2
2
0
1
3
1
1
0
0
1
0
1
1
1
1
2
1
0
1
0
3
1
2
1
1
2
0
1
1
0
0
1
1
0
0
1
2
3
0
2
0
1
1
0
0
4
0
5
1
0
0
1
0
1
1
0
2
1
2
2
0
2
2
0
3
1
1
1
1
5
0
0
1
2
1
1
0
0
0
1
0
2
0
0
4
1
1
0
2
2
0
1
2
0
0
0
2
0
3
0
1
0
2
2
1
4
0
1
0
0
0
0
0
0
1
2
2
1
0
2
0
0
2
1
2
0
0
1
1
0
2
1
0
2
1
0
1
0
3
2
1
2
1
1
0
1
0
2
0
3
1
0
0
3
1
2
0
1
3
1
1
3
0
1
2
4
0
1
3
2
1
1
3
2
0
1
3
0
1
1
1
0
3
1
0
1
0
2
1
2
2
1
0
2
1
1
0
2
0
0
5
0
0
1
3
0
0
3
1
3
5
0
0
2
0
1
2
4
1
1
1
2
0
1
0
2
0
0
0
0
0
0
1
1
0
1
2
0
2
0
1
1
2
0
3
1
2
4
1
2
0
1
1
1
2
2
0
0
3
2
0
0
1
1
0
1
0
3
1
1
3
2
2
1
2
0
0
0
0
0
2
2
0
0
2
2
1
1
1
0
0
2
1
1
1
1
0
2
0
0
2
0
1
4
0
2
0
0
3
1
3
1
2
1
3
1
2
0
0
3
0
1
0
2
0
0
0
3
0
1
2
2
1
0
1
1
0
1
1
0
1
1
1
1
0
2
0
0
0
2
1
0
1
0
2
1
1
0
1
0
2
1
0
1
1
0
3
0
3
0
1
1
2
1
1
3
0
5
1
0
3
1
2
0
0
0
2
0
1
3
0
1
1
1
1
1
3
0
2
1
1
2
1
1
1
1
0
0
3
1
2
1
2
1
1
1
3
2
1
1
2
1
1
1
0
0
1
3
0
0
0
0
2
1
1
2
2
1
4
0
2
0
1
1
2
2
0
0
0
4
0
1
1
1
1
1
3
2
0
2
2
3
0
0
1
0
1
1
0
1
0
0
0
1
1
1
1
2
0
0
0
1
1
1
0
0
1
1
2
2
1
4
1
1
0
0
1
0
0
2
1
0
2
0
1
2
3
0
1
1
0
0
2
2
1
2
1
3
0
3
1
2
0
0
1
1
1
3
1
0
2
1
0
2
1
0
1
1
1
2
1
3
2
3
1
0
0
1
1
1
1
2
3
2
2
0
0
1
2
1
1
1
1
0
0
1
0
0
0
2
2
5
0
2
1
2
1
0
1
1
0
1
0
1
0
1
0
2
0
2
1
1
2
0
0
1
1
1
0
1
0
1
1
0
1
0
2
0
0
3
0
2
0
2
1
0
1
0
2
0
0
1
2
0
2
0
0
2
0
1
2
3
1
1
1
1
0
1
0
0
2
2
3
0
0
0
0
1
$ENER_FIT:
0.306 0.366839 1.38772e-007 -9.24177e-012 0.00000e+000
$MCA_CAL:
5
0.306 0.366839 1.38772e-007 -9.24177e-012 0.00000e+000
$PEAKLABELS:
253.256, "Ga-67"
502.233, "Ga-67"
817.399, "Ga-67"
568.780, "Ga-67"
1071.518, "Ga-67"
755.600, "Sum Peak"
1004.198, "Sum Peak"
1345.686, "Ga-67"
2416.938, "Ga-67"
2163.095, "Ga-67"
1319.654, "Sum Peak"
1914.600, "Ga-67"
1634.089, "Sum Peak"
1573.086, "Sum Peak"
1888.434, "Sum Peak"
7116.072, "Th-232(d), (Bkgd)"
3976.983, "K-40,(Bkgd)"
187.200, "Backscatter, Au XRF (Detector)"
211.423, "Au XRF,(Detector)"
298.250, "Backscatter"
380.344, "Backscatter"
$ENDRECORD:
