$SPEC_ID:
PeakEasy Library File: Ga-67, IdentiFINDER (LaBr3), 10.0 mCi
$MEAS_TIM:
300.00000 308.00000
$DATE_MEA:
27-Sep-2011 15:51:51
$DATA:
0 1023
0
0
0
0
0
226
1879
2504
2869
3660
4978
5675
5468
4828
4327
4478
5208
6775
9463
12893
15499
18546
24412
31706
35172
34159
31529
32426
45196
84521
140790
150468
94528
38495
16561
13633
14649
15616
15498
14457
13413
12691
12003
11481
11586
11732
12035
12221
12257
11860
11508
11224
10742
10385
9862
9592
9888
12550
20881
37311
55803
60827
47432
26737
11497
5380
4540
5691
7390
7996
6784
4698
3104
2321
1981
1916
1891
1770
1759
1771
1673
1590
1535
1599
1525
1596
1534
1504
1581
1538
1523
1354
1451
1713
2635
5107
9796
16215
22440
25514
23127
16811
9734
4605
1849
714
323
247
225
208
210
177
223
224
208
202
186
223
199
207
187
200
181
205
312
585
1124
1982
3082
4023
4522
4383
3418
2331
1359
659
296
119
63
50
31
37
32
36
39
33
38
27
24
37
35
29
27
28
33
30
26
37
46
44
60
75
64
62
75
55
66
48
30
29
28
26
32
21
23
32
27
23
24
18
32
20
13
31
21
26
17
24
18
22
25
26
20
16
23
26
28
34
12
24
19
24
23
32
29
26
26
15
20
15
22
12
16
18
19
20
14
16
10
14
18
19
12
20
21
11
10
22
18
15
18
20
12
18
20
15
13
9
10
13
8
15
8
11
9
10
13
11
15
5
12
11
12
12
12
9
13
10
14
12
23
17
32
16
20
27
25
24
25
15
19
20
17
11
12
13
11
8
16
9
7
10
14
8
18
10
11
12
17
17
20
27
33
48
40
45
41
33
34
30
23
14
14
16
11
18
15
12
10
14
7
8
8
14
13
16
9
10
12
12
10
15
12
10
12
6
9
11
8
10
6
7
8
7
8
4
3
8
4
8
6
5
7
7
6
3
3
6
8
8
4
1
7
7
6
8
5
4
10
11
8
6
7
9
5
8
5
9
8
9
4
6
5
5
6
10
8
7
1
4
9
7
4
6
7
4
4
9
6
5
5
7
12
8
4
5
4
8
9
5
7
11
6
8
10
10
5
2
10
3
6
7
6
5
6
4
2
9
5
3
5
5
2
2
3
4
1
4
6
2
3
2
2
1
1
3
1
3
2
3
2
3
4
0
1
0
2
1
1
2
1
1
2
1
4
1
1
1
1
1
4
2
1
0
3
0
4
1
2
1
4
3
8
8
5
8
5
9
8
7
12
17
19
13
14
26
20
19
22
19
16
15
12
17
15
12
9
10
4
7
3
5
5
2
0
1
0
0
0
0
0
1
1
1
0
1
1
0
1
0
0
0
1
0
2
2
1
1
0
0
2
0
1
2
1
1
0
2
3
1
0
2
1
0
0
1
1
1
0
0
0
0
0
0
0
0
0
0
0
0
0
0
0
0
0
0
1
2
0
1
1
0
0
1
1
2
0
1
0
1
0
0
2
0
4
2
2
1
0
0
0
1
0
0
0
0
0
1
1
1
1
0
0
0
0
2
0
0
0
0
1
0
0
0
0
0
1
0
0
0
0
0
0
0
0
0
0
1
1
0
1
0
1
0
0
0
0
0
0
1
0
1
0
0
0
1
2
1
0
0
0
1
1
1
0
1
2
0
1
0
2
0
0
0
2
1
1
1
1
1
1
3
2
1
1
0
2
2
2
1
0
0
1
0
0
0
0
2
0
1
0
0
1
2
0
0
1
2
0
1
0
0
1
1
0
1
0
2
0
0
1
1
0
0
1
0
1
1
0
0
0
0
0
0
0
2
1
0
1
0
0
2
1
1
1
1
2
0
0
0
1
0
0
0
0
1
0
1
3
1
0
0
2
0
0
2
0
0
0
1
1
1
0
0
0
0
1
1
3
0
0
2
0
0
0
2
0
1
0
2
1
0
0
0
0
1
2
0
1
1
3
1
0
0
3
1
0
0
0
0
1
2
0
1
1
0
0
1
0
0
0
0
0
0
1
0
0
1
0
0
0
0
1
0
0
0
0
0
0
1
0
0
1
0
0
0
0
0
0
0
0
0
1
1
0
1
1
0
0
1
0
0
0
1
1
0
0
0
0
1
0
1
0
2
2
0
1
0
0
1
0
1
0
0
2
0
0
2
1
0
1
1
0
0
0
0
0
0
0
1
0
1
0
1
1
0
0
0
0
0
0
0
0
0
0
0
0
0
0
0
0
0
0
0
0
0
0
0
0
0
0
0
0
0
0
0
0
0
0
0
0
0
0
0
0
0
0
0
0
0
0
1
0
0
0
0
0
0
0
0
0
0
0
0
0
0
0
0
0
0
0
0
0
0
0
0
0
0
0
0
0
0
0
0
0
0
0
0
0
0
0
0
0
0
0
0
0
0
0
0
0
0
0
0
0
0
0
0
0
0
0
0
0
0
0
0
0
0
0
0
0
0
0
0
0
0
0
0
0
0
0
0
0
0
$ENER_FIT:
4.504 2.901655 1.10342e-003 -3.84794e-006 4.01273e-009
$MCA_CAL:
5
4.504 2.901655 1.10342e-003 -3.84794e-006 4.01273e-009
$PEAKLABELS:
30.632, "Ga-67"
60.779, "Ga-67"
99.052, "Ga-67"
69.547, "Ga-67"
130.192, "Ga-67"
163.428, "Ga-67"
294.791, "Ga-67"
265.421, "Ga-67"
38.139, "Backscatter"
47.602, "Backscatter"
487.082, "K-40,(Bkgd)"
11.034, "La-138,X-rays"
$ENDRECORD:
