$SPEC_ID:
PeakEasy Library File: Ga-67, IdentiFINDER (NaI), 10 mCi @ 100 cm
$MEAS_TIM:
300.00000 312.00000
$DATE_MEA:
27-Sep-2011 15:16:45
$DATA:
0 1023
0
0
0
0
41
2602
3640
4789
5973
7073
8376
8880
9347
10019
10766
11049
12159
14756
19569
25677
32303
38446
46197
55096
59776
59767
59918
69165
94739
131538
160743
155167
113899
68457
39881
28483
25864
26016
25400
24283
22578
21124
20483
20782
20518
20582
20312
20260
19619
18967
18187
17941
17921
18689
21349
26714
34269
43572
51380
55050
53699
47780
39069
29363
21517
15888
12592
10641
9305
8219
7171
5920
5003
4310
3663
3442
3138
3027
2923
2952
2877
2914
2793
2752
2851
2853
2902
3238
3934
4880
6387
8579
11526
14437
17232
19751
21572
21992
21298
19380
17151
14079
10900
8228
5717
3908
2540
1648
1068
766
639
542
465
466
469
507
546
744
845
1126
1414
1832
2301
2668
3086
3378
3815
3849
3844
3773
3398
3035
2576
2084
1672
1303
942
661
500
348
228
163
136
96
76
62
71
64
55
63
79
64
59
41
68
71
92
91
81
86
73
76
72
93
78
59
78
62
54
54
53
34
37
42
32
42
47
28
37
35
30
35
28
25
29
30
42
40
30
31
33
35
34
36
30
36
34
21
26
36
31
20
27
25
23
23
26
29
23
28
17
19
21
20
16
18
25
16
16
13
18
14
13
14
22
18
17
22
17
17
12
16
19
15
23
19
16
14
17
14
16
16
16
10
16
9
9
11
13
11
21
18
19
18
17
17
21
18
19
21
27
24
18
22
14
17
14
18
10
12
13
14
12
10
16
25
25
18
23
20
24
34
30
29
22
36
41
32
39
41
51
27
36
30
32
25
33
18
20
20
7
13
14
12
13
8
10
4
6
8
12
8
3
5
3
5
3
9
1
6
3
6
4
2
7
5
5
5
4
4
7
7
7
5
6
3
4
5
7
8
5
3
2
1
9
3
4
5
2
3
3
2
4
6
1
4
3
5
4
3
1
3
3
7
10
9
1
8
4
7
4
5
1
4
5
3
6
5
6
1
3
7
2
6
6
4
7
3
2
3
5
1
3
2
5
5
3
1
5
5
3
1
4
0
0
3
2
3
2
0
0
3
4
3
1
2
2
2
0
0
1
4
2
4
0
1
5
2
1
4
0
1
1
0
2
1
1
1
1
1
2
4
3
1
1
1
0
2
2
3
1
2
3
0
3
3
4
2
3
0
3
4
6
4
5
4
3
4
8
13
10
4
6
4
6
11
5
6
5
7
4
4
2
7
2
4
3
1
2
1
2
4
1
4
1
2
1
0
4
0
0
1
0
1
2
0
2
0
1
2
0
1
1
2
2
3
1
1
0
0
2
0
3
0
0
0
0
1
0
0
0
1
2
0
1
2
0
0
0
0
1
1
1
1
0
1
0
1
1
0
0
0
0
0
0
0
0
0
0
1
0
1
0
0
0
0
1
3
0
0
2
1
2
1
0
1
0
0
0
0
1
3
1
0
0
1
1
0
0
1
0
0
0
0
1
0
0
2
0
2
1
0
0
0
0
0
1
0
0
1
0
0
1
1
0
1
0
1
1
0
0
1
0
1
0
0
0
1
1
0
1
1
0
1
0
0
2
0
1
0
0
0
0
0
1
0
0
0
0
0
0
0
0
0
0
0
0
1
0
0
0
0
0
0
0
0
0
1
0
0
0
0
0
0
0
1
1
0
0
0
1
1
0
0
0
0
1
0
0
0
0
0
0
0
0
1
0
0
1
0
0
0
0
0
0
0
0
0
0
1
0
0
0
0
0
0
0
0
1
1
1
0
1
0
0
0
0
1
0
0
0
0
1
0
0
0
0
0
0
0
0
0
0
0
0
1
1
0
0
0
1
0
0
0
0
0
1
1
0
0
0
0
0
0
0
0
0
0
0
0
0
0
0
0
0
0
0
0
0
0
0
1
1
0
1
0
0
0
0
0
0
0
0
2
0
0
0
0
1
0
0
0
0
0
0
1
0
0
0
0
1
0
0
0
0
0
0
0
0
1
0
0
0
0
0
0
0
0
0
0
0
0
0
0
0
0
1
0
0
0
0
0
0
0
2
1
0
0
0
0
0
2
0
0
0
0
0
1
0
0
0
1
0
0
0
0
0
0
1
1
0
0
0
0
0
0
0
0
0
0
0
0
0
0
0
0
0
0
1
1
0
0
0
0
0
1
0
0
0
0
0
0
0
0
0
0
0
0
0
0
0
0
1
0
0
1
0
0
0
0
0
0
0
0
0
0
0
0
0
0
0
0
0
0
0
0
0
0
0
0
0
0
0
0
0
0
0
0
0
0
0
0
0
0
0
0
0
0
0
0
0
0
0
0
0
0
0
0
0
0
0
0
0
0
0
0
0
1
0
0
0
0
0
0
0
0
0
0
0
0
0
0
0
0
0
0
0
0
0
0
0
0
0
0
0
0
0
0
0
0
0
0
0
1
0
0
0
0
0
0
0
0
0
0
$ENER_FIT:
-2.904 3.197681 -8.77098e-004 1.42422e-006 0.00000e+000
$MCA_CAL:
5
-2.904 3.197681 -8.77098e-004 1.42422e-006 0.00000e+000
$PEAKLABELS:
29.250, "Ga-67"
59.331, "Ga-67"
97.005, "Ga-67"
127.513, "Ga-67"
160.594, "Ga-67"
290.385, "Ga-67"
257.065, "Ga-67"
471.185, "K-40,(Bkgd)"
$ENDRECORD:
