$SPEC_ID:
PeakEasy Library File: Ir-192 with Contaminants, Detective (HPGe), 30 uCi @ 100 cm
$MEAS_TIM:
10962.58000 11185.92000
$DATE_MEA:
30-Sep-2004 2:39:04 AM
$DATA:
0 8191
0
0
0
0
0
0
0
0
0
0
0
0
0
0
0
0
0
0
1
0
0
0
0
0
0
1
0
0
0
0
0
1
0
0
1
1
4
6
8
188
5290
11157
11028
11057
10857
10822
10787
10948
10843
10513
10571
10311
10272
10386
10194
10135
10140
10281
10009
9860
9689
9661
9595
9668
9583
9518
9476
9390
9287
9333
9184
9337
9141
9043
8993
9021
8895
8946
8570
8703
8688
8577
8534
8365
8295
8367
8307
8244
8128
7969
8067
8054
7945
7952
7762
7797
7644
7654
7638
7474
7598
7510
7430
7339
7297
7312
7186
7173
7124
7217
7061
7061
6916
7055
7008
6897
6866
6909
6705
6694
6678
6765
6658
6614
6670
6630
6457
6656
6514
6372
6452
6495
6211
6488
6311
6339
6335
6148
6231
6234
6369
6200
6185
6077
6164
6269
6050
6252
6008
5963
6042
5978
5993
6031
6118
6114
6025
6036
5952
6140
6075
5957
6043
6145
6022
6149
6275
6355
6240
6387
6622
6829
6659
6752
7017
7350
7479
7220
6603
6667
6966
6921
6858
6523
6245
6470
6495
6453
6264
6065
6186
6018
6022
6163
6049
6245
6416
6408
6901
6783
6701
6412
6327
6655
6697
6766
6489
6251
6442
6158
6179
6229
6129
6158
5866
5967
6055
6140
5971
5842
5923
5882
5962
6088
6070
5910
5926
5930
5925
6106
5999
5986
6060
6139
6034
6128
6132
6237
6137
6307
6254
6285
6197
6167
6219
6250
6288
6161
6362
6297
6242
6454
6529
6426
6581
6247
6491
6628
6407
6712
6467
6688
6573
6565
6658
6705
6649
6682
6782
6679
6765
6817
6795
6914
6825
6832
6922
6784
6816
6936
6971
7025
7063
6991
7010
6922
7107
7140
6995
7095
7101
7012
7121
7049
7164
7157
7046
7096
7246
7303
7162
7308
7190
7211
7313
7233
7219
7371
7199
7429
7242
7496
7333
7234
7514
7477
7242
7367
7357
7460
7372
7577
7534
7300
7290
7449
7337
7490
7365
7557
7279
7593
7435
7442
7527
7447
7513
7451
7438
7510
7640
7724
7511
7378
7578
7503
7480
7609
7790
7583
7573
7544
7670
7666
7590
7699
7599
7589
7652
7682
7742
7645
7797
7665
7729
7684
7837
7846
7878
8071
8025
8113
8038
8196
8224
8103
8332
8138
8451
8580
8485
8497
8566
8762
8756
8737
8988
8953
8906
9004
9088
8930
9008
9063
8910
8966
9057
8995
8962
9063
9035
8989
9080
8895
8999
8803
8850
8816
8617
8824
8768
8963
8765
8880
8754
8669
8593
8602
8478
8591
8373
8241
8440
8258
8268
8205
8444
8157
8258
8214
7981
8081
8071
8145
8071
7960
7812
7912
7701
7806
7839
7756
7617
7570
7463
7642
7555
7575
7539
7561
7592
7466
7424
7274
7160
7361
7219
7328
7279
7201
7182
7177
7047
7006
7008
6881
6962
6806
6852
6727
6720
6721
6679
6504
6402
6397
6487
6319
6281
6121
6180
6162
6081
6036
5982
5888
5848
5874
5980
5760
5691
5796
5492
5678
5557
5615
5568
5625
5574
5512
5384
5519
5459
5493
5423
5354
5271
5356
5109
5234
5212
5272
5133
5112
4980
5123
4930
5026
5054
4972
4871
4876
4890
4994
4866
4778
4697
4727
4638
4563
4715
4651
4568
4656
4506
4532
4390
4559
4489
4525
4345
4491
4701
4459
4656
4758
4921
4735
4549
4341
4317
4344
4249
4302
4543
5242
6033
7046
7872
7569
6015
4834
4278
4084
3896
4021
3843
3844
3945
3978
3805
3677
3755
3838
3733
3818
3827
3831
3772
3785
3653
3662
3738
3775
3615
3709
3805
3652
3619
3533
3695
3681
3609
3526
3629
3597
3522
3506
3528
3414
3467
3470
3459
3524
3529
3522
3400
3406
3567
3432
3410
3498
3342
3410
3303
3290
3403
3454
3296
3469
3332
3398
3321
3294
3382
3399
3363
3366
3316
3321
3306
3281
3279
3338
3184
3327
3242
3234
3256
3198
3202
3290
3275
3221
3264
3479
3544
3505
3544
3343
3312
3238
3261
3206
3165
3236
3155
3214
3150
3178
3183
3104
3158
3011
3154
3070
3115
3079
3010
3038
3163
3178
3115
3172
3101
2898
3066
3047
3009
3127
3101
3009
3052
3136
2979
2965
3011
3083
2943
2944
2915
2945
3008
3032
2876
2886
2944
2918
2991
2945
3084
3029
2870
2981
2908
2885
2902
3014
2933
2876
2856
2874
2849
2854
2894
2842
2934
2914
2896
2817
2895
2899
2764
2805
2854
2829
2704
2804
2749
2771
2807
2911
2906
2909
2832
2899
2879
2698
2834
2709
2850
2776
2842
2790
2777
2789
2797
2757
2661
2748
2708
2640
2648
2766
2592
2668
2706
2632
2654
2685
2638
2681
2748
2668
2734
2669
2740
2813
2959
2876
2762
2632
2700
2637
2710
2576
2553
2588
2630
2617
2565
2650
2643
2523
2657
2572
2571
2676
2670
2744
2623
2641
2593
2810
2909
3064
3402
3956
5218
7512
11987
19527
26434
29087
24177
15148
7728
4067
2733
2346
2255
2296
2273
2227
2260
2209
2147
2245
2170
2166
2181
2143
2092
2168
2180
2235
2248
2214
2420
2577
2931
3540
4590
7172
11979
19178
26225
28047
22934
14234
7048
3256
2209
1800
1809
1781
1880
1968
2119
2387
2711
3398
4537
6296
9809
17375
31435
51821
69792
72264
54986
31020
13042
4517
1609
1049
975
948
923
856
938
893
894
854
913
876
844
834
881
891
887
921
870
840
885
871
917
988
1074
1218
1432
1472
1355
1230
1038
887
803
789
820
796
797
793
807
848
812
829
796
784
752
804
773
835
780
810
803
856
935
1065
1143
1296
1150
1054
849
847
737
746
713
751
726
738
782
711
762
740
744
750
722
698
692
716
753
686
696
715
699
719
744
730
739
722
821
776
840
982
1041
1038
1022
929
731
733
667
651
679
681
703
657
658
685
649
662
667
686
659
623
653
618
681
627
626
648
648
673
632
688
607
660
596
648
641
634
642
669
712
648
660
637
633
622
636
651
597
626
615
612
638
632
641
659
636
659
707
659
721
878
963
1114
1178
1041
863
763
680
628
616
608
664
607
592
614
592
592
631
652
597
580
613
641
597
604
624
608
606
607
547
619
578
637
575
613
627
615
582
623
591
622
641
613
680
640
654
787
831
813
746
631
635
604
615
579
616
568
582
571
565
576
586
625
574
578
584
601
571
573
580
534
604
609
573
616
580
577
595
561
613
572
564
548
575
529
599
583
594
580
555
651
556
584
567
569
554
578
579
569
579
535
551
532
560
568
552
572
572
564
505
574
533
554
664
700
813
900
976
887
750
610
538
581
562
534
516
531
518
572
535
520
507
547
472
481
537
480
491
484
515
494
473
479
487
467
462
488
502
523
425
449
441
482
453
447
447
424
426
463
473
462
459
425
372
397
428
425
427
431
419
400
398
416
444
423
415
398
395
464
405
442
434
420
435
389
430
391
414
395
406
373
416
400
421
411
359
399
408
378
384
437
346
383
396
384
395
392
413
390
397
401
389
366
398
420
364
394
370
369
370
399
368
426
363
386
400
389
414
407
405
371
374
411
412
398
442
433
432
408
476
444
494
506
616
625
644
762
904
1155
1420
1835
2587
3917
6714
11479
18275
25128
27028
22827
14606
7048
2811
870
349
214
225
200
191
177
209
184
213
200
190
189
166
196
192
208
179
183
170
218
191
222
222
220
228
200
240
245
275
276
360
433
560
817
882
927
1153
1552
1778
1791
1528
1057
565
358
209
217
202
253
278
313
391
389
363
283
263
198
169
170
155
150
162
176
140
160
137
158
172
162
153
156
154
172
159
170
155
170
162
172
140
146
158
173
156
173
151
187
148
153
140
158
157
147
168
156
124
128
158
150
165
165
132
153
164
151
176
176
177
215
186
209
251
237
189
172
176
161
175
155
162
122
143
131
130
140
153
121
131
114
142
127
134
138
139
134
122
147
126
128
148
140
129
131
140
124
136
129
154
163
124
136
139
137
116
132
126
112
126
135
143
149
124
147
130
134
118
149
139
128
115
149
134
137
148
148
118
124
123
136
128
118
138
142
106
122
121
130
133
136
98
124
108
118
158
116
134
128
115
138
145
131
116
123
123
136
126
136
125
134
139
109
129
149
119
130
118
119
154
112
139
138
120
123
123
138
118
130
140
111
105
105
116
128
129
113
115
108
132
111
122
128
133
143
129
135
125
147
170
236
304
306
396
355
256
220
127
118
133
126
120
100
123
111
97
109
121
107
110
105
116
112
124
102
130
107
121
122
112
115
147
124
105
119
119
113
121
119
99
118
119
115
106
121
126
114
113
117
125
106
157
127
119
140
136
186
214
246
289
275
245
201
169
164
172
202
231
273
411
558
795
1303
1699
2034
1823
1408
807
446
205
151
111
113
106
105
107
108
124
126
116
109
122
110
105
106
107
103
116
120
126
161
145
169
212
263
286
377
405
408
381
378
412
624
890
1367
2089
2898
3428
3246
2392
1397
710
288
182
116
142
178
203
271
374
431
458
445
435
462
671
1000
1439
1943
2147
1998
1422
807
420
143
92
76
79
75
67
71
57
60
54
54
56
68
79
76
76
63
63
69
67
66
71
66
74
73
68
49
71
63
64
73
69
71
74
61
73
81
59
68
56
64
66
75
60
93
74
53
62
52
69
51
66
81
68
62
48
71
62
58
72
63
73
69
58
65
56
56
67
64
73
57
59
56
55
59
62
60
76
65
72
64
53
57
75
66
64
75
85
57
49
56
61
56
70
77
69
61
64
56
64
51
63
70
68
65
61
65
43
52
69
68
65
53
63
75
57
55
54
68
58
75
53
46
60
71
65
63
60
67
71
69
54
58
64
61
70
76
68
84
72
56
66
62
64
64
62
56
70
59
58
59
58
58
59
61
60
59
60
62
65
80
55
63
68
58
63
64
48
84
60
69
67
64
58
63
70
69
57
56
58
59
70
61
65
62
58
60
56
60
80
63
68
67
83
100
85
133
159
216
245
225
170
119
93
63
53
76
57
61
62
47
57
54
51
64
50
73
60
45
59
43
53
67
53
59
57
54
68
52
62
35
45
38
74
48
57
61
44
64
64
50
66
64
46
43
54
64
57
59
59
56
72
59
41
59
64
42
42
57
55
53
62
42
64
47
53
46
57
63
52
44
54
57
58
69
58
48
59
49
41
52
54
49
55
39
65
33
71
50
48
61
58
57
54
48
53
53
44
63
56
41
61
58
68
76
68
80
91
87
66
61
61
48
63
59
55
47
59
46
58
53
63
55
61
49
44
40
46
52
51
38
48
57
49
47
55
48
52
63
62
48
61
48
56
50
48
52
37
65
57
51
46
54
45
47
49
56
45
58
48
58
58
43
54
39
49
58
52
50
51
50
55
56
44
58
50
50
50
46
55
39
41
46
50
46
46
64
48
45
51
51
45
59
43
36
53
44
44
36
57
51
52
53
47
45
58
44
43
48
64
44
41
52
56
54
51
70
63
60
75
78
62
43
71
48
44
54
43
58
51
52
54
44
46
48
49
43
47
40
48
45
53
38
47
49
57
45
57
35
42
35
56
35
40
60
45
57
48
46
50
45
53
36
52
53
54
52
52
60
62
49
46
46
52
28
42
42
43
48
44
46
48
49
50
45
53
36
49
52
51
49
59
44
58
54
51
36
49
54
42
45
52
39
39
38
40
35
49
45
41
44
51
46
44
42
53
37
43
40
50
47
49
52
49
50
46
43
41
41
37
38
41
47
31
51
40
36
44
53
38
33
27
47
34
32
39
34
47
40
41
44
40
38
54
43
42
30
31
33
43
40
39
47
44
41
38
35
41
22
31
46
45
32
45
32
37
55
41
39
38
34
39
36
47
42
42
51
37
34
39
44
51
47
47
44
42
46
46
35
51
44
43
42
37
37
37
38
39
50
44
44
49
46
48
43
47
41
47
38
45
34
34
41
30
34
37
48
45
35
33
44
59
47
38
42
41
32
50
43
44
35
43
42
37
25
45
48
42
30
38
45
35
47
27
49
39
43
46
44
38
45
52
34
46
55
51
46
41
51
55
48
44
48
29
43
47
42
41
46
40
36
46
35
44
32
43
43
45
42
44
32
37
36
42
30
39
30
43
40
41
39
30
46
34
31
39
34
39
33
50
41
37
32
35
37
44
38
48
45
50
38
37
29
56
33
45
51
35
42
55
45
56
81
88
108
108
84
68
65
50
45
33
32
36
34
34
36
42
32
46
40
40
35
38
61
45
36
34
42
35
40
44
33
44
40
28
46
35
47
39
38
33
40
37
36
36
31
40
33
47
26
36
39
36
40
34
40
47
34
34
43
47
47
43
43
39
33
25
54
49
57
66
56
69
77
101
113
118
125
105
88
64
48
30
35
32
37
29
27
45
42
32
39
32
32
31
36
37
32
39
35
31
35
47
34
32
40
34
26
36
30
32
37
44
47
32
30
37
40
39
40
32
30
33
35
29
32
30
27
33
45
38
32
34
44
36
50
43
44
46
50
44
50
56
36
32
27
38
37
36
30
44
37
45
36
43
35
24
37
20
34
22
35
36
33
35
26
41
40
42
36
33
27
41
29
35
48
31
35
33
46
35
26
35
45
51
42
50
48
31
41
32
40
34
30
41
26
26
22
33
24
36
29
29
36
34
39
39
31
32
27
44
35
32
41
35
43
29
39
38
47
47
53
55
48
44
53
49
56
50
63
53
65
92
86
89
63
45
54
46
34
33
25
32
34
31
34
25
40
27
26
35
32
28
20
33
47
39
25
43
24
32
35
45
37
25
33
28
24
23
24
50
30
30
36
35
40
42
27
33
35
37
29
27
23
21
31
35
31
24
27
39
24
30
36
30
30
38
36
40
25
35
35
33
30
31
34
27
28
35
31
35
29
32
27
27
39
32
30
40
29
44
43
29
38
29
24
29
41
36
32
27
27
30
40
30
31
20
39
31
28
24
45
22
35
48
32
40
37
44
27
22
32
43
32
25
31
38
27
30
34
41
31
32
33
33
34
35
28
32
34
35
28
25
27
34
30
19
39
31
33
27
27
33
36
32
31
27
35
36
34
33
25
19
33
35
23
32
32
34
37
26
35
32
26
24
32
29
33
28
27
29
22
36
33
27
32
28
43
33
36
34
31
35
34
37
36
25
33
33
28
34
25
24
33
32
25
33
30
38
25
22
29
38
31
30
28
28
37
24
29
41
32
43
28
40
28
35
29
30
25
34
29
36
27
23
31
26
27
31
42
24
33
33
22
23
34
34
26
32
27
34
38
37
45
28
42
36
35
24
21
27
19
35
33
28
42
34
24
33
30
29
34
24
38
28
34
29
26
39
43
24
24
32
25
34
27
35
22
37
32
39
33
25
29
27
28
22
33
23
35
35
24
37
27
31
26
33
30
22
25
38
28
32
37
34
28
23
21
29
36
31
30
21
34
38
35
35
30
27
30
35
20
31
28
25
30
30
27
35
29
35
30
34
39
31
21
32
31
30
22
31
27
46
36
35
30
24
49
31
38
28
26
29
30
42
30
24
37
33
29
28
35
20
21
34
28
26
30
26
41
26
31
37
22
32
30
28
39
34
35
31
31
33
28
32
44
43
39
31
24
28
35
37
27
46
31
34
43
56
45
54
84
86
89
86
72
57
48
51
30
38
28
31
25
33
24
25
21
31
34
24
36
27
21
39
29
35
29
50
25
28
29
26
28
25
29
28
24
27
24
44
19
24
34
20
36
27
28
27
26
43
26
22
29
30
18
28
32
30
34
35
38
31
23
33
26
35
35
26
26
35
31
32
22
22
35
29
24
31
32
38
22
35
36
26
40
30
35
33
38
31
33
27
29
29
47
28
42
30
41
46
35
43
30
27
24
28
36
32
41
31
23
28
44
27
27
28
35
41
37
31
29
25
33
32
37
37
21
31
30
29
30
23
24
36
36
32
32
31
32
37
37
30
26
40
40
41
62
46
50
53
47
29
30
27
34
23
32
20
28
30
29
27
26
33
27
27
24
30
34
47
24
36
35
30
29
39
35
35
32
27
33
34
29
38
36
29
35
24
28
31
34
34
40
36
36
23
31
38
30
31
36
35
22
34
35
32
37
24
38
31
36
31
36
34
34
27
28
29
26
31
27
39
29
25
34
23
30
36
21
38
46
39
36
28
33
38
42
34
33
31
38
39
30
33
18
30
40
33
33
36
34
30
30
25
41
28
23
27
28
34
31
36
29
28
34
34
44
36
25
31
29
37
36
40
28
27
32
26
31
35
31
36
44
32
29
31
23
26
34
28
40
29
26
38
43
45
34
35
39
39
33
30
27
30
24
35
28
33
29
32
39
26
31
40
28
40
34
27
32
51
41
42
55
52
62
35
34
35
37
31
29
26
33
31
24
22
39
28
22
26
27
28
29
22
31
29
18
30
24
27
25
30
23
27
27
25
25
28
25
34
22
28
24
35
21
22
26
29
18
21
29
17
23
27
30
22
18
23
32
13
23
23
22
20
16
16
23
24
34
24
17
24
18
17
18
18
13
25
22
25
21
27
21
24
23
23
15
22
29
14
27
18
16
17
18
20
29
32
17
19
16
20
18
22
28
25
20
24
18
17
24
20
21
23
23
18
36
25
22
30
32
23
18
28
17
12
18
20
21
17
21
23
23
21
24
18
22
19
12
25
25
13
24
21
27
19
21
14
13
15
15
21
18
18
23
16
25
19
20
25
15
21
15
21
21
16
17
18
16
12
20
22
15
17
21
11
23
16
13
24
21
20
16
20
14
14
15
19
20
17
13
19
16
21
18
17
23
14
15
11
8
19
16
16
13
14
28
21
18
14
20
23
15
13
13
13
15
15
14
19
9
10
20
14
15
16
22
16
17
15
12
19
22
16
17
21
16
11
18
14
22
17
15
14
12
17
19
24
18
20
20
23
16
23
24
18
24
28
34
45
36
26
32
18
23
13
18
16
14
17
12
14
12
16
14
10
11
5
16
19
13
14
22
18
16
13
13
18
11
16
14
7
8
10
11
8
11
11
15
12
18
14
9
12
15
12
17
15
9
9
13
12
12
16
14
25
9
15
13
11
11
14
13
14
10
14
11
10
14
10
13
7
16
4
6
12
8
11
12
17
13
12
13
9
19
7
11
8
15
16
10
11
13
13
11
10
9
12
13
14
16
15
13
10
16
10
12
13
16
12
11
8
14
10
14
14
14
14
12
14
18
23
29
23
37
22
9
14
12
8
14
14
11
14
14
12
13
10
16
12
10
14
14
13
23
8
9
10
9
13
11
15
17
15
8
13
9
11
9
16
8
12
11
13
12
12
11
10
12
12
16
11
13
5
13
22
10
12
12
12
16
17
17
13
17
12
19
16
13
10
13
19
9
10
13
14
11
12
8
10
19
21
15
14
17
16
13
15
13
14
13
9
15
9
9
7
16
10
7
15
11
11
9
7
14
9
11
10
8
4
7
16
12
10
14
16
13
14
19
7
8
15
9
5
8
11
8
14
7
8
11
8
18
7
16
16
12
8
6
9
9
9
12
9
16
10
6
15
14
7
7
7
11
9
5
17
3
19
7
14
13
8
7
6
12
7
12
15
17
17
13
10
7
5
8
10
8
15
13
14
12
11
15
18
10
12
12
14
13
11
8
14
14
15
18
18
21
11
12
17
15
16
12
17
22
17
25
33
17
32
27
38
29
36
45
41
61
61
82
80
106
141
180
245
309
393
538
534
528
479
391
278
148
76
35
13
6
7
8
6
4
7
5
5
10
6
8
3
8
6
10
4
7
4
11
5
9
6
10
6
3
10
6
4
6
3
6
4
1
6
11
7
10
5
8
8
5
4
8
8
7
7
8
3
6
5
4
8
3
10
7
3
5
6
9
12
3
5
9
8
9
9
3
11
3
3
5
5
5
8
5
12
4
7
6
6
7
9
7
5
9
13
13
10
6
7
6
10
11
6
6
5
3
6
5
3
10
5
8
9
6
10
7
6
7
9
5
7
10
10
5
6
10
8
8
16
11
10
9
17
11
11
14
10
6
5
9
7
6
6
6
6
11
5
4
4
6
4
10
2
3
5
4
8
5
6
3
4
9
5
8
5
6
4
6
5
7
6
8
5
6
7
5
8
4
2
4
4
6
10
5
7
6
8
2
5
6
3
7
7
5
3
5
8
4
8
5
6
7
5
6
1
8
7
5
6
8
9
6
10
6
7
6
7
8
4
3
8
4
4
7
9
7
7
5
5
7
4
3
3
9
4
7
5
2
2
8
3
7
2
6
6
6
2
8
7
4
4
5
4
5
3
3
5
8
4
2
4
0
1
6
3
6
4
3
4
6
3
4
4
6
2
3
3
3
5
2
3
5
4
3
10
3
9
6
8
2
2
2
3
3
3
4
9
5
11
5
3
3
11
4
5
7
3
3
5
4
3
3
4
5
5
7
5
8
7
2
7
4
5
8
4
5
9
3
11
2
8
4
8
10
5
9
7
7
3
7
7
9
8
8
13
7
18
17
17
14
8
10
10
15
13
22
18
27
21
16
22
16
15
10
9
7
6
5
5
6
5
5
5
6
4
2
4
6
8
2
7
6
9
5
3
1
4
1
6
3
2
4
3
5
6
8
2
10
2
3
5
1
5
1
4
5
2
5
4
4
4
3
6
4
4
1
3
6
6
6
1
6
11
7
4
4
5
9
5
7
5
6
6
11
9
10
6
10
7
4
6
7
8
7
4
11
8
6
3
5
3
7
4
5
5
10
6
4
7
5
3
9
11
10
9
3
7
5
8
4
6
4
2
1
5
5
6
5
4
3
7
6
2
6
5
5
3
3
5
4
9
3
13
5
7
5
5
2
4
5
6
7
7
2
4
1
5
12
4
2
5
3
2
8
5
7
3
7
2
5
6
4
2
3
3
4
4
5
3
6
5
5
3
2
7
7
3
8
4
5
2
9
5
3
5
8
10
5
11
3
3
7
5
5
5
4
2
6
10
5
3
4
1
3
4
5
2
5
9
1
3
8
5
4
2
3
3
5
4
5
6
2
2
1
3
5
6
2
5
4
5
4
3
5
5
2
2
4
6
6
6
3
3
3
0
4
6
7
4
2
4
2
4
5
6
5
5
4
4
5
8
6
6
5
5
7
6
3
6
6
3
6
6
4
4
1
4
3
1
3
2
1
3
4
4
5
4
1
2
4
5
7
4
3
3
6
7
4
3
2
4
0
6
7
8
7
5
3
1
4
5
6
4
1
4
1
4
2
4
1
4
3
7
3
4
4
0
2
5
2
2
7
8
1
2
6
3
3
1
1
3
3
3
3
7
2
4
3
4
4
3
2
8
1
4
5
2
3
4
4
5
2
3
12
5
2
8
9
9
10
9
13
8
3
10
2
6
7
7
3
4
2
3
1
5
4
3
3
4
6
1
3
1
4
3
5
3
8
4
3
4
3
4
4
3
2
1
2
4
6
4
3
5
2
3
3
3
1
5
1
5
4
9
4
4
4
2
3
5
4
5
3
5
2
6
3
2
6
5
2
2
1
3
5
3
9
6
5
5
6
4
3
7
9
8
11
7
12
11
22
20
33
30
40
33
46
36
32
27
16
9
6
4
2
4
2
1
1
4
0
8
4
2
2
3
6
3
4
7
7
6
3
2
2
5
0
5
4
3
4
5
2
6
5
2
3
4
5
3
2
2
4
3
7
3
3
5
1
4
4
5
2
2
0
3
3
4
4
7
1
3
1
4
3
2
3
4
3
2
4
2
2
3
3
0
2
3
2
3
3
2
3
7
6
11
6
5
4
1
4
2
6
8
5
5
1
3
2
5
2
4
4
1
1
4
3
4
2
5
2
2
5
5
0
4
3
4
1
3
1
1
4
2
6
2
3
3
2
5
4
1
3
6
4
2
3
4
6
4
1
5
3
5
3
6
3
2
2
2
4
2
4
7
4
6
3
3
0
3
4
4
1
3
2
5
2
3
6
2
4
3
7
2
2
1
1
7
5
2
2
6
4
3
3
4
2
6
1
4
4
4
6
4
5
9
2
6
2
6
6
6
4
2
2
1
3
3
4
5
2
5
8
7
8
7
12
6
9
11
8
11
10
8
10
3
6
5
1
10
2
4
2
1
3
1
3
4
2
3
6
2
3
2
1
5
4
4
4
3
5
4
3
4
4
4
2
6
2
4
5
1
3
1
2
4
0
6
3
4
6
2
4
3
2
3
4
2
2
2
3
6
4
8
6
2
2
0
4
2
2
5
6
1
4
1
2
2
5
4
1
1
3
2
2
2
2
4
7
5
3
4
2
2
2
1
2
6
0
3
3
2
3
3
1
2
4
6
4
3
7
5
7
1
1
1
2
8
8
2
5
2
5
3
1
4
3
3
3
5
2
2
2
0
5
1
5
2
2
5
3
4
6
4
5
5
4
3
4
2
2
5
3
2
7
1
3
7
3
1
4
2
7
2
1
1
4
3
2
4
2
4
3
2
5
5
3
3
2
7
2
3
3
0
3
5
2
4
3
4
1
4
5
5
2
1
5
1
4
1
2
4
1
3
3
4
4
5
2
2
1
4
2
0
3
1
1
2
3
2
7
0
2
2
3
7
4
0
3
0
5
4
4
6
3
3
2
1
5
6
3
6
2
3
4
3
7
4
6
4
7
1
4
5
1
2
1
2
4
3
4
5
6
5
7
6
1
2
3
0
7
2
2
2
0
1
4
1
4
3
3
3
3
5
3
7
1
8
1
4
3
0
6
3
1
7
3
5
3
3
1
1
8
2
0
3
4
1
2
3
5
6
3
1
1
3
4
5
3
4
3
2
0
1
5
2
2
0
4
3
4
0
3
3
3
3
7
3
2
5
2
2
3
4
7
0
3
5
3
0
2
2
1
3
3
2
3
2
2
3
8
2
3
2
4
2
0
1
0
4
2
4
7
3
2
3
2
2
6
2
3
3
4
2
1
3
5
2
1
2
5
3
1
2
5
4
4
2
4
3
6
3
2
0
1
0
2
2
2
2
4
4
7
3
6
1
2
2
2
1
2
3
2
3
0
2
2
3
2
3
6
5
4
1
4
1
0
6
3
2
6
5
2
2
3
2
4
2
3
2
1
3
2
6
4
1
3
4
2
0
5
2
3
4
2
4
0
4
3
1
4
5
3
6
5
1
6
2
4
5
2
0
2
2
2
2
3
3
2
3
3
0
1
2
1
2
3
1
2
1
3
2
0
1
3
8
1
3
3
5
2
3
3
2
3
4
3
1
2
6
5
0
1
4
5
1
2
5
1
3
0
1
2
2
1
3
5
3
2
4
3
4
2
3
0
2
6
0
4
2
2
7
2
1
7
3
2
1
4
6
2
2
0
5
1
3
3
2
4
5
1
1
1
2
4
1
3
1
3
2
6
3
4
1
0
4
2
3
4
2
0
0
3
2
1
1
4
2
4
7
3
3
0
3
2
3
4
4
1
5
2
4
3
6
5
1
2
3
5
6
4
2
3
0
1
2
5
2
3
3
2
5
2
4
1
3
3
1
3
2
2
4
3
3
3
3
4
3
4
4
3
1
4
3
2
3
4
3
3
2
2
3
2
4
5
4
2
3
4
3
3
1
0
1
0
6
4
3
3
1
1
1
3
8
4
6
5
4
3
4
8
6
10
9
10
7
6
10
9
6
7
11
4
4
4
1
3
2
2
3
4
3
2
5
4
3
1
3
3
4
4
4
6
5
2
4
2
3
5
1
1
2
6
2
6
8
9
5
9
7
4
3
7
2
4
1
4
2
1
5
2
3
1
4
2
3
3
5
1
1
3
2
0
2
2
3
5
0
2
6
1
1
5
4
3
4
4
3
4
0
1
2
4
4
7
1
2
1
2
4
2
2
3
2
4
4
0
2
3
1
5
3
4
0
1
1
1
1
2
2
1
3
4
3
4
4
3
1
2
6
1
3
4
3
2
3
4
2
3
2
2
4
4
4
3
5
5
4
4
2
1
5
2
3
0
3
1
3
3
5
4
2
2
5
2
2
1
6
3
4
1
1
2
0
3
3
2
1
4
4
1
6
3
2
3
6
4
3
4
4
3
1
0
4
4
5
3
3
1
4
2
5
2
2
1
6
1
2
1
1
4
3
4
1
3
3
0
0
3
3
2
2
7
2
1
4
3
1
2
2
4
2
1
2
5
5
1
2
3
3
3
4
3
3
2
2
3
4
0
1
3
1
2
2
3
2
5
2
2
6
2
1
3
1
6
4
6
4
2
5
8
9
7
4
13
9
11
8
8
14
19
8
12
6
6
4
3
5
3
4
0
3
1
4
2
1
6
2
1
2
3
1
0
2
1
2
5
2
0
1
0
2
1
0
0
3
3
5
1
0
3
6
4
1
4
1
3
2
0
4
4
1
1
2
0
3
3
1
3
4
6
2
2
4
3
3
0
1
2
3
3
1
4
5
1
4
4
0
6
1
2
3
5
3
1
3
3
1
2
2
5
3
3
5
4
2
1
3
4
1
7
3
5
2
3
1
6
1
2
4
4
4
1
3
2
2
2
3
7
3
2
4
1
2
1
2
2
1
0
5
2
5
2
3
0
1
5
3
5
2
3
4
2
1
1
0
2
3
3
0
2
5
1
3
1
1
5
1
2
1
4
5
3
5
3
3
3
3
4
7
5
3
1
2
4
5
2
4
2
2
2
1
2
3
3
2
3
4
1
4
0
2
2
4
2
6
2
4
4
1
2
6
4
5
4
3
0
3
3
4
6
4
3
2
5
4
7
4
3
2
5
2
4
2
2
2
0
3
5
4
3
6
3
1
2
1
1
4
5
3
1
5
6
4
1
3
6
6
2
4
2
3
3
7
1
2
1
3
1
5
1
0
1
1
1
1
1
2
2
3
2
0
5
2
4
5
1
2
3
3
1
6
4
3
0
1
5
1
3
4
3
2
2
4
4
3
2
2
1
1
2
3
1
2
3
3
5
0
5
3
1
2
2
6
3
1
5
3
4
4
1
5
3
3
2
4
2
6
4
6
2
5
2
2
3
2
2
4
2
3
3
5
2
0
2
1
1
2
1
7
5
2
2
5
2
3
3
4
1
1
2
0
2
0
3
1
3
4
3
2
3
5
4
7
5
2
6
7
3
4
1
5
7
1
5
3
4
5
2
4
1
3
2
3
2
5
5
4
3
8
5
5
1
6
4
2
2
2
2
3
5
3
5
3
5
5
0
3
1
2
5
2
3
1
3
3
2
3
2
9
7
2
4
2
2
2
5
0
3
5
1
4
3
6
2
3
4
2
3
5
0
3
0
3
2
3
5
1
4
4
5
5
3
2
4
1
5
3
4
1
2
3
4
2
1
1
2
2
1
4
6
1
1
3
3
2
4
3
0
3
1
3
4
5
1
2
1
2
1
4
2
2
0
2
4
2
4
5
0
3
3
4
2
1
0
0
3
1
3
3
3
4
0
3
6
3
2
1
5
2
1
2
3
1
1
1
1
3
1
1
1
3
3
4
3
1
1
4
4
1
1
1
2
1
1
1
3
2
4
2
1
4
1
1
1
3
0
3
2
0
0
4
1
0
2
1
4
1
4
4
4
0
2
3
3
4
3
2
2
1
0
3
1
0
0
0
1
3
5
2
2
3
1
1
2
0
0
1
5
1
2
1
0
1
2
0
2
0
2
4
0
5
5
1
5
1
1
1
3
0
2
0
2
2
1
1
4
1
3
2
0
3
1
2
3
1
3
1
3
1
6
3
4
3
1
3
5
3
7
1
4
4
6
4
1
4
3
3
3
0
1
2
2
1
1
3
2
2
1
0
2
1
4
2
3
1
0
2
4
1
2
2
0
1
1
0
1
1
1
0
2
0
0
2
2
4
2
1
1
0
0
1
0
3
2
2
3
0
2
3
2
1
3
3
2
0
4
1
3
3
3
0
1
3
1
1
1
0
3
0
0
1
2
4
0
4
0
0
2
3
3
0
2
3
0
1
2
1
2
0
1
1
1
0
2
1
2
1
0
1
2
2
0
0
1
0
2
0
0
0
2
0
0
0
2
0
1
1
0
0
1
1
0
4
1
0
2
1
1
0
1
1
2
1
2
1
0
1
1
1
0
2
1
0
0
0
0
0
1
0
0
1
0
1
1
0
0
0
2
0
1
0
2
1
0
1
0
0
2
0
2
1
0
0
0
2
3
0
2
0
1
1
1
1
0
1
0
3
1
1
0
0
2
2
0
1
0
0
1
1
1
4
1
1
0
1
0
0
0
0
0
1
0
1
0
1
3
0
1
1
0
0
1
0
1
2
0
0
0
0
1
0
0
0
1
0
1
1
0
2
0
0
1
0
1
0
0
0
0
0
2
1
1
0
0
0
0
0
0
2
2
1
1
0
0
1
1
3
0
0
0
1
0
0
2
0
0
0
0
1
0
0
1
1
2
0
1
0
0
1
0
0
1
3
1
0
0
1
1
0
0
0
1
0
0
0
2
0
2
2
0
2
0
0
1
0
1
0
0
2
1
0
1
0
2
0
0
0
1
2
0
0
0
0
1
1
1
0
0
0
1
1
1
1
2
0
1
0
1
0
1
0
1
0
0
0
0
1
2
1
2
1
2
0
0
1
2
0
2
0
0
1
1
0
2
1
2
0
1
0
0
1
0
0
1
1
0
1
1
1
1
1
1
0
0
0
1
1
1
1
1
1
1
3
5
1
1
2
2
1
2
2
1
1
2
2
6
1
2
2
4
3
2
6
3
6
3
3
6
7
8
8
11
12
8
21
15
20
34
32
42
33
63
42
48
61
33
31
20
16
4
4
0
0
0
0
0
0
0
0
0
0
0
0
0
0
0
0
1
1
0
0
0
0
0
0
2
0
0
0
0
0
0
0
0
0
1
0
0
0
0
0
0
0
1
0
1
0
0
0
0
0
0
0
0
0
0
0
0
0
0
0
0
0
0
0
1
0
0
0
1
0
0
0
0
0
1
0
0
1
0
0
0
0
0
1
1
0
0
0
0
0
0
0
0
0
0
0
0
0
0
0
1
0
0
0
0
0
0
0
0
0
0
0
0
0
0
0
0
0
0
0
0
0
1
0
0
0
0
0
0
1
0
0
0
0
0
1
0
0
1
0
0
0
1
0
0
0
1
2
0
0
0
0
0
0
0
0
1
1
1
0
0
0
0
0
0
1
1
0
0
0
0
0
0
0
0
0
0
1
0
0
0
0
0
1
1
0
1
1
0
0
0
0
0
1
0
0
0
0
1
0
0
0
0
0
0
0
0
1
1
0
0
1
0
0
0
0
0
0
0
0
0
0
0
1
0
0
0
0
1
1
0
0
0
0
1
1
0
0
0
0
0
0
3
0
0
0
0
2
0
1
0
0
0
0
0
0
1
0
0
1
0
0
0
0
0
0
0
0
1
0
1
0
0
0
0
0
0
0
0
0
0
0
1
1
0
0
1
0
0
1
0
0
1
1
0
0
0
0
0
0
0
0
0
0
0
0
0
0
0
0
0
1
1
0
0
0
1
0
0
1
0
0
0
0
0
0
1
1
0
0
0
0
0
0
0
1
0
0
0
0
0
1
0
0
0
0
0
0
0
0
0
0
0
0
0
0
1
0
0
0
1
0
0
1
0
1
0
1
2
0
0
0
0
0
1
0
0
0
0
0
0
0
1
0
0
0
0
0
0
1
0
0
0
1
0
0
0
0
0
0
0
1
0
0
0
0
0
0
0
0
0
0
0
0
0
1
0
0
0
0
0
0
0
0
0
1
0
0
0
0
0
0
1
0
0
0
0
0
0
0
0
1
1
0
0
0
0
0
1
0
0
0
0
0
0
0
0
0
0
1
0
0
0
0
0
0
0
0
1
0
0
0
0
1
0
0
0
0
0
0
0
0
0
0
0
0
1
0
0
0
0
0
0
0
1
0
0
1
0
0
0
0
0
0
0
0
0
1
0
2
0
0
0
0
0
1
1
1
1
1
0
1
0
0
0
0
0
0
1
0
0
0
0
0
0
0
0
0
0
0
0
0
0
0
0
1
0
1
0
0
1
0
0
0
0
0
0
0
0
0
1
0
0
0
0
0
0
0
0
0
0
0
1
0
0
0
0
0
0
0
0
0
0
0
0
0
0
0
0
0
1
0
0
0
0
0
0
0
0
0
0
0
0
0
0
0
0
0
0
0
0
0
0
1
0
0
1
0
0
0
0
0
0
0
0
1
0
0
0
0
0
0
0
0
0
0
2
0
0
0
0
0
1
0
0
0
0
0
0
1
1
0
0
0
0
2
0
1
0
0
0
1
0
0
0
1
0
0
0
0
0
0
0
0
0
0
1
0
0
0
0
1
0
0
0
0
0
0
1
0
0
0
0
0
0
0
0
0
0
0
0
1
0
0
0
0
0
0
0
0
0
0
0
0
0
0
0
1
2
1
0
1
1
0
0
0
0
0
0
0
0
0
0
0
0
0
0
0
0
1
0
0
0
0
0
0
0
0
0
0
0
0
0
0
0
0
0
0
0
0
0
0
0
1
0
0
2
0
0
0
0
1
0
0
0
0
0
0
0
0
0
0
0
0
0
0
0
0
0
0
0
1
0
0
0
0
1
0
0
0
0
0
0
0
0
0
1
0
0
0
0
1
0
0
0
0
0
0
0
1
1
0
0
1
0
0
0
1
1
1
0
0
0
0
1
1
0
0
0
0
0
0
1
0
0
0
0
0
0
0
0
0
0
0
0
0
0
0
0
0
0
0
0
0
1
0
0
0
1
0
1
0
0
0
0
0
0
0
0
1
0
0
0
0
1
0
0
0
0
0
0
0
0
0
0
0
1
0
1
0
0
0
0
0
0
0
0
0
0
0
0
0
0
1
1
0
0
0
0
0
0
0
1
1
1
0
0
0
1
0
0
0
0
0
0
0
1
1
0
0
0
0
0
0
0
0
0
1
0
1
0
0
0
0
0
0
0
0
0
0
0
0
1
0
1
0
1
0
1
0
0
0
0
0
0
0
0
0
1
0
0
0
0
0
0
0
0
0
1
0
0
0
0
1
0
0
0
0
1
0
0
0
0
0
0
0
0
0
0
0
0
0
0
0
0
0
0
1
2
0
0
1
0
1
0
0
0
0
0
1
0
0
0
0
0
0
0
0
0
0
0
0
0
0
0
0
0
0
0
1
0
0
0
0
0
1
0
0
1
0
0
0
0
1
0
0
0
0
0
0
0
0
2
0
1
0
0
0
1
0
0
2
1
1
0
$ENER_FIT:
0.014 0.368848 -2.27617e-007 2.22056e-011 0.00000e+000
$MCA_CAL:
5
0.014 0.368848 -2.27617e-007 2.22056e-011 0.00000e+000
$PEAKLABELS:
858.657, "Ir-192"
803.422, "Ir-192"
836.781, "Ir-192"
1269.879, "Ir-192"
558.203, "Ir-192"
181.656, "Ir-192"
204.803, "Ir-192"
545.859, "Ir-192"
1640.206, "Ir-192"
767.766, "Ir-192"
1662.093, "Ir-192"
1597.155, "Ir-192"
1314.733, "Ir-192"
891.004, "Ir-194n"
919.262, "Ir-194n"
1015.657, "Ir-192"
1308.445, "Ir-194n"
1129.902, "Ir-192"
1060.394, "Ir-194n"
1629.469, "Ir-194n"
1525.875, "Ir-194n"
1326.184, "Ir-192"
1866.018, "Ir-194n"
2401.421, "Ir-192"
3742.202, "Ir-192"
3186.175, "Co-60,(source capsule)"
3618.205, "Co-60,(source capsule)"
7098.302, "Th-232(d),(Bkgd)"
3966.548, "K-40,(Bkgd)"
175.629, "Au XRF,(Detector)"
198.344, "Au XRF,(Detector)"
$ENDRECORD:
