$SPEC_ID:
PeakEasy Library File: Ir-192 with Contaminants, Interceptor (CZT), 30 uCi @ 35cm
$MEAS_TIM:
11129.50000 11132.10000
$DATE_MEA:
30-Sep-2004 02:38:31
$DATA:
0 1023
0
0
0
0
0
0
0
0
0
0
0
0
0
0
0
0
0
0
0
0
747
1448
1465
1391
1368
1327
1324
1319
1350
1295
1269
1304
1325
1275
1336
1376
1474
1492
1594
1682
1817
2005
2167
2168
2078
1982
1944
1968
2007
1908
1924
1914
1697
1682
1643
1660
1696
1657
1758
1774
1825
1857
1883
1797
1990
1951
2015
1986
2097
2064
2124
2089
2162
2150
2167
2191
2266
2230
2215
2322
2297
2329
2276
2239
2257
2276
2331
2329
2409
2345
2497
2480
2630
2639
2619
2737
2755
2696
2663
2540
2611
2559
2475
2401
2320
2393
2171
2104
2240
2035
2085
2000
1912
1971
1835
1690
1766
1629
1537
1605
1495
1499
1503
1344
1385
1375
1304
1288
1252
1265
1278
1199
1218
1244
1234
1239
1270
1286
1162
1100
1015
957
929
931
865
876
773
853
841
835
807
819
833
777
812
762
769
778
780
731
727
747
733
741
733
672
721
685
681
734
650
652
633
636
660
626
651
702
679
630
705
688
680
670
735
756
786
756
782
892
875
929
1075
1246
1472
1538
1626
1703
1656
1515
1351
1340
1426
1636
1884
1999
2066
2243
2333
2500
2536
2330
1965
1420
885
492
272
167
137
112
125
134
106
99
123
95
114
108
108
95
84
82
89
93
91
87
92
101
89
91
105
85
73
69
100
90
95
69
98
102
90
92
95
95
69
88
74
70
74
63
74
97
79
76
72
73
84
74
74
74
81
63
88
60
67
84
67
78
69
67
80
82
83
86
81
64
67
87
66
79
69
91
76
111
95
92
108
119
94
137
145
119
166
197
204
247
290
311
388
415
488
509
536
432
349
249
145
87
56
40
45
42
41
44
36
37
27
21
11
10
14
5
7
11
7
8
9
8
9
14
12
7
8
6
8
8
14
14
8
9
13
9
7
4
18
11
11
10
8
7
9
7
10
8
12
6
9
11
12
10
15
18
14
14
20
22
14
16
18
13
24
20
25
25
30
26
35
33
36
41
49
49
59
52
41
39
40
39
43
53
50
44
76
52
69
53
54
53
38
26
20
20
11
8
6
1
1
0
3
1
0
4
1
1
2
0
2
5
2
1
2
2
2
1
2
3
1
2
1
2
3
1
1
4
0
3
5
3
2
2
2
2
3
4
1
4
2
4
1
4
2
2
3
1
2
2
3
3
0
2
3
2
0
1
0
0
2
3
1
0
1
1
3
2
0
1
0
1
0
1
0
2
3
3
1
3
1
2
2
1
1
3
2
0
1
3
0
1
2
1
1
1
1
1
1
1
3
1
1
1
0
2
0
0
0
2
1
0
2
1
1
0
1
1
0
2
1
1
1
2
0
2
2
1
0
1
0
1
0
3
3
1
1
1
0
2
2
2
0
4
1
3
2
2
2
0
1
2
0
1
3
0
1
2
1
0
2
1
2
1
3
1
2
0
3
3
2
0
4
3
0
3
2
2
4
1
1
1
0
0
0
1
0
0
0
2
0
0
1
0
3
1
1
0
0
1
0
1
2
0
2
1
0
1
3
0
0
1
0
1
1
0
0
0
0
0
0
0
0
2
2
0
0
2
1
1
1
1
0
0
1
0
1
1
2
1
1
2
2
2
1
1
0
2
0
0
0
0
3
1
2
4
3
3
0
0
1
0
4
1
2
1
2
1
1
0
1
0
1
3
1
1
1
1
1
0
1
0
1
1
2
0
0
0
0
0
1
0
0
0
2
1
2
2
1
0
2
1
1
0
0
0
3
0
1
1
1
1
1
1
2
1
0
2
0
1
0
1
1
0
1
0
0
1
1
0
0
1
1
0
0
1
1
0
0
0
1
1
1
1
1
0
2
1
0
1
0
2
0
1
0
0
3
2
0
1
0
0
0
0
0
0
1
0
0
0
0
0
0
2
0
1
0
0
0
0
1
2
1
0
0
1
0
1
2
2
2
1
0
0
3
0
0
0
1
2
0
0
0
0
1
0
1
1
0
0
0
0
0
0
0
0
0
1
1
0
0
1
0
1
0
1
0
0
0
1
1
0
0
1
0
0
0
0
0
1
0
1
1
0
1
1
1
2
1
1
0
0
0
0
2
0
0
1
0
1
0
0
0
0
1
0
0
1
1
0
0
0
0
0
0
0
0
0
0
0
0
0
0
0
0
1
0
0
0
0
0
1
0
1
1
0
0
0
0
0
0
0
0
0
1
0
0
0
1
0
1
1
0
0
0
0
0
1
0
0
0
0
2
0
0
0
0
1
0
2
0
0
0
0
1
0
0
2
0
1
0
0
0
0
0
0
1
0
1
0
1
1
0
1
2
1
1
0
1
0
0
0
0
0
0
0
0
0
1
0
0
0
0
1
0
0
0
0
0
0
0
0
0
0
0
0
0
0
0
0
0
0
1
0
0
0
0
0
0
0
0
0
1
0
0
1
0
0
$ENER_FIT:
0.000 1.500000 0.00000e+000
$MCA_CAL:
3
0.000 1.500000 0.00000e+000
$PEAKLABELS:
210.756, "Ir-192"
48.599, "Ir-192"
195.547, "Ir-192"
136.639, "Ir-192"
311.282, "Ir-192"
404.744, "Ir-192"
392.136, "Ir-192"
371.072, "Ir-194n"
456.359, "Ir-194n"
323.733, "Ir-192,Ir-194n"
$ENDRECORD:
