$SPEC_ID:
PeakEasy Library File: Ir-192 with Contaminants, IdentiFINDER (LaBr3), 30 uCi @ 35cm
$MEAS_TIM:
11150.00000 11222.00000
$DATE_MEA:
30-Sep-2013 13:49:32
$DATA:
0 1023
0
0
0
0
0
3804
29664
35280
39086
44743
54251
72674
82529
69636
60784
61286
64888
69799
75849
87256
108775
129588
131017
123796
121896
118582
107366
99071
98657
101278
104615
109316
113394
119145
123922
127391
130725
133483
136435
139656
141882
145771
150953
156706
164041
174222
187331
197549
203786
203509
200807
194901
189780
182897
177241
170047
164373
159105
152486
145030
138651
131512
126078
121643
119536
118878
120923
122046
121445
115471
107103
97591
91872
88281
85494
84524
82611
82247
80768
79888
79139
77555
76280
75288
74225
73236
73265
72346
71798
71310
71125
71344
73964
80294
93500
118613
153621
192002
223022
242273
263777
301886
359745
420355
458386
444217
374433
271317
170769
95654
51381
29842
20977
17515
15966
14965
14060
13162
12954
12654
12856
13286
13895
14250
14354
14473
14262
13620
13125
12711
12492
12324
12204
11660
11689
11842
12234
12332
12564
12209
11828
11243
10650
10070
9590
9258
9419
10037
11478
14866
21869
33709
51086
73265
95107
112080
117993
111588
94585
73480
52755
36172
24460
16458
11309
7872
5435
4015
3031
2478
2126
2018
1982
1954
1839
1786
1765
1841
1781
1824
1858
1871
1902
2090
2278
2553
2664
2924
3108
3467
3898
4608
5809
7384
9296
11180
13327
15279
17389
18759
20672
21810
21818
20771
18762
15814
12623
9461
6644
4538
2964
1889
1254
876
721
635
657
592
598
582
581
574
644
703
745
808
933
1024
1089
1040
1134
996
910
849
714
674
595
495
473
455
452
458
414
442
446
451
419
401
400
402
408
401
412
436
421
421
437
464
442
480
479
459
464
523
502
536
550
571
531
556
542
601
552
509
558
525
529
514
512
521
535
554
527
541
509
496
507
515
542
563
617
593
595
634
667
728
687
679
709
650
610
572
547
551
545
557
526
480
457
467
464
459
436
420
431
450
427
439
440
440
400
400
442
385
385
397
379
376
369
364
362
337
338
321
335
367
364
293
355
325
328
319
299
275
286
265
312
295
281
299
297
294
300
296
298
293
313
309
311
279
280
295
280
299
289
291
274
286
298
302
319
313
295
291
295
310
308
302
320
292
300
297
300
289
302
296
312
299
322
338
343
337
343
337
344
286
314
312
322
305
274
276
263
278
249
225
248
250
241
244
233
241
229
207
213
212
203
196
187
177
162
162
141
140
131
142
126
128
137
115
117
120
101
123
122
94
92
119
118
111
118
135
136
110
141
151
133
111
108
109
112
97
87
94
72
73
59
74
80
66
68
70
69
71
75
71
79
85
97
91
135
140
177
188
186
242
290
307
361
408
474
518
477
576
692
680
750
768
765
745
764
720
673
626
590
511
395
377
337
239
179
156
125
97
71
76
60
40
43
43
35
29
29
36
35
25
29
18
20
30
27
22
27
37
22
27
24
34
33
24
44
28
36
39
38
40
38
30
29
41
23
18
24
24
21
26
27
15
21
17
22
23
18
22
18
32
17
19
21
23
24
16
23
17
27
21
19
20
26
17
20
27
18
26
32
26
27
30
27
41
35
36
32
46
33
44
40
42
43
39
40
39
28
38
35
43
39
34
34
36
29
41
32
38
42
41
38
36
36
30
44
36
33
43
39
45
57
46
46
50
43
46
48
45
47
66
46
38
42
60
55
66
55
63
57
55
75
61
68
89
56
68
63
73
55
72
66
70
63
81
81
67
90
87
77
79
70
99
86
78
80
73
85
90
83
95
109
102
91
107
121
119
110
127
108
114
126
124
105
134
130
107
132
141
116
116
132
120
105
113
101
97
97
97
90
75
82
74
78
96
83
95
79
82
91
98
72
88
78
82
76
75
84
89
76
85
71
75
73
68
71
65
79
83
84
79
82
79
76
81
94
77
90
92
110
95
85
86
84
88
90
83
99
67
72
83
90
84
101
91
86
101
103
100
105
97
102
92
99
112
116
105
119
126
105
96
97
109
108
103
108
115
91
95
90
88
91
81
81
103
70
87
99
81
70
75
76
83
78
68
74
79
85
77
77
84
73
74
75
71
64
77
71
76
58
54
60
57
59
48
48
43
31
39
35
41
34
36
46
39
26
35
35
34
24
48
35
37
40
32
34
37
40
33
41
47
43
44
40
34
31
41
43
40
32
35
34
34
43
44
35
45
40
44
37
41
51
45
47
45
47
46
72
64
45
57
57
68
86
71
62
72
82
76
72
69
83
58
73
65
85
76
77
73
92
64
79
73
76
64
69
69
68
57
59
60
36
65
46
54
51
43
34
22
30
26
25
21
24
12
17
17
7
14
11
7
7
4
6
6
1
5
2
2
7
2
4
3
4
1
3
3
3
5
2
1
1
1
1
5
1
0
3
3
1
1
3
0
0
1
0
2
2
1
5
3
1
1
1
2
0
1
1
0
1
0
0
0
0
1
0
1
2
2
0
0
1
0
1
1
0
1
1
0
0
0
0
1
0
0
0
0
0
0
0
0
0
0
0
0
0
0
0
0
0
0
0
0
0
0
0
0
0
0
0
0
0
0
0
0
0
0
0
0
$ENER_FIT:
1.835 2.966650 1.61824e-004 -1.89340e-007 0.00000e+000
$MCA_CAL:
5
1.835 2.966650 1.61824e-004 -1.89340e-007 0.00000e+000
$PEAKLABELS:
104.597, "Ir-192"
22.207, "Ir-192"
67.305, "Ir-192"
155.950, "Ir-192"
202.184, "Ir-192"
229.125, "Ir-194n"
296.624, "Ir-192"
882.020, "Th-232(d),(Bkgd)"
488.319, "K-40 (Bkgd),La-138"
11.096, "La-138,X-rays"
391.641, "Co-60,(source capsule)"
444.933, "Co-60,(source capsule)"
$ENDRECORD:
