$SPEC_ID:
PeakEasy Library File: Ir-192 with Contaminants, IdentiFINDER (NaI), 30 uCi @ 35 cm
$MEAS_TIM:
11069.00000 11174.00000
$DATE_MEA:
30-Sep-2013 11:33:37
$DATA:
0 1023
0
0
0
0
0
508
25389
42084
46990
51947
58228
63449
67534
69427
72618
76786
81622
87742
96592
110389
129267
151564
167939
176745
176053
170535
161829
151838
145697
145133
147716
153763
159552
169292
178069
185314
192734
203622
211031
215003
211815
209200
215482
225617
236511
249611
259479
268763
274585
276953
274793
269727
264919
256315
248782
239553
231993
224478
217951
210310
204637
198302
194725
190091
187504
184897
181700
179203
172532
167458
160387
154080
148802
143270
138339
134718
132289
130158
128166
126288
124698
122633
121042
118826
118220
116712
116726
116150
119242
123820
130312
141268
156849
177649
202568
233538
267789
305978
343547
383639
416662
443529
459187
462951
453221
429490
395673
350632
301381
250155
201215
156740
119984
89469
66175
50160
39186
31764
27654
24931
23263
22806
22231
21779
21505
21421
21041
20614
20245
19898
19620
19374
18884
18420
18312
18046
17880
17700
17913
18511
19190
20166
22034
24837
28544
33629
40039
47300
55035
64127
73400
82458
89796
96001
101328
102434
101860
99237
93427
86139
77665
67049
57477
47896
39365
31408
24800
19538
15138
11775
9229
7482
5907
5059
4411
3975
3694
3517
3704
3760
3824
4255
4451
5030
5626
6236
7251
8350
9314
10667
11965
13622
15301
17014
18185
19425
20841
21866
22582
22948
23015
22617
21950
20706
19519
18060
16284
14459
12654
10891
9151
7500
6211
5200
4223
3407
2809
2320
1956
1628
1474
1359
1196
1261
1168
1100
1165
1152
1060
1078
1047
966
965
935
820
867
796
744
704
697
663
616
592
553
509
536
506
509
491
485
467
461
476
482
487
512
468
461
494
471
413
460
448
459
451
465
456
480
452
430
432
431
449
428
436
423
441
465
447
472
429
423
513
489
459
497
546
527
549
567
590
601
593
596
582
569
550
554
548
544
535
520
502
462
465
452
443
425
414
426
392
376
378
380
365
364
352
331
373
349
354
349
350
344
324
300
333
337
324
327
297
297
298
326
299
278
288
289
284
272
294
280
315
286
257
265
288
311
283
287
297
283
276
252
260
297
293
291
280
286
283
275
290
277
261
286
270
275
286
298
283
295
264
283
292
287
253
305
287
285
304
292
280
322
286
304
263
286
275
281
271
292
288
278
252
260
237
216
240
252
210
218
227
206
188
185
200
187
175
181
179
192
181
168
157
154
151
154
153
152
129
130
133
131
138
133
129
131
131
141
140
146
146
170
145
142
138
163
142
136
177
147
138
162
163
134
152
157
144
117
128
139
119
120
114
127
114
122
138
116
116
137
134
149
156
149
180
151
173
183
189
199
222
246
257
272
282
293
282
298
306
299
305
305
277
345
291
298
315
280
255
249
235
263
233
196
195
195
173
170
146
139
127
103
111
91
98
83
98
60
67
65
69
78
60
54
61
61
60
63
64
51
49
50
58
57
51
38
49
51
43
44
46
48
53
52
45
48
38
48
36
44
37
34
43
27
24
39
27
30
28
34
36
29
41
38
36
52
40
34
33
34
38
31
42
46
43
40
39
38
41
45
52
43
33
39
46
41
43
38
47
36
43
47
51
42
44
45
40
45
46
45
45
39
40
28
32
47
47
42
37
33
45
36
35
33
23
31
29
26
28
30
25
26
31
25
29
29
23
26
30
26
28
29
24
18
22
22
27
23
27
23
20
21
28
25
20
16
20
20
17
22
16
16
28
20
21
34
25
20
22
22
21
15
13
21
23
14
22
28
15
15
13
23
20
12
16
16
20
27
14
21
15
16
19
17
18
11
11
19
27
12
12
19
16
19
22
23
20
34
18
20
17
32
23
18
28
34
32
25
29
28
26
27
21
30
23
31
29
24
33
23
26
27
26
32
28
20
20
19
18
26
24
20
28
19
23
24
22
25
25
17
22
23
21
29
18
14
25
20
17
20
24
24
21
15
21
21
22
18
17
28
20
18
21
20
21
19
17
25
21
13
14
15
17
17
17
17
14
11
16
18
17
20
9
14
20
19
11
7
15
8
10
10
16
14
11
9
14
18
14
12
8
16
7
9
2
8
14
9
16
14
5
11
6
11
7
6
9
5
9
5
6
9
7
6
7
5
8
6
7
9
8
11
8
4
5
7
3
7
7
7
7
7
3
5
7
9
5
5
11
11
8
8
5
12
6
12
13
12
10
12
14
20
17
15
11
16
16
20
14
23
28
20
25
19
21
19
25
16
20
21
24
22
23
24
15
18
20
14
19
18
20
16
24
20
10
15
9
10
10
9
8
9
6
9
7
5
5
4
5
8
8
8
1
7
3
3
2
4
1
1
5
5
4
3
4
0
2
1
3
8
1
0
1
2
5
2
0
2
1
2
3
2
2
1
1
1
1
1
2
1
1
2
1
1
1
0
2
1
2
1
0
2
1
0
0
0
1
0
1
4
1
2
3
2
0
0
0
0
0
1
0
2
1
0
0
3
1
0
3
0
0
0
0
3
1
0
1
0
2
1
2
1
0
4
4
3
0
2
0
2
2
2
1
1
0
0
1
1
1
2
0
0
1
4
1
3
3
1
0
3
2
1
$ENER_FIT:
-2.842 3.030823 2.39946e-006 -3.42329e-008 0.00000e+000
$MCA_CAL:
5
-2.842 3.030823 2.39946e-006 -3.42329e-008 0.00000e+000
$PEAKLABELS:
103.259, "Ir-192"
22.719, "Ir-192"
155.344, "Ir-192"
199.909, "Ir-192"
227.797, "Ir-194n"
291.225, "Ir-192"
869.125, "Th-232(d),(Bkgd)"
483.188, "K-40,(Bkgd)"
48.600, "Backscatter"
438.656, "Co-60,(source capsule)"
$ENDRECORD:
