$SPEC_ID:
PeakEasy Library File: Ir-192 IdentiFINDER (NaI), 850 uCi @ 75 cm
$MEAS_TIM:
26437.00000 27991.00000
$DATE_MEA:
2-Oct-2013 08:47:59
$DATA:
0 1023
0
0
0
0
0
8506
407255
668602
758883
848423
949955
1033976
1083944
1107086
1153337
1242992
1391003
1602498
1871239
2239302
2705772
3183209
3432335
3395716
3148043
2875189
2625878
2441404
2340915
2333629
2363507
2462002
2578030
2717294
2842409
2963981
3074503
3252089
3375396
3433454
3397787
3384424
3498194
3683787
3882331
4099866
4255382
4378901
4399202
4368708
4252700
4103269
3938720
3753104
3600656
3438304
3314870
3169799
3060407
2943472
2855534
2764821
2702859
2651389
2623181
2585769
2532697
2476283
2375564
2278278
2162254
2062912
1963328
1892171
1824358
1778021
1740026
1707060
1680482
1650221
1625215
1591776
1570345
1537438
1518150
1496568
1500238
1515643
1572319
1666186
1819355
2052578
2347679
2736748
3193697
3740054
4316718
4942755
5516956
6059513
6463659
6721905
6770031
6630233
6264050
5723345
5068151
4306351
3552556
2815224
2171874
1616497
1188121
858981
633075
479316
380845
322393
288740
268593
258027
252122
245631
242528
237469
234282
227054
222137
216742
211082
207564
202060
198486
195076
193938
192251
194007
196228
204423
218508
240490
274033
320165
382983
460815
559008
666557
790187
914532
1041676
1154251
1255108
1325367
1370013
1383775
1352173
1295632
1198405
1086342
955817
821493
686827
562614
451044
355599
275118
209871
159343
121100
93041
71719
56904
46731
40175
35581
32539
31434
31524
33182
35627
39665
45254
52459
61451
73238
86198
102020
118843
138985
160335
181880
203377
224243
244850
261716
275673
285187
291324
291726
288064
280497
266384
249740
229993
208377
185140
161896
138066
117520
96876
79818
64247
51618
40673
32059
25093
19561
15496
12353
9873
8000
6765
5712
5068
4595
4014
3902
3569
3502
3321
3093
3034
2939
2931
2791
2794
2837
2745
2687
2629
2639
2713
2623
2613
2540
2656
2566
2745
2677
2729
2731
2781
2866
2906
2952
2998
3002
3011
3078
3040
2970
2943
2967
2963
2818
2678
2530
2449
2443
2290
2158
2162
2070
2117
2049
2162
2108
2277
2272
2401
2472
2623
2736
2942
3111
3333
3485
3626
3839
3821
3843
3810
3857
3686
3650
3439
3332
3114
2959
2821
2558
2534
2336
2223
2029
1955
1862
1699
1617
1512
1466
1391
1345
1285
1260
1173
1123
1127
1054
1035
972
938
869
825
872
847
786
771
770
754
790
794
756
742
756
760
780
822
817
815
911
857
914
926
935
1027
938
1026
980
960
1001
977
991
985
938
912
935
886
879
904
844
867
787
814
772
704
744
771
750
714
683
749
672
637
676
651
634
658
593
623
581
594
612
564
551
543
553
535
546
513
550
502
548
565
489
502
467
454
465
491
458
477
431
398
444
399
409
401
396
381
403
377
329
368
340
330
318
308
347
294
314
253
282
282
293
278
270
259
261
231
261
233
251
249
246
254
236
241
250
258
228
231
239
219
239
237
241
239
270
255
233
232
263
258
322
322
309
314
346
369
328
388
383
432
494
493
513
518
564
572
642
636
680
736
715
762
737
800
770
782
812
720
710
692
672
670
671
661
626
540
503
496
449
444
379
339
333
315
292
268
248
228
192
200
191
169
156
160
154
157
174
164
150
152
144
156
146
131
134
169
130
128
141
146
131
126
127
137
125
112
119
129
112
112
119
112
110
95
106
127
90
105
106
95
90
97
89
102
76
91
82
87
90
100
92
89
88
102
93
88
91
96
107
133
99
93
97
123
106
119
88
121
123
106
121
96
116
120
115
121
119
121
109
120
116
94
93
103
103
101
109
114
105
90
84
84
80
81
78
95
75
79
86
76
74
76
79
72
76
75
57
61
68
79
68
72
54
61
62
45
60
79
51
54
67
54
63
67
59
68
57
72
48
52
59
57
41
53
57
55
59
48
46
51
42
50
43
46
56
49
53
53
48
49
54
59
49
52
39
53
47
48
42
46
43
47
60
53
47
45
49
47
49
48
53
53
54
52
49
53
46
50
64
57
60
49
64
69
63
71
65
64
74
67
54
62
74
59
67
65
70
77
73
52
69
79
66
65
64
71
73
63
53
48
57
49
75
54
55
68
64
68
68
55
62
64
56
64
60
48
62
61
53
52
45
52
45
53
54
53
41
65
64
60
50
45
56
42
44
44
41
55
45
48
51
47
39
55
40
54
40
45
48
40
46
57
50
38
35
41
49
37
35
40
37
28
40
25
32
34
29
30
28
31
28
30
21
31
19
24
26
27
33
18
27
27
25
23
37
28
16
25
27
24
23
12
10
21
24
22
22
19
24
17
18
16
17
17
15
21
16
20
20
17
14
7
16
12
16
15
20
15
12
19
29
17
23
30
27
21
26
35
32
36
43
35
42
41
29
41
44
52
48
56
42
50
56
51
56
52
66
55
63
46
54
51
50
45
47
41
43
47
40
55
41
35
40
39
38
29
31
30
22
22
32
27
23
17
21
20
19
9
18
14
12
12
11
11
7
7
11
14
9
8
10
4
4
7
3
5
6
5
9
6
6
6
6
5
9
10
5
8
7
5
6
6
1
6
7
4
8
3
6
6
5
5
5
3
2
3
3
6
2
5
5
6
2
3
3
2
6
3
3
3
5
2
1
2
1
4
3
3
4
3
5
10
1
1
0
6
4
4
7
6
2
4
5
4
1
2
4
4
1
8
7
1
0
4
7
4
1
2
7
3
2
7
8
7
3
3
3
5
2
1
6
3
3
3
4
5
4
3
3
4
3
4
1
2
9
6
3
2
4
1
$ENER_FIT:
-0.631 3.049484 -1.91064e-005
$MCA_CAL:
3
-0.631 3.049484 -1.91064e-005
$PEAKLABELS:
101.965, "Ir-192"
22.183, "Ir-192"
68.100, "Ir-192"
154.019, "Ir-192"
198.633, "Ir-192"
290.331, "Ir-192"
259.355, "Sum Peak"
349.111, "Ir-192"
860.194, "Th-232(d),(Bkgd)"
478.854, "K-40,(Bkgd)"
48.134, "Backscatter"
$ENDRECORD:
