$SPEC_ID:
PeakEasy Library File: Ir-192 Interceptor (CZT), 850 uCi @ 75 cm
$MEAS_TIM:
27941.90000 27980.10000
$DATE_MEA:
1-Oct-2004 23:52:54
$DATA:
0 1023
0
0
0
0
0
0
0
0
0
0
0
0
0
0
0
0
0
0
0
0
11175
22045
22081
21573
21604
21478
21856
21462
21395
21283
21449
21901
22415
22958
24554
25652
27279
28671
30725
34002
38117
42107
45462
47412
46256
41475
36929
33144
31966
31532
31275
30240
28291
26932
26029
25932
25887
26386
26571
27060
27568
28278
28696
29533
29722
30393
30770
31761
31188
32079
32057
32439
32771
32515
33326
33770
33567
34308
34009
34282
34081
34442
34704
34662
34643
34893
35264
35779
35821
36786
38056
39009
40213
42017
42408
43008
42892
42397
41387
40389
38804
37679
36481
35019
33565
32794
31843
31048
30012
29737
29011
28219
27453
26722
26027
24793
23916
23351
22108
21520
20774
20212
19727
19025
18403
18018
17561
17015
16881
16812
16450
16604
16755
16858
17394
17512
17777
17206
16441
15119
13719
12710
12223
11722
11710
11453
11235
11261
10998
10791
10771
10586
10329
10246
10123
9932
9885
9691
9626
9526
9332
9331
9275
9216
9103
8856
8991
8812
8824
8597
8562
8575
8545
8750
8458
8440
8464
8591
8569
8444
8805
8773
9005
8971
9263
9367
10016
10443
10730
11463
12611
13943
15441
17529
20058
22343
24723
24866
23616
21594
19927
19341
21044
23695
26839
29651
31827
33272
34998
36774
37171
34316
28128
19668
11856
6025
3098
1776
1333
1259
1118
1123
1115
1086
1132
1116
1095
1073
1037
1078
1048
1022
1017
1017
1028
980
969
971
997
1007
1002
991
1029
1012
1063
1046
1064
1068
1092
1120
1027
1002
946
984
916
916
888
858
883
834
860
880
852
837
872
877
897
880
843
799
825
879
852
886
874
927
910
889
924
848
892
823
770
778
751
741
836
786
824
977
910
1029
1019
1109
1182
1258
1373
1461
1539
1639
1792
2096
2255
2456
2879
3245
4008
4577
5334
6226
6568
7071
6796
5878
4452
2854
1795
989
649
483
533
502
513
499
498
356
297
228
165
138
81
81
83
82
73
82
84
61
71
71
69
88
74
85
79
74
65
79
80
70
88
71
93
80
68
64
70
66
82
91
93
98
92
110
98
98
102
123
111
132
138
127
147
151
141
171
183
200
193
209
157
239
264
260
297
368
379
444
456
523
584
591
655
621
583
543
559
548
563
668
735
735
796
790
751
701
613
546
444
401
296
217
141
85
40
21
18
14
3
7
10
10
5
6
6
10
8
11
13
6
9
8
9
11
15
4
5
7
7
9
6
6
6
6
11
7
6
5
8
4
5
8
5
12
7
5
6
7
4
3
7
5
2
3
3
3
2
7
5
9
3
3
1
2
6
3
8
3
4
2
2
3
3
4
2
2
1
7
3
9
5
5
3
5
4
9
4
5
4
5
4
9
3
9
5
6
4
4
5
1
6
3
4
4
1
4
3
3
4
2
2
4
5
6
3
2
6
2
2
4
5
6
3
1
2
8
2
2
2
5
5
2
3
5
3
2
3
4
0
1
1
4
3
3
8
0
3
2
2
4
6
4
3
5
2
8
3
2
3
4
9
3
3
2
7
7
6
4
9
7
7
5
8
9
7
7
13
6
13
9
8
8
3
8
6
5
1
2
3
2
2
2
2
2
3
2
1
6
1
2
2
2
5
4
1
4
3
2
2
3
4
3
3
3
5
0
1
3
2
3
2
1
0
3
0
2
1
0
2
2
4
2
2
3
3
0
4
1
2
3
2
2
0
3
1
2
3
2
2
1
1
3
3
0
1
2
3
3
2
2
1
3
1
1
1
2
1
1
0
0
2
4
2
1
2
3
4
2
2
2
2
2
1
1
1
1
3
2
4
2
3
1
0
4
3
0
2
2
2
2
2
4
1
1
3
1
2
1
0
0
2
1
3
3
2
0
0
5
2
2
1
0
1
1
1
6
1
3
1
1
1
0
5
2
4
2
1
1
1
3
2
4
2
2
4
1
1
1
1
0
2
2
2
2
0
2
0
0
0
2
1
2
0
1
1
1
0
0
1
7
1
0
2
1
1
3
0
1
1
1
2
3
0
0
1
2
1
1
1
3
0
4
1
2
6
2
1
2
0
4
2
2
2
0
1
3
1
1
2
1
2
3
2
1
2
0
4
0
1
1
0
0
0
0
1
2
2
1
0
0
0
0
1
0
0
0
2
0
1
1
0
0
1
2
0
1
0
1
2
2
0
0
0
2
2
0
1
0
1
1
0
1
2
1
0
0
2
0
0
1
1
0
1
1
0
0
1
0
0
1
0
0
1
1
0
1
0
0
1
0
0
0
1
1
0
2
0
0
1
0
0
1
0
0
0
0
0
0
3
0
0
0
0
0
0
0
0
1
0
2
1
2
0
0
1
1
0
1
0
0
3
2
0
2
0
2
0
1
1
1
3
0
1
0
1
0
4
0
0
1
1
0
2
0
1
2
0
1
1
1
1
1
0
2
1
1
0
0
0
1
1
1
0
0
0
1
0
0
0
0
0
0
0
0
0
0
0
0
0
0
0
0
0
1
0
0
3
0
0
0
0
0
1
1
0
0
0
1
1
2
0
0
3
0
$ENER_FIT:
4.536 1.461397 1.20131e-004 -8.75182e-008 0.00000e+000
$MCA_CAL:
5
4.536 1.461397 1.20131e-004 -8.75182e-008 0.00000e+000
$PEAKLABELS:
42.995, "Ir-192"
49.906, "Ir-192"
210.135, "Ir-192"
196.980, "Ir-192"
135.719, "Ir-192"
312.150, "Ir-192"
247.766, "Ir-192"
277.473, "Ir-192"
403.374, "Ir-192"
391.031, "Ir-192"
323.793, "Ir-192"
587.341, "Ir-192"
95.058, "Backscatter"
$ENDRECORD:
