$SPEC_ID:
PeakEasy Library File: Ir-192 IdentiFINDER (LaBr3), 850 uCi @ 75 cm
$MEAS_TIM:
27021.00000 28008.00000
$DATE_MEA:
2-Oct-2013 11:03:51
$DATA:
0 1023
0
0
0
0
0
38444
362326
469782
532676
610270
697004
761841
797801
794924
815797
897026
1027690
1196113
1386148
1672638
2149408
2583614
2594317
2229239
1933347
1808246
1656072
1501890
1454232
1477590
1519440
1584031
1656422
1724906
1785923
1842655
1891237
1934788
1975883
2015309
2052590
2096365
2151182
2242750
2377665
2551614
2741863
2910794
3015249
3019021
2924805
2795947
2654303
2533416
2430129
2325810
2223931
2120921
2020098
1916394
1813353
1714421
1625383
1551942
1507999
1510435
1563236
1633211
1648631
1563451
1408103
1253242
1140768
1076593
1040219
1012209
991397
972405
956714
941546
930157
920006
908632
896401
886978
878639
867859
853213
837420
825030
818192
821234
844120
920129
1098927
1433757
1921060
2468905
2936051
3270640
3600058
4132280
4953177
5839700
6406429
6274474
5349747
3921883
2459357
1342204
668635
341331
210209
165291
151353
146738
143849
141001
137938
136054
136693
139437
145443
151568
155940
154943
149422
141070
131913
124456
118694
115094
113147
112525
113664
114725
119007
122666
124525
124272
120376
112534
104417
97523
91039
87748
89120
96263
117345
164471
251781
401604
621868
902235
1194674
1425212
1522827
1456734
1244092
964037
685052
460170
299373
195654
129254
86266
57078
37921
26349
19689
15947
14182
13540
12864
12459
12387
12145
11918
11604
11268
11077
11180
11158
11282
11615
11983
12894
14418
17105
21951
29727
41726
57941
78413
102756
128296
154050
178919
203217
226738
247970
261676
264477
253918
230826
196997
156515
118351
82164
54734
33887
20231
12194
7252
4954
3525
2925
2523
2420
2317
2275
2291
2261
2266
2157
2161
2050
2063
2013
1881
1929
1862
1844
1810
1730
1699
1656
1731
1690
1679
1562
1546
1497
1544
1557
1467
1508
1548
1551
1550
1606
1528
1661
1647
1673
1830
1878
1837
1901
1905
1837
1810
1750
1770
1750
1612
1647
1669
1590
1496
1489
1468
1478
1495
1458
1432
1471
1442
1443
1395
1388
1452
1484
1434
1543
1541
1555
1793
1953
2239
2517
2918
3343
3738
3864
4053
4063
3954
3691
3324
2934
2589
2240
1964
1730
1627
1533
1359
1418
1207
1231
1161
1097
1137
1072
1057
1023
983
992
1038
1026
1022
987
974
954
963
965
933
923
882
863
814
805
841
752
774
674
755
756
713
739
770
710
675
717
730
756
770
804
841
823
892
968
1041
979
1074
1021
1047
962
943
893
844
784
785
739
682
719
678
666
696
703
697
701
754
756
732
746
717
694
711
699
692
690
675
665
676
648
676
643
682
707
666
679
631
644
656
660
629
593
671
643
710
657
657
643
655
628
579
609
626
601
562
567
515
529
530
448
428
476
387
402
376
348
337
315
338
310
288
305
279
289
258
276
254
248
245
247
198
205
197
185
208
193
180
184
175
193
188
168
178
175
171
194
169
146
142
164
149
142
171
185
174
180
177
202
182
223
237
247
264
305
342
378
438
541
621
682
806
923
1014
1128
1276
1386
1422
1570
1646
1719
1711
1824
1799
1806
1787
1719
1579
1394
1225
1059
905
756
645
521
394
332
244
204
170
145
112
99
95
89
101
71
76
65
70
64
69
85
83
74
72
74
78
92
77
79
97
87
93
89
100
88
81
83
83
79
73
74
76
66
83
71
68
54
59
61
64
55
54
58
55
56
39
67
54
55
44
58
66
41
49
58
45
48
46
60
53
49
71
64
58
61
70
71
63
72
74
76
88
80
84
85
97
105
106
111
112
102
95
119
111
111
102
87
98
75
87
79
78
76
78
83
82
77
76
77
84
103
75
89
88
92
105
97
109
96
120
112
126
117
116
131
113
124
138
132
122
143
143
151
135
156
148
164
166
158
188
174
167
168
166
174
171
189
185
178
178
199
189
197
203
207
192
178
182
195
200
240
237
208
212
223
232
225
242
232
247
255
255
292
262
266
313
308
315
281
317
289
300
318
316
298
323
300
292
276
271
288
279
251
220
254
225
237
217
208
215
210
191
208
193
199
242
206
181
194
192
195
190
187
168
187
197
194
192
183
177
184
195
193
187
188
178
185
204
207
216
226
222
215
218
196
237
218
230
212
220
211
241
201
225
205
188
205
228
237
223
240
234
229
248
232
229
261
269
265
286
280
272
285
290
262
269
262
289
294
261
233
248
268
250
265
248
235
234
241
194
214
177
199
184
183
199
180
175
205
201
191
195
193
212
181
205
190
200
216
222
196
197
155
165
154
158
147
149
131
118
120
125
103
107
87
91
98
95
71
82
82
93
104
92
81
74
84
79
93
101
98
97
96
97
90
93
105
108
83
90
96
96
111
95
97
113
92
93
99
106
99
110
98
90
104
116
99
111
111
105
132
133
118
140
140
131
123
132
143
157
125
164
186
172
182
169
194
175
192
198
190
211
188
219
188
182
190
183
184
166
185
172
157
160
174
137
144
131
111
110
126
105
84
99
96
72
79
45
40
51
48
42
28
34
23
27
17
16
8
16
19
21
26
10
10
5
15
7
13
12
6
7
4
2
5
6
5
2
2
2
3
3
4
4
6
6
5
3
4
2
7
4
1
2
4
4
5
4
4
1
2
2
5
5
4
1
0
0
2
0
2
4
2
3
7
2
5
2
6
1
1
4
1
7
6
4
2
3
1
3
0
0
0
0
0
0
0
0
0
0
0
0
0
0
0
0
0
0
0
0
0
0
0
0
0
0
0
0
0
0
0
0
0
0
0
0
$ENER_FIT:
5.919 2.924743 2.55135e-004 -2.45354e-007 0.00000e+000
$MCA_CAL:
5
5.919 2.924743 2.55135e-004 -2.45354e-007 0.00000e+000
$PEAKLABELS:
104.586, "Ir-192"
21.361, "Ir-192"
68.137, "Ir-192"
156.111, "Ir-192"
202.356, "Ir-192"
124.641, "Ir-192"
138.836, "Ir-192"
295.499, "Ir-192"
258.219, "Sum Peak"
355.531, "Ir-192"
881.594, "Th-232(d),(Bkgd)"
489.697, "K-40 (Bkgd),La-138"
48.180, "Backscatter"
$ENDRECORD:
