$SPEC_ID:
PeakEasy Library File: IR-192 (Heavy Shielded) GR-135
$MEAS_TIM:
281.37000 330.00000
$DATE_MEA:
9-Jun-2006 8:43:08
$DATA:
0 1023
0
0
229
235
248
281
483
1386
2004
2079
2266
2429
2479
2558
2680
2770
2937
2866
2975
2961
3235
3365
3628
3839
4072
4414
5014
5103
5491
5412
5510
5764
5799
6211
6443
6543
6574
6859
6954
7116
7259
7327
7364
7449
7478
7700
7524
7513
7593
7510
7549
7463
7348
7393
7297
7438
6960
7212
7194
6991
6809
6997
6839
6984
6837
6847
6907
6644
6649
6708
6757
6779
6297
6509
6278
6129
5920
5830
5785
5420
5343
5237
5071
4869
4882
4922
4868
4901
4326
4666
4426
4383
4093
4099
4021
3972
3533
3578
3608
3346
3327
3357
3297
3226
3022
3092
2946
2883
2899
2951
2829
2892
2787
2890
2726
2760
2741
2793
2805
2755
2475
2663
2677
2738
2586
2550
2499
2500
2388
2296
2380
2249
2224
2240
2163
2105
1949
2037
1991
2016
1909
1906
1863
1931
1797
1896
1833
1743
1783
1715
1719
1782
1510
1660
1621
1631
1581
1607
1553
1561
1420
1474
1496
1549
1467
1428
1495
1562
1399
1486
1374
1412
1402
1418
1398
1415
1440
1498
1358
1453
1398
1446
1418
1645
1187
1479
1541
1448
1482
1578
1483
1593
1502
1682
1657
1748
1839
1878
1922
2167
1880
2160
2126
2262
2125
2133
2214
2066
1968
1874
1653
1502
1441
1344
1262
1245
928
993
943
878
846
825
789
769
687
710
706
703
701
685
703
722
643
684
693
623
635
671
625
632
608
621
641
608
615
631
598
545
629
670
612
653
577
620
630
634
527
585
597
626
595
629
645
667
541
622
627
652
575
582
603
617
582
636
580
638
628
620
618
726
577
662
711
795
862
854
894
1050
967
1135
1088
1135
1142
1106
1114
1155
866
973
821
849
687
607
568
513
445
390
335
290
267
226
223
261
165
182
197
198
179
189
192
186
168
183
182
182
166
175
201
216
158
210
193
235
216
267
265
287
283
323
298
339
371
383
412
515
346
456
490
491
459
472
469
471
391
369
314
287
267
232
226
183
135
141
111
111
93
88
61
51
57
45
24
34
38
28
27
38
16
33
20
21
14
23
22
25
17
18
13
20
11
12
10
20
16
22
11
17
15
16
13
13
15
14
14
22
13
16
9
18
17
12
18
17
8
16
13
13
6
13
12
12
7
10
25
10
14
10
13
14
14
13
15
14
18
11
14
20
24
26
12
18
13
16
15
20
18
17
19
21
16
18
14
16
15
9
13
9
11
9
5
10
12
8
7
5
6
7
1
10
11
8
6
4
4
4
7
10
5
8
6
5
3
6
5
4
2
6
4
9
4
3
3
6
3
1
3
6
1
0
6
2
5
9
1
7
0
7
4
1
5
4
3
2
0
2
6
2
1
4
1
6
2
4
3
2
3
2
2
0
4
1
3
3
3
0
0
2
1
3
1
3
2
6
0
4
5
3
0
7
1
2
0
4
3
2
1
2
2
1
2
2
1
1
2
1
2
3
2
2
0
2
2
1
1
0
4
1
0
2
0
0
0
1
2
1
1
2
0
0
0
3
6
0
0
0
0
0
1
0
0
1
1
2
2
2
1
1
3
3
0
1
2
1
0
0
2
0
0
0
2
0
1
2
0
1
2
0
0
0
2
0
0
1
0
0
0
1
0
1
0
0
0
1
1
0
1
0
0
0
0
2
0
0
0
1
0
2
0
1
0
1
0
0
0
0
0
1
0
0
0
1
0
0
1
1
0
0
1
0
0
0
0
1
1
1
0
1
0
0
1
0
0
0
0
0
1
1
0
0
0
0
0
0
0
0
0
1
1
0
0
0
0
1
0
0
0
0
0
1
0
0
0
0
1
0
1
1
0
1
0
0
0
0
1
0
1
0
0
0
0
1
1
0
0
0
0
0
0
0
0
0
0
0
0
0
0
0
0
0
0
0
0
0
0
0
0
0
0
1
0
0
0
0
0
0
0
0
0
0
0
0
0
1
1
0
0
0
1
0
0
0
0
1
0
1
1
0
1
0
0
1
0
1
0
1
0
0
0
0
0
0
0
0
0
0
0
0
0
0
0
0
0
0
0
1
0
0
0
0
0
2
0
0
0
0
0
1
0
0
0
0
0
1
0
0
0
0
0
0
0
0
0
0
0
2
0
0
0
0
0
0
0
0
0
0
0
0
0
0
0
0
0
0
0
0
0
0
0
0
0
0
0
0
0
0
0
0
0
0
0
0
0
0
0
0
0
0
0
0
0
0
0
0
0
0
1
0
0
0
0
0
1
0
0
0
0
0
0
0
0
0
0
0
0
0
0
0
0
0
0
0
0
0
0
0
0
0
0
0
0
0
0
0
0
0
0
0
0
0
0
0
0
1
0
0
0
0
0
0
0
0
0
0
0
0
0
0
1
0
0
0
0
0
1
0
0
0
0
0
0
0
0
0
0
0
0
0
0
0
0
0
0
0
0
0
0
0
0
0
0
0
0
0
0
0
0
0
1
0
0
0
0
0
0
0
1
0
0
0
0
0
0
0
0
0
$ENER_FIT:
-1.412 2.874403 5.09708e-004
$MCA_CAL:
3
-1.412 2.874403 5.09708e-004
$PEAKLABELS:
204.307, "Ir-192"
292.490, "Ir-192"
347.825, "Ir-192"
441.926, "Ir-192"
$ENDRECORD:
