$SPEC_ID:
PeakEasy Library File: Cd-109 Interceptor (CZT) 103.1 microCuries @ 25 cm bare
$MEAS_TIM:
62336.30000 62456.10000
$DATE_MEA:
7/24/2008 2:58:55 PM
$DATA:
0 1023
0
0
0
0
0
0
0
0
0
0
0
0
0
81466
139567
141856
118568
82113
45992
20949
8014
3240
1802
1552
1562
1690
1808
1848
2138
2211
2427
2717
3033
3425
3799
4508
5121
5890
6574
7452
8300
9359
10099
10783
11538
12058
12734
13164
13972
15298
16423
18441
21618
24799
29966
36572
43858
51051
53316
47131
33798
18702
8157
2878
1207
797
737
713
674
713
672
702
689
655
661
656
629
644
610
658
611
589
663
589
603
552
602
565
537
525
540
549
494
486
506
449
480
456
442
425
430
462
417
410
368
370
351
376
383
351
329
342
311
309
320
295
307
311
285
280
270
234
299
242
250
245
218
234
251
255
210
224
205
220
185
184
203
219
185
177
178
184
163
178
166
169
155
164
150
158
149
141
157
177
139
156
147
131
146
138
147
109
122
113
93
95
98
113
96
92
84
85
96
96
92
84
69
86
71
82
70
83
86
91
66
73
72
75
72
69
64
79
74
61
69
65
62
61
42
66
51
61
57
43
41
53
60
47
57
46
34
36
50
57
48
50
45
36
43
43
43
43
37
41
47
42
41
44
36
32
38
49
48
40
27
38
29
27
45
40
33
35
32
40
22
28
31
25
35
31
27
17
27
29
27
28
24
27
25
21
29
16
31
27
18
18
20
20
26
24
34
18
22
18
17
23
24
29
21
22
21
21
17
18
14
18
24
25
17
13
21
21
17
15
16
25
17
17
25
11
22
22
21
13
18
13
11
19
22
18
11
16
17
18
15
16
18
14
13
27
15
16
18
13
17
21
14
14
15
19
14
15
17
14
16
13
16
16
13
8
10
18
17
13
15
21
15
8
11
11
11
10
11
10
11
22
10
8
13
14
12
11
11
12
9
7
13
18
9
12
11
18
11
13
10
16
7
9
10
6
13
9
8
10
10
10
9
11
13
13
13
8
15
11
7
14
8
14
8
10
8
9
14
15
10
7
17
17
9
16
8
5
8
3
12
7
13
6
8
10
10
8
7
5
13
16
13
13
6
6
7
9
6
6
6
10
8
6
7
8
7
10
7
9
9
3
10
4
9
11
6
5
5
8
6
3
10
9
6
3
9
5
8
5
7
8
6
8
6
6
9
10
8
6
9
3
6
10
9
5
6
4
6
8
5
9
5
6
6
4
4
7
6
11
7
6
4
4
6
6
5
7
7
9
7
12
4
3
6
7
5
6
9
7
6
7
5
7
4
5
5
4
9
5
8
8
4
3
3
10
9
7
8
8
5
9
7
3
2
2
2
5
9
3
2
7
2
6
7
6
4
4
9
9
7
6
4
3
4
9
3
2
8
2
7
3
6
1
7
1
4
6
1
7
5
6
4
3
5
5
4
4
5
6
8
5
2
5
4
4
7
4
5
8
8
6
8
8
6
4
4
3
5
8
5
8
5
2
6
9
1
5
4
6
2
11
4
5
2
2
1
8
2
1
5
2
3
2
6
2
7
3
5
4
4
4
5
4
3
1
7
5
6
6
8
3
3
4
3
3
1
5
4
4
1
4
6
5
4
0
3
0
3
7
4
5
4
3
6
8
3
5
3
3
4
6
6
3
6
2
4
0
6
5
1
4
4
3
6
3
1
1
4
2
4
1
6
5
3
0
4
1
9
2
2
1
5
7
5
1
2
2
5
4
4
1
5
6
5
2
1
4
4
1
6
1
2
2
3
4
3
5
5
4
2
5
4
4
2
4
3
7
3
4
2
2
3
5
2
2
4
4
6
4
9
5
3
1
2
3
6
1
6
4
5
1
6
3
3
3
5
1
4
5
4
3
3
4
3
5
4
1
0
5
4
1
3
3
5
4
3
2
2
2
2
4
4
5
2
2
4
2
0
3
1
5
3
0
4
2
2
0
2
1
4
1
1
4
2
1
2
5
4
3
2
4
5
0
1
0
3
1
6
3
4
1
1
2
0
1
1
1
2
0
1
3
1
0
2
1
1
3
2
0
3
3
1
3
2
0
1
1
2
4
1
2
2
1
1
2
3
4
1
1
2
2
1
2
3
2
1
2
2
0
0
1
0
0
1
2
2
1
4
1
2
2
2
0
2
1
1
0
2
1
0
1
1
0
2
1
1
1
1
2
2
0
0
0
1
2
1
2
2
1
3
1
0
1
2
0
0
0
2
1
2
0
2
2
2
2
1
0
3
3
1
4
0
1
3
2
2
3
3
2
1
0
5
3
2
4
1
0
4
6
2
3
2
5
2
2
2
2
4
5
2
1
1
2
2
3
1
2
2
0
0
1
0
0
1
1
1
1
3
0
0
0
2
1
2
1
3
0
0
1
0
2
0
0
0
0
1
1
5
1
1
1
3
1
1
1
2
1
0
903
$ENER_FIT:
-0.550 1.516000 0.00000e+000
$MCA_CAL:
3
-0.550 1.516000 0.00000e+000
$PEAKLABELS:
57.217, "Cd-109"
15.891, "Cd-109,X-rays"
962.361, "K-40,(Bkgd)"
$ENDRECORD:
