$SPEC_ID:
PeakEasy Library File: Cd-109 IdentiFINDER (LaBr3) 103.1 microCuries @ 25 cm bare
$MEAS_TIM:
60000.00000 60191.00000
$DATE_MEA:
24-Jul-2008 2:44:14 PM
$DATA:
0 1023
0
0
0
0
0
0
753488
7508294
11843979
6367868
1406476
199144
229922
269934
143564
64612
60941
82394
117887
141504
145760
173749
249385
330545
366405
359012
338462
411682
841559
1672718
1975021
1201721
389512
94949
47387
44441
44615
44648
44741
44189
43195
42690
41747
41333
40555
39964
39339
38192
37973
37307
36641
35466
34644
34081
32946
31996
31026
30545
29833
29164
28335
27719
27097
26522
25718
24810
24111
23554
22947
21971
21869
20990
20422
19949
19337
18655
18123
18202
17834
17730
17711
16874
15862
14721
13697
13348
12809
12495
12293
11898
11780
11330
10911
10769
10328
9877
9620
9570
9641
9698
9548
9083
8658
8366
8091
7858
7599
7570
7428
7380
7192
7336
7193
7257
7264
7190
7245
7204
7258
6896
6641
6201
5712
5489
5400
5340
5242
5218
5054
5116
4967
4976
4857
4798
4719
4668
4586
4597
4564
4318
4393
4341
4282
4232
4180
4128
4117
4057
3995
4048
4048
3915
3920
3904
3780
3738
3694
3622
3537
3571
3512
3511
3511
3495
3404
3395
3412
3453
3528
3573
3648
3682
3646
3507
3369
3336
3323
3076
2996
3082
3077
2952
2940
2950
3005
2964
2884
2896
2980
2844
2985
2941
3011
3069
3156
3242
3230
3288
3120
3007
3055
3095
3090
3250
3288
3398
3187
3086
2908
2704
2559
2478
2429
2326
2406
2357
2344
2284
2192
2324
2287
2249
2208
2204
2125
2130
2087
2073
2093
2142
2034
2036
2095
1953
2031
1941
1988
2005
1933
1871
1968
1899
1851
1884
1866
1816
1823
1767
1742
1718
1718
1726
1785
1725
1666
1742
1686
1753
1669
1695
1725
1844
1976
2075
2128
2223
2394
2432
2565
2536
2592
2530
2634
2605
2629
2598
2486
2541
2539
2489
2507
2520
2451
2431
2417
2466
2391
2442
2324
2323
2374
2441
2365
2217
2299
2297
2212
2245
2172
2269
2264
2281
2304
2251
2303
2365
2328
2317
2243
2190
2047
2132
2154
2109
1995
1997
1941
1982
1990
1973
2001
1945
2010
1968
1936
1956
1975
1797
1837
1817
1669
1579
1590
1587
1513
1524
1463
1476
1420
1440
1389
1410
1342
1335
1326
1295
1315
1221
1251
1275
1218
1259
1280
1194
1206
1209
1212
1198
1232
1212
1231
1216
1263
1246
1223
1233
1214
1215
1213
1274
1315
1300
1362
1397
1445
1447
1368
1361
1355
1375
1392
1383
1298
1276
1362
1357
1385
1305
1314
1281
1250
1248
1300
1248
1296
1259
1316
1344
1317
1312
1379
1319
1235
1250
1312
1237
1229
1257
1241
1201
1232
1241
1225
1131
1100
1067
1048
1025
962
992
890
839
769
756
739
746
691
648
650
634
569
602
523
570
528
520
464
434
466
464
446
417
389
391
404
385
356
390
347
333
299
311
352
336
290
293
290
275
314
296
293
305
282
259
311
311
300
297
289
304
376
401
484
618
725
859
1035
1236
1446
1683
1952
2231
2425
2681
2920
3191
3472
3661
3869
4080
4100
4061
4105
3789
3520
3230
2769
2256
1875
1514
1137
930
693
587
430
336
292
232
210
188
167
146
140
127
113
127
107
100
97
116
107
105
115
121
141
128
139
124
135
157
170
175
183
162
175
181
156
138
137
136
118
117
119
106
115
100
92
77
108
99
99
88
73
95
93
88
78
92
82
96
78
88
77
87
96
82
92
87
90
90
93
85
88
90
77
92
86
93
99
123
124
120
128
141
152
149
152
156
159
150
176
160
139
143
133
139
119
113
104
104
107
97
69
81
71
79
99
74
83
89
97
80
87
95
99
91
105
111
113
118
125
96
90
84
94
117
92
97
108
87
93
106
100
107
109
91
115
99
117
111
102
118
106
108
119
119
124
129
118
131
138
137
149
129
142
127
118
110
111
125
131
119
115
113
154
120
115
127
142
142
141
141
157
144
148
138
160
181
157
167
152
159
172
164
190
168
183
157
137
149
142
137
153
160
157
131
143
143
139
127
133
142
131
154
150
154
132
133
139
137
138
159
141
134
94
107
114
109
116
115
116
111
97
121
112
107
121
126
129
113
132
137
123
126
113
130
129
132
132
164
147
141
128
158
118
144
139
133
153
141
121
143
123
130
127
127
146
115
123
121
146
144
143
139
146
127
138
152
146
165
168
161
160
153
130
134
160
143
139
143
133
122
128
117
118
136
117
108
103
113
108
108
126
123
100
99
105
110
108
106
116
112
106
107
95
83
85
79
88
79
63
63
70
83
62
70
69
72
57
41
42
60
52
49
37
47
46
39
50
48
42
46
42
48
40
43
36
49
46
43
49
47
39
36
44
47
40
50
35
42
38
50
48
41
52
34
42
42
41
52
45
59
61
64
70
75
76
90
92
97
118
103
110
138
136
141
145
137
166
159
151
160
146
149
137
132
133
129
127
113
106
115
98
104
89
104
80
82
72
76
72
80
65
68
64
57
61
43
34
26
30
28
21
25
30
23
13
16
9
14
8
11
11
11
6
5
8
9
7
6
5
5
7
3
5
11
5
4
3
3
3
4
1
6
5
3
5
4
7
3
2
3
5
0
3
4
5
4
2
1
3
5
3
4
1
2
0
2
3
2
3
3
2
3
6
7
5
1
5
3
5
1
1
2
4
2
6
4
4
4
3
4
3
3
6
6
4
0
4
2
5
5
4
1
2
3
3
4
4
1
6
6
1
3
5
3
1
3
3
1
4
4
4
2
$ENER_FIT:
-1.856 3.031397 -3.75768e-004 8.82944e-007 -5.97253e-010
$MCA_CAL:
5
-1.856 3.031397 -3.75768e-004 8.82944e-007 -5.97253e-010
$PEAKLABELS:
29.727, "Cd-109"
7.943, "Cd-109,X-rays"
489.599, "K-40 (Bkgd), La138"
878.682, "Th-232(d), (Bkgd)"
$ENDRECORD:
