$SPEC_ID:
PeakEasy Library File: Cd-109 Detective (HPGe) 22.5 microCuries @ 15 cm bare.
$MEAS_TIM:
57320.04000 57826.64000
$DATE_MEA:
6-Oct-2010 4:12:54 PM
$DATA:
0 8191
0
0
0
0
0
0
0
0
0
0
0
0
0
0
0
0
0
0
0
0
0
0
0
0
0
0
0
0
0
0
0
0
0
0
0
0
0
0
0
0
0
0
0
0
0
0
0
0
0
0
0
0
0
0
0
0
0
0
1
0
0
0
0
0
0
0
0
0
0
0
0
2
2
5
0
3
3
4
4
171
5237
14714
15458
15442
15247
14841
14422
14360
13956
14105
13568
13573
13167
12941
12780
12689
12313
12159
12194
11871
11628
11728
11308
11285
11048
10899
10747
10429
10740
10748
10362
10433
10229
10350
10120
10151
10063
9937
10054
9957
9928
10055
9714
9935
10068
10111
10065
10243
10114
10130
10251
10355
10242
10567
10402
10524
10783
10665
10738
11111
11254
11334
11552
11697
12072
12161
12126
12371
12779
12820
13128
13220
13438
13631
13853
14053
14231
14243
14785
15072
15332
15571
16111
16404
16629
16859
17610
18116
18955
19311
20045
20702
21963
22914
24651
26617
29692
32764
36783
40741
44192
47128
48851
49246
48777
48350
48746
47548
44461
41258
37020
34379
33082
31766
31287
30976
31035
30873
31044
30856
30776
31316
31786
32422
32753
32602
33086
33553
34467
35460
37982
39336
40435
40243
40268
39979
40853
41549
42561
43510
44251
44906
45712
46625
48147
49407
51225
52897
54645
56826
58436
61559
65688
76304
106900
184736
349648
621837
931054
1125557
1079628
816609
491591
237992
95610
34616
13426
7340
5992
5769
5657
5663
5508
5702
5508
5517
5453
5470
5579
5636
5509
5632
5562
5448
5511
5572
5541
5702
5702
5669
5687
5682
5788
5685
5650
5755
5762
5706
5721
5728
5688
5926
5793
5824
6099
5701
5836
5845
5863
5888
5972
5870
5785
5786
5893
5840
5793
5858
5819
5726
5906
6105
5900
5743
5797
5790
5822
5904
5799
5778
5963
5839
5913
5708
5922
5803
5889
5895
5864
5826
5887
5958
5689
5723
5590
5774
5759
5702
5768
5669
5886
5812
5670
5680
5623
5790
5770
5784
5607
5757
5695
5687
5699
5587
5517
5660
5602
5669
5604
5579
5785
5718
5643
5535
5528
5555
5384
5395
5574
5453
5627
5456
5492
5333
5362
5512
5451
5371
5326
5310
5295
5303
5359
5342
5196
5313
5167
5163
5103
5214
5270
5122
5107
5116
5304
4997
4997
5156
5020
5076
5048
5156
5008
4934
4997
4903
4934
5011
4814
5012
4939
4794
4807
4805
4843
4684
4726
4773
4786
4772
4679
4757
4666
4840
4642
4679
4675
4637
4675
4753
4605
4508
4507
4550
4545
4653
4498
4448
4443
4447
4394
4428
4349
4388
4309
4267
4278
4240
4310
4243
4396
4340
4191
4280
4204
4276
4074
4130
4173
4102
4165
4145
4174
4069
4057
4107
3963
4037
4023
3901
3973
3919
3919
3766
3930
3875
3817
3883
3804
3848
3795
3917
3809
3813
3736
3760
3762
3723
3813
3762
3719
3745
3754
3629
3671
3709
3611
3580
3552
3536
3647
3556
3524
3567
3543
3479
3388
3415
3443
3486
3530
3475
3397
3513
3667
3788
3609
3633
3673
3484
3349
3313
3376
3253
3265
3224
3256
3299
3255
3112
3168
3192
3046
3217
3113
3202
3177
3083
3198
3085
2965
3111
3103
3034
3051
3010
3075
3002
3046
3073
2976
2943
2908
3032
3011
2922
3041
2879
2934
2911
2854
2914
2774
2870
2894
2798
2874
2881
2872
2849
2815
2795
2707
2739
2700
2789
2667
2736
2857
2791
2836
2726
2759
2794
2573
2631
2632
2630
2605
2619
2616
2579
2568
2584
2578
2509
2575
2539
2546
2525
2524
2554
2466
2557
2423
2460
2555
2450
2453
2463
2435
2406
2372
2405
2426
2396
2500
2434
2396
2375
2344
2387
2368
2318
2405
2288
2356
2380
2253
2322
2370
2361
2293
2240
2280
2227
2312
2303
2232
2235
2183
2189
2136
2179
2159
2150
2280
2235
2112
2164
2277
2109
2120
2117
2141
2165
2264
2554
2808
3203
3428
3459
3054
2737
2515
2261
2262
2310
2244
2375
2215
2159
2105
1993
1880
1857
1883
1844
1820
1860
1804
1825
1865
1868
1869
1792
1839
1769
1765
1773
1820
1764
1861
1735
1710
1727
1739
1830
1741
1757
1708
1698
1766
1709
1661
1696
1654
1607
1766
1707
1735
1744
1589
1705
1661
1668
1698
1593
1616
1591
1627
1491
1579
1584
1536
1552
1626
1580
1586
1560
1559
1584
1524
1551
1523
1545
1531
1539
1518
1546
1528
1494
1534
1531
1597
1677
1637
1613
1569
1571
1573
1495
1432
1498
1509
1392
1456
1440
1497
1421
1476
1469
1382
1441
1484
1435
1495
1443
1384
1425
1421
1346
1362
1373
1323
1280
1315
1370
1271
1337
1381
1286
1327
1341
1327
1343
1306
1300
1329
1252
1376
1312
1285
1268
1288
1252
1265
1263
1283
1265
1289
1237
1220
1201
1283
1191
1227
1218
1256
1213
1341
1399
1539
1786
1849
1906
1761
1582
1347
1301
1239
1208
1237
1186
1110
1211
1240
1209
1227
1208
1205
1232
1164
1134
1122
1105
1189
1110
1175
1117
1154
1144
1040
1049
1110
1052
1160
1052
1088
1054
1114
1100
1094
1024
1052
1103
1008
1048
1046
1011
1056
1017
1094
1025
1042
1120
1040
945
955
998
973
1018
1037
1084
1008
967
1060
1072
1019
988
1015
968
948
1024
991
987
1056
967
976
964
980
962
969
978
971
1029
917
962
966
979
963
1012
958
1018
1074
1025
999
973
940
929
970
957
981
906
969
948
980
920
923
939
901
914
927
936
865
953
907
911
904
987
1065
1160
1231
1141
1158
1018
935
982
883
965
852
866
843
850
880
871
894
872
835
824
830
871
817
859
837
741
827
852
817
842
846
819
821
864
911
1005
1268
1500
1845
1939
1932
1746
1381
1087
926
870
804
743
772
762
821
725
726
749
769
739
757
777
787
727
747
759
751
769
721
713
741
742
751
742
743
710
691
659
735
734
707
722
711
702
727
745
731
718
750
670
701
701
696
664
673
730
708
717
682
705
697
691
657
690
719
687
654
690
704
666
662
703
695
691
741
674
672
665
678
664
662
679
672
673
672
679
659
611
693
672
707
687
678
638
693
696
675
634
685
661
635
704
661
673
704
689
673
621
632
612
645
662
652
655
617
659
615
671
650
642
631
633
577
645
586
607
570
600
627
619
634
639
668
610
651
602
598
595
657
604
617
624
616
559
601
596
594
616
605
603
644
652
615
527
588
599
593
609
632
652
655
638
636
612
597
634
571
553
554
597
536
588
577
526
548
594
590
526
574
559
593
563
573
579
572
583
565
528
538
535
534
577
500
506
525
535
509
570
548
531
528
543
525
549
539
557
548
596
579
525
508
538
534
487
543
512
588
550
534
544
543
515
507
525
524
476
531
530
526
530
522
531
540
482
523
512
547
532
549
528
524
514
493
530
523
518
518
516
530
494
491
446
522
503
474
495
518
493
484
501
475
511
502
459
489
479
489
478
459
488
454
430
475
505
499
455
489
492
501
469
507
505
473
503
473
467
496
448
479
429
504
489
512
487
470
459
468
435
451
410
489
481
494
507
510
552
552
559
562
493
487
445
479
418
484
454
445
444
446
451
441
451
485
471
462
462
460
436
448
477
471
444
456
389
448
417
438
435
437
438
407
445
428
427
413
426
424
467
400
412
453
424
413
449
455
469
434
415
453
425
406
429
416
434
395
424
427
439
397
464
436
411
427
406
437
441
449
426
394
403
410
408
426
398
396
419
405
415
391
385
403
372
394
425
370
374
355
385
395
382
403
417
446
397
402
395
382
392
392
398
399
407
383
408
386
382
399
388
414
418
402
391
413
392
392
423
428
405
441
441
464
516
581
643
699
717
914
791
828
738
661
551
500
476
421
381
392
396
379
380
385
346
386
384
357
349
377
347
361
353
388
369
357
407
329
330
378
365
346
365
387
328
373
332
402
357
384
384
362
353
351
331
357
388
360
348
374
333
376
366
339
392
363
358
338
345
349
344
341
331
314
342
362
330
350
319
370
369
362
398
381
343
334
327
321
340
350
350
311
319
339
344
394
318
312
372
339
348
345
354
352
339
337
355
371
359
348
336
337
319
308
356
326
356
313
334
285
363
361
324
311
325
314
333
330
317
325
327
342
292
347
330
338
336
316
319
358
364
350
339
315
299
338
310
343
351
351
348
320
309
350
340
318
317
354
324
331
307
326
313
300
336
311
329
326
313
321
321
336
372
347
336
332
290
301
324
339
333
330
318
285
304
307
338
314
290
345
303
310
275
306
342
312
328
329
318
320
359
363
417
529
668
748
916
960
869
759
580
474
406
358
302
313
309
317
299
291
282
266
321
306
283
258
320
297
302
337
283
305
289
301
282
294
284
277
308
306
292
258
270
262
286
291
244
271
299
258
303
288
299
348
287
290
266
273
305
289
282
297
309
290
295
298
296
269
313
288
302
302
343
496
555
771
1074
1264
1333
1334
1134
797
609
458
353
271
278
264
267
275
280
295
246
257
265
253
256
282
279
280
256
263
297
246
257
261
270
287
247
313
258
255
284
257
270
244
268
239
281
224
279
244
235
270
273
244
246
255
231
246
246
253
257
253
282
274
253
276
252
243
260
245
255
218
244
265
250
262
251
262
242
247
264
246
248
262
258
238
232
235
262
272
276
279
242
239
273
241
245
231
250
233
228
247
223
262
244
256
249
228
242
285
282
243
244
253
252
254
255
209
251
232
229
255
258
252
253
263
251
240
251
242
249
268
247
215
252
256
244
242
258
272
240
244
223
233
257
252
254
269
290
268
278
260
237
233
239
263
261
270
271
287
245
315
258
250
253
242
231
247
234
212
220
216
226
226
217
243
222
229
224
240
232
232
240
210
279
245
232
242
226
218
223
227
241
211
238
210
222
228
212
230
243
225
223
220
261
228
202
228
215
238
211
228
240
241
234
210
234
224
230
211
237
232
241
235
254
234
198
220
236
263
223
226
219
213
228
251
240
230
217
216
204
241
214
216
203
226
220
237
230
222
219
234
223
238
223
236
249
239
235
229
211
213
289
232
233
242
232
224
228
237
227
236
226
231
223
239
221
245
244
226
261
217
196
225
227
222
232
247
229
231
238
246
219
196
213
217
239
211
190
231
219
194
211
220
225
220
188
209
231
205
214
231
200
232
201
197
230
221
196
179
228
210
202
255
273
258
344
374
349
328
305
251
214
209
212
211
196
215
235
190
197
207
188
195
216
214
197
206
218
213
200
210
189
197
205
208
210
212
212
212
195
188
217
220
218
199
212
225
234
228
212
237
198
224
208
203
195
203
196
205
177
226
180
177
182
184
188
188
186
209
172
196
174
185
194
217
220
190
175
205
203
210
216
225
231
213
201
168
212
185
194
172
205
197
180
218
190
204
186
205
203
178
221
215
208
231
198
211
213
207
196
194
212
192
209
206
252
257
292
241
263
266
269
222
206
236
209
219
204
207
214
225
206
199
189
185
196
201
196
179
177
165
177
167
183
187
192
177
197
162
171
185
182
211
186
177
156
192
220
169
199
190
175
191
204
210
218
249
210
222
193
176
174
194
171
184
188
175
181
154
182
173
191
174
184
179
201
188
193
215
222
228
259
251
245
241
226
195
176
195
167
191
188
188
176
176
180
163
184
184
189
199
179
198
170
146
195
174
189
187
167
211
204
161
207
191
179
177
188
171
178
173
168
161
162
176
160
170
197
164
195
190
170
156
173
159
156
156
169
162
188
172
171
165
170
182
152
189
171
160
155
171
175
196
179
159
142
160
154
170
152
183
167
183
165
176
146
165
175
160
158
167
161
182
166
153
175
177
185
181
174
167
158
179
159
149
161
165
173
181
176
183
178
202
192
209
193
180
164
165
165
179
170
171
166
179
194
170
170
157
160
174
163
144
163
160
163
170
148
165
174
168
146
155
185
158
158
168
124
177
157
166
157
178
161
154
161
150
144
155
170
154
144
171
177
166
176
146
155
164
166
161
122
148
153
169
179
200
206
241
214
242
216
205
165
195
167
190
177
184
162
147
152
160
157
150
160
172
169
180
164
150
161
167
139
164
142
150
165
153
151
143
152
151
139
157
155
193
158
146
154
157
163
168
159
165
169
157
158
159
160
147
151
161
138
115
157
158
147
151
166
170
148
172
170
158
132
137
157
154
153
168
142
124
158
177
139
156
144
144
133
155
148
166
173
163
166
160
169
170
137
164
166
146
156
141
156
151
140
171
145
135
147
154
155
163
146
133
133
162
172
164
155
150
177
159
172
151
172
162
148
165
175
157
140
187
156
148
152
133
157
157
190
229
277
348
424
510
575
591
539
436
405
285
213
184
170
171
163
135
128
134
143
129
127
128
149
134
154
143
131
130
155
150
143
147
135
164
170
149
157
143
153
136
136
142
142
122
134
161
144
139
151
121
141
151
128
124
124
141
160
159
143
157
141
161
134
167
167
183
204
215
162
169
175
157
168
140
130
156
155
135
159
135
146
144
154
146
153
120
138
136
135
133
133
135
134
153
146
122
132
137
190
146
140
145
142
140
136
154
186
137
150
174
143
143
137
158
164
152
151
129
130
143
112
134
124
143
134
147
138
151
132
131
166
137
149
130
159
140
135
158
134
154
139
146
142
139
134
160
185
191
160
192
224
222
197
233
185
190
183
206
227
280
316
349
399
371
314
279
219
162
175
141
134
126
134
134
136
134
138
140
151
124
123
125
120
144
112
132
130
147
129
133
138
127
140
154
141
136
128
137
149
125
140
119
149
107
137
127
131
132
130
97
125
155
134
133
152
130
139
138
120
138
128
146
142
134
153
133
147
141
125
134
142
136
139
141
154
154
141
141
125
115
118
122
135
143
134
114
137
148
151
147
153
136
115
137
133
155
119
132
136
123
116
144
129
133
134
155
133
124
124
117
129
144
130
139
93
133
115
136
126
109
131
114
117
116
133
136
145
154
131
134
117
149
131
115
131
129
129
122
125
132
125
112
126
129
151
156
118
107
138
127
132
139
126
127
128
136
114
132
120
114
131
123
118
141
131
141
122
129
120
126
130
124
118
147
111
126
145
120
136
118
135
124
104
112
123
125
132
124
124
133
109
119
142
131
128
134
105
130
126
110
122
126
130
152
124
133
119
121
135
113
152
124
99
131
117
142
120
119
120
137
130
129
119
138
115
120
123
120
135
126
145
142
137
136
119
126
119
126
113
107
132
125
122
138
137
132
116
128
144
118
130
132
130
131
143
133
113
124
141
129
130
130
128
122
137
133
148
140
129
149
123
103
139
129
127
123
119
130
130
132
131
135
116
144
124
145
149
110
115
107
128
108
124
134
122
140
122
117
133
129
114
119
136
138
140
119
125
130
145
127
112
109
126
131
119
113
147
116
107
107
113
121
129
121
104
110
134
114
119
127
118
138
107
113
124
147
140
121
136
130
133
112
126
131
140
118
100
152
138
110
131
133
102
142
140
115
127
111
125
120
126
125
151
127
130
139
136
128
133
126
116
128
121
118
147
126
131
131
130
131
130
111
129
117
120
138
131
131
127
116
129
139
132
133
123
112
128
127
143
99
126
126
108
151
124
140
145
147
153
176
196
293
311
310
367
353
351
330
241
209
172
146
153
126
132
143
121
140
112
123
135
134
137
116
134
113
128
123
138
117
121
134
116
113
112
137
125
121
144
115
122
136
131
113
143
137
129
127
116
111
127
126
135
125
124
119
125
111
126
134
114
146
126
138
137
110
124
110
118
123
125
139
117
128
116
148
125
127
133
141
126
132
125
136
129
136
110
106
149
110
121
130
121
123
132
152
132
136
165
149
160
167
139
151
137
139
132
139
130
135
117
132
146
136
133
134
115
131
155
131
142
137
132
116
120
132
126
132
122
133
131
136
113
116
136
132
133
113
138
146
132
142
126
123
124
138
132
111
127
122
151
128
142
137
126
134
136
135
124
124
109
128
130
127
132
125
114
145
125
132
125
139
153
127
164
136
113
140
141
131
123
135
132
134
136
129
134
147
146
138
124
146
134
150
113
113
134
156
139
126
150
132
144
129
129
135
152
113
129
133
121
143
134
134
139
128
141
136
155
109
136
122
138
139
125
143
134
148
139
142
137
120
134
148
146
132
140
139
123
146
144
146
133
151
120
142
165
146
155
126
145
140
135
141
140
139
139
116
166
134
139
138
121
131
134
142
132
159
154
171
145
157
137
131
139
148
138
131
118
151
139
132
147
139
131
147
129
119
150
128
125
144
141
125
127
159
138
131
135
160
153
131
137
119
151
144
128
132
143
136
135
132
156
119
163
140
153
145
150
144
176
172
182
211
204
240
213
229
189
194
171
145
106
134
126
103
120
115
124
107
117
116
106
112
121
120
123
104
120
112
111
121
107
99
107
106
108
94
104
114
90
120
107
123
105
119
105
93
91
94
92
89
80
106
86
78
99
101
99
92
96
92
93
104
90
95
108
84
76
80
93
98
85
81
83
117
88
82
92
89
91
70
97
98
85
75
93
99
80
85
96
85
89
76
80
100
77
74
79
85
77
84
93
85
100
98
80
92
83
89
73
86
106
103
89
87
93
76
93
97
94
84
107
97
102
114
77
93
108
75
77
78
85
96
77
98
80
74
86
70
89
67
87
86
78
77
75
76
94
74
92
84
80
77
58
64
70
64
76
105
85
82
85
86
80
78
72
62
85
73
70
75
73
78
81
72
63
75
75
66
86
69
70
62
87
80
73
83
78
74
75
77
86
61
68
77
74
78
60
78
66
74
71
61
64
70
61
63
64
82
71
67
73
69
57
72
64
54
70
71
67
61
70
63
70
53
62
62
64
69
78
70
62
68
61
70
64
76
65
69
57
79
77
67
50
64
65
61
52
57
57
46
60
65
62
59
63
67
58
55
67
65
56
76
54
78
62
41
55
54
65
49
51
47
55
61
67
66
57
54
71
66
64
66
56
64
55
56
48
67
62
58
48
65
56
57
61
60
51
54
64
43
47
48
58
59
36
50
73
54
49
55
38
51
62
46
53
47
60
49
43
56
53
44
49
37
54
61
45
60
65
52
47
56
60
50
61
50
51
55
45
50
71
62
56
38
50
51
54
48
51
52
49
54
56
48
50
56
37
45
48
34
45
55
56
44
55
40
46
50
54
51
51
46
35
48
45
57
50
54
61
71
89
81
102
116
92
110
107
104
75
60
63
70
39
46
38
26
33
36
43
42
47
38
59
56
54
68
53
63
53
60
39
44
35
37
35
48
34
46
40
51
40
49
31
49
41
35
44
43
52
41
40
37
44
34
46
52
48
40
47
47
41
45
45
51
59
50
49
64
59
62
64
75
71
45
70
27
43
49
50
49
39
53
62
69
85
67
64
74
70
68
71
62
49
41
45
40
46
49
46
43
35
40
48
41
38
29
44
39
45
39
31
34
40
30
52
30
42
40
45
32
35
53
39
32
41
40
45
42
56
46
37
45
41
45
43
36
34
41
46
37
48
42
44
55
34
40
42
56
42
38
41
40
50
45
50
45
42
49
47
48
51
49
44
42
52
42
37
45
37
39
35
29
41
37
47
33
36
34
37
56
39
53
43
55
52
29
48
30
41
34
56
40
37
46
46
53
50
48
50
47
58
55
43
47
38
45
35
49
52
40
54
40
42
56
49
57
51
73
83
114
150
181
311
431
600
914
1151
1451
1735
1949
2094
2198
2035
1787
1421
1042
644
382
201
113
55
40
26
28
33
25
37
30
36
25
22
26
30
29
32
28
25
37
28
18
22
27
30
36
35
30
33
19
27
29
34
35
35
43
33
26
28
23
38
28
34
27
35
36
31
29
39
19
28
35
31
24
29
31
34
28
35
29
36
29
32
31
23
33
30
27
31
21
24
32
31
26
16
29
20
42
26
35
23
24
32
26
34
35
35
34
40
40
36
27
32
39
35
38
23
26
26
31
31
28
33
34
30
33
21
30
29
39
24
30
30
25
28
25
25
33
36
32
45
46
47
53
55
52
59
49
29
34
21
37
32
30
33
32
24
24
23
40
31
20
27
25
20
24
31
29
28
36
23
21
32
20
21
29
24
36
19
26
25
18
32
28
21
31
19
32
28
32
23
23
21
23
21
30
30
19
22
26
29
24
26
22
27
28
26
26
27
25
22
25
25
25
25
37
27
33
28
22
30
30
28
25
30
26
29
22
29
22
35
34
28
21
38
26
26
22
34
28
28
33
20
16
29
19
18
26
23
17
19
22
23
27
29
26
28
15
26
24
20
25
24
31
24
22
16
22
30
23
21
29
17
39
26
25
26
21
16
16
18
21
17
25
23
22
22
22
29
26
15
21
24
30
17
28
15
25
22
21
17
27
22
29
15
21
30
24
22
24
21
27
30
23
21
18
23
26
19
16
29
19
25
26
22
26
28
18
21
23
22
20
27
21
24
22
25
20
28
28
22
25
28
35
38
25
30
33
34
41
44
36
27
33
30
36
41
57
53
50
80
51
66
65
62
61
64
62
91
71
78
71
75
89
74
57
52
54
33
30
28
32
21
24
23
24
23
19
31
18
29
35
32
26
18
27
19
28
29
23
12
19
17
30
15
17
21
15
34
19
27
23
16
21
30
26
23
16
16
14
28
25
22
29
27
29
18
27
12
23
20
18
26
27
16
21
24
18
16
23
17
26
23
21
25
31
29
42
26
26
32
33
43
24
30
19
19
18
26
24
14
25
25
28
18
18
32
34
25
17
21
22
33
27
29
33
44
35
27
28
18
18
23
20
17
23
12
17
22
23
15
21
18
19
28
28
17
27
20
22
20
21
19
22
14
14
24
21
14
18
24
13
14
18
19
13
14
19
18
18
25
23
27
15
17
14
14
13
21
17
22
18
10
24
19
17
26
19
23
22
17
17
21
21
15
14
17
14
17
21
9
26
20
20
26
22
27
34
22
35
35
29
36
25
22
27
19
19
14
23
20
23
23
27
16
21
16
15
19
20
19
21
23
15
17
14
22
14
17
12
12
20
16
21
22
20
16
17
21
20
26
13
28
11
21
19
17
18
22
16
19
12
23
14
20
17
23
16
14
21
18
19
22
17
16
17
21
22
17
19
13
24
20
20
14
13
22
12
22
22
13
24
27
18
26
27
21
17
19
10
20
20
22
15
20
21
16
15
19
9
15
14
19
17
18
19
14
16
22
6
13
15
20
20
20
17
15
17
23
21
18
19
19
18
19
16
16
20
17
9
19
16
14
12
12
12
12
19
17
17
18
15
17
26
13
15
16
18
20
22
18
14
17
16
13
15
17
21
17
8
24
14
19
19
15
26
24
15
13
15
19
19
21
22
15
23
19
36
22
33
28
36
42
37
44
49
37
54
34
38
25
32
30
14
19
15
22
16
10
16
14
16
15
10
16
18
14
11
17
16
11
15
17
16
17
8
12
21
17
6
11
23
13
14
19
14
16
23
14
17
13
16
14
20
12
15
18
19
16
17
17
15
9
14
14
14
15
7
18
16
19
24
14
18
26
17
11
20
18
17
16
16
16
13
18
12
18
18
36
33
32
38
50
66
85
100
139
151
161
183
185
198
184
160
145
79
81
44
31
27
18
20
15
18
16
12
8
19
6
21
15
17
10
12
13
14
23
22
16
15
19
13
14
11
14
21
9
13
17
22
22
17
15
20
14
13
14
9
13
12
22
23
17
5
16
10
10
9
15
10
18
11
18
10
19
15
14
16
16
6
10
19
19
13
10
21
16
11
21
23
11
15
18
10
23
17
11
17
10
13
11
18
16
15
16
6
16
26
19
13
12
12
20
10
22
11
17
20
15
14
11
13
19
20
18
13
17
16
9
18
14
19
24
16
19
19
16
22
18
14
19
13
17
16
15
11
17
6
12
14
20
15
11
15
15
23
10
10
14
9
15
8
14
12
10
17
15
19
13
13
13
16
12
14
16
12
12
18
19
19
20
14
19
14
15
18
7
12
11
20
13
14
14
20
16
20
18
14
14
13
14
17
13
10
8
12
18
18
9
14
21
18
12
7
23
19
18
14
25
11
14
12
12
14
17
10
14
19
26
20
21
33
20
36
42
37
34
35
32
27
24
24
16
18
20
9
11
11
10
13
11
11
20
15
20
9
17
20
18
19
17
10
11
11
16
17
17
17
18
12
15
20
14
13
20
11
16
9
14
10
9
15
12
15
18
13
17
15
17
10
16
17
12
9
15
16
16
9
15
13
17
19
20
21
20
22
17
19
16
24
16
20
17
13
17
15
11
16
19
10
11
20
15
18
14
17
17
19
18
22
17
18
15
16
12
22
14
14
14
17
12
19
21
16
19
18
10
19
17
18
14
17
15
20
12
10
12
19
21
15
21
15
16
18
17
13
17
19
25
18
9
18
14
15
15
10
19
19
14
11
9
7
18
17
15
5
17
7
10
19
15
9
13
23
13
12
14
10
21
12
19
13
10
9
14
15
18
16
17
17
10
19
20
20
20
19
14
17
16
19
16
15
15
15
14
15
15
14
13
9
8
19
15
19
14
13
18
17
10
16
19
9
13
14
18
19
18
9
19
17
8
16
12
15
13
17
17
16
18
14
21
9
13
16
13
10
14
15
17
19
18
25
16
15
15
17
12
11
25
14
13
15
14
15
17
14
17
28
14
13
15
13
15
14
12
17
20
16
15
13
13
13
15
21
8
12
18
14
15
13
14
13
15
10
17
19
16
13
12
7
7
13
10
17
24
14
12
12
12
17
9
16
11
8
15
15
17
12
15
10
16
11
15
10
10
13
15
14
20
12
17
10
9
16
10
18
17
15
18
14
13
14
15
13
19
14
18
20
10
13
10
9
14
14
12
22
8
14
12
7
16
18
12
14
14
12
15
13
14
10
18
22
21
12
13
12
13
8
13
12
10
11
11
11
21
10
7
10
9
8
16
11
15
10
18
21
11
13
16
19
17
10
10
20
14
16
13
21
14
6
12
15
13
11
14
11
14
15
13
13
18
9
11
7
11
13
9
13
19
16
12
14
7
11
9
16
10
17
12
6
19
6
13
12
13
19
15
11
11
14
14
11
15
7
15
14
14
19
8
10
15
10
18
13
15
10
13
13
11
12
16
10
16
10
12
14
15
17
15
17
17
17
10
22
20
7
10
11
18
14
14
11
15
9
9
14
11
17
16
12
6
10
10
12
11
13
7
18
9
18
13
9
10
13
8
18
20
15
14
10
13
11
14
8
15
22
14
11
16
11
13
11
12
14
15
12
14
8
18
16
16
7
11
15
13
8
11
14
11
17
12
10
10
8
10
10
11
12
11
11
10
13
10
14
17
10
10
14
21
8
16
15
12
10
7
10
18
17
11
13
16
16
11
17
15
8
18
14
17
8
13
12
8
6
10
8
15
11
9
15
17
7
20
17
12
10
18
13
9
12
10
6
12
9
13
16
14
13
12
12
16
11
16
13
11
14
14
10
13
11
15
11
11
10
10
17
12
19
16
14
15
13
14
15
9
8
12
16
15
12
17
13
16
14
11
18
23
12
10
12
15
12
8
19
12
16
11
15
11
9
14
9
14
12
12
14
9
18
14
12
14
20
17
12
6
14
9
17
11
17
12
14
8
13
12
18
12
20
9
21
18
19
22
23
20
27
36
32
39
40
40
49
52
40
44
50
41
37
35
36
26
25
24
12
15
14
17
13
17
12
14
12
11
11
11
16
12
11
10
6
12
9
11
14
9
7
10
19
18
15
20
22
18
22
25
30
28
22
19
24
19
17
10
11
9
13
8
10
14
11
9
7
12
10
12
14
11
11
15
17
14
12
9
10
14
15
13
16
16
12
10
11
16
13
17
14
14
14
18
17
15
14
12
7
17
15
10
9
14
19
9
10
14
13
14
20
13
12
13
7
10
11
12
11
7
12
13
14
13
11
8
9
5
9
11
13
13
9
12
4
10
21
11
17
13
12
12
14
13
13
15
17
11
12
9
8
17
12
13
8
8
10
15
11
11
8
13
14
15
14
16
19
8
14
17
9
14
8
9
9
13
17
13
11
11
19
9
12
12
12
8
17
14
12
24
20
9
14
16
8
15
14
11
15
17
16
16
16
14
15
7
14
14
10
9
13
8
17
16
13
16
10
12
9
16
16
14
9
17
12
14
11
16
7
12
22
9
11
13
14
19
15
10
17
16
4
4
11
6
8
12
14
10
21
13
9
18
14
10
8
13
17
12
12
11
12
17
17
18
13
19
10
17
15
15
22
15
20
19
18
32
37
33
47
58
36
56
48
60
49
57
52
32
33
21
26
13
12
19
15
20
14
17
10
7
13
13
14
11
10
11
12
9
16
11
15
14
10
11
9
13
13
10
21
16
18
11
12
8
13
10
14
16
16
10
13
13
14
13
13
11
19
10
11
14
20
19
15
15
14
5
15
9
14
14
16
13
13
11
10
14
14
8
15
11
11
10
15
10
12
10
17
15
14
11
13
13
15
15
14
11
10
13
16
23
7
10
10
12
18
12
14
20
11
18
13
10
15
14
10
10
13
9
11
4
13
14
15
9
12
9
13
12
11
10
13
10
16
23
12
11
12
18
13
12
14
15
18
15
15
14
13
16
13
17
16
15
9
19
9
7
14
7
19
13
12
12
13
16
13
10
9
11
11
13
13
8
14
11
13
17
8
12
19
5
17
11
13
16
11
12
13
19
16
13
8
12
10
16
15
13
12
20
20
15
9
9
10
17
20
16
12
14
20
15
17
13
11
10
18
15
15
11
14
16
13
14
8
16
15
17
12
19
14
11
17
9
19
13
15
18
14
10
14
12
18
17
13
16
17
11
20
15
14
12
15
16
20
18
15
17
9
14
5
8
17
20
14
23
17
13
13
15
16
20
8
23
17
17
11
15
19
12
14
16
14
8
13
10
14
23
17
9
14
18
11
16
13
8
16
13
14
17
21
10
17
13
6
13
13
17
17
14
11
15
13
17
7
15
15
16
10
20
19
19
17
14
6
14
20
14
11
20
14
17
16
21
15
21
7
18
11
15
17
12
14
19
15
17
13
19
13
12
25
10
12
20
12
14
10
18
8
17
14
13
14
21
13
14
21
22
12
9
11
16
15
22
10
15
16
9
17
18
15
15
14
20
14
16
21
13
18
18
16
14
11
13
13
19
11
16
17
14
18
15
16
15
18
22
15
18
19
14
20
16
16
11
18
15
8
9
11
15
14
12
17
21
12
13
14
18
13
14
17
18
25
17
13
21
13
12
17
11
13
17
9
13
13
21
11
17
17
20
15
14
19
12
13
13
20
19
16
23
13
18
17
14
13
16
16
19
12
10
9
16
11
14
14
13
12
10
17
15
11
15
21
12
11
16
14
12
10
13
13
12
16
11
9
13
9
13
5
8
11
12
14
13
7
12
4
16
14
17
13
10
8
11
11
14
8
7
8
10
15
8
11
11
11
14
10
7
13
9
9
11
9
7
5
6
5
9
14
8
11
8
6
8
12
2
6
7
14
9
8
8
10
12
10
11
12
9
11
6
11
13
7
6
7
12
3
10
9
10
7
6
12
6
9
10
7
13
11
13
7
13
10
3
5
10
6
10
12
4
6
7
8
11
8
9
6
8
3
10
8
7
4
11
10
6
9
3
4
7
7
8
7
10
11
9
16
6
6
7
6
8
9
9
8
12
13
7
6
9
10
9
8
5
8
7
6
7
9
9
3
7
14
7
9
7
10
6
8
9
5
10
10
9
9
8
8
9
8
9
13
17
17
21
9
26
22
18
19
17
19
14
19
14
11
12
11
9
7
6
9
4
4
8
11
12
4
7
7
10
7
7
5
2
7
8
7
8
2
3
5
4
7
9
5
4
7
7
4
7
8
5
9
6
4
9
8
10
9
9
11
12
4
5
5
4
5
7
9
8
6
6
2
4
5
4
6
6
6
7
7
4
4
7
1
0
8
10
6
2
4
5
4
5
7
7
5
7
5
3
5
5
6
4
9
10
4
9
3
9
4
5
5
6
4
7
4
3
5
2
4
0
4
5
5
6
6
4
2
5
4
1
2
2
4
4
6
5
3
4
7
9
7
7
3
5
5
3
5
9
1
3
2
6
4
1
4
2
5
4
3
8
4
2
7
0
2
3
4
6
1
1
4
6
3
0
3
4
3
4
9
3
2
3
3
3
4
5
5
3
7
2
2
2
2
3
1
3
5
5
2
2
1
5
3
4
4
4
5
1
6
0
4
1
2
3
1
1
5
3
5
2
0
4
4
4
3
1
4
2
2
3
1
5
2
3
4
0
3
4
2
0
2
2
1
3
4
3
3
6
2
3
2
2
2
4
1
1
1
0
1
3
2
0
7
0
2
2
0
0
4
1
2
3
2
3
3
2
5
3
2
1
4
4
5
3
2
3
3
5
0
3
3
0
3
8
2
6
1
3
0
3
1
0
2
2
4
3
2
2
2
2
5
3
4
2
4
0
6
0
4
0
4
3
2
2
2
3
1
1
1
3
0
1
2
2
3
1
3
3
1
2
1
1
2
2
3
2
1
7
2
8
5
3
1
2
1
2
4
1
4
2
0
0
4
0
2
1
4
2
0
2
1
3
0
1
4
3
2
2
3
1
1
3
4
3
3
3
6
2
2
5
3
1
2
1
1
5
3
2
2
4
3
1
4
2
0
3
1
3
2
6
3
1
4
4
5
5
2
2
1
2
4
4
4
3
3
2
4
2
3
3
7
5
4
4
7
5
1
2
2
3
3
9
14
9
20
15
25
26
38
48
49
60
71
117
116
150
161
184
205
188
214
202
207
208
194
155
131
93
57
49
24
10
6
5
2
2
0
1
1
1
3
1
1
1
1
0
4
3
1
1
1
1
1
1
0
1
2
0
1
0
1
1
2
2
2
0
1
2
1
1
0
1
1
1
1
1
0
0
1
0
3
0
2
1
0
2
1
2
0
0
1
0
3
1
0
2
1
2
1
0
1
0
0
1
1
1
1
1
0
2
0
1
2
1
1
0
0
1
2
0
1
2
1
1
1
0
0
1
2
2
0
3
0
1
4
1
0
2
4
1
3
1
2
2
1
0
2
2
0
3
0
0
2
1
1
2
0
0
0
0
1
1
0
1
3
2
0
1
1
1
0
0
0
3
0
1
1
1
3
1
3
1
1
3
3
1
0
2
1
0
0
3
1
3
0
2
2
0
2
1
1
0
0
0
1
0
2
0
1
1
4
1
1
3
1
0
2
2
0
1
0
0
2
4
1
0
0
0
1
0
0
0
3
1
1
2
2
4
1
0
0
1
1
1
2
2
0
1
4
0
0
0
1
2
1
1
2
1
3
0
3
0
0
0
1
0
2
1
0
1
1
0
0
2
0
0
0
0
2
2
0
2
1
1
4
0
2
1
0
0
0
1
0
2
2
0
1
1
0
0
1
1
2
2
0
1
0
1
2
1
1
2
1
0
2
2
3
2
1
0
2
1
0
2
1
1
0
1
1
2
2
0
0
0
2
3
2
0
1
3
1
1
1
1
2
1
0
0
1
1
0
2
2
2
1
1
0
3
3
2
2
2
1
0
0
0
0
1
1
4
0
1
2
1
0
0
0
0
1
1
0
3
0
0
2
1
4
0
0
1
1
1
2
0
1
1
1
0
1
2
1
0
0
1
3
1
0
1
2
0
0
1
0
1
0
0
1
1
1
0
0
4
0
1
0
0
2
0
0
1
4
1
0
4
1
1
1
3
1
1
1
1
0
0
1
0
1
1
0
2
0
1
2
2
3
1
2
2
0
2
1
0
0
0
1
3
0
1
0
1
1
2
4
2
0
0
0
1
1
0
3
0
1
2
1
0
1
1
0
2
2
0
1
1
1
3
2
1
3
0
0
1
3
0
1
1
2
3
2
0
0
2
0
2
2
0
0
1
2
2
1
2
0
2
0
2
1
1
3
0
0
1
2
4
1
0
2
3
0
0
0
1
1
0
1
0
1
3
1
2
0
1
1
1
3
1
2
2
1
0
1
1
2
1
0
1
1
0
0
0
0
2
2
1
0
1
0
2
0
1
0
0
0
0
0
2
0
0
0
0
3
1
0
2
0
2
1
0
1
1
0
1
0
1
2
2
2
0
0
1
3
1
2
1
1
2
1
1
1
1
1
1
2
1
1
0
1
1
3
3
1
2
3
0
0
0
2
1
0
0
1
1
1
2
1
1
2
0
0
2
0
2
0
0
0
0
0
2
5
4
0
1
2
2
2
0
1
1
0
2
1
1
3
4
2
0
0
2
3
1
0
0
1
0
1
0
1
1
0
4
3
2
1
1
0
3
2
2
2
1
0
1
2
3
4
1
2
2
0
1
0
3
1
0
1
1
1
0
1
2
1
1
1
2
4
4
1
3
0
0
2
2
1
1
1
2
1
0
1
1
1
3
1
1
3
0
2
0
0
0
0
0
0
1
0
0
0
1
3
0
1
0
1
0
3
1
0
0
3
0
1
1
2
1
1
0
0
2
1
0
3
3
1
1
1
1
2
1
1
2
1
0
2
0
0
3
0
1
2
2
0
2
1
1
2
1
1
1
1
2
3
2
1
2
0
3
1
0
2
0
2
0
0
3
1
1
0
0
2
1
2
2
0
2
0
0
0
2
0
0
0
1
0
0
0
0
1
0
2
0
0
2
3
2
0
0
1
0
0
0
2
1
0
4
3
1
0
0
0
1
1
0
0
2
0
0
0
0
4
2
2
0
1
0
2
1
1
3
4
0
0
2
1
2
0
2
1
0
3
1
1
0
1
0
0
0
2
1
0
0
1
1
0
1
1
1
1
0
3
1
1
1
0
0
1
3
1
0
0
1
0
2
1
2
0
0
1
1
2
2
1
2
0
2
0
0
1
0
1
0
0
1
0
0
1
1
0
1
3
1
0
1
3
1
1
0
0
2
0
0
1
0
2
2
1
3
2
0
2
4
1
0
0
1
1
1
1
3
1
0
0
0
1
2
3
2
0
1
1
0
1
0
0
1
1
1
2
0
2
2
2
0
0
1
2
0
0
0
3
1
1
2
0
2
1
1
1
1
2
2
1
2
1
0
1
0
1
1
2
1
1
0
2
0
0
1
1
4
1
3
0
2
3
2
0
2
0
1
4
1
2
2
0
0
0
1
0
0
1
1
1
0
1
1
0
1
0
1
2
0
2
1
0
0
2
3
1
0
$ENER_FIT:
0.145 0.366701 3.32538e-008
$MCA_CAL:
3
0.145 0.366701 3.32538e-008
$PEAKLABELS:
239.792, "Cd-109"
183.929, "Cd-109, Backscatter"
211.491, "Ge XRF, Escape"
3981.840, "K-40,(Bkgd)"
7124.449, "Th-232(d), (Bkgd)"
$ENDRECORD:
