$SPEC_ID:
PeakEasy Library File: Sr-82, Detective (HPGe), 33.4 uCi @ 100cm
$MEAS_TIM:
23149.82000 24074.18000
$DATE_MEA:
4-Nov-2005 2:47:39 AM
$DATA:
0 8191
0
0
0
0
0
0
0
0
0
1
0
0
0
0
0
1
0
0
0
0
1
0
0
0
1
1
1
3
0
0
1
3
6
2
10
11
19
25
39
720
8636
18290
19100
18562
18593
18436
18705
17926
18048
17863
17775
17544
17434
17360
16987
16987
16985
16763
16663
16433
16573
16299
16119
16244
16257
15876
16020
15770
15834
15405
15312
15485
15381
15472
15284
15068
15062
14936
14769
14549
14623
14614
14696
14587
14306
14357
14259
14527
14289
14042
14055
14289
14053
13874
13449
13802
13624
13831
13860
13622
13474
13301
13442
13392
13564
13035
13107
13105
13041
13141
13103
13065
13170
12944
12850
12986
12771
12863
12638
12481
12577
12756
12661
12381
12432
12561
12438
12564
12448
12366
12376
12260
12172
12191
12177
11971
12082
12154
12093
12269
12091
12276
12233
11956
11946
11861
12150
12026
12031
12045
12019
12068
12124
12075
11883
12021
12243
12102
11853
12069
12196
12176
12223
12259
12276
11878
12250
12158
12367
12323
12255
12126
12193
12564
12240
12274
12544
12337
12658
12579
12903
13147
13900
14331
14547
14403
14550
15117
15671
15344
14632
13589
13080
13142
12896
13033
12761
12840
13113
13050
13023
13066
13212
13462
13392
13743
13486
13258
13530
13513
13860
14274
14448
14700
14722
13933
13924
13749
13969
13774
14115
13759
13658
13452
13624
13567
13499
13712
13541
13914
13705
13729
13691
13597
13664
13928
13686
13932
14076
14007
13977
13945
14130
14032
13988
14192
14001
14096
14162
14186
14288
14315
14405
14319
14414
14303
14224
14290
14436
14175
14330
14471
14421
14413
14496
14445
14421
14683
14598
14673
14763
14706
14734
14647
14938
14754
14822
14691
14624
14910
14882
14764
15020
14986
14848
15011
15519
15045
15284
15203
15210
15191
15253
15204
15539
15425
15684
15535
15453
15623
15431
15462
15487
15737
15475
15588
15768
15738
15686
15728
15888
15764
15671
15831
15849
15751
15843
15745
15749
15868
15604
15771
15620
15930
15956
15494
15674
16096
16063
16053
15705
15745
15719
15707
15757
15718
15909
15907
15771
15648
15905
16105
15947
15821
15778
15829
15819
15674
15927
15775
15823
16038
15816
15939
16111
15807
16035
15816
15724
15845
15756
15895
15612
15884
15663
15957
15760
15727
15485
15786
15581
15589
15711
15641
15612
15752
15861
15653
15675
15484
15429
15521
15461
15684
15869
15603
15787
15515
15532
15722
15566
15745
15649
15627
15699
15549
15472
15447
15746
15412
15435
15789
15152
15628
15575
15331
15399
15446
15367
15296
15230
15343
15336
15423
15401
15412
15352
15435
15323
15292
15662
15342
15296
15430
15368
15305
15288
15540
15479
15408
15351
15110
15359
15470
15444
15132
15388
15408
15135
15311
15344
15500
15176
15332
15097
15262
15435
15435
15429
15443
15480
15550
15507
15309
15625
15493
15522
15712
15610
15992
16039
16406
16487
16645
16986
16749
17464
17651
17815
17945
18089
18346
18569
18628
18558
18751
18878
18629
18865
18864
18481
18642
19017
18569
18518
18483
18528
18397
18434
18330
18131
18629
17920
18436
18136
18018
18216
18010
17822
17815
17900
17733
17652
17528
17751
17588
17721
17260
17489
17587
17421
17198
17153
16857
17062
16888
16781
16943
16610
16630
16695
16509
16392
16409
16319
16201
16258
16266
16079
15994
15993
15985
15804
15742
15483
15516
15299
15153
15138
15056
15032
14973
14934
14918
14667
14631
14480
14481
14511
14458
14174
14409
13961
14280
14012
13959
13862
13866
13747
14011
13633
13587
13496
13492
13391
13560
13174
13005
13135
12958
13040
13126
12820
12989
12798
12822
12779
12866
12436
12560
12397
12373
12413
12297
12320
12294
12311
12227
12150
12177
12278
11815
11784
11853
11878
11916
11635
11709
11574
11587
11637
11551
11591
11473
11357
11352
11267
11336
11331
11167
11245
11267
11054
11319
11218
10979
10955
11102
10964
10836
10800
10876
10745
10757
10545
10675
10572
10610
10488
10406
10514
10562
10428
10422
10549
10567
10494
10306
10554
10112
10127
10154
10219
10172
10139
10127
10212
10232
10020
10186
10514
10908
10935
10756
10666
10083
10075
10113
10011
10039
10074
9992
9957
9876
9662
9901
9831
9626
9593
9679
9581
9561
9444
9592
9742
9459
9642
9612
9447
9487
9346
9496
9420
9487
9260
9512
9383
9452
9406
9395
9321
9349
9369
9124
9377
9294
9267
9271
9074
9445
9291
9235
9332
9270
9196
9069
9278
9279
9153
9189
9234
9059
9240
9058
9050
9276
9113
9052
9214
9088
9049
8995
9027
9057
9094
9160
9227
8972
9056
9049
9071
9018
9069
9059
9259
9172
9020
9076
9139
9135
9229
9047
9022
9127
8920
9118
9136
8966
9155
8957
9193
9253
9100
9189
8949
8966
9123
9075
9141
9224
9116
8964
9212
9237
8975
9081
9179
9090
9169
9072
9092
9148
9044
9072
9059
9108
9036
9033
9052
9226
9123
9234
9022
9198
9288
9207
9149
9238
9361
9419
9154
9332
9331
9294
9186
9234
9232
9238
9241
9301
9302
9126
9293
9298
9384
9799
9803
9890
9717
9688
9441
9355
9462
9565
9284
9422
9539
9515
9417
9477
9544
9518
9501
9645
9533
9687
9507
9623
9589
9570
9642
9662
9606
9673
9571
9755
9784
9554
9722
9787
9564
9770
9726
9896
9808
9672
9919
9809
9877
9928
9678
9918
9832
9832
9903
9831
9867
9957
10037
9871
9928
9974
10009
9983
10021
10204
10110
9986
9857
10097
10090
10179
10018
10031
10335
10133
10284
10153
10429
10374
10260
10290
10519
10213
10334
10246
10441
10386
10263
10373
10383
10353
10589
10435
10558
10454
10580
10545
10534
10489
10295
10569
10503
10481
10569
10506
10407
10553
10419
10347
10366
10364
10383
10526
10319
10338
10325
10064
10119
10370
10147
10108
9998
10096
9949
9768
9903
9797
9127
9178
9053
8734
8599
8540
8174
8158
8030
7805
7583
7639
7383
7133
7107
6901
6925
6721
6657
6665
6504
6390
6399
6347
6272
6248
6158
6166
6102
6100
6034
6237
6515
6635
6746
6587
6168
6055
5695
5708
5580
5557
5486
5404
5549
5518
5322
5274
5287
5250
5372
5307
5325
5192
5192
5207
5051
5095
5120
5133
4972
5029
5020
4996
4961
4882
4699
4817
4701
4885
4767
4780
4828
4672
4660
4665
4693
4623
4628
4621
4587
4501
4405
4584
4510
4410
4438
4392
4410
4435
4388
4399
4271
4269
4276
4247
4201
4240
4112
4171
4156
4121
4144
4047
4105
4051
4078
3971
3983
4003
3878
3889
3855
3929
3816
3814
3797
3612
3854
3773
3635
3757
3665
3745
3729
3610
3721
3607
3588
3613
3551
3480
3574
3499
3481
3574
3457
3409
3478
3483
3384
3376
3441
3281
3272
3319
3401
3338
3324
3177
3237
3219
3222
3133
3198
3238
3146
3135
3155
3182
3099
3028
3038
3005
2982
3030
3027
2902
3021
2930
2887
2924
2928
2881
2885
2853
2701
2842
2851
2728
2808
2708
2726
2739
2686
2717
2695
2718
2569
2714
2687
2777
2601
2579
2563
2547
2560
2553
2483
2480
2458
2520
2430
2486
2369
2411
2396
2418
2448
2366
2408
2397
2382
2464
2363
2346
2415
2289
2383
2333
2392
2429
2405
2324
2257
2282
2356
2258
2355
2280
2225
2441
2342
2225
2223
2255
2303
2170
2307
2218
2226
2255
2213
2271
2226
2224
2109
2249
2330
2189
2132
2309
2137
2194
2178
2153
2252
2151
2170
2290
2160
2209
2189
2153
2236
2160
2074
2144
2233
2130
2202
2194
2138
2155
2194
2124
2158
2072
2077
2104
2126
2108
2114
2093
2152
2152
2082
2104
2060
2149
2081
2028
2176
2081
2100
2090
2102
2088
2032
2136
2029
2148
2055
2033
2064
2015
1991
2022
2093
2007
2040
2043
1997
2032
2034
1892
2051
1937
2058
1981
2017
2079
1969
2027
1953
1963
1958
1967
2055
2009
2005
2021
1909
1994
2013
1971
2062
1931
2002
1944
1991
2020
1934
1929
1868
1959
1927
1808
1917
1963
1844
1906
1966
1894
1889
1877
1960
1904
1924
1924
1902
1950
1881
1939
1870
1908
1872
1882
1939
1873
1867
1886
1830
1822
1853
1825
1857
1933
1957
1895
1848
1767
1834
1809
1754
1826
1791
1827
1831
1838
1722
1814
1802
1878
1768
1837
1815
1924
1805
1781
1832
1883
1811
1822
1773
1777
1852
1788
1834
1859
1810
1840
1842
1830
1807
1883
1778
1769
1801
1816
1885
1811
1779
1819
1841
1801
1817
1786
1827
1824
1837
1800
1910
1916
1905
1846
1886
1835
1855
1920
1914
1946
1995
1962
1990
1942
2063
2022
2028
2100
2135
2116
2186
2409
2462
2641
3161
3795
4766
6925
10318
16904
27512
45044
70383
103399
141358
177630
202841
209223
194269
165572
129992
101799
88428
92304
105377
109547
94070
63963
35395
16381
7132
3435
1932
1281
1001
898
797
791
754
733
771
712
711
700
687
679
676
699
646
637
706
687
712
645
640
666
671
612
600
648
684
673
697
632
618
657
625
625
651
679
656
651
625
634
625
624
632
637
596
598
629
618
637
668
594
630
670
643
666
647
645
634
677
640
603
648
633
597
640
619
625
572
656
636
624
658
613
672
638
607
643
650
663
662
666
681
620
618
651
641
635
647
583
623
616
634
599
629
679
646
601
641
658
645
660
663
627
612
650
632
660
684
609
651
668
647
605
655
652
678
653
689
626
663
734
709
670
683
667
707
665
671
680
618
688
643
654
646
681
617
643
676
685
664
662
692
667
638
654
625
641
652
665
608
693
623
651
672
708
669
648
631
648
699
672
638
631
640
654
674
651
644
638
637
624
619
678
617
641
663
693
711
788
909
1023
996
919
772
678
593
554
514
534
523
501
509
500
560
480
498
484
493
479
525
496
509
450
441
465
492
465
457
476
517
479
454
454
474
448
452
485
453
435
433
445
425
484
478
473
439
445
439
433
430
427
477
449
436
427
464
439
417
455
446
416
420
425
408
439
429
455
508
588
685
904
1162
1221
1162
884
661
504
489
390
414
416
402
413
394
423
429
394
417
386
374
421
418
393
398
381
396
388
416
382
405
377
393
365
399
371
374
411
349
360
353
411
346
393
354
334
330
364
353
357
367
347
411
348
365
329
388
361
340
357
347
359
343
352
336
368
345
353
354
386
345
331
384
380
350
386
343
327
363
351
343
356
340
325
356
360
298
329
335
296
312
321
342
311
335
334
334
342
322
334
312
327
310
313
337
308
289
331
293
299
311
359
303
307
317
311
301
310
332
309
315
315
306
317
271
287
299
278
291
279
272
322
266
280
316
298
304
259
299
279
291
258
287
297
313
338
330
318
320
282
269
256
263
281
305
316
328
338
292
287
304
298
257
308
265
299
274
272
268
293
287
270
267
255
259
258
269
275
279
285
244
270
283
269
277
247
239
266
277
240
267
259
259
265
250
276
262
267
267
270
264
268
248
237
270
290
289
303
262
283
304
255
265
276
273
274
235
271
261
233
266
271
272
243
243
272
245
240
264
245
245
233
228
265
258
242
258
231
243
258
313
279
344
402
408
412
440
459
419
353
282
276
250
240
215
268
262
239
236
255
216
223
209
241
243
214
212
235
232
264
250
238
217
227
227
227
237
227
276
240
270
290
295
296
263
238
229
223
226
205
236
207
213
221
224
234
223
218
241
205
244
225
239
245
246
242
227
212
234
241
180
208
213
237
209
242
187
226
199
219
228
222
209
248
256
330
279
311
277
263
233
232
216
205
241
238
228
229
232
198
200
220
214
199
202
199
210
234
190
206
197
192
204
228
211
206
224
213
208
210
206
182
203
236
206
187
200
183
207
197
203
213
203
202
192
204
204
187
198
189
227
210
207
191
196
185
197
205
190
189
231
186
230
212
166
205
212
205
191
192
195
200
233
205
208
201
204
188
230
192
204
195
183
210
186
185
226
201
211
197
207
206
173
203
201
184
221
204
199
213
185
204
202
220
218
212
246
241
271
270
255
227
196
191
212
177
174
203
240
227
231
206
271
283
468
758
1627
3269
6411
10564
14214
15480
13555
9671
5494
2720
1306
614
326
236
176
169
157
149
159
179
172
169
166
158
160
165
165
183
176
181
167
202
135
178
176
141
199
130
199
159
171
174
173
172
144
158
147
152
144
158
169
160
150
186
223
221
199
220
179
164
168
136
166
160
156
145
153
152
164
157
176
149
144
150
154
141
137
145
156
143
143
144
154
148
154
186
162
160
175
163
137
164
164
152
152
136
135
152
151
131
158
142
138
169
143
143
143
168
146
156
162
141
156
125
133
145
152
164
154
148
172
137
146
143
135
145
140
144
162
174
128
151
163
158
156
145
155
148
139
159
144
166
148
153
156
133
174
144
147
159
158
165
161
150
131
167
150
121
131
144
133
153
151
160
151
158
186
154
164
144
154
177
155
149
127
152
142
158
180
162
143
139
133
148
146
143
121
132
137
160
150
145
130
148
135
151
116
161
130
142
150
125
154
133
117
142
130
135
153
156
143
145
143
123
125
176
129
124
123
137
141
145
126
142
119
135
142
145
110
134
142
150
154
158
209
199
191
168
150
142
134
124
134
115
136
133
118
139
133
115
129
146
136
127
154
142
143
124
135
138
137
141
129
117
134
146
143
134
112
149
133
125
137
135
119
139
123
128
134
148
141
162
133
149
144
157
132
147
121
144
121
122
154
149
119
134
120
134
130
151
120
142
133
127
135
119
146
150
119
132
125
117
140
115
119
137
138
127
121
122
115
118
115
128
120
139
123
139
108
112
122
140
138
108
138
127
136
137
150
121
116
130
142
125
131
108
130
130
130
149
113
126
145
123
150
144
128
143
135
107
124
124
129
138
123
123
128
125
139
165
197
249
331
416
432
385
322
216
157
139
134
113
126
126
129
117
132
128
115
115
110
113
120
124
112
120
116
126
129
123
112
107
120
138
131
121
127
120
111
88
116
140
131
114
101
118
108
117
124
130
127
110
112
104
120
132
129
122
109
114
151
137
128
114
156
174
156
187
174
139
124
129
117
111
121
128
110
123
119
130
114
115
117
104
99
109
121
110
106
124
112
133
111
93
127
118
104
107
111
111
112
123
127
104
125
121
141
135
112
125
113
126
137
124
110
118
124
116
98
109
128
101
141
121
107
117
125
108
98
123
117
107
123
108
101
137
109
114
123
132
108
94
123
114
119
123
117
133
134
168
169
162
138
139
123
138
140
138
170
200
255
283
267
236
217
188
149
123
120
113
102
109
90
123
121
124
124
98
113
97
114
111
129
112
105
88
107
105
114
106
114
115
105
107
117
129
108
113
86
111
102
122
118
98
116
96
114
109
92
111
117
95
128
98
118
119
107
103
99
107
115
111
108
96
113
95
122
101
97
111
108
107
96
89
104
109
109
110
107
110
100
129
133
114
119
111
105
119
125
113
114
119
116
125
126
126
104
98
101
100
129
109
105
116
105
119
97
92
104
111
111
106
97
89
91
120
113
105
118
116
115
118
89
97
111
95
118
100
107
106
102
103
103
109
120
89
93
115
98
125
114
109
101
110
112
108
110
97
106
91
114
115
102
103
115
111
104
112
128
118
92
107
96
115
102
100
94
92
103
99
98
104
80
111
101
114
93
105
121
122
109
105
110
113
91
98
116
101
86
103
99
121
115
105
94
109
96
91
107
120
105
110
101
114
97
105
116
117
119
113
95
102
100
96
98
104
113
98
104
97
103
111
97
86
110
103
102
133
104
120
105
110
104
86
96
98
102
114
105
108
109
85
99
90
72
104
90
92
95
114
132
120
94
106
97
97
105
135
99
106
116
94
92
94
100
98
95
109
101
98
89
91
105
103
106
107
101
96
89
140
102
130
89
93
91
103
116
99
100
104
99
107
95
106
93
96
92
105
105
89
95
97
98
121
102
100
108
93
106
105
128
94
97
108
87
115
92
107
124
111
101
110
90
103
86
89
91
121
119
118
101
104
101
91
92
108
88
86
107
88
99
103
101
82
90
103
96
104
94
105
96
117
97
114
110
107
120
81
108
103
91
101
95
106
99
101
113
109
116
97
89
97
123
106
115
89
87
95
106
115
102
113
113
89
108
120
104
94
98
89
108
110
104
89
128
105
126
93
113
86
117
98
104
103
93
101
107
92
114
100
107
132
146
172
185
286
312
281
236
203
162
136
107
101
99
97
114
106
99
110
102
95
82
99
103
87
108
104
97
93
104
110
106
98
92
87
105
118
105
106
92
110
107
106
107
107
109
114
90
96
113
102
101
103
101
94
112
91
118
114
117
105
87
83
92
115
96
113
99
105
116
102
103
86
111
103
113
102
105
98
113
96
99
110
103
117
89
94
88
95
101
97
107
88
115
101
110
120
105
100
127
136
120
126
140
120
95
91
106
116
123
87
115
105
120
106
106
90
114
94
94
99
106
92
91
110
110
97
93
97
106
107
98
95
91
97
95
110
96
88
95
100
98
102
99
93
97
111
102
111
97
103
92
94
108
101
80
100
107
91
94
102
98
95
105
92
95
114
95
107
104
124
110
105
93
99
111
109
100
93
84
122
104
76
96
104
96
93
85
83
111
90
110
106
101
97
90
103
90
97
95
100
98
100
107
103
92
114
94
96
90
92
97
91
93
85
96
106
111
90
90
116
113
109
84
108
88
113
95
87
106
106
107
88
96
106
98
104
109
101
88
105
94
87
105
106
135
91
104
108
87
106
104
112
85
109
81
111
97
102
97
96
120
118
95
127
112
96
98
92
91
101
125
112
116
85
93
111
109
100
101
84
108
98
87
101
104
95
95
92
107
98
104
107
103
107
99
105
112
79
80
100
95
114
98
95
106
94
105
98
102
82
111
95
103
111
90
96
103
100
120
93
106
112
121
129
126
165
151
178
154
134
118
126
113
79
87
95
94
89
78
87
103
81
74
87
81
74
75
92
79
73
96
67
91
102
79
74
65
84
86
77
74
81
83
76
66
72
73
73
81
86
74
76
82
85
75
71
78
66
62
71
58
71
64
70
67
80
65
72
76
79
82
76
71
55
71
63
77
62
61
68
73
65
67
64
74
83
78
87
58
58
69
62
64
74
65
69
85
60
73
67
60
67
63
66
74
74
68
74
66
74
59
75
69
65
60
62
74
75
66
66
65
75
77
79
86
85
83
78
68
55
64
64
52
56
78
68
61
66
68
67
67
53
53
77
56
75
71
64
55
61
65
54
67
57
60
49
57
52
71
56
51
60
48
62
58
59
74
50
63
66
57
54
56
61
56
72
50
54
63
65
38
75
64
62
55
46
42
65
66
69
38
67
41
51
50
62
65
59
48
59
47
58
52
46
53
50
56
50
55
52
56
60
51
67
65
55
45
38
55
74
46
52
50
46
70
57
55
47
51
43
51
51
47
42
54
49
51
53
51
41
61
45
61
44
51
56
50
60
61
48
47
43
49
42
50
51
51
51
57
48
46
42
44
49
57
50
51
63
45
44
55
53
56
54
39
47
60
50
40
63
35
35
56
52
40
60
40
46
35
53
36
63
43
51
44
49
51
55
50
40
40
37
49
49
41
42
38
43
50
49
48
36
51
58
45
45
38
45
40
48
47
34
42
41
55
34
41
41
49
47
37
52
44
42
36
40
43
50
43
40
59
32
44
39
38
41
29
50
46
34
46
40
52
43
39
45
48
43
40
49
42
33
53
44
45
45
38
35
35
33
33
40
41
40
25
45
28
32
32
39
35
33
45
34
36
51
70
71
84
88
89
65
66
47
41
34
48
35
40
30
33
39
35
46
36
35
36
36
47
30
43
36
28
48
37
43
45
37
42
51
40
37
41
35
39
43
51
50
42
51
56
53
95
147
195
263
288
288
242
225
131
83
57
59
37
37
51
36
27
46
40
42
56
58
48
52
66
46
38
40
36
31
23
23
42
24
40
42
55
54
54
58
70
51
43
45
47
39
39
29
38
39
35
37
38
24
32
34
41
28
31
36
35
27
31
37
40
31
57
35
36
28
25
35
32
38
43
30
40
42
39
28
40
44
30
37
38
25
39
46
44
27
31
32
35
23
34
42
43
37
31
27
31
30
40
36
35
31
34
28
32
40
34
41
43
50
42
36
41
42
37
36
30
32
36
37
35
38
37
35
25
30
38
42
29
33
29
26
39
33
35
28
28
38
31
37
38
32
36
38
35
27
38
37
32
33
45
31
38
32
29
41
32
37
32
42
32
40
41
43
39
32
26
40
35
36
41
48
67
96
164
294
561
830
1194
1680
1825
1700
1437
993
635
332
151
112
43
30
24
34
20
26
23
22
22
23
22
33
26
34
30
25
38
27
24
38
28
29
26
21
29
26
37
36
43
56
49
70
58
52
45
39
38
34
25
25
31
22
31
24
23
29
30
27
34
30
23
24
20
33
18
25
30
26
24
20
29
24
26
26
17
21
31
25
26
34
28
30
30
25
29
16
24
27
16
25
23
18
15
31
32
29
27
39
25
37
39
26
24
28
20
31
32
31
27
31
30
22
18
24
28
23
29
27
24
22
21
23
31
23
23
24
31
31
28
22
41
33
40
44
55
58
44
38
28
37
34
24
26
28
31
22
24
28
20
18
25
24
20
34
21
24
25
30
33
26
22
27
19
30
10
18
12
16
25
24
25
19
20
20
22
31
31
30
15
23
23
29
20
11
25
25
25
23
28
30
26
19
24
17
25
31
22
19
24
16
28
26
24
24
37
23
20
27
19
28
28
24
25
26
27
32
35
30
16
27
27
25
23
27
20
23
28
26
20
24
24
27
19
22
22
13
21
15
18
28
18
19
19
18
12
17
22
16
19
17
24
18
26
27
22
13
19
22
24
25
22
24
26
27
21
18
23
17
21
25
13
23
20
29
19
21
23
21
20
18
25
14
15
21
28
20
15
24
23
18
16
17
22
31
19
22
16
17
24
23
23
22
23
18
20
19
18
16
22
27
21
20
16
12
13
14
18
18
13
19
26
18
27
20
21
22
18
15
22
35
24
28
18
23
22
20
27
28
26
32
21
20
20
19
18
29
29
30
35
45
41
41
44
40
25
19
30
30
50
31
65
58
75
75
46
53
33
29
34
24
22
22
28
20
25
14
24
18
24
19
23
20
26
31
17
16
16
15
16
19
19
19
20
15
24
24
8
17
18
18
21
22
24
17
22
24
22
18
30
19
15
13
21
20
20
12
22
16
19
27
23
22
19
23
22
21
23
22
11
18
18
19
16
14
21
25
30
22
30
32
41
31
34
16
17
24
19
20
16
14
24
20
18
21
25
24
26
15
14
12
24
16
12
23
16
16
41
25
31
28
29
17
22
14
21
25
22
17
18
19
22
21
22
18
13
23
21
20
15
13
23
22
15
14
17
27
11
13
15
19
14
11
16
16
17
15
19
19
18
17
13
12
15
14
14
15
19
15
21
22
14
20
8
16
15
10
12
16
11
12
22
21
18
24
16
17
19
22
18
12
18
19
20
16
15
11
16
19
22
23
30
32
20
31
22
21
21
20
15
12
17
22
21
10
13
23
14
20
21
14
18
16
19
14
17
13
17
17
15
16
16
22
19
21
20
19
23
14
17
16
13
13
17
20
6
17
17
24
17
19
15
16
9
16
14
18
17
23
12
18
18
21
14
25
21
22
20
26
17
16
7
16
13
17
13
15
13
15
20
15
13
17
25
14
15
20
16
20
19
16
13
17
23
22
18
10
20
11
8
15
15
16
15
19
15
19
24
15
15
12
18
22
23
33
34
34
37
21
23
30
20
17
12
14
16
23
21
16
16
26
14
11
11
12
19
20
14
19
12
18
11
23
13
13
15
8
18
14
21
19
13
12
18
17
20
7
16
12
9
10
19
17
15
15
26
8
12
12
11
9
14
13
23
14
13
14
13
15
18
15
14
15
15
27
22
32
40
37
36
37
37
28
21
10
21
13
8
8
20
10
27
19
10
11
9
15
19
9
14
14
14
13
16
19
15
13
15
13
10
12
14
19
21
18
20
14
13
12
18
13
13
15
10
20
16
16
13
14
15
15
18
11
9
16
16
12
15
17
9
21
15
19
7
13
12
7
11
13
20
25
5
12
22
19
14
14
15
15
16
9
15
13
12
5
15
14
22
31
45
64
107
137
135
200
132
116
88
68
37
23
25
18
12
17
15
19
12
10
15
11
6
6
10
9
18
12
17
7
13
13
19
18
10
11
20
11
12
15
12
16
12
16
15
10
13
12
13
11
13
15
14
9
14
12
12
11
14
18
16
11
17
14
18
15
12
9
11
15
11
11
11
13
10
19
17
13
10
21
13
15
15
16
15
15
13
14
15
14
14
11
13
13
17
18
12
14
13
12
16
10
7
17
15
17
17
18
12
13
15
16
13
11
12
9
15
12
21
12
13
12
9
5
13
19
11
14
6
19
18
5
11
12
14
15
8
12
7
17
17
13
11
10
11
16
11
16
16
13
12
10
8
7
10
19
15
15
9
9
15
20
11
11
11
11
20
9
11
6
5
12
14
13
11
11
9
11
11
15
13
13
10
14
8
17
12
14
15
8
9
9
12
9
10
7
17
19
16
14
12
13
10
20
16
13
9
16
12
17
17
16
12
18
13
7
16
13
12
17
15
17
9
13
13
12
14
18
13
23
35
30
27
25
21
23
19
17
19
11
7
11
12
19
6
14
9
19
8
12
16
15
11
16
10
8
16
13
14
13
11
12
12
15
13
6
10
9
7
12
14
12
11
11
21
23
17
16
10
9
12
17
19
14
12
15
20
9
12
12
17
13
16
15
12
11
19
18
14
5
13
17
17
17
13
8
12
7
12
16
13
9
11
15
13
7
9
16
15
14
11
14
15
17
9
10
15
13
9
9
9
14
16
6
16
15
13
8
4
8
20
12
10
11
8
14
11
15
16
13
11
10
12
11
8
15
14
12
14
10
12
13
11
13
15
6
10
8
8
22
20
13
16
12
10
11
11
11
5
13
13
13
12
16
9
16
11
17
13
17
18
6
13
18
14
12
12
11
11
11
13
14
11
10
9
16
17
7
4
6
12
5
11
6
13
7
10
13
13
8
9
12
16
18
13
13
17
10
7
10
11
13
10
12
12
11
9
9
13
14
9
14
10
16
17
10
14
16
16
14
8
8
15
17
18
16
7
12
9
17
10
14
13
12
9
14
10
13
9
7
13
11
14
13
7
11
16
11
8
14
10
14
12
10
8
8
10
12
12
8
13
19
16
10
15
8
14
15
13
9
15
16
13
10
9
15
11
14
10
11
14
14
10
6
14
12
4
13
12
9
16
15
10
12
10
13
8
13
8
12
14
7
11
11
18
17
14
15
12
10
16
6
13
14
14
9
15
9
13
9
11
10
16
8
10
12
6
6
12
9
3
14
8
8
6
14
8
8
7
7
12
12
4
7
6
12
10
12
12
15
8
7
12
8
13
9
8
12
10
7
10
11
13
15
12
12
16
15
11
4
10
8
6
13
8
13
13
9
13
5
11
12
9
10
10
13
9
12
11
14
11
9
12
7
7
11
16
11
12
10
15
8
13
19
10
5
10
6
11
7
9
16
8
17
10
12
13
17
10
11
5
16
12
11
5
10
9
6
7
10
7
10
6
13
10
14
9
7
18
9
14
11
9
10
10
14
9
8
10
8
9
11
11
8
11
7
14
8
11
9
10
7
10
6
9
5
12
13
5
12
11
6
6
6
6
9
16
13
9
14
8
10
6
9
13
7
9
5
6
7
13
7
8
8
9
13
8
10
12
7
3
7
7
14
7
13
5
4
5
5
11
6
8
6
6
9
6
13
7
13
5
3
5
9
7
8
11
13
7
16
9
14
10
7
2
6
12
7
12
9
6
8
7
4
10
9
7
9
13
7
13
4
10
10
8
10
8
5
11
10
12
4
13
5
8
7
6
9
9
12
12
10
7
5
10
7
12
10
24
14
13
9
12
12
12
8
5
11
17
8
11
11
11
8
11
10
7
12
9
6
11
8
13
13
6
14
9
13
7
7
12
4
10
12
8
7
9
6
5
9
9
16
13
14
4
9
11
6
8
5
14
11
12
7
6
11
10
8
7
13
7
12
3
10
11
5
5
10
14
10
10
6
7
8
11
6
9
14
9
8
14
15
7
10
12
5
6
12
12
8
5
3
3
9
13
10
12
11
2
11
15
4
11
9
15
9
10
8
8
10
12
9
11
15
13
20
20
12
24
25
20
43
33
33
40
38
30
24
17
19
19
9
17
12
9
12
14
15
8
9
5
5
9
9
9
13
6
3
7
8
4
8
10
5
8
11
12
11
11
13
8
9
25
16
17
17
6
11
14
12
9
8
13
8
11
6
7
15
11
10
12
13
11
7
11
6
7
9
10
11
6
14
6
11
10
9
6
7
9
2
9
11
8
7
9
6
12
10
2
5
13
8
8
7
9
8
8
10
7
9
6
11
6
10
8
5
10
12
14
9
8
9
10
7
15
6
15
6
10
9
9
8
6
6
8
12
9
6
7
13
12
9
10
9
13
12
9
13
10
13
7
6
11
8
4
11
7
8
10
14
7
7
11
4
12
9
8
11
8
7
6
7
7
8
10
15
8
9
6
16
5
7
7
12
8
17
12
18
22
13
22
16
16
17
8
10
12
6
6
7
9
9
8
16
11
8
2
5
8
9
4
11
8
12
11
10
9
9
15
8
9
9
10
13
13
13
16
10
11
6
14
6
7
8
12
11
4
11
9
9
8
7
7
7
7
14
11
6
8
9
6
19
14
13
8
7
8
5
8
7
9
11
17
11
9
7
11
7
9
5
13
6
10
8
5
8
9
7
10
17
12
16
15
26
28
47
50
45
39
41
34
25
21
14
7
7
10
9
12
12
11
10
16
9
7
8
8
9
9
6
11
9
9
8
8
2
6
6
6
7
9
10
9
8
8
9
10
10
8
11
18
13
8
7
12
6
13
9
10
11
14
8
15
8
7
7
7
13
5
14
10
9
9
10
11
9
13
5
11
5
12
13
7
12
11
4
9
8
8
8
8
13
12
5
6
9
8
12
7
8
6
4
14
7
11
7
11
9
7
7
11
6
9
6
5
2
9
7
5
3
12
10
9
10
7
3
10
7
7
9
6
11
9
13
7
4
7
8
7
8
4
11
9
7
12
7
9
8
6
10
9
10
9
13
14
6
11
8
9
6
4
5
6
9
11
6
4
6
9
7
16
5
10
2
4
11
12
10
10
7
13
6
7
6
9
3
11
11
9
9
10
7
11
11
8
4
6
14
5
15
7
5
10
5
10
4
8
6
6
6
12
3
6
11
8
4
8
9
6
10
12
7
6
10
10
3
8
12
8
11
4
10
17
8
8
8
9
7
7
4
13
12
11
7
12
13
8
10
6
14
17
16
6
8
15
15
9
8
10
6
9
12
8
9
13
6
7
9
5
7
5
9
14
11
9
9
10
8
5
8
8
9
7
4
13
8
6
8
10
11
9
13
9
6
8
9
10
7
14
7
4
6
10
7
5
11
13
10
14
13
10
12
7
8
9
11
6
14
10
8
13
11
10
8
11
15
11
12
10
5
7
12
11
17
12
4
8
9
7
5
11
5
8
7
10
7
5
8
9
5
15
9
7
6
11
10
9
15
9
11
11
10
4
11
9
18
10
8
9
6
5
5
9
11
12
4
12
8
7
8
5
12
13
18
12
8
10
9
11
10
7
6
14
3
15
6
7
6
10
8
10
14
11
4
11
8
14
5
13
11
16
11
8
8
9
10
10
11
5
12
18
8
11
17
5
9
9
7
9
14
8
10
8
14
5
14
7
12
6
12
6
10
5
9
11
10
9
5
12
6
9
8
9
6
8
10
8
7
9
10
8
11
5
5
14
5
4
7
10
10
6
5
10
4
9
5
10
11
8
8
6
10
7
9
13
6
6
4
10
9
9
10
10
9
9
6
10
6
7
6
10
5
8
7
7
4
4
2
4
5
11
2
7
6
7
10
9
8
7
4
7
7
1
13
7
7
12
6
8
5
6
5
7
10
6
5
3
5
11
5
4
9
7
1
8
10
7
5
5
7
8
11
7
8
8
7
4
5
9
5
5
3
6
7
10
4
9
8
7
5
7
8
15
13
8
4
4
13
8
10
6
5
3
7
6
5
4
2
7
8
7
4
8
4
9
10
5
4
5
5
6
3
9
6
3
6
8
3
2
5
7
4
8
7
5
6
4
5
6
9
5
4
10
4
6
5
8
8
6
8
2
2
9
10
7
3
6
6
4
7
3
7
8
6
6
8
6
7
8
6
3
7
3
5
2
5
5
5
5
3
5
12
4
5
4
4
3
10
7
8
11
15
19
12
21
17
15
4
8
5
5
6
2
5
4
4
7
6
3
1
1
6
2
3
9
4
2
6
8
4
2
5
4
3
4
3
5
5
6
3
9
3
4
3
1
6
4
6
3
2
6
6
6
6
5
5
1
6
4
2
3
7
2
2
5
6
0
6
3
1
4
6
10
3
8
4
3
3
5
1
5
5
4
5
8
7
3
4
12
12
11
9
11
8
6
8
8
5
4
6
5
6
7
5
3
8
1
6
1
2
3
5
1
8
4
4
1
2
4
3
6
1
4
1
1
1
4
7
5
3
1
2
1
7
3
0
0
1
4
2
3
6
5
2
3
5
3
3
2
4
4
6
0
1
2
3
2
3
4
3
2
3
0
2
1
1
3
3
3
3
2
0
4
1
4
2
4
0
4
1
1
1
4
0
3
3
2
0
3
2
1
1
6
1
2
0
1
4
3
2
3
1
3
3
5
3
3
1
1
0
4
2
5
2
5
4
4
1
2
1
2
0
4
2
3
2
1
3
5
4
4
1
0
2
1
1
2
1
1
1
4
0
4
3
0
6
1
0
1
0
2
1
2
1
5
3
2
6
0
3
0
1
3
4
0
1
2
1
2
1
1
4
3
5
1
1
2
1
4
2
2
3
2
0
3
2
0
1
1
2
1
3
2
4
2
2
4
1
1
1
0
2
3
1
1
1
3
1
4
1
1
3
2
2
2
2
3
0
3
0
2
0
0
1
1
0
1
0
1
2
2
2
2
3
2
2
4
2
4
0
2
3
2
4
0
4
3
1
1
1
6
0
0
1
0
2
1
2
4
3
0
3
2
1
2
1
2
2
3
1
0
1
1
2
0
1
2
1
3
2
1
2
1
1
2
2
0
1
2
2
1
2
2
0
2
1
1
5
2
2
1
1
1
0
2
1
2
1
0
2
1
1
0
1
2
2
0
0
4
1
0
1
1
2
1
2
4
2
1
0
1
4
5
1
1
1
1
2
1
2
4
2
3
2
1
4
3
3
4
5
4
12
16
32
41
76
116
149
181
199
178
164
128
111
59
43
35
16
10
0
5
4
1
1
3
1
0
2
1
0
1
0
0
0
0
0
1
1
1
0
0
1
2
0
1
2
2
0
1
1
2
5
1
2
2
1
1
0
2
3
4
0
3
4
1
0
1
0
0
1
0
1
1
2
3
1
0
1
1
0
2
1
1
0
4
2
1
1
1
0
0
2
1
2
2
0
2
1
2
2
0
1
1
0
1
2
0
3
1
1
2
0
1
1
0
3
2
0
0
0
2
2
3
1
2
1
3
2
2
0
2
0
1
3
1
0
2
1
1
0
2
1
1
2
2
1
0
1
2
2
2
0
2
2
0
2
0
1
1
0
0
2
1
2
1
1
2
0
1
2
1
3
0
2
1
0
0
0
2
2
2
1
0
1
1
0
1
3
1
2
1
0
0
0
1
1
0
2
0
0
0
1
1
1
0
1
0
1
0
0
3
0
1
0
0
2
0
1
1
1
2
0
1
1
1
0
0
3
2
0
0
3
0
1
1
1
0
0
2
3
3
0
0
2
0
3
0
1
1
1
3
0
1
1
2
0
4
0
2
0
0
2
2
2
3
1
0
0
1
0
0
0
1
2
1
1
1
1
0
1
0
1
2
0
0
1
2
0
0
0
2
1
2
1
2
0
2
1
2
2
2
0
0
3
0
1
0
0
2
1
1
1
0
2
0
2
0
0
2
1
2
1
0
4
1
3
1
1
1
1
1
2
0
0
0
0
0
1
2
1
2
1
1
0
1
1
0
2
1
0
2
1
2
0
2
0
0
0
2
0
1
1
0
2
2
4
3
0
1
0
1
0
0
0
0
1
0
1
0
0
1
1
2
1
0
0
1
1
1
1
3
0
0
0
2
0
0
0
0
0
1
0
1
1
1
2
3
0
1
0
1
1
2
0
0
1
0
2
2
0
0
1
1
0
0
1
4
0
1
0
1
0
3
0
1
2
2
4
1
1
0
0
0
1
1
0
0
1
0
1
0
0
2
0
3
1
1
0
0
0
0
0
3
1
0
1
0
0
1
1
0
2
2
0
1
1
2
0
0
1
0
1
1
1
1
0
2
1
2
0
1
1
2
2
1
0
2
0
0
0
0
0
2
0
1
1
0
2
1
0
0
2
0
0
1
0
0
1
1
0
2
1
0
1
2
0
1
0
1
2
0
2
2
2
1
0
1
1
1
0
1
1
2
0
1
0
0
0
1
0
1
0
1
1
1
0
0
1
0
2
1
1
1
0
1
2
1
2
0
1
1
1
1
0
1
0
0
2
1
1
2
0
0
0
1
0
1
0
0
0
2
1
0
0
2
1
0
0
1
0
0
0
0
1
1
0
0
1
0
0
0
2
0
1
0
0
1
0
0
1
0
0
3
0
1
0
3
0
0
1
0
2
0
0
0
0
0
0
2
0
1
1
0
0
0
1
1
0
0
0
1
3
0
0
1
0
0
0
0
1
0
0
1
1
0
1
1
0
1
0
2
0
0
0
0
0
0
0
2
2
1
1
0
1
0
1
1
2
2
2
2
1
0
1
0
0
1
0
1
0
1
1
0
0
1
1
1
0
0
0
0
1
0
0
1
0
0
1
0
0
1
1
0
1
0
1
0
2
0
0
0
1
1
0
3
0
0
1
0
0
2
0
0
0
0
0
1
1
0
0
0
1
1
0
1
2
2
0
0
1
1
0
0
1
2
0
0
1
0
2
1
0
0
2
1
1
0
0
1
0
1
1
0
0
4
4
1
0
1
1
0
1
0
0
2
1
0
0
2
1
0
1
1
0
0
1
1
0
1
1
0
0
0
0
2
2
0
0
2
0
1
0
1
0
2
0
2
0
0
1
0
0
2
1
0
0
1
1
0
1
0
1
0
1
0
1
0
1
1
1
0
0
4
1
0
0
0
1
0
2
0
0
1
0
0
0
0
1
0
0
2
1
0
1
1
1
2
0
0
0
1
0
0
1
2
0
0
0
0
1
0
0
0
0
1
0
0
0
4
1
0
0
2
0
0
0
0
4
3
2
3
1
1
0
1
2
3
0
0
2
3
0
0
1
1
1
0
0
2
0
0
0
1
1
3
1
1
0
1
0
0
1
1
0
1
0
0
0
0
1
0
1
0
1
1
0
0
1
0
1
0
1
1
0
1
0
0
0
0
1
0
0
0
1
0
3
0
1
0
1
0
1
2
0
0
1
1
2
4
1
0
1
0
0
1
1
0
0
0
0
0
0
0
0
0
1
0
0
3
0
0
0
2
0
1
0
1
1
0
2
0
1
1
0
0
1
0
1
0
1
0
0
0
0
1
0
0
0
1
0
0
1
2
3
0
2
0
0
0
$ENER_FIT:
-0.099 0.366268 -3.20344e-007 3.08328e-011 0.00000e+000
$MCA_CAL:
5
-0.099 0.366268 -3.20344e-007 3.08328e-011 0.00000e+000
$PEAKLABELS:
1396.945, "Rb-82"
1406.125, "Sr-85"
2123.886, "Rb-82"
1910.127, "Rb-82"
1906.269, "Rb-82"
1944.882, "Rb-82"
3817.484, "Rb-82"
4036.184, "Rb-82"
4659.852, "Rb-82"
5932.107, "Rb-82"
6595.389, "Rb-82"
6784.500, "Rb-82"
7152.308, "Th-232(d),(Bkgd)"
3997.187, "K-40,(Bkgd)"
188.261, "Au XRF,(Detector)"
212.753, "Au XRF,(Detector)"
477.254, "Backscatter"
912.219, "Compton, Edge"
$ENDRECORD:
