$SPEC_ID:
PeakEasy Library File: Sr-82, IdentiFINDER (LaBr3 with Cs-137 seed), 31.9 uCi @ 100cm
$MEAS_TIM:
20412.00000 20445.00000
$DATE_MEA:
11-Jun-2014 10:28:59 PM
$DATA:
0 1023
0
0
0
0
0
0
9333
23710
27740
35670
63817
106989
128499
109635
65740
44154
41220
42353
44119
46325
48107
49747
52044
54309
56405
58399
59977
61363
63190
64692
65425
66708
68588
69996
70710
71472
72569
72994
73677
74206
75205
76528
75755
74769
74324
74022
74102
74081
73337
72968
72972
71938
72832
74081
76136
79114
82692
86495
90035
90792
90608
89848
87235
85132
81650
79350
75885
73889
70687
68800
66376
64245
62587
60284
59059
57940
56565
55732
54091
53343
52376
50964
50121
48804
47829
47008
46319
45563
45058
44834
44146
43599
43255
42896
42213
42061
41919
41407
41243
41443
41054
40824
40613
40330
40573
40177
39720
39718
39384
38502
37535
35650
34295
31957
29099
27184
25935
24638
23581
22655
22335
21579
21032
20505
20518
20161
19460
19239
19093
18895
18610
18346
18344
18457
18005
18216
18222
17944
17899
17665
17988
17760
17818
17701
17857
17688
17961
17861
17868
17830
17472
17408
17802
17616
17245
16805
16531
16156
15613
15305
16114
19107
25662
38318
57881
85477
118015
152005
180153
194846
192546
173428
142894
108475
76407
49561
30842
19239
12039
8133
6122
5159
4557
4342
4109
3978
3968
3912
3818
3820
3704
3698
3701
3520
3470
3419
3441
3353
3225
3170
3154
3129
3197
3214
3073
3091
3167
3421
3997
5388
7446
11507
17662
26465
36927
49127
61310
70780
76458
76890
72308
63399
51474
39438
28241
19579
12750
8244
5364
3790
2796
2341
2101
1963
1827
1839
1830
1783
1790
1772
1715
1670
1642
1696
1656
1699
1839
1904
2118
2379
2778
3332
3904
4518
4956
5423
5772
5789
5616
5299
4746
4214
3615
3153
2645
2370
2121
2012
1978
1829
1835
1787
1790
1769
1738
1763
1763
1720
1779
1707
1684
1650
1660
1683
1670
1637
1594
1640
1682
1698
1622
1632
1569
1631
1604
1632
1627
1643
1600
1603
1627
1677
1617
1620
1529
1570
1584
1545
1496
1468
1494
1514
1506
1503
1497
1470
1430
1434
1478
1500
1375
1434
1418
1363
1323
1298
1285
1282
1239
1278
1228
1231
1300
1203
1185
1229
1188
1179
1166
1194
1103
1131
1154
1166
1126
1104
1097
1171
1148
1157
1112
1099
1145
1127
1133
1135
1097
1120
1078
1080
1139
1094
1102
1140
1128
1057
1132
1131
1117
1140
1176
1105
1098
1111
1135
1113
1150
1071
1076
1117
1153
1071
1058
1021
1058
1112
1046
1003
1052
1098
1101
1016
1061
1066
1006
999
1057
1016
1045
1054
1014
1049
967
968
995
994
1003
940
987
953
925
873
865
844
838
834
766
747
746
789
782
734
698
714
680
707
640
671
633
657
621
660
648
622
635
603
606
597
573
634
576
583
557
552
569
568
601
523
550
565
543
564
571
556
549
557
575
568
534
605
576
599
584
617
637
648
636
712
766
793
823
941
1047
1080
1199
1264
1346
1421
1498
1567
1673
1700
1816
1776
1770
1743
1728
1621
1527
1368
1292
1234
1104
946
840
777
647
622
547
540
501
416
444
417
412
421
399
365
385
385
370
366
364
379
364
357
365
348
337
357
384
331
364
335
316
346
368
362
379
372
362
318
313
361
344
335
320
311
350
315
347
342
319
312
303
326
274
314
330
289
285
280
307
271
294
261
283
289
283
300
291
272
327
281
270
272
295
279
300
284
280
254
266
269
268
278
272
265
298
290
302
282
265
285
295
291
299
283
275
263
244
272
300
265
269
254
284
250
251
240
237
239
256
262
252
233
261
251
275
267
267
246
261
231
248
242
250
242
254
241
236
267
258
233
272
246
265
263
248
269
260
239
219
260
260
245
255
237
261
253
269
266
277
252
240
250
272
240
239
285
295
270
272
265
284
280
301
287
250
277
266
291
284
288
313
288
303
285
288
273
255
264
278
247
250
255
238
222
202
209
208
199
199
205
208
197
184
193
186
216
192
198
205
202
200
196
187
204
204
191
192
180
200
193
190
185
189
181
193
193
189
190
181
199
166
178
177
181
202
177
190
190
209
183
170
197
190
181
190
192
184
210
209
203
196
210
208
208
230
209
207
215
224
196
253
218
193
207
222
202
198
217
211
186
181
206
159
166
168
167
170
174
167
162
155
178
158
171
169
149
171
149
157
151
157
153
169
145
150
180
151
136
145
136
120
124
112
114
116
87
110
106
106
91
83
93
87
84
87
69
91
73
51
61
83
76
79
77
86
69
68
70
80
82
65
85
87
82
73
74
68
69
65
83
61
63
80
69
61
84
81
64
63
80
69
73
80
70
74
71
80
79
75
74
81
71
83
88
87
88
109
113
110
122
123
122
145
145
143
147
144
145
155
158
157
154
159
154
147
130
122
122
110
113
98
100
93
82
69
65
59
60
40
37
41
37
28
35
21
21
17
22
16
13
16
5
15
11
14
10
14
8
7
10
7
3
6
8
3
5
5
7
6
3
4
2
2
3
4
7
3
3
4
4
6
1
4
1
4
10
2
4
2
2
3
1
6
5
5
8
2
4
6
2
6
3
8
1
4
3
6
2
2
2
2
4
0
0
4
5
4
0
3
5
1
4
5
0
0
0
0
0
0
0
0
0
0
0
0
0
0
0
0
0
0
0
0
0
0
0
0
0
0
0
0
0
0
0
0
0
0
0
0
0
0
0
0
0
0
0
0
0
0
0
0
0
0
0
0
0
0
0
0
0
$ENER_FIT:
0.420 3.024624 0.00000e+000
$MCA_CAL:
3
0.420 3.024624 0.00000e+000
$PEAKLABELS:
218.629, "Cs-137"
256.715, "Rb-82"
11.969, "La-138, Cs-137 Ba X-rays"
169.404, "Rb-82, Sr-85"
482.911, "K-40 (Bkgd), La-138"
863.818, "Th-232(d),(Bkgd)"
59.830, "Backscatter"
107.809, "Compton,Edge"
$ENDRECORD:
