$SPEC_ID:
PeakEasy Library File: Sr-82, Interceptor (CZT), 33.4 uCi @ 100cm
$MEAS_TIM:
24083.40000 24149.10000
$DATE_MEA:
4-Nov-2005 02:48:50
$DATA:
0 1023
0
0
0
0
0
0
0
0
0
0
0
0
0
1048
1030
709
667
645
687
603
635
612
627
588
574
582
610
625
587
564
622
664
654
701
663
652
743
683
716
804
774
760
832
822
855
910
886
947
1053
997
1042
995
942
1017
1043
1043
1056
1058
1128
1125
1107
1058
1119
1109
1088
1095
1150
1118
1110
1117
1131
1145
1083
1173
1088
1145
1149
1099
1103
1153
1146
1090
1109
1115
1066
1017
1099
1028
1100
1058
1020
1038
967
1035
1084
1000
933
998
965
1034
1016
966
889
889
927
943
988
928
971
993
943
979
1046
1033
1101
1064
1025
1036
985
1024
943
977
932
885
875
881
853
788
793
771
725
699
709
689
732
628
631
583
623
594
604
549
543
540
542
491
508
525
501
531
482
476
468
440
457
484
468
446
404
398
414
416
423
397
405
406
394
378
403
335
363
382
355
373
369
360
305
334
318
331
342
338
350
302
285
340
336
300
309
318
305
329
326
279
301
285
342
319
309
302
282
330
296
301
304
295
287
301
314
282
259
321
265
261
253
261
267
260
246
228
221
205
228
203
194
171
166
185
150
161
136
126
109
110
101
101
99
89
110
110
95
100
91
94
93
90
76
89
83
91
74
81
102
91
73
61
58
81
84
71
69
63
73
70
55
61
68
64
63
79
85
51
58
69
80
68
78
51
66
53
54
55
60
63
71
70
61
60
51
56
65
57
87
73
74
60
72
73
70
68
61
73
81
86
69
83
91
92
83
89
96
97
124
124
116
120
129
136
172
153
160
157
186
198
177
195
221
252
310
287
330
353
364
425
449
500
592
623
719
724
782
786
705
675
489
410
280
214
142
77
46
40
30
15
21
21
21
14
14
18
13
17
13
13
13
17
16
13
20
14
11
20
6
17
12
7
7
8
16
26
13
6
11
10
7
18
7
12
9
11
11
9
10
9
7
5
6
9
5
5
6
9
7
7
10
8
3
10
8
10
14
4
2
5
3
5
7
3
6
8
5
8
7
6
6
9
3
4
5
8
5
3
4
5
9
4
4
6
2
5
4
2
11
5
5
6
6
3
6
6
2
5
4
11
10
3
1
7
7
5
4
8
4
8
2
7
8
9
4
6
8
9
2
3
5
2
4
6
5
4
11
9
2
6
6
6
4
8
4
11
5
5
6
4
4
14
3
8
14
11
11
1
8
9
12
8
19
10
9
14
9
7
17
10
15
11
17
13
16
13
11
11
9
10
9
8
7
7
6
2
2
4
3
6
2
4
4
2
5
3
3
4
4
0
2
6
3
3
0
3
1
3
2
6
2
2
5
6
0
5
3
3
0
2
3
9
6
1
3
3
0
2
3
2
3
2
6
2
5
2
3
3
3
2
2
3
2
5
0
3
3
2
3
4
2
6
2
1
2
2
6
0
2
3
3
2
2
1
4
3
3
0
3
2
1
2
3
2
2
7
4
1
2
1
1
3
1
2
1
1
3
2
1
2
2
1
2
3
2
3
2
6
2
2
0
4
2
3
2
1
0
4
3
2
0
5
3
3
1
2
3
2
4
0
1
3
4
2
2
4
6
4
2
2
0
1
1
2
3
2
3
2
3
1
3
1
2
0
1
0
4
2
4
4
2
0
5
4
1
2
3
3
0
5
2
1
2
0
3
3
1
0
2
1
3
1
6
3
0
0
1
1
1
3
1
2
4
4
0
4
2
0
0
2
0
2
0
2
0
1
2
2
0
2
4
4
3
0
2
1
2
3
1
1
2
1
2
1
1
2
0
1
3
1
0
1
2
1
2
3
0
3
3
1
3
1
1
1
2
2
2
3
2
1
0
3
0
1
0
3
0
5
1
1
2
1
0
2
2
1
1
1
2
4
4
2
1
3
2
1
1
3
1
3
0
2
2
1
1
0
1
1
1
2
1
1
0
3
0
2
1
0
0
1
0
2
0
0
1
1
1
2
0
1
1
2
3
1
1
3
1
5
1
1
2
3
0
0
1
0
0
1
0
0
2
2
0
2
0
2
1
0
0
1
0
1
0
0
2
1
2
0
1
2
1
0
0
1
0
1
1
1
1
1
2
0
0
2
3
1
1
1
0
0
0
0
2
1
2
1
0
0
2
0
1
1
0
0
0
2
0
2
3
4
1
1
1
2
2
1
1
1
2
2
2
2
0
2
1
0
1
0
0
2
0
1
0
3
0
1
0
0
2
0
0
1
1
1
4
0
0
1
0
0
1
0
0
2
0
2
1
2
2
1
2
4
2
1
2
0
0
0
2
0
0
0
0
0
0
1
0
0
0
0
2
0
0
1
3
0
2
1
2
2
1
1
0
0
1
0
0
0
1
1
0
0
0
0
1
0
1
0
1
0
$ENER_FIT:
0.000 1.500000 0.00000e+000
$MCA_CAL:
3
0.000 1.500000 0.00000e+000
$PEAKLABELS:
340.200, "Rb-82"
507.329, "Rb-82"
115.913, "Backscatter"
208.900, "Compton,Edge"
$ENDRECORD:
