$SPEC_ID:
PeakEasy Library File: Sr-82, IdentiFINDER (NaI with Cs-137 seed), 33.4 uCi @ 100cm
$MEAS_TIM:
23612.00000 24110.00000
$DATE_MEA:
1-Jan-2000 00:18:17
$DATA:
0 1023
0
0
0
0
0
0
0
0
4146
6651
10771
14701
18534
21618
24317
25958
27452
31506
36840
44231
54276
61259
61962
59649
52390
43596
36633
32729
30443
28660
28323
28404
28295
28095
27931
28995
28942
29330
30343
30413
30723
31530
31971
32870
34019
35279
36795
37804
39591
41077
41675
42114
42335
42615
42178
41381
41832
41988
41918
41830
41934
41804
41915
41846
42031
41896
42393
42956
42770
43229
44141
44264
44656
44943
45529
45980
46182
47125
47118
47161
47993
47728
47205
47058
46698
45417
44756
44478
44533
44063
45098
44653
44915
44400
44385
44521
44239
44343
44400
44672
44446
44877
45307
45270
45248
45597
45863
46549
46928
47174
47907
48436
49367
49634
50089
50719
51501
51089
51186
51663
51110
51066
51103
50397
49983
49697
48730
47687
47249
46754
45475
44815
44608
43230
42669
42272
41218
40611
39661
38979
38540
38248
37234
36758
36153
35426
34916
34798
34031
33736
33206
32569
32284
31788
31457
31191
30767
30389
30229
29648
29380
28939
28875
28563
27900
27527
27541
27121
26764
26516
26407
26062
25777
25430
25564
25214
24972
24475
24631
24196
24059
24309
23920
23350
23688
23511
23422
23160
23036
22723
22874
22619
22240
22189
22303
21980
21605
21704
21448
21276
21295
21276
21295
20594
20431
20277
20393
20000
19696
19897
19173
19152
18655
18423
18051
17450
17336
17087
16767
16387
15792
15580
15182
14969
14685
14272
13699
13637
13124
13022
12891
12741
12368
12124
12018
11788
11819
11422
11307
11281
10993
10897
10955
10584
10567
10555
10419
10267
10430
10006
9982
10032
9930
9937
9648
9767
9878
9801
9617
9672
9584
9602
9444
9593
9636
9453
9415
9631
9451
9574
9618
9440
9410
9458
9623
9460
9332
9536
9677
9420
9456
9597
9522
9565
9802
9656
9719
9673
9533
9469
9777
9734
9473
9898
9765
9941
9671
9736
9824
9998
9943
10248
10033
10243
10321
10499
10731
11128
11175
11406
11878
12444
12915
13401
14045
14848
15895
16807
17770
18889
20379
21621
23133
24882
26568
28046
30401
32316
34327
36187
38094
40597
41933
44201
45958
47163
48875
50177
50438
51842
52121
52024
52459
51904
51611
50063
49390
47470
46232
43692
41964
39632
37073
34917
32498
29875
27846
25427
22846
20672
18405
16532
14877
13073
11383
10011
8871
7743
6726
5828
5177
4581
4012
3496
3173
2816
2647
2432
2224
2089
2124
1962
1949
1849
1784
1847
1834
1747
1705
1756
1801
1659
1706
1772
1728
1775
1772
1766
1863
1871
1964
1911
1960
2093
2083
2075
2235
2335
2444
2557
2734
2758
2864
3008
3257
3457
3704
3958
4421
4571
4826
5328
5498
5963
6214
6639
7080
7372
7798
8126
8538
9139
9433
9633
10055
10265
10720
10977
11121
11090
11357
11403
11383
11511
11381
11433
11119
10799
10538
10033
9900
9616
9168
8765
8091
7875
7340
6705
6285
5749
5455
4978
4501
4101
3845
3456
3113
2830
2542
2318
2040
1951
1686
1516
1539
1274
1166
1189
1058
1038
994
923
911
901
846
887
875
885
868
853
914
875
915
923
1009
1003
992
1014
1111
1140
1176
1181
1224
1236
1334
1339
1398
1394
1425
1369
1380
1575
1480
1594
1561
1577
1561
1568
1496
1583
1515
1485
1513
1465
1507
1424
1464
1389
1323
1269
1183
1169
1120
1053
1009
1026
1018
962
894
826
796
760
757
687
693
614
554
541
542
551
537
449
465
452
438
423
449
409
396
379
383
428
395
370
384
366
351
408
371
402
336
335
332
380
358
345
316
354
348
379
371
348
328
347
367
359
357
339
344
359
313
339
370
348
353
347
327
363
363
323
349
355
317
347
329
332
337
339
352
348
340
369
323
327
345
334
337
347
346
336
351
304
325
341
323
329
322
326
320
316
314
290
326
323
329
330
327
331
322
340
322
311
304
314
342
289
287
302
316
292
278
307
321
287
294
290
305
297
262
273
272
286
309
270
269
283
262
304
269
269
275
243
292
288
285
245
281
262
261
254
261
259
264
260
261
226
288
240
242
263
236
266
238
273
264
259
266
263
225
228
253
258
263
253
268
237
233
258
250
252
258
246
230
265
265
210
213
266
257
253
272
273
231
223
239
246
253
265
244
242
242
230
259
270
247
288
232
248
239
260
235
231
227
217
262
228
238
252
194
235
237
209
238
238
235
224
254
228
264
223
246
228
205
213
221
235
204
246
199
213
226
216
212
242
207
217
225
200
234
245
224
219
182
215
220
201
206
210
177
207
214
188
206
190
183
217
212
197
196
187
191
211
197
183
199
185
161
157
182
164
188
176
176
181
159
166
161
181
171
171
153
135
169
161
176
156
150
163
146
137
170
155
147
152
150
147
143
145
151
151
141
130
135
148
134
126
136
126
139
147
151
135
133
138
137
134
122
129
115
121
119
107
134
109
130
137
115
127
116
128
131
118
114
107
121
121
119
112
100
128
130
119
121
114
125
132
129
124
133
122
130
123
131
120
114
117
124
122
112
104
118
118
108
118
113
111
119
127
119
114
117
117
125
111
125
113
146
134
113
135
122
144
133
132
129
137
127
137
145
136
129
120
142
165
146
160
140
148
161
147
145
141
173
155
135
158
165
156
146
163
163
187
170
177
174
182
185
193
145
166
201
189
180
187
147
201
214
176
149
176
194
181
200
191
185
151
189
163
195
158
171
164
158
169
178
151
164
156
168
155
166
142
126
140
138
143
105
107
110
122
119
132
108
96
82
94
99
83
87
87
85
80
95
87
71
67
76
75
70
76
66
70
59
82
$ENER_FIT:
0.030 1.525850 -1.12776e-004 9.61733e-008 0.00000e+000
$MCA_CAL:
5
0.030 1.525850 -1.12776e-004 9.61733e-008 0.00000e+000
$PEAKLABELS:
442.189, "Cs-137"
517.709, "Rb-82"
930.000, "Rb-82"
341.388, "Rb-82,Sr-85"
970.847, "K-40,(Bkgd)"
21.823, "Cs-137, Ba X-rays"
119.844, "Backscatter"
$ENDRECORD:
