$SPEC_ID:
PeakEasy Library File: I-123, Detective (HPGe) 200 uCi @ 44 cm
$MEAS_TIM:
60000.00000 67659.52000
$DATE_MEA:
9/22/2011 8:20:22 AM
$DATA:
0 8191
0
0
0
0
0
0
0
0
0
0
0
0
0
0
0
0
0
0
0
0
0
0
0
0
0
0
0
0
0
0
0
0
0
0
0
0
0
0
0
0
0
0
0
0
0
0
0
0
0
0
0
0
0
0
0
1
1
1
1
3
3
4
1
8
5
2
8
11
10
10
17
19
19
25
26
36
70
170
364
5306
92074
208407
219134
218680
215976
212531
207855
203892
199586
196186
193519
191140
189043
186390
185162
182876
181804
180198
177053
177012
175005
173890
172468
170757
169957
169172
167996
166945
165796
165384
164434
164371
162975
162743
162502
163086
162278
161743
161558
162378
163295
163310
163786
162816
164416
164503
165296
166824
166525
168083
168407
169567
170381
171424
172117
173988
174124
175924
177069
178539
178722
181439
182367
183505
184619
186524
187848
188800
190103
191674
193547
193340
194986
194517
195845
195917
195652
194485
194860
192586
191661
188611
185392
181338
177447
171809
166033
160538
157327
152374
149464
145893
143868
142573
140627
140542
139985
141822
148012
156056
171230
183470
192419
196806
202949
213595
224505
225201
212048
188202
164668
148179
140649
138287
138786
141338
143824
146060
149957
152088
154379
157011
161815
165140
168113
169905
172138
175293
184191
194270
207082
214788
216459
211443
204419
198491
197079
198018
198128
195275
193668
190049
188901
189420
189493
190783
193574
195809
198587
201385
202840
204777
207459
208229
209677
212435
214197
216011
218746
220514
222630
224658
227487
230723
233188
236282
238961
240938
244882
248151
251351
256281
260191
264956
269474
274908
278695
284916
293145
301505
311374
324999
341153
360104
385238
412479
444170
472595
500324
521435
539752
552351
561692
568147
570571
573880
571849
568880
567047
564853
560400
557817
552490
547976
541036
535318
529497
521805
513696
507285
498872
490910
483518
476898
467641
459656
451996
444453
437553
429606
423582
416659
410403
404085
397815
393506
390131
384164
379499
375915
371131
367097
363089
360642
356966
352818
350482
346448
343054
339804
337318
332209
328228
325198
321080
315917
311969
306931
302885
298194
293403
288897
285448
281392
279612
275023
273671
270360
269089
267117
266261
266318
265304
265221
264676
264360
265110
265009
264903
264314
265484
265485
265301
265516
265947
265652
266877
265959
266903
266151
267373
267443
267821
267406
267824
268481
269042
269000
269416
270168
270884
271317
272012
271786
271698
272348
273491
272832
274560
274990
275010
275103
276842
277608
277758
277721
278933
279381
280802
281285
282252
283190
282392
284945
286415
286552
287130
288690
288781
289936
290912
291035
293134
294184
294611
295794
296657
297972
298931
300999
303064
304919
305357
306505
308772
310380
312494
315585
318277
322418
325969
331105
338736
349776
376977
458186
700686
1345066
2804102
5523441
9496285
13748867
16450019
16164252
13005821
8593355
4703229
2163354
856231
306090
111623
50700
32462
26516
23413
21854
20284
19264
18298
17578
16844
16512
16073
15506
15392
15146
14768
14333
14437
14237
13805
13731
13523
13439
13456
13439
13485
13181
13202
13142
13222
13189
12862
12984
13103
13008
12809
12813
12655
12805
12626
12453
12374
12293
12430
12319
12232
12119
12119
11997
11979
11874
11795
12380
12892
13386
14372
14291
13959
13087
12413
11720
11205
11267
11174
11251
11231
10756
10742
10629
10483
10337
10324
10212
10260
10163
10045
10244
10449
10949
11413
12365
13261
13427
12912
12209
11198
10279
9916
9411
9259
9390
9285
9302
9203
9087
9384
9467
9459
9575
9544
9490
9284
9023
8829
8641
8533
8622
8615
8229
8408
8473
8479
8430
8309
8521
8359
8208
8388
8313
8383
8551
8681
8809
8665
8647
8510
8332
8200
8021
8165
8038
7847
7772
7663
7867
7581
7797
7581
7713
7598
7626
7469
7334
7439
7521
7355
7377
7409
7479
7462
7481
7200
7313
7207
7259
7304
7195
7216
7056
7067
7039
6999
6946
7049
7049
6992
6799
6853
6792
6709
6818
6944
6794
6884
6945
6997
6992
6730
6856
6713
6586
6764
6700
6709
6528
6493
6478
6496
6513
6545
6499
6414
6575
6459
6357
6535
6411
6389
6562
6297
6439
6345
6420
6593
6650
6702
7090
7439
7691
7746
7534
7091
6856
6552
6540
6433
6432
6407
6453
6335
6087
6250
6025
6128
6056
6209
6015
6243
6440
7052
7958
9945
12097
14366
15382
14753
12664
10360
8269
6935
6132
5864
5894
5706
5930
5886
5896
5851
6000
5838
6043
5800
5884
5752
5852
5885
6145
6179
6175
6318
6366
6363
6248
6197
6300
6285
6335
6269
6185
6225
6201
6130
6111
6094
6077
6150
6042
6058
5981
5811
6101
5954
5878
5900
5969
5998
5743
5816
5839
5774
5736
5690
5747
5817
5647
5670
5684
5556
5445
5629
5564
5558
5544
5584
5424
5333
5388
5460
5291
5371
5376
5295
5297
5417
5542
5538
5556
5452
5686
6243
7149
8989
11121
12793
13784
12648
10701
8564
6881
5801
5235
5051
4793
5036
5126
5223
4988
5090
5064
4790
4706
4931
4686
4685
4599
4519
4600
4633
4614
4567
4687
4595
4641
4537
4495
4590
4553
4761
4730
4823
4878
4987
5205
5353
5197
5032
4647
4800
4718
4596
4485
4719
4653
4693
4695
4619
4726
4581
4590
4676
4503
4485
4555
4478
4645
4519
4549
4570
4510
4541
4475
4514
4648
4508
4601
4521
4614
4500
4566
4489
4606
4431
4474
4556
4585
4486
4483
4527
4547
4615
4650
4679
4739
4761
4712
4957
5165
5555
6329
7595
9522
12267
16199
18891
19929
18908
15560
11498
8049
5906
4617
4087
3949
3675
3778
3796
3760
3765
3827
3835
3888
3846
3825
3747
3730
4009
3839
3938
3799
3923
3887
3888
4007
4089
4177
4275
4346
4671
4748
4704
4685
4647
4421
4151
4052
3995
3900
3950
3846
3778
3719
3831
3796
3851
3731
3750
3785
3808
4033
4115
3907
4144
3878
3961
3739
3729
3639
3726
3622
3789
3811
3848
3840
4026
4104
4214
4467
5274
6670
8470
11019
12980
13749
12579
10654
7983
5956
4733
3906
3803
3671
3518
3606
3764
4008
4185
4535
4627
4479
4295
3863
3688
3443
3351
3337
3310
3179
3142
3182
3109
3133
2996
3070
3120
2784
2858
2839
2788
2836
2870
2774
2702
2765
2724
2752
2724
2707
2695
2625
2554
2585
2502
2534
2496
2497
2419
2441
2443
2297
2372
2390
2311
2296
2306
2239
2351
2220
2342
2240
2246
2197
2181
2201
2119
2281
2174
2169
2137
2082
2183
2132
2078
2185
2145
2058
2105
2066
2040
2126
1998
2048
1996
2012
1927
2079
1961
2014
2074
1969
1989
2004
1976
2009
1966
1891
1890
1977
1939
1953
1937
1929
1959
1902
1972
2005
1872
1863
1925
1902
1849
1985
1951
1929
1836
1763
1779
1838
1809
1788
1825
1834
1784
1734
1644
1777
1738
1685
1721
1776
1744
1701
1676
1689
1676
1744
1716
1693
1619
1736
1621
1629
1666
1630
1606
1555
1621
1648
1637
1642
1653
1724
1825
1688
1742
1693
1625
1598
1635
1559
1568
1518
1544
1465
1611
1562
1601
1478
1477
1457
1475
1528
1498
1396
1491
1404
1444
1449
1453
1427
1421
1410
1418
1513
1380
1423
1381
1417
1469
1428
1363
1390
1416
1403
1438
1373
1311
1342
1367
1398
1318
1356
1380
1326
1355
1323
1387
1324
1313
1331
1315
1321
1318
1420
1306
1275
1304
1302
1306
1250
1336
1312
1295
1307
1347
1261
1328
1339
1317
1259
1254
1331
1346
1262
1279
1309
1284
1334
1352
1362
1610
1980
3031
4980
8352
13430
18963
23373
25250
23381
18497
12928
7773
4353
2409
1584
1231
1173
1107
1117
1063
1044
1062
1052
1075
1065
1018
1027
1060
1024
1013
1015
1037
1005
1023
1011
1018
965
972
978
997
1087
997
1026
1070
1128
1142
1162
1174
1166
1138
1073
1052
1011
1074
1000
978
944
975
977
956
1004
980
949
965
938
1021
987
994
1017
1114
1010
1057
953
974
953
977
954
997
975
994
913
944
931
974
912
983
946
1028
970
902
955
950
1052
897
929
926
915
942
984
920
875
954
949
919
911
964
910
913
891
942
996
920
914
976
990
935
913
918
887
930
905
863
888
920
904
893
925
876
925
860
900
857
886
884
868
873
939
833
841
840
908
922
895
918
1005
945
941
928
892
905
900
901
905
858
954
970
887
887
917
916
910
884
874
890
837
880
898
875
880
857
868
887
867
873
899
928
1024
1121
1499
2134
3383
5654
8535
11998
14452
15516
14571
11624
8240
5373
3284
2131
1500
1270
1106
1084
1130
1184
1214
1292
1245
1257
1200
1194
1023
946
952
893
882
914
834
793
798
800
833
795
816
839
864
881
852
836
791
856
895
925
893
886
904
887
899
932
946
942
905
997
972
965
1029
1118
1317
1755
2720
5198
9609
17227
29082
42255
54140
60465
58706
49786
35282
22146
12062
6043
2740
1395
870
721
667
600
684
647
676
639
711
834
1073
1726
2934
5168
8048
11630
14669
16281
15910
13163
9727
6228
3578
1963
1126
686
569
511
517
511
505
456
486
464
461
529
482
497
508
517
502
505
491
450
505
473
489
458
483
501
460
476
474
454
422
458
459
464
486
466
452
526
537
574
612
606
618
531
510
503
464
409
392
435
448
454
465
464
478
477
489
477
524
477
473
523
477
456
457
431
383
467
456
421
473
430
398
447
434
428
453
445
449
440
488
518
672
762
974
1286
1473
1685
1611
1469
1209
907
763
582
496
450
387
430
463
472
527
503
465
475
447
433
465
459
487
501
532
582
689
819
1003
1054
975
881
743
619
501
447
467
402
363
381
415
402
433
399
376
368
435
393
362
365
403
417
391
397
371
401
421
380
421
403
371
401
365
396
382
376
406
421
415
426
428
427
443
426
397
406
371
379
360
373
357
369
374
377
357
376
384
378
380
356
400
394
405
359
428
536
660
893
1124
1334
1421
1344
1225
1010
712
535
472
363
333
332
320
322
337
340
330
323
354
339
341
342
333
350
357
362
367
355
337
360
303
333
339
344
364
397
426
512
757
990
1364
2067
2570
3157
3126
2886
2367
1706
1152
805
552
403
402
389
363
367
369
351
280
317
323
342
304
344
327
295
308
275
344
308
306
280
330
300
272
313
283
310
293
309
298
309
315
331
310
295
307
331
300
298
300
342
295
282
297
313
313
299
297
300
292
285
295
295
319
302
303
283
293
292
318
306
321
281
282
305
284
284
310
279
324
273
304
270
311
300
264
273
267
297
326
279
276
292
269
269
284
290
284
310
301
307
273
333
282
323
310
297
303
293
317
327
309
327
326
294
315
295
311
302
272
294
269
268
277
284
282
305
267
273
299
276
288
267
280
293
271
245
266
279
270
271
257
266
260
280
254
256
268
258
282
261
275
293
289
265
308
269
266
264
257
272
309
279
281
294
263
310
319
331
396
487
539
714
866
1018
1081
1072
880
750
588
463
346
295
282
313
262
254
285
236
269
272
280
294
277
259
273
276
299
289
281
292
266
283
283
287
252
255
229
255
256
257
247
253
263
259
260
293
281
240
257
298
256
253
255
277
267
242
238
271
237
234
246
265
254
247
242
230
229
255
230
226
213
243
204
263
250
200
238
232
250
225
237
243
217
243
248
247
245
244
208
253
264
243
257
229
251
242
266
220
261
220
257
258
220
253
238
276
266
295
268
308
339
327
362
345
319
284
275
212
231
243
238
247
231
224
241
264
270
330
423
569
752
1027
1388
1623
1821
1747
1546
1245
906
615
405
289
229
201
255
235
235
196
211
240
264
240
237
234
208
211
221
220
228
205
198
239
200
229
213
197
230
209
223
226
219
235
222
218
221
213
208
210
232
233
228
233
217
227
222
229
259
227
230
231
215
218
217
216
183
227
204
192
211
214
205
227
213
216
198
201
194
229
219
238
225
215
215
221
217
215
237
255
235
258
252
283
303
314
289
289
259
268
214
222
244
212
225
219
227
226
229
225
226
214
213
207
201
195
195
192
206
165
198
205
211
184
220
184
214
206
246
278
354
492
687
979
1232
1507
1634
1689
1486
1294
902
707
471
338
287
259
243
203
173
204
172
201
195
208
169
189
181
214
210
199
188
222
200
212
238
235
278
236
274
237
245
233
206
192
213
178
180
176
178
170
184
187
187
197
180
197
174
188
179
167
186
187
204
181
186
206
190
201
231
213
208
204
203
186
196
189
182
202
193
213
201
163
173
199
196
178
183
185
174
176
188
166
188
186
186
199
174
182
166
208
186
181
212
195
201
194
182
185
169
192
186
174
180
182
158
187
184
166
194
161
181
170
204
194
167
168
187
191
160
178
218
177
192
193
177
174
203
190
196
190
164
200
162
172
173
191
217
222
198
208
205
213
212
212
205
169
183
205
193
181
194
208
188
198
200
174
186
165
165
183
173
156
164
169
180
185
165
173
144
162
164
192
179
168
187
168
181
183
186
158
187
199
159
156
186
169
209
194
183
172
175
197
196
170
197
166
172
175
151
200
178
184
213
229
238
232
237
258
236
201
195
195
170
169
193
173
155
169
163
169
153
171
176
157
170
161
186
150
161
160
157
177
173
184
182
174
147
173
164
185
163
177
164
139
188
161
179
159
165
174
160
186
187
185
180
192
164
179
166
159
172
145
145
175
156
160
157
185
169
150
169
159
153
189
141
143
171
151
182
154
155
151
176
167
152
155
175
165
169
176
141
166
171
157
181
153
192
170
179
179
171
187
172
149
157
158
142
150
149
175
159
154
163
166
148
160
176
163
163
155
170
166
186
145
196
153
193
156
154
167
157
165
175
184
186
185
205
219
279
312
369
449
449
571
522
512
490
357
326
224
192
171
168
152
154
173
175
160
151
190
158
152
151
159
164
148
147
139
170
160
147
144
128
129
148
159
144
148
152
144
147
124
131
161
130
140
148
160
137
158
145
127
147
154
144
143
144
165
139
150
150
170
174
180
201
193
213
197
190
200
159
167
155
155
148
130
156
153
153
138
154
137
167
142
151
170
149
159
164
124
149
137
134
133
166
148
173
146
153
149
144
170
148
166
188
156
159
150
137
174
161
172
184
159
179
154
183
137
140
144
155
122
148
141
144
155
159
147
161
134
157
161
146
182
167
147
157
140
157
133
143
152
154
184
172
191
194
193
206
240
208
214
217
214
205
219
219
263
315
363
403
385
355
321
274
245
211
183
160
154
161
139
137
144
123
135
148
142
122
149
119
170
137
118
143
140
155
134
150
131
125
128
143
138
153
117
147
148
141
135
132
124
127
140
146
144
126
130
132
134
167
127
129
133
133
153
135
123
130
129
152
138
125
107
124
129
133
128
133
141
136
121
138
145
149
145
138
135
145
142
136
136
144
131
143
150
159
143
178
143
161
133
149
157
152
128
132
140
149
129
138
140
137
148
136
156
125
136
121
129
154
133
144
134
138
146
145
137
162
153
129
147
130
137
131
136
132
149
124
149
123
132
140
126
131
138
125
121
158
139
112
130
117
135
139
123
134
122
151
137
117
139
127
130
143
129
115
138
130
156
156
148
142
132
150
122
153
139
130
125
122
129
142
122
111
133
147
119
121
140
122
140
167
130
156
132
161
146
159
119
133
125
140
135
124
136
129
118
136
128
146
125
135
142
121
128
136
119
124
129
136
152
136
149
137
144
120
136
142
131
134
133
134
140
150
128
127
142
146
138
134
151
118
146
130
124
125
126
139
127
145
140
159
133
149
141
135
156
133
115
156
145
138
118
146
126
138
141
125
128
138
144
119
133
132
144
160
142
139
147
159
166
162
154
170
170
137
152
156
131
146
142
128
110
123
132
147
121
134
117
128
150
136
146
134
123
144
135
155
134
138
132
147
136
123
128
160
129
130
130
143
153
121
128
130
148
158
143
139
141
123
127
142
143
105
122
150
139
119
123
145
137
137
121
128
124
134
129
117
138
152
143
143
128
139
129
127
133
127
150
123
156
153
140
136
129
155
142
158
135
118
115
142
130
142
127
123
124
150
164
127
137
171
135
131
130
134
136
122
123
158
141
126
133
133
131
135
149
109
138
137
131
154
130
124
146
150
133
124
129
126
156
127
162
135
153
184
203
251
238
319
352
369
375
359
337
283
234
204
170
163
132
142
149
119
129
152
124
136
145
135
142
157
148
152
148
137
134
125
152
132
139
140
136
147
136
135
140
147
123
145
152
157
134
137
135
116
126
119
132
138
136
126
120
137
127
134
137
112
130
128
123
115
156
111
134
147
120
126
120
139
110
123
126
137
125
115
133
115
142
144
152
148
132
157
144
126
146
133
155
155
132
129
139
156
166
171
155
148
170
141
172
154
125
135
142
134
132
139
154
139
122
138
141
117
144
138
119
130
142
140
132
144
107
143
144
135
129
137
122
146
119
121
128
146
136
154
149
120
120
123
123
117
149
116
148
140
141
155
146
138
150
130
127
135
148
129
133
128
131
140
135
126
136
116
147
133
137
136
159
142
150
154
131
136
138
142
137
128
109
161
149
126
153
152
147
144
140
138
124
123
145
139
167
138
128
129
152
129
141
147
138
146
147
140
126
135
147
126
147
145
155
148
134
145
144
137
132
149
165
167
132
134
135
163
153
140
144
152
152
139
137
139
158
156
130
146
136
143
129
168
142
145
162
139
140
175
142
149
155
144
138
136
137
134
125
146
109
151
143
151
148
139
141
147
165
147
161
148
139
165
138
153
128
138
140
157
125
144
146
141
161
162
144
152
134
165
151
126
155
139
150
141
160
168
141
167
162
138
130
135
158
131
137
133
149
146
147
129
164
148
141
127
149
131
158
136
173
156
160
178
210
210
247
212
228
222
214
167
158
152
141
125
133
120
106
120
121
116
122
119
111
121
117
127
106
119
109
119
125
120
105
137
100
96
103
107
92
92
95
112
124
93
108
117
115
99
95
111
117
99
85
112
104
109
106
88
81
109
104
93
123
100
81
84
100
88
110
104
90
103
99
100
97
92
104
90
95
105
111
94
81
90
110
106
88
104
98
79
78
93
101
87
112
93
101
98
85
90
101
82
94
86
90
88
76
109
97
76
98
89
80
90
73
88
100
104
91
102
95
107
111
117
95
90
105
103
97
85
89
81
83
56
93
84
95
78
80
85
83
85
94
85
68
79
96
96
73
96
86
88
109
76
101
89
87
88
85
67
79
61
77
88
92
80
74
75
86
67
99
74
81
82
77
74
96
87
70
83
63
77
92
69
86
65
99
84
84
79
66
81
76
73
75
79
66
76
69
63
66
75
83
78
66
85
96
85
68
64
78
72
64
78
96
66
84
69
80
71
70
77
79
67
58
82
71
80
77
71
56
56
81
72
65
69
70
77
72
79
81
87
78
64
76
76
57
57
64
72
68
58
68
80
63
52
87
73
72
61
67
62
73
71
58
70
77
64
73
58
70
67
64
67
60
55
64
58
72
53
68
58
58
67
63
52
77
50
59
54
63
65
59
68
67
56
40
58
65
60
59
53
58
52
66
57
67
49
68
59
49
60
55
47
49
61
65
70
62
51
66
62
55
57
54
48
40
50
51
58
58
57
53
57
47
53
47
60
58
53
56
62
41
47
62
50
42
49
59
64
59
52
48
61
57
46
63
58
62
69
60
55
52
50
62
50
58
51
39
45
42
38
40
49
64
53
61
68
66
62
85
86
84
83
99
94
93
99
72
61
52
71
73
55
45
43
37
50
46
52
46
41
69
51
50
68
61
71
47
57
54
55
52
47
44
34
42
61
49
52
43
51
53
47
59
54
47
48
45
33
49
39
48
48
65
36
54
51
53
43
39
51
52
39
57
57
60
55
66
63
67
71
60
56
51
50
46
46
55
48
63
44
90
68
74
73
82
69
82
88
73
65
51
48
45
50
38
44
48
46
37
51
50
61
43
46
43
46
53
48
37
37
37
45
49
44
52
57
46
50
38
60
44
56
53
49
48
44
38
46
38
54
46
43
52
57
55
51
39
49
43
48
45
51
55
50
55
50
39
41
41
49
46
29
39
36
46
40
42
36
48
45
31
41
43
45
47
56
64
49
41
44
52
31
51
44
48
36
43
35
68
34
43
51
43
47
48
57
31
47
41
43
42
37
57
58
46
58
43
43
44
52
52
44
51
57
40
37
50
57
59
48
54
51
66
65
62
72
91
119
150
207
281
413
620
833
1046
1363
1633
1867
2064
2133
2037
1961
1620
1275
839
553
301
199
120
64
35
35
26
39
28
32
26
32
28
28
40
29
33
35
33
26
21
22
35
18
32
35
32
31
40
30
30
30
38
29
29
34
22
30
33
33
29
30
31
27
40
26
41
31
32
25
29
30
21
30
22
25
30
30
25
30
29
20
38
44
37
32
37
34
30
26
31
19
35
21
23
31
45
30
35
35
30
33
29
30
41
41
37
37
39
36
43
43
38
24
29
43
38
39
21
33
31
40
33
42
38
37
45
39
34
40
27
29
24
33
23
34
23
46
42
39
48
56
50
47
58
71
48
49
53
49
32
41
45
32
37
43
29
34
34
36
41
30
31
25
20
25
24
31
30
24
36
28
26
27
22
26
28
28
32
26
36
25
31
17
28
15
21
30
29
28
22
25
34
32
28
37
25
25
34
29
33
31
31
24
30
33
25
31
31
30
26
28
22
29
23
26
30
30
22
25
25
53
36
14
35
32
35
51
45
33
28
37
23
34
22
33
30
39
25
33
26
33
17
22
26
29
30
20
28
26
27
20
14
24
19
23
28
22
22
29
31
22
25
24
25
19
22
28
30
16
27
26
19
33
20
21
24
26
27
19
22
24
27
25
28
26
28
28
17
13
33
26
17
19
22
18
23
29
16
32
17
26
24
20
23
22
20
21
23
25
23
26
18
22
29
21
28
20
23
19
28
20
27
28
19
20
16
27
27
21
24
28
25
29
32
25
29
31
24
39
28
28
33
33
25
30
36
40
21
30
32
39
38
37
35
42
41
45
61
70
61
66
56
73
59
74
66
94
75
78
74
99
80
93
77
67
57
47
45
39
27
23
20
20
24
31
28
26
29
20
29
26
28
30
21
25
22
33
26
20
28
20
27
18
27
18
21
24
23
36
14
22
24
25
19
22
23
27
23
21
18
20
16
26
25
23
25
31
28
21
19
24
23
18
19
13
19
24
25
22
21
31
35
36
40
34
40
24
44
43
30
30
29
27
32
23
26
28
25
18
25
29
20
26
24
19
13
30
22
23
24
21
23
24
26
47
34
41
35
35
32
23
29
22
17
17
32
25
16
22
25
17
22
27
27
19
17
28
27
23
20
28
22
22
12
21
24
20
27
9
15
16
21
13
22
21
20
17
27
18
15
23
21
18
15
16
17
17
22
28
24
22
20
8
20
17
14
15
12
22
24
15
15
24
26
20
19
15
18
24
37
23
26
29
32
23
37
29
32
30
24
32
25
27
24
17
23
16
26
19
17
22
27
27
17
21
20
21
9
11
16
16
14
29
13
10
21
17
18
23
28
23
23
11
26
23
21
15
22
18
22
20
12
18
21
28
24
14
17
20
14
16
13
24
19
24
19
18
23
21
21
16
22
21
21
15
23
23
16
16
26
17
17
16
8
16
22
26
21
24
19
26
19
24
14
23
28
18
23
19
22
23
20
18
19
15
23
17
14
16
20
17
19
15
15
12
13
11
21
14
18
18
18
13
14
14
16
19
17
17
16
11
16
15
21
17
20
19
17
10
14
12
18
16
19
18
21
22
11
20
14
22
17
8
20
21
11
14
18
13
12
25
27
18
19
16
19
12
17
24
10
12
17
25
19
19
27
22
12
19
22
18
19
23
22
23
22
34
26
21
26
33
44
49
57
53
47
34
36
28
26
23
30
26
19
15
15
8
11
19
19
18
20
16
17
18
15
19
18
20
14
16
19
16
20
25
24
9
18
22
12
21
15
13
20
22
29
12
16
14
28
14
17
20
11
12
27
12
17
15
17
22
16
21
17
12
15
11
20
13
17
16
19
17
31
20
22
17
15
24
21
19
13
24
21
20
31
24
33
37
53
55
67
77
98
117
151
173
167
188
214
205
189
132
122
98
53
51
25
29
13
15
12
21
16
10
15
18
13
9
19
6
14
19
12
9
17
13
18
14
12
21
16
13
16
16
18
24
18
14
25
18
25
12
15
12
20
12
13
14
13
10
16
15
21
10
17
22
19
16
13
15
14
18
17
16
9
15
10
12
16
16
11
10
19
16
15
26
9
15
19
10
14
17
17
14
16
15
8
10
18
14
12
19
10
18
13
10
17
15
18
17
17
16
13
14
12
20
20
9
20
8
14
19
22
6
17
16
19
28
16
11
15
17
21
14
7
13
26
17
18
21
16
13
13
16
17
10
16
12
14
16
15
20
17
11
15
17
16
16
16
15
19
11
20
18
18
13
18
16
20
10
25
19
19
14
12
8
16
15
18
20
19
15
6
17
16
14
12
14
17
18
13
15
17
19
13
16
16
16
11
23
16
15
6
17
25
19
25
17
17
21
17
18
23
10
17
21
18
11
20
19
16
18
15
23
21
22
14
24
19
31
32
39
37
37
28
34
30
37
24
38
18
17
21
18
13
14
11
25
18
16
14
21
17
20
9
15
7
12
21
12
16
21
15
23
12
18
17
22
15
18
10
13
18
21
18
19
17
7
16
17
17
20
16
20
13
16
21
17
12
13
11
17
15
20
25
14
10
17
17
11
20
20
20
19
18
7
9
14
16
23
11
15
19
13
13
15
17
24
24
12
17
16
14
15
15
12
16
12
11
18
24
18
15
14
12
15
14
10
21
15
14
15
18
19
16
15
13
16
24
20
16
14
13
12
20
14
13
14
14
15
16
18
16
19
19
13
15
21
20
12
14
18
23
17
19
16
20
13
21
13
20
17
12
16
19
12
15
12
13
21
14
12
18
25
13
13
9
14
13
15
15
18
7
16
11
12
16
13
12
13
19
21
18
18
19
16
15
16
11
21
14
17
9
19
20
15
18
11
16
16
13
23
14
10
20
7
17
14
11
18
25
18
11
13
17
14
12
10
18
7
18
11
19
15
16
19
11
10
28
29
18
18
17
16
16
17
16
13
18
24
12
17
17
19
19
15
13
19
19
16
10
17
13
19
13
16
20
13
11
14
14
18
16
23
12
17
16
18
24
7
11
15
13
16
13
18
18
13
17
16
20
16
18
16
16
12
21
11
24
17
17
12
17
15
11
17
11
12
13
17
18
10
12
21
11
17
13
17
15
10
11
12
14
21
18
14
12
5
16
17
11
13
15
15
18
13
9
12
17
14
22
14
14
18
14
19
17
13
13
23
17
17
19
17
15
12
18
10
11
16
15
16
12
16
20
19
15
13
15
16
10
16
7
15
13
10
15
10
20
17
8
11
18
9
8
19
15
9
14
10
11
11
16
14
9
17
13
16
10
12
13
8
14
9
10
19
12
13
10
21
14
13
8
17
17
25
13
14
17
17
9
18
13
15
9
10
20
8
17
14
19
10
8
9
7
10
12
12
13
18
11
17
7
9
13
8
9
14
9
17
13
15
19
12
9
14
17
17
21
15
11
16
10
19
6
16
17
15
14
10
17
15
17
18
17
11
17
13
15
15
12
13
7
9
16
10
17
15
13
17
12
13
9
8
18
13
18
19
16
12
13
10
12
13
17
19
16
13
12
12
13
9
13
15
17
18
15
12
18
9
14
8
16
17
14
9
11
13
12
10
14
11
10
17
11
17
11
16
14
13
11
15
10
21
19
8
9
12
10
11
11
18
9
17
17
13
14
16
19
17
19
15
16
17
10
19
14
20
12
15
10
12
10
6
11
13
18
15
17
19
12
16
15
10
13
11
18
8
18
16
11
9
15
13
12
15
11
13
15
10
11
9
11
12
15
19
16
19
19
11
8
10
14
10
17
11
12
17
10
15
9
14
24
13
7
14
12
19
17
14
28
14
15
9
11
8
12
12
7
14
15
11
11
13
16
14
13
11
14
6
14
9
14
11
16
16
14
13
9
13
11
6
17
11
12
17
16
14
8
17
9
10
6
11
14
10
19
14
12
14
10
17
12
9
5
13
10
10
12
16
9
13
10
14
12
22
11
13
29
28
19
21
17
33
34
30
55
52
39
40
49
40
33
36
42
36
28
38
16
16
19
23
14
17
20
14
15
10
15
18
12
17
14
13
18
20
13
14
19
8
17
16
15
17
11
19
15
16
21
27
20
25
27
25
15
14
17
18
21
12
9
18
12
22
21
12
6
9
15
11
9
13
17
15
9
13
8
13
16
20
8
6
10
11
12
14
17
8
15
11
14
10
12
19
17
12
11
7
15
11
12
18
14
9
6
15
15
13
8
16
11
13
10
17
9
13
8
7
16
15
15
7
5
19
18
11
12
15
10
15
12
11
7
16
19
19
11
9
12
16
9
16
13
13
14
16
14
17
17
15
16
9
17
10
10
16
16
13
15
13
18
17
14
11
14
12
14
12
7
9
8
17
13
12
19
11
11
14
8
8
18
11
13
9
16
12
14
13
22
14
9
15
10
10
14
11
12
10
15
10
20
15
19
9
7
11
11
10
12
15
14
21
11
10
14
18
17
11
7
16
13
19
19
22
12
19
12
9
14
11
11
13
18
15
16
14
18
13
18
16
12
17
13
7
17
14
13
11
7
14
19
13
9
15
12
15
9
22
13
9
14
13
16
17
16
22
9
14
17
20
11
19
12
26
20
28
28
38
39
47
39
43
48
64
66
55
53
46
51
30
31
24
25
19
18
14
11
11
19
16
16
6
18
13
11
13
10
8
12
21
19
11
19
25
14
17
18
13
11
10
16
21
19
14
19
12
8
16
13
17
13
13
23
16
17
16
19
18
10
12
14
14
18
11
8
22
14
17
12
10
13
18
18
12
14
15
9
14
19
17
17
14
13
11
21
14
13
14
16
11
17
15
9
21
18
13
12
15
14
10
13
9
10
18
12
10
15
16
18
17
11
21
6
18
10
9
10
21
13
15
12
13
12
12
18
11
10
12
18
12
17
11
12
17
19
18
16
16
18
9
20
17
18
20
12
16
17
11
16
19
13
18
17
15
15
14
21
10
19
18
16
15
22
19
9
9
11
19
12
21
10
11
11
18
12
15
14
16
9
14
8
14
19
14
18
16
12
10
9
13
9
18
10
13
13
11
15
17
8
11
16
15
12
12
10
14
11
12
14
10
15
21
5
18
15
11
11
11
12
14
17
13
11
19
12
15
8
20
10
17
13
9
11
16
19
15
15
11
17
24
16
15
18
23
10
16
21
17
28
18
19
9
18
17
10
15
19
11
11
17
12
13
10
12
20
15
17
13
18
14
17
12
26
13
18
12
15
19
15
10
16
13
11
12
16
13
18
23
14
18
11
17
11
11
18
13
12
14
12
17
17
17
11
17
13
18
8
21
15
20
19
14
10
12
13
22
11
18
17
12
11
25
15
17
21
11
15
12
16
14
9
20
13
14
13
11
18
12
11
11
11
11
20
15
19
23
13
16
14
9
10
8
21
13
14
16
24
21
12
20
14
12
7
13
19
18
14
22
21
15
12
15
15
25
16
18
10
17
17
13
18
20
13
16
14
19
22
14
19
20
17
20
13
15
18
18
12
18
15
15
18
16
17
17
19
15
19
20
16
22
16
13
12
15
15
12
13
12
11
12
17
12
16
15
22
15
18
25
15
15
14
16
24
19
13
19
19
14
19
17
17
15
16
26
19
19
10
16
18
25
11
18
14
22
10
19
16
22
7
19
13
15
22
16
9
17
20
18
17
10
17
12
17
19
19
19
11
12
24
17
13
10
8
8
12
18
17
10
18
14
9
9
13
8
10
14
11
11
9
13
15
13
9
8
11
9
8
10
13
16
7
12
7
13
11
9
13
8
13
5
9
17
10
7
11
7
9
13
10
13
10
5
13
12
7
4
5
5
5
12
9
9
10
7
10
5
11
12
11
14
7
12
9
15
9
15
14
8
9
11
6
5
6
9
7
12
10
7
9
6
12
13
13
11
8
10
5
12
10
11
20
8
11
8
7
5
11
10
13
10
6
10
13
8
9
6
13
4
12
6
5
8
13
13
14
9
5
13
8
10
17
12
4
7
13
13
8
10
6
5
7
13
10
6
10
13
15
13
5
12
9
11
8
12
11
12
9
10
6
10
5
6
5
6
7
13
9
5
6
7
2
11
11
12
14
13
8
13
9
24
17
16
14
9
25
17
21
28
20
19
15
20
11
11
4
6
10
16
11
5
4
9
11
7
6
6
4
17
4
7
11
3
4
7
2
5
4
7
5
9
8
5
9
13
6
8
7
5
5
7
8
4
2
3
5
9
8
5
6
6
5
6
4
11
9
7
5
7
12
8
2
1
4
10
5
8
5
6
3
6
3
8
3
5
9
7
6
2
5
9
14
9
10
2
4
8
7
3
6
4
8
8
6
7
4
9
2
6
4
4
8
5
2
9
7
3
8
11
3
6
5
7
7
4
3
6
4
2
2
2
7
6
6
4
7
7
5
4
3
7
2
5
8
10
2
4
5
4
2
3
7
6
5
4
3
6
7
3
3
3
3
2
4
3
4
6
7
5
3
2
3
2
5
5
2
4
6
3
5
4
5
3
4
5
1
4
3
5
3
4
3
3
4
4
5
2
3
3
5
3
3
2
5
4
5
5
3
4
3
8
2
6
3
2
1
3
4
4
3
1
5
5
3
1
0
3
4
2
4
4
1
4
1
2
1
0
2
1
5
1
2
2
2
3
3
0
2
0
2
0
5
4
2
4
2
3
1
3
1
5
3
5
1
2
4
4
4
2
2
3
4
6
3
3
2
3
6
5
3
5
0
3
7
4
1
3
4
3
1
3
4
5
1
2
6
1
4
1
2
3
1
1
2
3
3
0
1
5
4
3
0
1
5
5
4
3
1
3
3
5
4
3
4
2
2
4
6
2
1
6
0
3
2
4
2
2
3
4
5
4
3
2
4
2
5
0
1
1
2
4
2
1
1
0
3
4
1
4
6
3
2
3
5
5
2
7
7
2
2
3
0
4
5
4
3
6
6
5
2
1
3
5
1
1
1
0
2
3
1
2
3
4
2
2
2
1
2
4
4
3
4
0
6
2
4
0
4
2
1
1
2
7
3
2
5
6
1
2
6
6
5
3
4
6
3
5
3
3
0
2
4
2
4
5
5
4
6
4
6
6
4
6
14
16
19
23
29
31
46
43
58
79
101
101
122
141
150
176
182
214
219
248
222
209
154
152
119
82
72
51
36
16
16
8
2
2
0
3
3
3
2
0
0
0
1
1
2
3
3
0
1
4
2
1
0
1
1
1
3
2
3
1
1
1
2
0
2
2
1
2
2
1
1
2
0
0
5
0
1
1
1
0
4
0
0
2
3
0
1
2
0
0
2
2
2
0
0
1
0
0
0
0
1
2
0
1
1
3
0
1
3
2
3
1
2
1
0
1
1
0
0
2
4
2
2
1
0
1
2
2
0
0
0
1
0
0
1
2
1
1
1
0
2
1
1
2
1
0
0
2
1
3
1
1
1
2
1
1
2
1
0
0
2
0
2
1
1
3
0
1
1
0
1
0
0
1
1
0
0
1
1
1
0
3
3
0
2
3
1
0
1
1
3
3
2
0
3
1
0
2
0
0
1
1
1
2
1
4
2
4
2
2
3
3
1
2
1
0
1
2
3
1
2
0
2
1
3
0
0
3
2
2
2
1
0
0
0
1
1
1
6
5
4
1
2
0
3
0
1
0
1
1
1
1
2
1
1
2
1
4
0
2
1
2
2
1
1
1
1
2
0
1
1
0
2
0
0
1
3
2
3
1
1
1
3
4
1
3
2
3
0
2
2
2
0
0
0
0
1
1
0
0
1
1
0
0
1
2
2
1
0
0
2
1
1
1
1
1
2
2
2
3
2
1
2
1
3
1
1
1
2
2
2
0
0
1
0
2
0
2
1
0
1
1
0
0
0
0
1
0
1
0
0
3
1
0
2
1
0
1
0
3
0
1
0
0
2
0
3
3
0
0
2
0
0
2
1
0
0
2
1
1
1
1
1
0
0
0
3
1
1
1
1
2
1
3
1
2
1
1
1
2
0
0
1
1
2
1
2
2
1
1
3
0
2
0
0
1
1
0
1
4
1
0
2
0
1
0
0
0
1
1
2
2
2
3
1
0
0
0
0
3
1
1
0
3
2
1
0
4
1
1
2
2
1
3
0
1
3
0
1
1
1
2
1
1
2
0
0
1
0
2
2
3
1
1
1
1
1
2
2
2
1
1
0
0
2
3
1
2
1
2
3
5
2
2
1
0
2
1
1
0
1
0
0
1
3
1
1
2
1
1
1
1
2
0
0
3
1
1
1
3
0
1
0
1
3
2
1
3
1
1
2
2
0
1
0
4
2
2
2
0
1
0
3
1
1
0
0
0
0
2
0
0
0
0
1
1
1
0
2
2
1
2
0
1
0
1
2
1
3
0
0
3
1
0
1
1
1
0
1
0
1
0
1
2
0
1
1
0
0
1
2
1
1
1
3
2
2
1
2
0
3
2
1
1
2
1
3
2
0
0
1
0
1
0
2
0
1
1
2
0
1
2
0
1
1
0
1
1
2
0
3
1
2
0
0
0
0
0
0
2
1
1
0
2
0
1
3
0
0
1
1
1
0
1
1
2
2
2
1
1
2
2
0
1
1
0
1
1
0
1
2
2
1
2
1
0
0
0
0
2
1
1
2
0
0
0
2
1
2
1
1
2
0
1
4
2
0
1
0
2
1
1
0
3
1
0
3
1
2
1
2
2
0
2
1
1
0
1
1
1
0
0
2
1
1
0
1
1
1
0
1
1
1
1
4
1
1
1
3
1
1
2
1
0
0
1
0
0
0
0
1
1
2
1
0
0
1
2
0
1
3
1
2
4
1
1
2
0
1
0
1
2
0
1
1
0
1
0
1
3
0
1
1
0
0
1
0
1
3
4
1
2
3
1
1
0
1
0
0
1
3
0
0
2
0
1
1
0
0
1
1
1
1
2
0
2
0
0
1
1
0
3
4
0
0
2
3
0
1
4
1
2
2
0
2
0
1
1
3
3
2
4
2
1
0
1
0
2
1
0
0
1
1
1
5
1
0
1
0
0
1
1
1
1
0
2
1
1
3
0
0
1
4
2
1
0
0
2
0
0
1
1
3
1
1
2
1
1
1
1
2
2
3
1
2
0
0
0
1
0
1
2
1
2
2
1
1
1
1
0
0
2
1
1
1
0
1
3
1
3
1
0
1
1
4
1
1
1
0
1
0
0
2
0
0
1
2
2
1
0
0
1
2
0
1
2
2
1
0
2
3
2
0
1
2
0
1
0
2
1
0
1
0
2
1
0
4
2
1
0
1
1
1
3
1
1
0
1
2
1
0
0
3
1
1
2
3
0
1
0
2
2
1
0
1
2
0
2
0
2
1
1
2
1
0
1
1
4
1
0
0
0
2
0
1
1
1
1
1
1
0
0
1
1
3
1
2
0
0
1
2
0
0
2
1
1
0
1
0
2
2
2
0
0
0
2
0
1
3
1
0
2
0
0
0
2
0
1
3
2
3
2
1
0
2
1
3
1
0
1
0
1
0
2
1
1
1
0
0
1
0
2
0
1
2
0
0
1
1
2
0
1
0
1
$ENER_FIT:
0.060 0.367284 8.28502e-009
$MCA_CAL:
3
0.060 0.367284 8.28502e-009
$PEAKLABELS:
432.395, "I-123"
1440.267, "I-123"
1197.953, "I-123"
864.862, "Sum Peak"
1466.248, "I-123"
1375.986, "I-123"
675.130, "I-123"
496.823, "I-123"
764.952, "I-123"
942.957, "I-123"
522.749, "I-123"
539.120, "I-123"
562.853, "I-123"
900.002, "I-123"
1700.755, "I-123"
1102.837, "I-123"
2003.321, "I-123"
2133.495, "I-123"
1560.413, "Te-121"
1237.763, "I-123"
1873.125, "I-123"
1514.000, "I-123"
1574.103, "I-123"
1531.012, "I-123"
1629.949, "(?)"
2909.680, "I-123"
3976.746, "K-40, (Bkgd)"
7115.876, "Th-232(d),(Bkgd)"
276.411, "Backscatter"
186.819, "Au XRF,(Detector)"
211.346, "Au XRF,(Detector)"
$ENDRECORD:
