$SPEC_ID:
PeakEasy Library File: I-123, Interceptor (CZT) 200 uCi @ 25 cm
$MEAS_TIM:
62554.00000 62745.10000
$DATE_MEA:
21-Sep-2011 14:48:09
$DATA:
0 1023
0
0
0
0
0
0
0
0
0
0
0
0
0
8974
79346
93802
113194
132111
142707
142428
130480
110238
89381
72069
58600
51498
48401
46915
46721
47311
48029
48871
49918
51131
52096
53259
54180
55168
56112
56532
57189
57638
59490
62469
66890
72973
80499
88912
96593
105164
110168
112846
115351
117815
121007
124573
130095
134354
141281
148773
158253
173441
191072
216249
244107
271402
294521
306674
309213
301186
287732
269114
250996
232920
215436
202559
190929
183240
178952
174949
172619
173247
173867
175896
179064
181800
188415
194096
197473
201989
202829
203564
203005
204182
206633
213593
226265
246290
277525
327487
410918
544885
748392
1021441
1325101
1556599
1598795
1412490
1048679
655313
338755
145815
53031
17153
6371
3492
2991
2852
2839
2757
2788
2716
2813
2737
2576
2629
2443
2465
2419
2329
2221
2084
1969
1870
1809
1767
1759
1649
1587
1618
1520
1512
1445
1448
1467
1423
1349
1293
1328
1282
1278
1255
1233
1298
1311
1347
1271
1271
1319
1325
1402
1413
1455
1569
1579
1601
1593
1471
1315
1253
1158
1116
1004
996
1037
1062
995
1005
952
990
1007
1021
1029
1113
1168
1271
1217
1213
1205
1123
1045
891
883
823
732
784
793
753
775
816
790
720
753
742
737
754
770
787
752
816
794
730
751
694
707
681
608
632
661
645
708
691
651
652
670
738
784
810
817
802
860
789
763
732
609
533
481
410
356
314
298
280
309
279
306
211
243
216
214
218
201
201
195
202
205
193
202
198
188
204
175
191
185
193
189
185
198
193
191
182
214
178
195
188
168
182
197
202
198
210
239
239
238
279
297
333
366
406
463
516
621
709
719
723
731
660
495
390
328
216
170
136
132
108
113
123
104
118
103
111
122
115
107
102
103
115
130
120
142
146
140
153
153
172
144
186
184
225
245
269
258
307
353
377
440
515
541
552
561
521
489
533
492
493
575
577
738
773
974
1121
1245
1355
1401
1439
1294
1139
1002
816
657
513
384
330
241
208
141
101
66
53
37
27
25
27
32
31
31
22
30
36
41
33
28
29
33
29
28
40
23
19
27
27
24
25
22
15
22
17
25
16
25
19
28
20
30
31
31
46
32
32
39
45
34
39
38
42
47
62
67
60
42
47
44
33
19
24
16
12
15
9
12
12
11
12
13
14
6
12
13
7
13
18
19
7
12
11
6
13
16
18
15
21
13
12
13
15
17
19
24
11
25
20
22
15
15
13
11
9
12
15
13
9
18
15
12
7
7
15
10
12
14
21
11
14
17
16
21
22
20
30
30
24
31
26
30
20
25
17
12
14
6
10
7
9
10
8
9
13
12
13
11
11
9
20
15
13
20
18
18
13
26
27
22
26
20
26
13
17
11
13
13
12
12
12
6
6
2
7
7
5
3
6
4
6
7
6
0
6
5
4
2
5
7
3
5
14
4
8
3
10
5
6
4
5
3
2
9
3
3
3
5
3
8
2
4
5
2
4
5
2
3
4
3
6
3
3
2
1
4
3
3
4
5
4
7
5
4
6
4
4
6
3
7
1
5
4
6
5
8
3
4
3
2
4
2
4
6
8
5
0
3
3
5
3
2
4
3
6
6
3
9
4
5
6
7
5
4
5
5
3
3
6
9
3
5
2
3
3
1
5
5
4
7
5
3
8
5
3
2
6
3
3
2
6
2
3
4
2
1
4
6
1
0
2
3
3
1
1
1
7
4
4
5
4
2
6
2
4
3
4
2
2
3
2
2
4
5
4
5
7
2
4
3
5
2
6
5
2
4
4
2
5
3
3
5
2
4
1
4
7
0
2
3
3
5
2
1
3
4
3
2
3
1
4
3
1
5
5
2
5
3
2
2
2
5
3
6
4
5
3
4
4
1
2
2
4
3
4
3
2
4
5
4
3
4
4
3
7
5
3
3
5
3
2
3
4
2
3
5
3
2
3
3
4
2
2
5
3
3
5
3
3
1
5
2
4
5
2
3
3
1
2
4
4
2
5
2
4
2
2
2
2
2
5
4
3
3
4
3
4
2
1
1
4
1
1
3
5
1
3
0
2
2
3
1
0
2
1
2
2
3
5
1
0
4
3
3
3
2
0
1
1
1
2
3
2
1
0
1
0
1
1
1
2
0
2
1
2
0
0
2
1
2
1
1
4
0
3
0
2
1
1
1
0
3
1
1
0
0
3
1
1
0
2
1
2
0
1
1
1
1
2
1
2
2
1
1
0
2
0
1
0
4
1
0
1
0
0
1
0
1
2
1
1
0
0
2
3
3
0
0
0
1
0
2
1
1
1
2
1
0
0
0
2
5
2
0
3
1
2
1
1
1
2
1
3
2
2
1
3
3
0
1
0
1
0
4
2
4
3
3
4
4
3
2
2
1
5
3
4
5
2
1
5
2
1
5
1
2
2
1
0
0
0
0
0
1
1
1
1
2
0
0
2
0
1
3
0
1
1
0
1
0
1
1
0
3
1
1
1
2
0
2
2
0
0
$ENER_FIT:
0.617 1.498623 4.27489e-006
$MCA_CAL:
3
0.617 1.498623 4.27489e-006
$PEAKLABELS:
105.869, "I-123"
18.365, "I-123"
164.419, "I-123"
352.160, "I-123"
186.541, "I-123"
229.607, "I-123"
293.625, "I-123"
336.769, "I-123"
416.431, "I-123"
489.014, "I-123"
520.283, "I-123"
209.234, "Sum, Peak"
66.997, "Backscatter"
$ENDRECORD:
