$SPEC_ID:
PeakEasy Library File: I-123, IdentiFINDER (LaBr3) 600 uCi @ 50 cm
$MEAS_TIM:
300.00000 309.00000
$DATE_MEA:
21-Sep-2011 14:12:57
$DATA:
0 1023
0
0
0
0
0
523
5036
22590
80093
106308
59458
20425
6274
3757
3405
3876
4315
4952
5766
6649
7168
7712
8709
10934
13498
15095
15461
16062
17194
18535
20359
24570
30787
37160
39985
38136
35034
31751
28950
27150
25858
24117
22143
19767
18409
17800
17385
17697
20919
35682
78326
151199
206637
188977
112694
43992
11785
2603
956
740
764
715
677
615
516
498
477
437
423
413
391
395
383
365
355
365
335
335
349
354
390
418
390
358
326
324
288
255
260
277
300
343
332
312
293
264
219
201
196
194
212
220
212
236
264
239
191
170
164
165
172
196
230
239
251
216
226
189
154
116
94
95
88
63
65
76
59
66
66
65
65
58
58
59
64
59
58
65
68
62
83
110
164
215
283
287
281
230
181
124
86
67
41
42
28
36
42
41
26
25
48
44
50
86
124
146
161
194
208
199
225
347
413
510
631
690
614
537
463
340
238
155
94
55
41
33
22
25
24
24
18
17
20
16
17
20
14
10
16
22
13
22
20
37
36
36
38
44
30
27
24
21
23
12
11
10
13
15
10
13
9
12
8
15
20
16
15
18
14
20
16
15
17
14
13
13
7
11
12
13
17
20
16
19
20
19
18
18
23
15
15
4
10
7
10
17
11
19
13
13
23
26
20
17
17
13
13
11
12
20
10
8
10
16
14
16
16
10
9
7
9
13
12
15
11
10
11
12
10
12
8
15
8
18
11
7
9
7
11
10
7
8
13
12
10
9
9
12
7
8
10
12
14
16
10
11
6
7
9
13
3
5
11
11
11
8
11
9
6
11
12
5
10
9
8
9
8
5
4
8
3
4
6
10
6
7
11
4
7
7
6
8
5
3
6
5
3
4
6
10
8
8
10
5
9
9
3
5
6
8
5
11
4
9
7
4
10
7
5
7
2
4
4
6
10
12
5
8
7
8
6
9
5
7
4
7
9
8
6
9
8
8
6
4
9
8
3
6
8
11
10
9
10
1
4
4
4
2
7
5
1
4
4
3
2
8
4
5
3
2
2
0
3
0
1
2
2
2
2
4
1
1
0
2
1
2
2
1
1
1
1
1
1
1
1
0
1
0
0
0
0
1
0
1
0
1
2
2
5
1
1
4
4
3
7
10
7
8
9
12
11
11
16
18
21
26
26
21
22
23
24
22
17
13
12
10
4
9
0
7
4
3
0
1
2
2
1
1
0
0
0
0
2
0
0
0
0
1
1
1
2
2
0
1
1
0
2
0
1
1
2
2
1
0
0
3
4
0
2
0
0
0
0
0
0
2
1
0
1
1
1
1
0
1
0
0
0
0
1
1
1
1
1
0
0
2
0
0
0
0
1
0
0
0
2
0
0
2
0
0
0
0
1
1
0
1
2
2
1
2
0
0
0
2
0
1
1
1
1
0
0
2
0
0
0
1
0
1
2
0
0
1
0
0
0
0
0
0
1
0
1
0
0
0
0
0
0
0
1
1
0
0
0
1
0
0
0
1
0
0
0
0
0
0
1
0
0
0
2
0
0
0
1
2
0
1
0
0
2
1
0
0
1
1
1
0
1
0
0
0
0
1
1
1
2
0
0
0
0
0
0
0
2
1
1
0
0
0
2
0
0
0
1
0
0
0
1
2
0
0
0
0
2
1
1
1
0
0
0
1
1
1
0
2
1
2
0
0
0
0
0
0
0
0
0
0
0
2
0
0
1
1
1
0
0
1
0
0
1
0
1
0
0
1
0
1
0
0
0
1
0
0
0
0
2
0
0
0
1
0
0
0
2
1
0
0
1
1
1
1
2
1
0
2
2
0
0
2
0
0
1
0
0
0
0
0
0
1
0
0
2
0
1
1
2
0
1
1
0
0
1
1
1
0
0
0
0
0
0
0
0
0
0
0
0
0
0
0
1
0
0
1
0
0
0
0
0
0
0
0
0
1
1
1
1
0
0
0
0
1
1
0
0
1
0
0
0
0
0
0
1
0
0
0
0
1
1
1
1
0
2
2
0
0
1
1
2
1
0
0
1
1
1
0
0
0
0
1
0
2
1
0
0
1
0
0
0
0
0
0
0
1
0
0
0
0
0
0
0
0
1
0
0
0
0
0
0
0
0
0
0
0
0
0
0
0
0
0
0
0
0
0
0
0
1
0
0
0
0
1
0
0
0
0
0
0
0
0
0
0
0
0
0
0
0
0
0
0
0
0
0
0
0
0
0
0
0
0
0
0
0
0
0
0
0
0
0
0
0
0
0
1
0
0
0
0
0
0
0
0
0
0
0
0
0
0
0
0
0
0
0
0
0
0
0
0
0
0
0
0
0
0
0
0
0
0
0
0
0
0
0
0
0
0
0
0
0
0
0
0
0
0
0
0
$ENER_FIT:
0.123 3.035736 -7.33217e-005
$MCA_CAL:
3
0.123 3.035736 -7.33217e-005
$PEAKLABELS:
52.272, "I-123"
8.846, "I-123"
175.125, "I-123"
81.634, "I-123"
92.288, "I-123"
145.198, "I-123"
114.270, "I-123"
166.056, "I-123"
205.990, "I-123"
260.776, "I-123"
244.240, "I-123"
228.792, "I-123"
103.995, "Sum, Peak"
34.057, "Backscatter"
486.893, "K-40,(Bkgd)"
$ENDRECORD:
