$SPEC_ID:
PeakEasy Library File: I-123, IdentiFINDER (NaI) 600 uCi @ 50 cm
$MEAS_TIM:
300.00000 312.00000
$DATE_MEA:
21-Sep-2011 13:38:17
$DATA:
0 1023
0
0
0
0
881
4405
7838
27728
74598
101064
72804
32356
11766
6382
6105
6510
7160
7887
8805
9768
11026
13119
16374
20896
25726
29839
30851
30869
32408
33765
36890
42424
49651
56552
60983
61666
59858
57883
54788
51023
45970
40813
37697
35113
32796
32480
35036
43402
60831
88877
125173
158062
173824
166350
139425
103013
65767
37306
19097
8947
4119
2148
1418
1186
1066
932
887
820
782
701
663
652
617
620
592
603
603
598
587
593
652
611
591
562
557
566
501
495
495
544
518
500
543
480
468
501
447
431
408
380
341
329
339
324
316
358
361
381
376
394
381
365
363
330
291
286
276
278
234
212
181
167
148
152
118
136
94
126
113
101
103
93
100
109
101
137
132
130
143
163
189
198
215
222
246
269
253
250
269
212
211
219
163
136
131
99
118
106
100
124
114
136
185
196
217
248
302
332
388
441
493
552
578
607
630
665
652
633
574
524
492
449
402
313
271
214
175
147
130
97
68
49
47
46
34
35
32
31
37
36
36
34
37
30
33
39
26
44
37
32
33
33
26
31
23
27
17
19
18
14
12
11
19
14
13
18
10
23
22
16
20
19
18
16
21
13
11
16
25
20
18
19
26
14
29
18
13
23
23
15
16
20
21
16
20
22
11
21
12
21
16
24
18
17
18
18
22
12
7
10
9
9
9
6
6
10
7
3
3
7
10
9
3
7
7
4
9
6
4
5
2
3
7
6
10
2
8
9
8
4
10
8
4
6
10
8
5
3
5
6
5
3
4
6
5
1
7
4
9
7
3
3
3
4
6
5
5
4
6
6
5
10
7
5
1
3
6
4
1
2
4
6
3
1
4
1
5
2
2
3
2
6
1
4
3
5
5
4
6
3
2
5
2
4
4
4
4
0
3
2
5
2
2
5
2
3
4
3
5
5
5
7
6
5
5
2
2
0
8
3
1
8
0
4
6
5
7
7
2
2
1
5
2
1
1
2
2
2
2
1
4
4
2
2
5
2
4
4
2
2
0
5
3
3
1
3
3
3
1
0
1
2
2
0
1
0
0
2
0
2
2
2
0
0
1
0
0
1
3
0
1
0
0
1
1
1
1
2
0
0
0
3
2
4
1
1
0
6
4
7
0
3
5
5
5
6
4
5
1
3
2
5
9
7
9
4
8
8
1
7
5
5
4
2
4
6
2
2
5
1
4
1
1
1
1
1
2
3
1
0
1
1
0
0
1
0
2
0
0
1
1
0
1
1
0
0
0
2
0
0
0
1
2
0
2
1
0
0
0
0
1
0
0
0
0
1
0
0
1
0
1
0
1
1
0
0
1
1
1
0
1
0
0
0
0
0
2
0
0
0
0
0
0
1
0
0
1
0
0
1
0
0
2
0
1
3
2
0
0
1
0
1
0
1
0
0
1
1
0
0
0
0
1
0
0
1
1
1
1
0
0
0
0
0
0
0
0
1
0
0
0
0
0
1
0
1
0
0
0
2
0
1
0
1
0
0
0
0
0
0
1
0
1
0
0
0
0
1
1
0
0
0
0
0
1
1
2
1
0
0
0
0
0
2
1
0
0
0
0
1
0
1
0
1
1
1
0
1
0
1
1
0
0
0
1
2
0
0
0
0
0
0
1
0
0
0
0
1
0
0
0
0
0
1
0
0
0
1
0
0
0
0
0
0
0
0
0
0
1
0
1
0
1
0
0
0
0
0
0
0
0
0
0
0
1
0
0
0
1
0
0
0
0
0
0
0
1
0
0
0
0
0
0
0
1
0
1
0
0
0
0
2
0
0
0
1
0
0
0
0
0
0
0
0
0
0
1
0
0
1
0
0
1
2
1
0
0
0
1
0
0
0
0
0
1
0
0
0
0
0
2
0
0
0
0
1
0
0
0
0
0
0
1
0
0
0
1
0
1
0
0
0
0
0
0
0
0
0
0
0
0
0
0
0
0
0
0
1
2
0
0
0
0
0
0
0
0
0
0
0
0
0
0
0
0
1
1
1
0
0
0
0
0
1
0
1
0
0
2
0
0
0
0
0
0
0
1
0
0
0
0
0
0
0
0
0
0
0
0
1
0
0
0
0
0
0
0
0
0
0
0
0
0
0
0
0
0
0
0
0
0
0
0
0
0
0
0
0
0
0
0
0
0
0
0
0
0
0
0
1
0
0
1
0
0
0
0
0
0
0
0
0
0
0
0
0
0
0
0
0
0
0
0
0
0
1
0
0
0
0
0
0
0
0
0
0
0
0
0
0
0
0
0
0
0
0
0
0
0
0
0
0
0
0
0
1
0
0
0
0
0
0
0
0
0
0
0
0
0
0
0
0
0
0
0
0
0
0
0
0
0
0
0
0
0
0
0
0
0
1
0
0
0
0
$ENER_FIT:
1.067 3.018947 0.00000e+000
$MCA_CAL:
3
1.067 3.018947 0.00000e+000
$PEAKLABELS:
52.304, "I-123"
8.997, "I-123"
175.154, "I-123"
80.259, "I-123"
93.328, "I-123"
146.584, "I-123"
206.736, "I-123"
251.224, "I-123"
110.582, "I-123, Sum Peak"
487.039, "K-40,(Bkgd)"
34.442, "Backscatter"
$ENDRECORD:
