$SPEC_ID:
PeakEasy Library File: Cr-51, Detective (HPGe), 0.73 mCi @ 50cm
$MEAS_TIM:
6000.00000 6377.56000
$DATE_MEA:
30-Nov-2011 11:22:23 AM
$DATA:
0 8191
0
0
0
0
0
0
0
0
0
0
0
0
0
0
0
0
0
0
0
0
0
0
0
0
0
0
0
0
0
0
0
0
0
0
0
0
0
0
0
0
0
0
0
0
0
0
0
0
0
0
0
0
0
0
0
0
0
0
0
0
0
0
0
0
1
0
0
0
0
1
1
0
1
1
7
7
9
15
20
290
5377
11369
11727
11694
11503
11712
11381
11379
11309
11297
11124
11295
11039
11192
11017
10761
11026
10915
10875
10839
10684
10751
10633
10533
10529
10357
10391
10248
10328
10212
10265
10248
9979
10018
10009
9951
10073
9874
9801
9976
9873
9716
9720
9660
9613
9701
9585
9649
9553
9597
9403
9369
9288
9459
9383
9445
9395
9264
9417
9429
9564
9243
9200
9416
9461
9290
9320
9337
9217
9115
9230
9104
9294
9167
9230
9253
9148
9144
9210
9189
9191
9270
9306
9255
9068
9299
9243
9450
9351
8968
9175
9391
9505
9220
9502
9527
9423
9437
9718
10147
10302
10912
11053
11309
11449
11777
11963
11992
11623
10942
10429
9983
9696
9580
9610
9417
9893
9642
9629
9784
9784
10020
9933
9962
9985
10050
9987
10168
10549
10604
10913
11155
11267
11003
10797
10588
10397
10449
10472
10411
10292
10412
10429
10142
10244
10145
10255
10411
10397
10437
10296
10367
10706
10544
10603
10487
10747
10690
10591
10775
10800
10830
11019
10878
10884
10978
11042
10918
11137
11093
11140
11405
11382
11293
11494
11423
11609
11764
11863
11842
11998
11939
12262
12097
12046
12391
12372
12337
12464
12505
12517
12705
12679
12869
12646
12822
13020
13044
13053
12993
13373
13140
13147
13395
13273
13211
13323
13206
13354
13694
13520
13551
13469
13622
13401
13681
13405
13636
13473
13606
13741
13651
13378
13672
13490
13580
13749
13707
13499
13834
13584
13649
13654
13751
13787
13920
13934
13696
13909
13866
13924
13832
13688
13904
13934
13940
13822
13916
13963
14131
13758
13855
14192
14066
14276
14106
14091
14041
13992
14079
14249
14072
14220
14018
14320
14117
14146
14217
14263
14428
14241
14048
14378
14034
14447
14583
14484
14448
14626
14721
14612
14554
14695
14692
14707
14944
14751
14606
15152
15048
14955
15109
15340
15341
15421
15512
15603
15946
16129
15979
16433
16554
17245
17669
17593
18307
18917
19677
20192
20304
21118
21068
21440
21488
21274
21449
21539
21702
21642
21610
21694
21893
21944
22078
21870
21882
21812
21880
21530
21757
21549
21403
21053
21316
21189
21145
20734
20730
20637
20298
20132
20312
20124
19712
19877
19961
19698
19385
19736
19417
19423
19453
19585
19342
19240
19214
18886
18946
18891
18672
18607
18271
18652
18180
18109
18189
18110
17737
17668
17553
17508
17230
17301
16981
17029
16867
16795
16592
16527
16402
16346
16192
16474
15977
16039
15782
15875
15808
15667
15624
15623
15496
15201
14752
15081
14818
14581
14299
14112
13977
13802
13793
13349
13014
12895
12720
12262
12237
11913
11748
11585
11381
11137
11082
10846
10596
10717
10226
10317
10347
10076
9975
9897
9831
9986
9772
9419
9601
9445
9215
9284
9008
9149
8802
8960
8834
8915
8714
8549
8662
8540
8361
8258
8223
8308
8228
8220
8236
8114
7864
8000
7834
7820
7739
7566
7733
7646
7535
7353
7360
7555
7423
7138
6969
7023
7099
6934
6759
6755
6713
6797
6621
6523
6462
6415
6300
6319
6284
6276
6158
6035
6065
5980
5973
5987
5840
5727
5932
5707
5695
5719
5642
5476
5574
5573
5550
5576
5373
5370
5377
5287
5267
5323
5324
5229
5349
5156
5148
5099
5012
5117
5059
4989
4958
4954
4966
4955
4977
4822
4830
4701
4905
4842
4711
4813
4781
4706
4537
4578
4588
4481
4730
4501
4494
4551
4414
4391
4315
4321
4299
4372
4355
4406
4373
4262
4252
4267
4308
4308
4309
4150
4218
4160
4160
4122
4037
4076
4126
4110
4090
3956
3988
4014
4080
4076
4027
3974
3972
4039
4033
3985
4081
3963
3930
3890
3965
3913
3826
3803
3853
3770
3718
3930
3842
3684
3892
3664
3788
3697
3687
3654
3721
3686
3614
3740
3740
3589
3502
3671
3680
3542
3566
3677
3608
3501
3512
3684
3551
3528
3535
3652
3600
3518
3655
3474
3564
3557
3482
3478
3516
3534
3552
3431
3570
3557
3432
3357
3487
3336
3545
3431
3405
3423
3502
3339
3364
3393
3433
3434
3328
3324
3216
3426
3363
3423
3321
3302
3349
3303
3303
3268
3304
3246
3355
3319
3329
3294
3264
3256
3282
3289
3186
3286
3231
3150
3177
3171
3215
3236
3234
3175
3192
3221
3205
3129
3174
3153
3056
3212
3165
3116
3190
3016
3045
3066
3134
3046
3155
3055
2985
3136
2989
3092
3039
3097
3001
2958
3038
2952
3072
3044
3000
3060
2990
2898
2990
3030
2911
2940
3019
2972
2896
3001
2933
2916
2966
2877
2915
2930
2943
3021
2883
2916
2966
2988
3010
2896
2927
2820
2908
2852
2810
2943
2843
2933
2888
2930
2972
2909
2839
2925
2965
2882
3011
2874
2873
3014
2970
2986
3039
2959
2974
2894
2981
2902
3038
3018
3108
3096
3058
3132
3031
3097
3306
3293
3207
3197
3170
3313
3338
3450
3396
3393
3410
3446
3575
3754
3863
3883
4048
4289
4424
4806
5771
8926
17173
36628
76516
144311
235167
327712
384589
379770
313561
217476
127081
63044
27206
10456
3930
1532
852
482
367
287
242
196
184
167
155
187
150
150
162
138
175
174
136
149
128
141
142
151
113
136
138
125
133
130
126
135
117
146
114
125
124
122
113
146
137
152
139
142
139
137
136
110
108
115
118
138
123
111
126
112
122
118
121
108
119
103
108
103
98
120
112
93
103
102
100
104
101
110
130
157
165
178
216
217
214
202
142
143
130
102
111
97
112
90
96
113
102
119
109
115
99
90
101
106
119
84
92
99
106
90
81
96
102
118
104
90
111
98
85
80
87
87
101
97
102
80
73
99
97
95
97
88
96
96
95
84
84
74
98
79
79
92
73
79
92
74
73
99
97
81
103
78
82
90
81
97
89
90
91
99
86
87
89
70
87
81
101
99
96
108
99
91
73
74
96
112
91
66
90
75
91
85
77
89
87
64
99
82
79
83
80
76
90
87
107
62
70
79
72
84
86
73
65
77
73
100
79
88
92
84
89
86
85
60
84
71
76
70
83
81
69
80
88
78
86
83
78
62
64
78
79
77
95
77
81
79
79
79
77
84
77
82
85
61
68
77
77
82
63
70
67
80
69
76
75
75
75
64
67
59
72
79
72
81
67
82
82
69
74
55
77
79
80
74
75
83
74
77
71
84
70
87
60
78
79
75
71
78
70
68
71
81
80
91
80
83
67
77
61
63
85
80
60
55
68
67
68
62
63
79
77
89
72
64
83
72
66
68
70
65
63
74
67
67
63
51
72
76
73
74
62
60
67
64
44
71
60
70
61
69
65
71
79
60
69
63
67
68
55
63
63
60
66
59
72
67
59
62
56
54
75
67
45
59
69
54
71
66
60
61
60
66
67
57
64
64
48
65
63
64
56
60
75
59
77
65
79
74
77
67
67
73
72
70
68
71
64
65
67
60
62
56
62
61
78
67
58
63
65
64
48
68
68
62
77
44
54
54
67
77
50
52
63
64
52
55
44
54
60
61
42
55
55
43
59
76
61
53
45
56
51
67
71
55
62
48
57
58
49
61
59
56
56
66
62
51
54
46
58
51
53
60
64
52
56
46
58
55
57
55
46
42
52
53
56
44
54
58
52
64
57
51
61
46
48
40
54
50
54
48
52
45
52
50
55
48
53
54
38
49
48
41
62
45
48
45
51
52
52
57
51
61
69
89
90
99
85
94
63
83
66
49
48
54
57
51
49
45
47
35
30
39
38
48
47
48
44
42
42
43
45
37
43
33
51
66
42
41
44
45
39
47
37
46
38
41
48
45
39
53
43
37
48
29
43
40
48
35
37
53
42
41
53
41
38
39
39
49
39
46
41
38
38
36
41
42
49
42
49
42
49
48
35
39
37
43
41
35
36
41
37
49
38
42
42
40
40
39
45
38
31
42
44
35
44
37
45
37
40
34
36
43
38
34
49
42
51
35
38
40
42
48
35
35
32
42
41
40
43
35
36
35
32
34
36
43
29
36
32
37
37
33
36
38
41
44
33
44
37
36
51
37
33
39
36
42
40
37
40
43
31
35
40
29
33
44
31
37
35
36
36
33
35
55
42
38
42
48
40
32
35
35
41
37
39
27
27
32
39
37
43
25
33
37
35
43
38
43
51
57
51
78
95
80
79
91
73
43
44
40
31
27
27
44
29
36
42
37
35
42
30
39
33
47
22
35
36
37
24
33
37
33
28
37
29
25
30
42
34
26
28
33
40
31
44
30
30
30
34
32
36
31
36
32
45
21
28
36
32
25
24
30
43
43
25
28
30
37
45
48
72
78
93
118
130
130
113
87
71
53
37
30
31
25
35
36
25
24
23
29
30
35
30
36
27
26
28
27
37
27
32
35
34
30
28
33
42
23
24
29
39
35
26
28
26
30
42
31
24
38
23
25
23
34
33
38
24
29
27
29
28
31
23
22
29
35
30
36
38
23
23
30
34
25
32
28
32
25
34
47
42
49
45
47
59
83
111
95
98
90
82
64
44
31
32
24
26
25
30
21
22
27
29
28
29
26
26
21
22
25
30
28
21
33
24
23
32
31
33
24
27
23
31
28
22
23
25
24
27
30
20
28
27
42
33
43
49
41
39
41
26
30
34
26
28
33
18
27
22
26
23
30
25
31
28
33
30
40
29
22
37
33
25
21
23
25
24
25
29
25
22
31
33
22
33
19
25
25
28
29
28
28
30
30
28
25
22
28
20
29
27
31
27
23
20
24
30
25
21
25
24
24
20
27
18
25
29
17
21
25
30
30
34
26
31
38
23
19
25
30
24
19
24
20
27
27
20
25
23
21
26
25
24
23
26
20
28
17
20
17
26
25
26
16
24
25
22
30
24
29
23
26
23
25
23
18
24
21
22
24
16
27
25
24
22
16
27
29
27
20
23
21
12
25
22
29
20
26
28
26
29
23
23
19
30
12
28
26
18
27
20
25
21
28
22
22
31
24
23
23
26
19
24
24
25
14
24
21
21
24
25
23
17
7
21
14
24
22
26
21
21
21
18
24
32
34
39
43
25
38
29
21
22
27
20
20
22
14
23
24
24
28
27
21
22
16
23
23
27
28
34
18
18
26
21
20
25
19
21
21
19
17
14
21
28
24
20
21
29
25
27
14
26
24
22
16
24
21
23
23
30
22
28
20
10
18
20
24
24
19
20
21
17
21
31
17
26
18
19
17
28
27
28
28
21
8
15
21
22
18
19
22
16
25
21
20
24
16
15
13
16
26
31
21
18
17
21
23
21
17
23
24
19
16
27
33
29
38
38
27
20
33
25
15
18
19
18
26
24
24
20
17
17
34
24
20
20
21
22
14
15
14
17
25
13
23
17
24
15
16
20
20
11
17
19
19
17
22
13
29
22
29
15
23
27
23
24
27
14
24
23
22
22
23
26
26
23
15
20
14
22
14
18
21
29
20
31
29
21
33
29
24
17
19
18
16
22
19
29
16
22
20
21
16
23
22
11
20
21
10
19
10
23
24
17
11
12
15
15
22
10
21
24
22
33
17
18
23
18
18
21
22
18
15
17
22
23
23
26
15
13
18
16
13
24
14
14
17
29
17
17
21
18
19
23
18
19
25
21
22
16
24
14
16
18
11
14
15
24
17
16
24
16
19
11
20
21
14
22
22
15
19
19
18
13
17
21
17
22
12
21
13
24
9
14
21
17
17
17
9
17
17
25
11
19
20
16
25
17
28
17
20
25
17
18
18
16
20
15
15
10
13
14
16
6
17
11
15
20
19
14
21
21
15
19
13
18
17
20
19
16
10
15
19
20
15
18
12
12
20
14
14
7
22
19
27
23
22
21
15
22
11
13
17
24
23
17
14
21
19
28
11
16
14
18
19
10
20
8
21
15
15
20
19
15
15
13
21
17
13
18
14
15
15
27
12
13
21
16
22
10
14
16
18
12
20
12
16
13
14
11
16
15
25
18
15
15
14
15
17
15
9
22
21
17
18
35
14
16
14
22
22
21
23
22
20
27
19
15
18
22
19
21
14
20
15
20
21
13
14
12
15
15
14
19
16
16
14
10
16
10
21
19
12
19
13
10
16
15
24
13
11
18
21
24
12
16
16
17
16
9
20
16
20
11
18
16
15
23
17
18
15
17
20
17
20
15
14
17
19
24
26
42
38
53
49
57
49
45
41
38
26
16
13
16
13
17
17
17
14
14
24
13
18
18
24
15
18
14
18
13
20
16
11
12
19
10
16
19
15
8
18
12
20
16
9
18
12
17
8
12
13
12
23
18
13
14
15
17
12
21
16
24
22
19
23
24
20
21
19
25
19
23
13
14
22
14
21
18
15
15
10
14
17
14
19
13
15
20
12
6
9
18
12
13
14
22
11
15
22
9
6
13
6
17
11
14
13
13
18
17
17
16
18
7
13
17
13
16
19
21
10
15
17
7
14
15
17
15
12
12
14
17
17
14
12
22
15
17
12
12
19
10
12
21
17
15
8
23
23
21
29
19
14
21
19
27
21
22
23
31
26
45
32
42
34
28
31
12
21
12
11
9
11
8
12
10
14
18
14
15
14
13
11
11
19
11
13
10
12
17
6
13
16
16
11
16
13
14
8
9
11
13
13
17
8
8
13
8
12
12
11
16
13
10
13
11
16
19
19
6
10
20
12
16
15
12
16
11
11
15
11
16
10
13
12
13
11
10
13
13
14
12
13
12
13
17
21
13
15
13
16
10
20
17
10
10
10
16
13
8
16
10
15
11
19
10
15
16
14
11
9
11
11
10
15
13
12
14
21
6
16
11
11
12
14
13
20
24
13
5
13
16
11
18
18
8
17
13
17
11
20
14
7
9
15
12
9
11
13
10
14
9
14
7
11
13
13
16
12
17
13
17
12
14
16
10
22
11
11
11
18
14
13
19
16
11
17
6
4
16
15
20
15
12
10
13
7
9
16
12
15
15
14
12
13
14
13
15
13
12
10
9
13
15
16
18
16
12
13
13
11
21
12
13
8
12
14
13
12
9
18
14
14
9
12
13
12
10
20
12
21
7
6
21
6
8
7
9
14
17
20
15
8
13
16
16
12
10
14
11
17
17
8
9
9
20
12
19
12
7
13
9
10
7
9
13
14
13
12
14
9
8
8
19
11
18
14
17
10
14
13
11
13
12
15
13
9
11
20
13
15
12
12
11
18
8
16
14
21
18
16
9
12
12
15
15
14
10
8
8
10
12
9
12
13
9
14
13
15
8
8
12
6
16
10
16
9
22
8
16
14
10
10
8
18
9
7
14
11
6
14
21
15
10
16
14
13
12
9
19
16
13
14
11
9
10
14
15
14
16
13
10
15
12
12
12
15
14
20
10
11
11
12
15
7
10
10
13
13
16
12
11
19
13
16
16
12
6
8
14
9
16
16
17
9
13
14
14
8
14
11
17
13
18
14
10
13
15
21
31
20
31
33
41
31
40
34
22
27
17
22
19
9
8
20
14
15
8
9
10
14
8
17
17
13
16
9
16
11
18
15
8
17
25
11
7
16
13
12
7
22
15
10
11
9
15
9
16
9
12
14
14
15
16
10
13
11
11
13
17
17
9
15
17
10
17
13
13
16
15
13
22
9
11
17
18
16
13
17
18
12
10
13
10
13
15
13
14
14
17
12
14
14
8
17
9
17
21
17
16
14
17
16
18
17
13
22
11
13
10
18
18
13
18
12
18
9
12
17
11
15
10
12
7
13
15
12
16
8
13
13
19
11
12
13
14
10
12
18
19
13
9
20
7
13
21
7
12
12
11
10
16
12
14
15
13
15
15
20
19
14
14
17
17
13
18
15
7
20
13
13
19
15
10
12
18
13
15
13
15
15
16
10
21
18
17
10
11
13
16
20
20
14
13
10
19
15
16
13
9
22
11
8
16
15
19
17
10
16
16
8
13
22
17
12
8
17
15
17
14
12
22
12
16
12
8
15
20
12
8
20
11
16
14
12
15
18
8
23
18
16
14
9
15
11
15
12
12
21
18
12
12
18
12
15
13
12
13
19
14
17
19
13
17
15
10
19
15
12
16
23
11
14
13
20
9
12
16
12
10
15
11
11
16
16
11
10
21
15
7
18
16
14
20
11
12
16
13
5
17
16
19
16
19
6
12
12
15
21
17
16
15
9
17
11
15
13
6
15
15
16
19
19
17
22
22
21
25
21
20
19
14
20
10
19
16
13
13
14
9
12
9
8
13
7
12
11
10
12
5
12
18
11
15
10
16
12
13
13
12
10
12
9
7
7
9
12
13
8
9
10
9
10
13
11
10
10
14
9
10
11
7
9
15
12
9
10
9
14
5
10
8
14
5
5
12
9
6
11
9
16
16
11
8
6
12
8
11
10
5
12
8
9
11
7
15
10
7
12
6
6
9
11
11
6
9
10
9
11
6
9
15
12
5
8
12
12
13
11
15
15
12
8
8
8
11
9
4
8
6
6
12
11
10
11
3
4
9
8
11
8
13
15
7
5
4
10
13
14
6
8
5
7
8
5
8
5
5
6
7
12
8
12
5
2
10
8
7
4
13
8
9
7
7
10
17
6
6
3
8
12
8
7
5
9
12
11
8
11
7
6
10
6
10
6
6
9
9
5
10
5
11
12
8
6
3
8
9
7
13
7
5
11
6
3
15
6
6
9
8
1
11
9
6
6
7
7
4
9
2
9
7
15
4
8
10
9
13
2
11
2
6
3
9
9
4
12
7
4
4
8
7
5
8
5
4
4
5
9
9
9
6
3
5
13
10
4
6
8
7
8
6
7
7
3
6
11
4
7
6
5
11
8
3
10
7
4
7
5
4
4
6
0
4
3
7
9
6
6
5
1
4
5
8
6
8
2
7
3
6
7
9
5
5
7
3
8
4
1
3
6
3
4
6
6
6
10
9
4
5
7
9
3
7
8
9
8
4
0
9
5
2
4
7
9
4
8
6
5
8
5
6
3
4
5
1
1
4
5
7
3
3
4
9
7
5
1
7
5
11
3
5
4
5
5
4
4
4
8
7
8
15
6
6
15
9
9
8
11
9
7
5
3
8
6
3
6
5
8
10
2
9
10
7
11
6
6
7
12
5
5
7
3
3
1
6
4
6
4
6
2
4
7
5
6
6
6
2
3
7
8
5
5
0
3
5
6
4
5
5
6
8
2
8
6
6
10
5
12
6
3
3
8
3
3
7
7
1
6
4
7
5
5
5
10
9
11
10
3
6
5
9
6
7
5
2
4
5
1
6
3
5
4
7
8
4
3
7
4
3
3
3
3
4
2
5
2
3
7
5
2
2
5
4
7
4
5
6
5
5
4
10
5
4
4
5
6
4
4
4
5
5
8
3
5
7
4
8
5
6
3
6
6
8
2
6
2
6
8
7
6
4
8
6
7
2
2
3
5
3
3
5
3
6
8
3
2
3
6
5
4
2
4
6
1
7
7
7
4
3
7
5
3
5
4
7
2
4
7
5
4
6
4
3
3
4
1
6
9
2
2
6
3
5
5
3
7
9
7
12
16
18
36
34
58
82
108
131
165
180
198
239
206
186
154
123
90
55
32
21
8
9
4
3
4
5
2
3
4
2
4
3
3
6
3
2
3
3
4
4
2
2
0
1
1
5
5
5
5
3
5
3
0
4
2
3
1
2
1
2
4
4
6
4
4
1
3
2
2
2
1
2
2
3
2
6
2
4
0
3
2
3
4
1
2
3
1
7
2
3
4
3
4
1
5
4
9
2
3
2
2
1
4
0
0
3
3
5
5
4
8
2
1
4
2
4
3
2
4
6
3
3
3
3
1
1
4
4
7
3
8
3
3
0
2
8
7
3
11
5
2
5
3
8
7
5
8
5
7
9
1
1
3
4
6
0
2
5
3
5
4
1
5
2
4
0
2
3
3
3
3
2
3
0
3
3
3
0
3
2
2
2
2
3
5
4
6
1
5
3
5
3
3
5
2
5
1
5
4
1
5
0
1
4
1
3
0
2
0
4
6
2
1
3
2
1
8
1
4
4
1
4
1
3
0
1
3
4
3
3
5
7
3
2
0
1
1
3
2
3
3
3
0
6
6
4
2
2
1
3
0
2
3
2
3
3
1
4
4
2
3
3
4
1
2
1
1
3
4
1
2
2
2
2
0
2
6
2
1
1
4
6
4
4
5
0
2
1
7
2
3
3
3
3
1
1
1
3
1
0
1
0
4
4
0
1
3
5
5
2
3
5
3
6
4
2
2
6
3
2
0
3
3
0
1
4
6
3
1
3
6
0
0
1
1
4
3
3
5
2
1
3
4
7
0
2
6
3
2
3
2
4
1
2
3
5
4
3
3
10
1
5
10
8
6
7
11
4
8
6
10
4
6
9
7
2
4
2
7
0
4
3
2
1
4
1
0
5
1
4
3
1
2
6
3
2
1
1
4
5
2
1
1
2
3
0
1
2
4
1
1
1
4
0
2
0
1
1
0
1
1
2
5
3
2
1
2
1
1
5
2
2
2
3
1
7
5
2
2
3
0
4
4
2
4
2
3
2
5
4
0
6
2
3
2
5
2
2
0
4
1
1
2
4
1
0
4
4
3
1
4
7
3
5
6
3
3
0
0
0
0
5
4
3
2
2
3
2
2
1
2
1
0
2
4
0
3
1
1
0
1
5
0
1
2
0
2
3
1
2
4
2
3
1
2
3
2
0
3
1
1
3
3
2
2
1
0
2
3
2
1
3
2
2
0
4
5
4
1
4
1
3
1
2
1
5
4
0
1
3
0
3
3
3
1
4
3
1
2
3
6
3
3
3
5
2
1
1
3
6
1
0
1
2
0
0
2
5
0
0
0
1
2
3
0
1
2
4
1
0
3
1
0
1
3
0
3
0
1
3
1
4
3
1
2
2
0
1
1
2
1
3
2
1
2
4
2
3
4
1
3
1
1
3
2
3
1
0
1
2
5
0
0
3
3
1
2
2
3
1
2
2
2
2
2
2
3
0
3
1
3
2
2
1
1
3
3
2
3
1
0
1
0
1
3
3
2
2
2
3
2
1
1
2
1
1
1
4
1
0
2
0
3
3
0
1
1
0
1
1
2
4
3
4
3
0
0
1
1
4
0
0
4
1
1
3
1
1
2
1
1
4
2
2
3
1
0
1
1
4
3
2
4
2
2
4
0
1
0
0
3
5
3
1
3
3
2
1
2
4
2
4
7
6
4
0
5
7
2
5
2
3
3
0
2
1
2
2
0
1
2
0
2
1
1
1
2
1
4
3
2
1
0
1
2
2
3
2
4
3
2
0
2
5
4
3
3
0
1
0
0
1
3
1
1
2
2
2
0
3
1
1
0
4
5
0
3
0
2
1
2
4
5
1
1
0
1
7
1
1
4
1
2
5
1
3
3
6
4
6
5
10
10
10
20
17
14
15
18
15
10
15
10
9
3
4
5
2
0
1
1
2
0
1
2
0
0
0
2
2
1
2
2
2
0
3
0
1
1
1
1
2
3
2
2
1
5
1
4
0
2
0
4
3
2
2
1
2
5
3
2
2
2
0
1
3
1
0
1
0
1
2
1
1
4
3
2
0
1
2
3
2
0
1
2
0
5
1
1
0
1
1
1
1
1
2
0
2
1
3
2
1
1
3
1
2
5
1
3
2
2
2
1
1
0
0
0
1
0
1
2
2
2
0
0
1
1
1
1
0
2
0
0
3
0
1
2
2
1
2
3
0
1
2
2
0
2
1
0
1
3
2
1
3
1
3
2
1
4
4
0
0
4
2
1
3
1
0
0
1
1
2
0
1
4
2
3
2
3
1
3
1
0
0
3
0
3
2
2
1
1
0
0
1
2
3
2
1
2
0
1
3
2
1
3
1
2
1
1
2
3
4
2
0
0
0
3
1
0
3
2
3
1
3
0
5
1
2
2
0
2
1
6
3
2
6
4
7
3
2
3
4
1
1
1
1
1
3
1
3
1
1
1
1
2
0
0
2
0
1
1
1
1
4
2
4
2
0
1
0
3
1
2
2
1
1
1
1
2
2
2
2
0
2
0
1
2
0
2
1
3
1
3
2
0
1
4
2
1
0
2
0
1
2
2
1
1
1
0
3
2
0
2
0
3
0
1
0
5
0
3
0
2
1
0
2
1
1
3
2
3
1
3
1
3
1
0
1
0
2
1
1
0
0
2
0
1
1
4
1
0
3
0
2
2
0
1
1
0
2
1
1
0
2
2
1
3
1
2
2
0
1
0
1
2
2
3
1
1
2
3
3
2
3
1
1
1
4
2
1
1
1
3
1
2
3
2
1
1
0
2
0
1
3
1
0
1
1
0
1
3
1
2
3
2
1
0
0
2
4
0
0
3
1
0
3
2
0
2
4
2
0
0
2
2
4
1
3
1
1
0
4
1
1
3
0
0
3
2
0
2
3
2
0
0
2
0
3
0
1
1
0
1
2
1
0
0
0
1
2
2
2
4
0
3
1
1
4
1
1
2
4
3
1
1
2
2
2
1
3
1
1
0
1
5
1
2
1
3
0
3
0
2
1
1
2
0
0
1
0
2
0
3
1
0
1
0
1
2
2
0
3
1
1
3
0
4
1
6
2
3
3
2
1
0
4
1
2
2
2
0
4
1
3
4
1
0
2
2
1
2
0
1
1
1
0
2
1
2
2
2
1
2
0
4
5
2
1
3
1
1
2
0
2
1
0
0
1
1
3
1
1
4
2
4
1
1
1
1
2
5
0
2
1
2
1
1
1
0
2
5
1
0
4
0
3
1
4
3
0
1
1
4
0
1
2
1
1
0
1
4
1
1
0
3
0
3
2
2
4
2
1
1
2
0
1
1
2
3
1
2
1
1
1
4
0
0
0
1
1
0
0
1
1
1
2
1
0
0
1
3
3
1
0
0
2
7
1
2
2
0
0
1
2
3
2
2
0
2
2
0
3
1
1
2
1
1
0
2
1
1
2
2
3
0
0
1
0
0
0
2
1
0
1
1
1
0
5
1
2
1
2
0
1
2
1
1
2
0
1
0
1
1
0
0
3
1
1
1
0
0
1
1
1
1
2
1
1
1
1
3
0
1
0
2
2
2
2
1
2
4
0
2
1
0
0
1
3
3
0
2
1
2
2
0
1
1
2
1
0
0
1
4
0
1
0
1
1
0
0
0
2
0
1
1
1
1
0
1
1
1
2
0
3
2
4
1
1
0
5
0
2
2
1
3
3
0
0
0
2
0
1
2
1
1
1
3
4
0
1
0
4
0
1
1
0
0
2
1
2
1
0
3
0
1
4
0
1
0
0
1
0
2
1
0
1
4
2
1
0
0
4
2
2
0
1
3
3
0
0
2
0
0
1
1
2
1
2
1
3
1
0
0
2
2
1
3
2
3
3
0
2
0
0
2
0
1
1
3
0
1
1
1
0
0
3
0
1
3
3
3
0
2
1
1
0
1
2
0
4
0
0
1
2
0
2
0
0
3
1
2
2
3
4
2
6
6
9
2
9
6
5
3
7
5
3
1
4
2
4
0
1
2
1
3
2
2
2
1
2
3
0
1
1
1
2
1
1
1
3
1
2
0
0
3
1
0
0
2
8
3
5
2
3
1
0
3
3
4
3
6
1
2
2
0
3
2
1
1
1
0
1
2
0
2
1
0
1
0
2
2
0
1
0
1
1
2
1
2
0
1
2
2
2
1
1
1
1
0
0
2
1
2
0
0
5
0
1
2
2
0
0
2
1
2
1
1
2
1
0
3
1
0
3
2
3
1
2
1
1
1
2
2
1
1
0
2
1
0
0
0
2
1
2
1
1
1
2
4
2
1
1
2
1
1
2
2
0
2
2
2
0
0
0
4
1
0
2
0
0
1
3
3
3
3
1
3
0
1
4
1
3
3
1
0
2
1
3
0
0
2
1
3
1
0
1
1
1
0
0
2
0
0
2
0
2
1
0
1
2
0
2
0
0
3
1
0
2
3
3
1
1
0
0
1
2
0
0
3
0
2
4
2
1
1
0
1
1
1
2
0
2
2
1
1
1
2
2
0
2
0
1
2
0
0
2
2
1
0
2
0
1
0
2
0
0
0
3
0
0
0
2
0
0
3
4
7
1
3
3
5
3
0
3
4
4
5
8
1
1
6
4
4
3
0
2
2
1
1
1
1
0
1
0
0
2
0
2
1
2
1
2
0
2
2
3
0
1
1
2
3
3
3
2
3
4
0
1
2
0
0
1
0
1
1
1
2
2
2
0
1
4
1
3
0
1
0
4
1
1
5
3
3
1
0
0
1
1
3
2
1
2
1
1
1
0
0
2
1
1
2
0
1
2
1
2
2
1
0
0
4
1
2
1
1
2
2
2
4
0
0
0
0
1
3
2
0
0
2
0
0
3
0
4
0
0
0
2
3
0
1
0
0
3
1
0
0
0
5
3
1
0
2
1
1
1
2
1
4
0
2
1
0
0
1
2
1
2
0
0
1
2
1
3
0
1
0
3
3
3
1
4
1
1
1
3
1
1
4
3
2
2
1
0
1
1
1
0
0
0
3
2
0
0
1
2
0
5
0
2
4
1
1
1
3
1
3
2
2
1
0
0
3
4
1
3
1
2
4
2
4
3
1
0
1
0
1
2
2
1
1
1
2
0
1
0
3
4
3
3
1
2
3
1
1
4
0
1
1
3
1
2
1
0
1
0
2
2
1
2
0
1
0
2
2
1
0
1
2
1
2
0
0
3
1
4
2
2
1
0
1
1
0
3
2
1
0
2
2
2
4
1
1
0
2
3
2
0
1
3
2
1
1
1
0
1
3
1
1
3
2
2
1
2
2
2
1
2
1
1
4
0
2
1
1
0
0
2
1
0
2
0
2
1
2
2
2
2
0
4
0
4
2
5
3
0
1
1
0
1
0
0
1
1
1
0
3
0
2
3
1
0
1
2
2
0
0
2
1
0
3
5
1
0
1
2
1
0
0
1
2
2
2
2
2
0
1
0
1
2
2
3
3
0
1
1
4
0
0
1
1
1
0
3
1
3
0
0
0
1
3
1
3
1
1
2
1
4
7
1
1
2
2
1
3
1
0
1
2
0
2
1
2
3
1
2
2
1
0
1
0
3
0
3
0
3
1
5
1
2
2
4
1
0
1
0
2
0
1
3
3
2
0
3
2
1
2
2
0
1
0
0
4
1
1
3
0
0
3
2
0
2
3
2
0
1
1
1
0
1
2
1
1
0
1
0
3
1
0
2
1
1
1
2
1
0
0
0
1
1
0
1
1
0
0
0
1
2
0
1
1
2
1
2
2
0
0
0
1
2
0
2
0
2
0
2
1
3
0
2
0
1
0
0
0
0
0
1
3
0
0
3
0
1
2
0
2
1
1
0
2
0
1
1
2
0
1
0
0
0
1
3
1
0
1
0
2
0
4
1
0
2
1
2
4
2
0
1
2
1
0
0
1
0
2
1
2
0
1
0
0
0
1
2
0
0
2
1
0
0
2
1
1
0
3
1
1
0
0
0
1
1
1
2
0
0
1
2
1
1
0
1
1
1
1
1
0
1
4
0
0
0
0
0
1
1
1
1
1
0
2
0
2
1
2
1
1
3
3
0
0
1
2
2
3
3
1
0
3
0
3
0
2
1
1
0
2
2
0
2
0
0
2
2
1
1
0
2
0
1
0
3
0
0
0
1
1
0
0
2
3
0
2
1
0
0
0
4
0
0
1
1
0
1
0
0
3
0
2
0
2
0
1
1
0
0
0
1
0
1
2
0
0
1
1
0
0
0
0
1
0
0
0
0
0
1
1
0
0
0
0
0
0
0
0
1
1
0
1
1
0
0
2
2
0
2
1
1
0
1
0
0
2
2
0
0
0
0
1
1
0
0
1
0
1
0
1
0
3
0
1
1
1
1
0
0
1
0
0
0
0
0
1
1
1
1
1
1
0
1
0
1
1
1
1
0
2
0
0
0
0
2
0
0
1
0
0
0
0
0
1
0
0
0
0
1
0
0
1
0
0
0
0
3
0
0
0
0
0
0
1
0
0
0
0
0
1
0
0
0
0
0
0
1
0
2
0
2
1
0
0
0
0
1
0
0
2
0
0
0
0
1
0
0
0
0
0
1
0
1
0
0
0
1
0
1
0
0
0
0
2
0
1
1
1
0
0
0
0
0
0
1
0
1
0
0
0
0
0
0
0
0
0
1
0
0
0
0
1
0
0
0
0
0
0
0
0
1
0
0
1
0
1
0
0
3
0
0
0
1
0
0
0
0
0
1
0
0
1
0
0
2
0
0
0
0
0
0
0
0
0
1
1
0
0
0
0
0
0
1
1
0
0
0
0
1
0
0
1
0
0
1
0
0
2
0
0
0
0
0
0
0
0
0
1
0
0
0
0
0
0
0
0
0
0
0
0
0
0
0
0
0
0
1
0
0
0
0
0
0
0
0
1
0
1
0
1
0
0
1
0
0
0
0
0
0
1
1
0
1
1
0
0
1
0
0
0
0
0
1
1
1
0
0
1
0
0
0
0
1
0
0
1
0
0
0
1
0
0
0
1
0
0
0
0
0
0
0
1
1
3
1
0
0
1
0
0
0
1
1
1
1
0
2
3
3
7
3
2
1
5
9
7
10
14
15
19
15
21
21
22
21
14
16
18
10
12
10
2
4
2
2
1
1
1
0
0
0
0
0
0
0
0
0
1
0
0
0
0
0
0
0
0
0
0
0
0
0
0
0
0
0
0
0
0
0
0
0
0
0
0
0
0
0
0
0
0
0
0
0
0
0
0
0
0
0
0
0
0
0
0
0
0
0
0
0
0
0
0
0
0
0
0
0
0
0
0
0
0
0
1
0
0
0
0
0
0
0
0
1
1
0
1
0
0
0
1
0
0
0
0
1
0
1
0
0
1
0
0
0
0
0
0
0
0
0
0
0
0
0
0
0
0
0
0
0
0
0
0
0
0
0
0
0
0
0
0
0
0
0
0
0
1
0
0
0
0
0
0
0
0
0
0
0
0
0
0
0
0
0
1
0
0
0
0
0
0
1
0
0
0
0
0
0
0
0
0
0
0
0
0
0
0
0
0
0
0
0
1
2
0
0
0
0
0
0
0
0
0
1
0
0
0
0
0
0
0
1
0
0
0
0
0
1
0
0
0
0
0
0
0
0
0
0
0
0
0
0
0
0
0
0
0
0
0
2
0
0
0
0
0
0
0
0
1
0
0
0
0
0
0
0
0
0
0
0
1
0
1
0
0
0
0
0
0
0
0
0
0
0
0
0
0
0
0
1
0
0
0
0
0
0
0
1
0
0
0
0
0
0
0
1
0
0
0
1
1
0
0
0
0
0
0
1
0
0
0
0
0
1
0
0
1
0
1
0
0
0
0
0
0
0
0
0
0
0
0
0
0
0
0
0
0
0
0
0
0
1
0
0
0
0
0
0
0
0
0
0
0
0
0
0
0
0
0
0
0
0
0
0
0
3
0
0
0
0
1
0
1
0
1
0
0
0
0
1
0
0
1
0
0
0
0
0
0
0
0
0
0
1
2
0
0
0
0
0
0
0
0
1
0
0
0
0
0
0
0
0
0
0
0
0
0
0
0
0
0
0
0
0
0
0
0
0
1
0
0
0
0
0
0
0
0
0
0
1
0
0
0
0
0
0
0
1
0
0
0
0
0
0
0
0
1
0
0
0
0
1
0
0
0
0
0
0
0
1
0
0
0
0
0
0
0
0
0
0
0
0
0
0
0
0
0
0
0
0
0
0
0
0
0
0
0
0
0
1
0
0
0
0
0
0
0
0
0
0
0
0
1
0
0
0
0
0
1
0
0
0
0
1
0
0
0
0
0
0
1
0
0
0
0
0
0
0
0
0
1
0
0
0
0
0
1
0
0
0
1
0
0
0
0
0
0
0
0
0
0
0
0
0
0
0
0
1
0
0
0
0
0
0
0
0
0
0
0
0
0
0
0
0
1
0
0
0
0
0
0
0
0
0
0
0
0
0
0
0
0
0
0
0
0
0
0
0
0
1
0
0
0
0
0
0
0
0
0
0
0
0
0
0
0
0
0
0
0
1
0
0
0
0
0
0
0
0
0
0
0
0
0
0
0
0
0
1
0
1
0
0
0
0
0
0
0
0
0
0
0
0
0
0
0
1
0
0
0
0
0
1
0
0
1
0
0
0
1
0
0
0
0
0
0
0
0
0
0
0
0
0
0
0
0
0
1
0
0
0
1
0
0
0
0
0
0
0
0
0
0
0
0
0
0
0
0
0
0
0
0
1
0
0
0
0
0
0
0
0
0
0
0
0
1
0
1
1
0
0
0
0
0
0
0
0
0
0
0
0
0
2
0
0
1
0
1
0
0
0
0
1
0
0
0
0
0
1
0
0
0
2
0
0
0
0
0
0
0
0
0
0
1
0
0
0
0
0
0
0
0
0
1
1
0
0
0
0
0
0
0
0
0
0
0
0
0
0
0
0
0
0
0
0
0
0
0
0
0
0
0
0
0
0
0
0
0
0
0
0
0
0
0
0
0
0
0
0
0
0
0
0
0
1
0
1
0
0
0
1
0
1
0
0
0
0
0
0
0
0
0
0
0
0
1
1
0
0
0
0
0
0
0
0
0
0
1
0
0
0
0
0
0
1
0
0
0
0
0
0
0
0
0
0
0
0
0
0
0
0
0
0
0
0
0
0
0
0
0
0
0
0
0
0
1
0
0
0
0
1
0
0
0
0
0
0
0
1
0
0
0
0
0
1
0
0
0
0
0
0
0
1
0
0
0
0
0
0
0
0
0
0
1
0
0
0
0
0
0
0
0
0
0
1
0
0
0
0
0
0
0
0
0
0
0
0
0
0
0
0
0
0
0
0
0
0
0
0
0
1
0
0
0
0
0
0
0
0
0
0
0
0
0
0
0
0
0
0
1
0
1
0
0
0
0
0
0
0
0
0
0
0
0
0
0
0
0
0
0
0
0
0
0
0
0
0
0
0
0
0
0
0
0
0
0
0
0
0
0
0
0
0
0
0
0
0
0
0
0
0
0
0
0
0
0
0
0
0
0
0
$ENER_FIT:
0.347 0.366775 1.63494e-007 -1.07400e-011 0.00000e+000
$MCA_CAL:
5
0.347 0.366775 1.63494e-007 -1.07400e-011 0.00000e+000
$PEAKLABELS:
871.408, "Cr-51"
1742.254, "Sum Peak"
1791.284, "unknown"
185.508, "Au XRF,(Detector)"
211.630, "Au XRF,(Detector)"
3976.753, "K-40,(Bkgd)"
7115.263, "Th-232(d),(Bkgd)"
405.807, "Backscatter"
$ENDRECORD:
