$SPEC_ID:
PeakEasy Library File: Cr-51, IdentiFINDER (LaBr3), 0.73 mCi @ 45 cm
$MEAS_TIM:
6000.00000 6025.00000
$DATE_MEA:
30-Nov-2011 12:37:29
$DATA:
0 1023
0
0
0
0
0
1178
9548
11276
12747
14194
17570
26710
32849
26384
20445
20260
20762
21540
22896
24508
26133
27388
29645
32832
36504
38111
38456
39205
41000
42293
44243
46295
48978
51617
53423
55348
57484
58345
58980
59011
59118
59366
59988
60913
63623
69269
77580
87115
94798
97121
96372
92733
87499
82786
77811
73269
68776
64097
59474
54652
49523
46048
42522
39688
37692
35316
33392
31414
29129
27349
25745
24480
23446
22548
21995
21351
20523
20270
19619
18686
18450
17923
17259
17067
16653
16464
16107
15796
15548
15222
15174
15267
15257
15054
15236
14385
13762
13288
13420
14803
21004
39303
80259
150556
239084
313392
334379
291469
206848
119733
56651
22035
7459
2496
1101
766
726
672
604
631
585
509
543
513
521
483
527
474
485
467
460
451
446
435
432
431
418
419
461
410
374
431
368
404
394
364
373
434
439
395
384
362
402
379
373
356
360
352
357
328
360
350
310
353
311
337
374
334
331
352
356
352
342
299
304
284
308
292
282
262
318
278
252
275
277
268
309
256
267
298
276
314
295
319
329
311
294
320
269
301
308
301
331
328
289
278
248
250
229
245
249
224
230
227
215
225
214
226
216
219
219
198
207
223
204
198
196
189
181
199
184
180
191
172
192
182
188
172
177
170
159
170
173
163
155
150
172
160
154
164
165
172
165
159
178
150
162
162
162
160
171
183
203
223
260
250
231
229
267
243
254
255
216
226
226
236
242
227
246
229
238
241
221
257
228
259
233
223
207
208
221
241
225
202
191
215
225
213
216
207
214
218
221
208
202
195
207
198
195
196
205
185
181
164
196
171
184
188
185
202
190
174
177
201
159
177
164
153
147
153
139
152
138
150
150
141
127
134
131
129
127
136
112
128
108
116
111
111
105
109
107
118
119
126
110
103
104
113
99
107
125
118
111
110
96
96
104
107
118
131
142
128
123
125
146
128
122
142
145
133
114
116
124
116
131
119
129
129
98
96
127
115
117
127
126
136
146
117
106
115
131
115
127
122
128
135
112
115
113
134
109
95
97
92
94
90
97
92
67
66
70
58
62
60
75
56
51
66
55
55
49
58
46
49
42
43
47
47
40
32
41
35
37
31
27
29
32
29
32
22
27
31
25
32
23
19
24
27
37
30
24
30
19
15
27
30
23
32
33
38
56
57
60
67
92
107
120
156
171
220
216
255
265
268
321
327
357
379
368
376
397
363
321
314
288
243
201
167
143
123
78
46
47
32
36
31
17
13
21
13
16
17
9
11
11
15
14
12
12
10
15
13
7
5
19
17
7
19
12
15
12
11
15
14
17
18
17
11
10
17
12
11
14
10
13
6
7
13
6
10
10
10
10
8
9
8
5
3
10
8
3
9
10
11
9
4
6
10
8
11
6
10
17
10
11
9
10
10
13
8
9
14
12
10
14
15
13
21
19
18
13
16
13
16
13
13
5
4
12
11
7
8
12
12
9
8
10
6
7
14
7
10
12
12
8
8
2
5
11
12
13
10
12
16
9
14
2
7
11
8
6
6
9
18
11
5
9
10
11
13
8
7
9
18
8
6
15
9
8
7
15
17
8
7
10
14
12
9
10
10
9
8
12
7
10
19
13
13
11
9
7
9
16
23
19
15
7
15
20
18
16
23
20
17
14
16
16
13
11
14
11
14
9
14
14
11
12
8
22
13
12
13
16
14
12
16
13
12
16
12
5
14
13
16
5
5
16
7
12
10
13
12
9
9
13
11
11
15
11
14
10
14
16
17
6
14
17
10
10
17
10
10
10
8
12
11
13
8
11
7
17
12
14
5
12
12
10
12
16
19
17
13
14
13
12
16
11
13
12
12
12
13
8
15
15
14
9
14
10
8
14
7
12
6
10
6
11
13
4
15
13
14
7
12
9
12
10
7
5
11
15
14
6
14
8
7
14
5
10
6
5
7
3
3
2
1
3
4
5
6
5
2
5
1
3
4
2
2
4
5
5
1
2
4
3
2
4
2
9
6
4
5
5
6
3
5
1
0
5
4
7
6
6
3
6
0
8
8
6
7
12
12
8
4
17
9
16
11
13
13
10
17
11
17
15
8
5
16
12
17
9
6
13
7
12
10
5
7
6
8
11
7
5
6
5
11
7
7
5
3
3
5
4
3
3
2
2
2
0
2
3
3
4
1
1
0
2
1
2
0
1
0
0
1
1
1
0
1
0
1
2
2
2
1
0
0
0
1
1
0
0
1
1
0
0
1
0
0
0
2
0
2
1
0
0
0
1
0
1
1
0
1
0
1
1
1
3
1
1
1
0
1
0
0
0
1
1
0
0
0
0
0
1
0
0
0
1
1
0
0
0
2
0
1
0
0
1
0
1
0
1
0
1
0
0
2
0
1
1
2
0
0
1
1
1
1
0
0
0
0
0
0
0
0
$ENER_FIT:
1.311 3.015170 -2.77458e-005
$MCA_CAL:
3
1.311 3.015170 -2.77458e-005
$PEAKLABELS:
105.823, "Cr-51"
11.790, "La-138,X-rays"
49.029, "Backscatter"
487.940, "K-40,(Bkgd)"
873.380, "Th-232(d),(Bkgd)"
$ENDRECORD:
