$SPEC_ID:
PeakEasy Library File: Cr-51, IdentiFINDER (NaI), 0.73 mCi @ 45 cm
$MEAS_TIM:
6000.00000 6326.00000
$DATE_MEA:
30-Nov-2011 14:34:17
$DATA:
0 1023
0
0
0
0
6478
14013
16308
19400
21762
23561
25007
26379
27692
28708
30069
31690
32430
34646
36499
39001
41908
46232
51664
57908
63479
65890
66971
69277
71896
74911
78984
83389
88149
91572
95385
97376
99824
101048
102024
102647
104400
107799
111775
119276
127920
139023
148481
153837
156226
152706
147800
140749
133601
125726
117462
109410
101740
95155
88628
82974
77326
73365
68327
64080
60034
56748
53515
50164
47489
45013
42966
41154
39348
38189
37078
35817
34385
33699
33024
31791
30862
30314
29761
29171
28683
28498
28153
28007
28227
28946
28811
30615
33660
38948
48800
64299
86507
115768
151487
190323
228538
261058
282731
290466
284210
264830
233344
195382
154689
115792
82645
56184
36198
22268
13012
7763
4511
2764
1881
1347
1088
952
854
784
796
754
740
711
673
671
611
660
624
586
598
600
561
573
579
531
519
537
545
559
535
532
509
509
491
514
510
477
451
463
451
449
475
458
444
452
388
424
460
427
416
431
395
428
381
422
388
360
338
330
348
330
360
316
359
323
330
327
335
312
332
367
355
332
342
334
347
378
356
360
365
342
350
330
333
307
322
320
316
262
291
257
266
259
250
230
239
248
268
257
233
236
213
190
225
208
196
180
190
189
200
184
205
196
196
171
163
195
187
174
164
189
169
160
183
163
173
179
173
171
175
172
154
155
178
169
176
167
156
164
167
165
151
163
142
141
156
157
139
161
141
135
139
153
152
130
151
133
118
147
126
130
148
135
116
124
135
140
123
141
152
139
154
144
112
139
135
134
114
131
146
139
146
152
140
123
124
144
130
135
122
128
125
130
124
125
126
116
126
125
127
112
131
106
96
115
107
140
117
107
122
123
112
104
93
88
87
78
96
99
103
100
82
83
92
87
101
68
84
90
90
100
97
87
89
75
89
85
101
99
81
90
98
103
92
98
98
96
97
97
100
106
86
97
92
95
98
103
98
109
111
86
87
95
87
92
80
93
98
100
96
85
74
75
73
79
82
79
67
76
75
78
70
77
89
80
79
70
77
64
62
57
59
60
73
70
59
51
54
50
55
53
55
50
41
55
36
38
40
47
43
51
35
38
48
36
44
44
40
32
40
41
40
39
45
41
48
52
31
31
42
32
44
45
34
40
47
38
44
55
53
55
58
49
67
61
64
78
70
78
77
85
101
119
85
113
121
126
116
120
118
133
127
113
129
117
116
97
101
108
98
86
97
70
67
68
55
53
55
48
46
42
31
25
39
29
25
26
27
31
21
21
27
19
22
29
16
26
28
25
24
21
17
18
22
22
19
25
21
21
22
19
21
18
23
25
21
13
12
20
20
19
18
14
17
12
14
17
15
12
15
15
14
13
12
16
22
16
15
16
15
18
13
18
17
12
16
15
19
16
11
20
22
17
20
20
16
21
11
32
20
23
16
14
18
14
16
27
19
18
19
17
16
15
14
12
15
17
14
12
15
16
18
13
8
13
4
14
10
12
13
13
9
12
18
15
10
12
12
16
9
7
8
11
13
15
8
12
12
9
7
12
13
7
12
11
12
11
9
8
7
5
10
4
8
10
11
12
7
10
12
11
7
9
13
7
6
8
6
10
10
10
12
9
6
6
4
13
7
5
7
8
12
8
9
6
8
10
15
13
6
12
10
10
12
9
10
10
13
8
12
5
9
10
16
11
10
11
12
9
9
11
8
13
14
9
9
13
8
13
7
10
12
15
13
9
9
15
9
8
13
12
10
9
13
14
7
12
10
9
17
9
6
11
9
7
13
10
10
9
7
8
6
9
5
11
9
7
11
12
9
9
10
10
10
10
6
9
12
8
6
15
4
6
7
8
11
8
9
12
8
9
6
10
7
9
9
3
6
5
5
5
3
10
5
4
4
9
10
6
6
3
8
6
4
5
3
4
5
2
6
0
2
3
6
1
3
4
2
1
5
2
5
3
5
3
1
1
3
3
3
3
5
2
2
2
2
4
5
3
4
8
2
2
5
6
4
3
5
7
6
7
5
2
7
6
14
12
8
11
6
9
9
8
17
11
6
9
13
11
10
7
9
7
14
11
10
13
10
5
3
4
7
12
4
5
4
10
4
4
6
7
4
1
3
1
3
6
1
2
2
3
2
3
1
1
1
2
2
2
1
1
1
0
2
1
0
2
2
1
1
2
2
1
0
4
2
1
3
2
4
5
2
0
1
2
0
1
0
0
2
0
0
2
2
1
0
2
2
1
0
1
1
1
3
1
0
0
1
2
1
7
2
2
0
4
1
2
0
0
0
0
0
2
1
1
1
1
1
2
2
2
2
1
0
1
1
1
2
1
1
1
3
1
0
1
1
0
0
1
1
2
1
1
1
1
0
1
1
0
3
1
0
3
0
1
3
0
0
2
0
0
1
0
2
0
0
2
0
1
0
1
0
2
2
5
2
2
2
0
$ENER_FIT:
3.525 3.071024 -9.31351e-006
$MCA_CAL:
3
3.525 3.071024 -9.31351e-006
$PEAKLABELS:
103.164, "Cr-51"
852.015, "Th-232(d),(Bkgd)"
475.527, "K-40,(Bkgd)"
47.993, "Backscatter"
$ENDRECORD:
