$SPEC_ID:
PeakEasy Library File: Cr-51, Interceptor (CZT), 0.73 mCi @ 45 cm
$MEAS_TIM:
7536.80000 7538.10000
$DATE_MEA:
30-Nov-2011 12:38:10
$DATA:
0 1023
0
0
0
0
0
0
0
0
0
0
0
0
0
0
0
0
0
0
0
0
310
647
615
607
614
585
562
579
549
540
624
598
579
562
581
565
629
588
596
652
671
684
711
731
716
714
778
841
898
938
1005
983
919
903
1003
926
975
1088
1047
1045
1079
1109
1197
1146
1270
1212
1249
1260
1292
1312
1319
1267
1276
1302
1307
1314
1304
1339
1342
1353
1288
1338
1291
1374
1283
1273
1279
1339
1298
1303
1353
1429
1487
1570
1572
1761
1751
1809
1804
1724
1732
1702
1630
1545
1494
1505
1405
1324
1321
1234
1171
1136
1110
1024
1031
995
1006
877
890
830
813
702
662
650
659
580
599
565
556
512
538
476
483
476
473
435
419
406
406
390
376
367
373
348
329
337
315
301
323
291
323
270
316
315
299
291
272
263
271
286
271
246
262
258
216
243
238
231
214
212
217
217
214
229
216
230
238
231
213
221
220
207
226
239
244
208
184
200
234
219
221
216
230
244
243
290
321
321
303
385
361
395
453
500
570
638
787
925
1109
1368
1678
2187
2697
2936
2856
2486
1657
879
379
146
37
11
7
6
3
10
5
8
7
3
7
6
3
4
5
6
6
4
6
5
1
2
2
2
2
2
4
4
2
3
0
4
2
4
4
2
5
3
1
3
2
3
2
1
0
3
3
6
3
3
3
5
2
5
4
2
3
2
4
3
2
2
1
6
1
1
4
1
0
1
1
6
2
2
1
2
2
2
1
1
0
3
0
2
2
1
2
3
0
4
0
1
1
3
0
0
1
2
0
1
3
0
0
2
4
2
1
1
0
1
1
0
2
1
2
1
1
0
1
1
3
4
0
1
1
4
2
1
1
0
1
5
1
2
1
3
1
2
1
1
3
0
1
2
1
0
1
0
1
1
2
2
1
0
2
2
2
0
0
2
2
1
1
1
1
3
3
1
0
1
3
2
0
2
2
0
1
3
3
0
3
1
3
1
0
4
4
1
2
2
0
4
2
0
1
0
1
0
1
1
1
0
2
0
2
1
1
0
0
2
1
0
1
4
0
1
0
1
3
1
0
0
1
0
0
0
0
2
0
0
6
3
3
0
1
2
1
2
1
0
2
0
0
1
0
0
2
1
0
2
2
1
1
0
1
0
0
2
1
0
0
0
2
0
1
2
1
0
0
0
1
1
0
1
2
0
2
1
2
1
0
0
1
3
2
0
1
0
2
0
1
1
1
0
0
0
1
0
0
0
0
2
0
1
0
1
0
1
2
2
0
0
0
0
1
1
0
0
2
0
0
2
0
0
0
1
1
0
0
0
2
0
2
0
0
0
0
0
0
0
0
1
0
1
0
1
1
0
0
1
0
0
0
1
1
2
1
1
1
0
0
0
0
1
0
0
1
0
1
1
1
0
0
0
1
2
2
1
0
1
1
2
0
1
1
1
2
0
0
0
0
0
0
0
0
0
1
1
2
1
0
0
1
0
1
0
0
1
0
0
1
0
0
0
0
0
0
1
0
0
0
0
1
1
0
0
0
1
0
0
0
0
0
0
0
0
0
2
1
0
0
0
0
0
1
1
1
0
1
1
0
0
1
2
1
0
0
0
1
0
0
1
2
0
0
0
0
0
1
0
0
1
1
0
0
0
0
0
0
0
2
2
0
0
0
0
0
0
0
1
0
0
1
0
1
0
0
0
0
0
1
0
1
2
0
0
0
1
0
0
0
0
1
0
1
0
0
1
2
0
0
0
0
1
0
0
0
1
0
0
0
0
0
1
1
0
1
1
0
0
0
0
1
0
0
0
0
1
0
0
2
0
0
3
1
1
0
0
1
0
1
0
0
1
0
0
1
0
0
1
1
1
0
0
0
0
0
1
1
0
0
2
0
0
0
0
0
0
0
0
0
3
0
0
0
0
0
0
0
0
0
0
1
0
0
1
0
0
0
1
1
1
0
0
0
0
0
0
0
0
0
0
0
0
0
0
0
1
0
0
0
0
0
0
0
1
1
1
0
0
0
0
1
0
0
1
0
0
0
0
0
0
1
0
1
0
0
0
0
0
0
1
0
0
0
0
0
0
0
0
0
0
0
0
0
0
0
0
1
0
0
1
0
0
0
0
0
0
0
0
0
0
0
0
0
0
0
0
2
0
0
1
0
0
1
0
0
0
0
0
0
0
0
0
0
0
1
0
2
0
0
0
0
0
0
0
0
0
0
1
1
0
0
1
0
0
0
0
0
1
1
0
0
0
1
0
1
0
0
0
0
0
0
0
1
0
0
0
0
0
1
0
0
0
1
0
0
0
0
0
0
0
0
0
0
0
1
0
0
0
0
0
0
0
0
0
0
0
0
0
0
0
0
0
0
0
0
1
0
0
0
0
0
0
$ENER_FIT:
0.000 1.500000 0.00000e+000
$MCA_CAL:
3
0.000 1.500000 0.00000e+000
$PEAKLABELS:
213.295, "Cr-51"
97.377, "Backscatter"
$ENDRECORD:
