$SPEC_ID:
PeakEasy Library File: Am-241, IdentiFINDER (NaI), 494 uCi thru 11.6 mm Fe @ 1.5 cm total
$MEAS_TIM:
60000.00000 60047.00000
$DATE_MEA:
19-Jul-2011 13:46:58
$DATA:
0 1023
0
0
0
0
56289
51589
14692
16916
21941
27858
31107
28446
23736
22681
24323
26438
29546
37268
58169
99702
145537
158750
128901
96524
86450
89367
95285
105886
123403
153174
200445
271381
362680
444952
472524
424906
331072
248058
199085
186223
186910
183800
173517
151766
124935
103681
90930
84310
83053
81365
79412
75728
72032
69861
68861
67492
66180
64904
63141
60686
58459
57173
55752
55199
55700
56493
58153
59662
60582
60323
58489
55431
50956
47096
43077
39935
37553
35720
34311
32956
32054
30980
29559
28792
27764
27105
26457
25987
25683
25036
24341
23773
23334
23319
23095
22459
22396
22802
23045
23476
23919
23930
24802
25305
25820
25981
26256
26288
26041
26037
25745
25100
24167
23025
21677
20566
19296
18036
16782
15968
15323
14619
14129
13897
13376
12931
12623
11968
11306
10602
10144
9333
8755
8325
7937
7624
7386
7091
7022
6908
6787
6626
6440
6370
6233
6065
6029
5822
5719
5600
5365
5162
5187
5077
4947
4829
4906
4785
4777
4711
4584
4544
4511
4523
4491
4409
4301
4172
4164
4178
4224
4121
4081
4133
3985
3856
3819
3643
3527
3492
3381
3269
3306
3257
3148
3236
3210
3074
3144
3265
3322
3211
3242
3314
3400
3470
3466
3422
3506
3463
3481
3467
3409
3515
3390
3430
3511
3378
3343
3375
3362
3309
3483
3459
3440
3573
3637
3725
3754
3825
3835
3873
3831
3812
3619
3589
3478
3368
3196
3042
2910
2888
2657
2672
2601
2634
2559
2581
2526
2493
2552
2592
2399
2395
2397
2328
2193
2194
1987
1952
1949
1892
1876
1727
1730
1648
1615
1632
1567
1586
1535
1471
1433
1391
1425
1382
1384
1353
1358
1293
1273
1269
1275
1271
1272
1235
1252
1218
1232
1204
1165
1182
1258
1189
1199
1149
1212
1148
1176
1173
1203
1184
1218
1146
1145
1139
1134
1240
1137
1210
1241
1196
1234
1235
1215
1159
1166
1209
1174
1160
1119
1123
1103
1101
1111
1144
1082
1094
1118
1041
1052
1112
1050
1042
1067
1060
1059
1033
1026
1053
968
991
916
892
876
903
884
854
853
845
841
859
809
877
801
837
836
825
817
805
813
812
811
806
845
822
822
827
838
812
825
842
819
859
795
871
879
864
826
878
852
841
853
923
860
862
874
885
944
875
821
818
767
838
802
838
846
765
794
793
746
743
771
764
839
729
728
687
728
659
659
696
687
671
645
611
626
588
633
598
590
615
543
564
545
537
529
499
518
511
459
532
505
489
439
426
427
417
403
438
419
375
375
391
371
383
365
379
352
360
392
378
347
349
350
380
379
353
357
346
344
369
350
365
330
347
360
357
400
358
345
376
386
399
420
439
474
451
487
511
528
545
586
613
653
723
783
791
846
897
884
908
1006
1009
1002
1077
1062
1129
1126
1059
1050
1071
978
931
950
885
823
750
804
699
635
573
578
520
489
462
427
371
328
354
337
301
271
268
262
239
254
229
216
227
221
251
229
201
184
226
233
237
227
221
191
189
221
203
203
177
204
198
212
196
179
176
168
160
180
170
166
144
139
161
138
160
162
146
139
117
141
145
148
151
152
146
134
138
126
140
151
137
151
154
154
157
145
139
146
161
160
167
187
170
177
179
178
167
185
176
164
193
165
177
169
200
175
170
180
168
166
154
151
155
180
140
148
134
151
138
136
133
138
132
137
119
117
109
115
106
122
102
98
116
95
115
117
107
101
104
89
100
99
102
111
103
85
97
89
106
101
85
92
90
97
99
89
92
92
90
106
79
92
106
77
86
76
81
67
83
87
84
76
80
64
72
84
74
74
76
71
67
89
85
79
86
77
62
65
81
86
77
87
83
82
86
83
77
89
81
89
73
84
84
83
72
87
73
95
87
84
98
76
103
104
92
94
108
101
121
91
90
100
104
107
92
97
99
90
102
102
99
106
94
105
99
114
86
78
84
97
92
91
103
100
77
100
91
98
99
87
89
82
88
88
95
103
89
96
91
91
87
87
98
96
80
70
79
86
96
82
84
93
89
78
78
89
80
61
71
71
68
77
83
78
78
73
66
68
77
70
66
64
63
73
73
68
77
65
55
48
62
56
54
55
61
56
62
55
51
58
43
62
60
59
44
42
40
42
42
49
47
46
42
36
41
41
44
39
41
34
33
41
39
39
37
35
35
31
44
33
33
31
27
34
30
28
25
27
29
38
39
28
35
26
31
28
27
32
25
35
29
30
37
43
42
39
39
40
41
45
64
54
60
57
70
68
86
73
64
84
80
93
91
83
98
91
78
103
78
75
85
94
102
80
89
86
89
88
75
79
70
87
71
78
66
59
52
59
57
47
38
31
41
33
31
33
30
32
30
27
26
26
29
16
20
21
17
26
20
14
21
16
20
15
18
12
16
14
16
12
11
15
13
19
8
10
12
20
16
8
14
18
15
16
9
17
22
13
14
11
11
6
14
13
6
9
11
12
13
11
11
15
12
14
16
16
6
10
10
10
14
8
14
7
10
12
12
15
11
14
10
10
10
10
11
12
11
14
7
10
10
13
9
8
14
10
7
6
13
9
16
8
11
9
10
13
21
9
11
10
14
14
7
8
7
6
6
10
10
13
12
8
10
10
12
8
14
$ENER_FIT:
-2.332 3.027010 -6.12905e-005 1.57602e-008 0.00000e+000
$MCA_CAL:
5
-2.332 3.027010 -6.12905e-005 1.57602e-008 0.00000e+000
$PEAKLABELS:
34.156, "Am-241"
42.258, "Am-241"
20.607, "Am-241"
69.184, "Am-241"
9.701, "Am-241"
221.252, "Am-241"
240.352, "Am-241"
109.153, "Am-241, Pa-233"
487.438, "K-40,(Bkgd)"
876.545, "Th-232(d),(Bkgd)"
125.691, "Am-241,Pa-233"
$ENDRECORD:
