$SPEC_ID:
PeakEasy Library File: Am-241, IdentiFINDER (LaBr3), 494 uCi thru 11.6 mm Fe @ 1.5 cm total
$MEAS_TIM:
60000.00000 60036.00000
$DATE_MEA:
20-Jul-2011 15:29:11
$DATA:
0 1023
0
0
0
0
0
2772
16721
18332
22210
23879
45917
141105
201239
110672
37526
24773
27206
42757
94975
166129
164197
95986
56935
53888
61053
67701
75968
88856
107760
133840
175601
257937
377936
458836
411655
272668
157176
113163
111775
127147
156123
172112
147911
100509
67786
57228
56684
61352
65283
63459
57918
52265
49686
49509
50397
50834
49824
47089
43778
41120
39730
38639
38006
37697
37375
37940
41335
47094
52462
51650
44288
35191
29167
26114
24510
23659
22768
22401
22309
21761
20756
19697
18617
18123
17518
17117
16954
16854
16631
16038
15574
15037
14679
14198
13655
13616
13563
14066
14551
15112
15834
17312
18495
19131
18567
17503
16601
16153
17145
19044
20508
20834
19067
16133
12912
10547
9203
8762
8504
8851
9674
10738
11385
11418
10949
10105
8820
7739
6774
6215
5829
5531
5475
5313
5224
5200
5383
5350
5345
5376
5284
5216
4946
4691
4602
4410
4386
4383
4388
4365
4355
4360
4343
4127
4002
3971
3913
3798
3778
3730
3596
3628
3561
3468
3480
3493
3604
3653
3700
3810
3737
3532
3517
3378
3216
3155
2993
3004
2960
2960
2896
2828
2839
2891
2730
2870
2809
2830
2829
2961
2962
3055
3079
3016
3046
3006
3028
2930
3050
3159
3060
3208
3284
3354
3301
3229
2952
2915
2629
2538
2474
2488
2426
2593
2912
3200
3590
3949
4358
4437
4339
4271
3847
3294
2949
2596
2325
2134
2090
2025
2022
2042
1990
2025
2116
2147
2460
2480
2601
2687
2604
2579
2425
2305
2077
1902
1736
1653
1534
1586
1507
1501
1505
1572
1560
1543
1518
1586
1598
1673
1739
1860
1960
2023
2180
2200
2353
2357
2381
2342
2340
2356
2265
2237
2296
2243
2242
2266
2230
2253
2314
2146
2092
2184
2164
2142
2138
2075
2078
2116
2032
2007
2035
2013
1995
2014
2052
1990
2030
2022
2047
2085
2032
2042
2049
2115
1989
2006
1924
1944
1877
1858
1795
1835
1714
1723
1803
1822
1755
1727
1750
1812
1785
1731
1686
1661
1582
1530
1473
1468
1404
1409
1398
1383
1330
1336
1233
1270
1265
1225
1258
1170
1207
1139
1172
1061
1153
1124
1078
995
1159
1161
1071
1122
1053
1088
1076
1088
1094
1105
1093
1088
1081
1057
1137
1065
1036
1151
1157
1193
1126
1223
1160
1251
1246
1170
1265
1195
1148
1130
1176
1225
1173
1107
1119
1204
1227
1189
1178
1157
1133
1176
1186
1101
1154
1224
1155
1160
1166
1091
1137
1120
1096
1168
1165
1115
1075
1069
1076
1062
1016
1022
1011
964
941
955
844
847
777
737
748
707
614
602
567
539
530
521
527
520
460
455
435
424
470
406
398
367
377
344
325
318
310
305
306
299
320
298
276
272
262
252
270
275
241
266
237
214
244
254
239
209
231
254
232
256
283
295
333
366
429
533
685
779
939
1140
1342
1535
1788
2029
2264
2459
2652
2830
2991
3224
3399
3541
3657
3621
3627
3452
3386
2970
2606
2248
1882
1463
1124
927
722
554
455
327
233
211
160
150
142
120
109
106
95
96
97
104
94
86
100
94
77
100
114
111
109
121
136
135
142
134
146
133
132
148
114
96
114
108
95
101
83
101
106
96
93
84
92
98
85
84
72
73
69
76
87
72
73
69
71
64
69
74
69
61
70
68
64
63
77
75
76
75
83
90
88
82
98
105
98
111
102
104
136
127
139
136
137
147
133
133
133
116
140
122
116
88
86
72
92
86
96
83
84
87
69
80
72
74
95
101
82
83
66
67
81
102
105
84
94
101
95
86
84
88
88
78
95
88
97
90
91
92
82
94
99
100
92
89
89
85
92
97
105
92
112
113
111
116
122
112
93
108
102
94
110
114
126
107
126
101
105
116
123
135
114
119
137
141
123
129
135
157
151
146
136
151
151
152
161
178
149
181
132
134
149
142
145
142
128
132
122
139
122
129
128
128
124
130
139
114
111
123
142
122
116
122
128
116
127
102
119
99
109
98
87
107
114
99
109
101
103
91
102
104
110
102
107
117
114
117
126
132
119
107
133
132
134
127
112
123
133
122
110
128
121
120
108
112
108
107
126
124
108
131
133
129
124
132
139
142
126
128
143
154
126
127
138
127
123
135
140
144
141
118
108
104
110
107
109
107
114
95
99
83
105
99
109
106
96
108
102
115
102
102
96
94
92
88
106
85
81
76
88
80
77
66
60
57
67
47
56
36
47
62
60
60
49
46
41
47
48
50
46
44
52
45
43
38
35
40
34
45
60
37
46
51
48
36
40
37
38
41
40
51
53
38
53
47
48
47
41
51
56
44
54
54
53
65
61
72
58
89
101
97
113
105
131
132
126
109
136
148
137
121
132
126
123
133
123
96
114
95
79
97
92
99
95
76
79
82
92
60
63
76
65
51
47
56
50
38
35
35
33
33
27
33
20
14
18
17
11
17
19
13
9
8
12
13
10
11
5
7
14
9
9
4
8
5
7
14
9
6
8
10
8
7
7
4
6
10
6
6
7
8
11
3
9
7
10
10
9
3
7
7
9
8
6
6
1
2
11
3
5
4
3
5
7
8
9
11
11
9
8
5
9
9
4
5
5
4
7
7
4
6
8
6
8
8
3
7
5
5
5
7
10
7
12
7
8
7
2
4
7
5
8
4
5
4
5
9
5
6
6
6
6
5
6
0
0
0
0
0
0
0
$ENER_FIT:
0.785 3.040109 -1.59773e-004 2.40256e-007 -1.23018e-010
$MCA_CAL:
5
0.785 3.040109 -1.59773e-004 2.40256e-007 -1.23018e-010
$PEAKLABELS:
32.988, "Am-241"
41.105, "Am-241"
19.446, "Am-241"
48.410, "Am-241"
54.605, "Am-241"
68.533, "Am-241"
110.852, "Am-241"
102.805, "Pa-233"
122.682, "Am-241"
138.441, "Am-241"
219.424, "Am-241"
238.773, "Am-241"
11.852, "La-138, X-rays"
491.359, "K-40 (Bkgd),La-138"
869.971, "Th-232(d),(Bkgd)"
$ENDRECORD:
