$SPEC_ID:
PeakEasy Library File: Am-241, Interceptor (CZT), 494 uCi thru 11.6 mm Fe @ 1.5 cm total
$MEAS_TIM:
84755.20000 84756.10000
$DATE_MEA:
22-Jun-2011 15:57:09
$DATA:
0 1023
0
0
0
0
0
0
0
0
0
0
0
0
0
0
0
0
0
0
0
0
448
895
865
816
902
964
909
1065
1152
1257
1469
1703
1824
1980
2181
2346
2454
2670
2869
2958
2873
2419
1911
1326
991
738
688
731
797
722
742
776
775
762
854
782
844
821
804
893
877
897
830
949
887
940
885
935
872
885
852
900
787
833
729
810
764
753
768
728
679
749
723
786
710
692
720
725
621
597
610
604
627
559
568
575
559
568
518
514
487
481
495
468
443
432
480
426
450
408
388
411
412
366
355
350
332
370
367
297
299
318
304
317
307
291
234
244
261
244
224
259
266
257
208
240
231
206
225
232
201
206
204
177
220
190
198
182
201
169
163
151
164
170
152
165
189
183
190
151
144
153
158
132
112
137
123
94
109
108
109
103
87
99
101
96
92
105
98
90
93
85
82
74
73
80
72
76
93
77
69
78
72
74
88
67
81
64
72
62
73
59
43
45
56
60
67
49
61
46
65
33
56
45
44
55
53
39
38
50
46
52
48
62
51
54
58
39
45
46
41
41
49
52
47
46
53
42
38
31
37
35
33
38
40
34
38
34
34
30
40
29
40
25
34
21
37
21
22
20
25
25
29
31
20
36
21
29
26
22
30
28
23
38
21
26
21
20
27
24
23
19
26
24
15
19
18
25
12
21
18
23
20
18
17
22
24
24
24
10
19
22
10
30
20
15
25
22
24
19
20
23
16
11
14
17
13
18
15
22
20
14
14
16
12
22
16
13
20
23
23
18
13
10
18
24
16
21
18
22
16
14
16
15
20
22
13
12
12
18
25
12
10
16
14
25
7
13
14
11
10
10
10
16
11
11
12
15
9
18
13
15
14
14
8
18
13
15
18
15
14
8
16
15
10
18
16
12
21
19
10
16
15
15
10
13
11
11
8
12
8
8
19
15
21
14
15
26
18
14
7
13
11
5
13
7
10
10
6
12
8
13
12
5
5
6
10
7
5
7
6
7
11
15
5
13
11
9
12
11
12
5
13
6
10
11
8
8
8
12
11
12
9
11
7
11
7
11
6
13
12
11
13
6
8
6
10
6
5
5
5
10
6
3
8
4
11
7
7
6
6
10
9
4
6
12
8
7
10
7
10
8
6
8
4
7
6
6
8
4
12
7
7
11
4
11
4
7
8
7
6
9
7
9
10
6
11
9
5
6
7
7
8
6
6
9
7
3
8
6
2
6
11
13
8
8
4
11
7
2
4
7
4
6
8
5
9
4
3
3
7
7
2
6
7
4
8
4
6
8
3
7
6
6
12
4
8
7
7
4
4
8
10
1
10
1
4
5
5
5
5
4
9
7
6
6
12
8
7
8
6
2
4
5
3
6
8
6
5
5
5
8
9
9
5
11
5
8
7
4
2
4
10
5
11
4
3
6
2
4
2
8
6
9
5
4
4
3
5
2
5
4
6
9
3
10
5
6
5
9
5
7
11
3
3
9
3
9
4
6
7
5
9
3
6
3
5
5
4
3
5
2
5
4
3
5
3
1
3
7
4
4
6
6
4
8
3
8
5
5
5
2
4
3
3
4
3
5
6
5
6
5
2
3
5
3
3
3
3
3
3
2
2
4
2
6
8
6
4
6
8
2
2
6
4
1
1
10
1
4
3
6
6
2
1
4
3
3
5
7
1
6
6
8
5
4
4
4
6
6
7
1
3
2
2
7
2
2
0
5
3
3
2
5
4
4
4
3
4
4
5
5
6
2
8
6
3
5
4
7
6
9
1
9
5
6
3
2
3
6
6
1
2
4
7
3
7
3
5
7
0
2
2
5
4
7
1
3
2
9
5
7
8
2
0
1
2
1
3
5
1
2
5
4
1
1
3
7
2
0
4
3
7
3
4
4
5
0
5
2
3
2
1
2
3
4
1
3
3
0
4
2
1
3
2
2
2
1
3
2
2
0
3
2
1
2
0
1
1
3
3
4
2
2
1
0
4
2
5
1
1
0
2
1
0
2
5
0
1
1
3
2
3
2
2
2
0
2
3
2
1
3
2
2
3
0
3
0
2
2
0
1
2
3
2
0
4
3
1
1
1
1
1
2
2
2
0
2
3
0
0
5
3
2
2
3
3
2
0
6
0
2
5
1
2
1
4
2
2
3
1
1
3
1
5
2
3
1
2
3
2
4
6
5
2
5
4
1
5
1
2
5
4
3
3
0
3
4
3
3
7
7
3
3
3
4
6
3
3
3
1
0
0
2
2
3
2
0
1
1
3
3
2
0
3
0
2
2
4
1
0
0
0
3
2
1
1
1
3
0
0
0
2
1
2
1
0
0
1
1
4
0
1
3
$ENER_FIT:
0.103 1.500000 0.00000e+000
$MCA_CAL:
3
0.103 1.500000 0.00000e+000
$PEAKLABELS:
38.886, "Am-241"
$ENDRECORD:
