$SPEC_ID:
PeakEasy Library File: Am-241, Detective (HPGe), 494 uCi thru 11.6 mm Fe @ 1.5 cm total
$MEAS_TIM:
60000.00000 60308.74000
$DATE_MEA:
7/13/2011 3:52:02 PM
$DATA:
0 8191
0
0
0
0
0
0
0
0
0
0
0
0
0
0
0
0
0
0
0
0
0
0
0
0
0
0
0
0
0
0
0
0
0
0
0
0
0
0
0
0
0
0
0
0
0
0
0
0
0
0
0
0
0
0
0
0
0
0
0
0
0
0
0
0
0
0
0
0
1
0
0
1
0
0
0
0
1
0
0
165
3210
7650
7971
7892
7703
7660
7705
7416
7314
7123
7206
7103
7142
7033
6986
6920
6890
6776
6725
6687
6571
6536
6363
6387
6355
6389
6194
6102
6137
6003
6119
5992
5835
5633
5691
5753
5778
5637
5597
5441
5445
5404
5577
5440
5593
5457
5356
5429
5605
5345
5421
5463
5313
5554
5342
5529
5265
5493
5423
5488
5511
5608
5635
5553
5681
5837
5811
5823
6129
6210
6289
6555
6803
6952
7259
7670
8538
9903
12824
17001
22336
25706
25712
21279
15494
10437
7306
6056
5641
5427
5603
5631
5673
5636
5697
5750
5844
5819
6153
6442
6984
7514
7728
7898
8212
8507
8876
9046
8716
7994
7187
6797
6568
6674
6721
6588
6802
6856
6986
7107
7155
7397
7602
7663
7790
7836
8039
8137
8430
8873
9282
9432
9486
9438
9318
9156
9262
9351
9354
9414
9538
9306
9369
9716
9709
10038
10179
10468
10674
10797
11162
11421
11697
11962
12235
12491
12759
12890
13226
13398
13635
13801
14135
14615
15042
15177
15553
16143
16308
16683
16991
17698
17994
18479
18719
19344
19799
20164
20629
21461
22146
23365
24825
26551
30191
36902
47863
62342
73645
75826
66098
50582
37924
30360
28366
30483
38374
51220
68417
81746
81910
67546
47421
29546
17805
12535
10346
9677
9665
9851
9791
9818
10040
10046
10278
10351
10293
10455
10828
10610
10771
10981
10882
11043
11432
11730
12216
12981
13890
14466
14726
14258
13280
12472
11989
11819
11722
12089
12476
12469
12476
12396
12268
11972
11456
11465
11559
11307
11763
12048
12837
14437
16853
18983
20995
20777
21533
24651
31852
40525
46414
45063
36427
25619
16708
11430
8999
8176
7513
7667
7641
7619
7612
7692
7522
7618
7651
7654
7513
7686
7550
7585
7593
7511
7556
7593
7585
7522
7603
7559
7515
7460
7395
7506
7596
7670
7545
7564
7407
7670
7477
7552
7391
7376
7407
7278
7634
7522
7475
7457
7470
7473
7656
7700
8190
9151
10344
12113
13191
13127
11631
9885
8486
7656
7292
7482
7553
7756
7767
7805
7461
7158
6897
6899
6862
6730
6617
6745
6923
6550
6549
6572
6659
6635
6700
6520
6652
6514
6568
6544
6443
6552
6303
6480
6385
6429
6531
6364
6495
6369
6382
6268
6570
6434
6544
6837
6960
7372
7345
7268
6970
6691
6730
6348
6289
6280
6340
6474
6925
7473
8227
8546
8432
7785
7014
6409
5829
5855
5740
5758
5654
5640
5630
5692
5714
5733
5764
5864
5724
5685
5545
5462
5445
5462
5512
5357
5429
5236
5405
5429
5394
5343
5397
5324
5226
5357
5548
5204
5266
5154
5256
5306
5312
5333
5508
5302
5276
5557
5196
5196
4952
5031
5081
5043
5001
4982
5033
5022
4969
4973
5223
5182
5233
5034
5073
4999
4886
4712
4718
4729
4788
4787
4580
4715
4736
4618
4700
4597
4521
4677
4457
4559
4553
4607
4477
4544
4535
4511
4481
4387
4442
4407
4540
4432
4463
4509
4426
4451
4429
4438
4642
5127
6515
8804
12216
15149
16721
15818
12776
9480
6634
4876
4123
3770
3734
3503
3556
3648
3660
3496
3475
3499
3453
3475
3540
3578
3450
3466
3498
3519
3386
3516
3462
3475
3443
3406
3339
3384
3433
3530
3588
3786
4027
3886
3784
3692
3528
3371
3242
3306
3083
3183
3111
3186
3161
3196
3176
3230
3208
3144
3091
3052
3131
3135
3061
2979
2936
2945
3005
2937
3060
3057
3013
3068
3015
3004
2997
3001
2910
2913
2825
2895
2963
2927
2900
2889
3125
3481
3667
3759
3887
3633
3495
3136
2944
2866
2864
2894
2934
2917
2821
2845
2727
2604
2662
2692
2519
2529
2558
2598
2573
2563
2592
2590
2480
2640
2541
2495
2414
2485
2504
2477
2408
2475
2515
2472
2440
2407
2509
2400
2431
2379
2422
2356
2320
2407
2397
2340
2386
2307
2351
2258
2398
2338
2260
2298
2378
2248
2145
2271
2259
2332
2306
2211
2244
2257
2125
2196
2341
2329
2299
2349
2375
2287
2245
2281
2473
2397
2545
2559
2470
2402
2300
2267
2209
2290
2155
2230
2258
2086
2093
2138
2100
2125
2045
2110
2115
2079
2086
2085
2110
2085
2117
2117
2085
2096
2047
2094
2046
1925
1943
1952
2016
1997
2024
1858
1958
1899
1986
1917
1979
1943
1952
1893
1871
1889
1962
1919
1869
1839
1871
1939
1972
1942
1862
1847
1875
1790
1903
1924
1830
1848
1841
1888
1864
1885
2022
2079
1982
2014
1995
2120
2187
2296
2214
2273
2062
1903
1758
1741
1718
1775
1847
1965
2167
2322
2560
2700
2495
2269
2127
1855
1878
1646
1729
1706
1726
1713
1683
1692
1743
1631
1629
1707
1650
1634
1521
1676
1642
1633
1640
1714
1690
1784
2109
2614
3770
4803
5803
6303
6112
4964
3655
2663
2004
1695
1526
1454
1429
1445
1449
1503
1432
1422
1405
1508
1390
1443
1415
1380
1408
1441
1525
1671
1885
2186
2714
3130
3240
3114
2695
2222
1748
1508
1465
1336
1366
1312
1336
1369
1381
1430
1369
1385
1406
1379
1332
1374
1355
1406
1589
1835
2124
2627
3083
3031
2978
2699
2702
2964
3877
5197
6541
7070
6700
5434
4018
2751
1987
1546
1402
1447
1478
1402
1499
1605
1649
1653
1537
1364
1255
1171
1052
1079
1075
1030
1058
1059
1069
1106
999
1057
1076
1096
1018
1048
1017
997
1085
1031
1101
1088
1077
1087
1277
1341
1600
1792
1957
1835
1668
1421
1243
1144
1093
1059
1045
1083
1059
1112
1097
1067
1011
950
953
991
989
941
971
995
963
1016
993
947
916
921
886
913
921
957
1007
936
865
930
945
891
972
995
1088
1341
1685
2316
2861
3253
3272
3013
2413
1959
1738
1579
1442
1405
1199
1065
984
915
874
887
917
941
1034
1223
1425
1803
2092
2322
2280
1955
1593
1267
1083
911
881
804
747
786
880
783
827
795
834
905
947
1006
1099
1099
1127
995
900
892
833
818
806
773
806
814
758
745
772
795
827
829
827
782
803
838
807
770
799
728
721
758
801
768
772
744
723
793
697
699
786
787
832
856
880
875
871
770
789
825
797
747
767
753
739
749
697
748
709
732
771
756
748
743
788
712
785
772
774
707
739
735
709
710
759
742
756
785
657
725
735
720
697
705
681
693
723
727
787
805
789
876
870
825
865
731
754
748
779
824
904
973
949
947
849
860
761
650
703
719
675
684
648
716
639
694
704
689
808
879
902
867
839
849
761
749
685
636
637
667
687
646
650
659
580
598
687
621
670
660
639
598
634
682
687
608
609
655
598
622
673
634
630
660
657
642
679
619
604
656
642
632
651
669
651
626
648
602
672
609
621
588
638
549
630
579
595
576
582
587
593
623
615
573
629
616
593
635
605
581
590
642
599
663
690
659
690
689
701
665
629
651
598
608
593
564
556
622
592
576
629
626
632
617
607
553
583
625
651
620
675
668
671
627
586
594
534
605
525
554
616
596
580
604
588
601
562
572
597
541
583
564
549
556
544
565
535
527
550
573
571
555
517
574
546
556
540
565
543
508
557
531
566
566
576
538
552
567
569
571
557
512
483
494
520
489
546
523
527
512
506
519
531
544
504
538
510
565
459
533
531
524
488
488
497
507
507
472
513
495
503
490
477
483
503
455
469
510
472
501
501
480
477
473
477
485
481
475
496
438
483
462
479
466
520
492
441
469
519
481
456
511
482
521
481
485
451
493
509
475
474
475
529
480
537
581
660
740
800
892
941
949
881
849
779
723
624
591
608
518
523
469
452
449
497
441
433
449
477
475
427
427
424
442
428
434
426
415
422
374
460
474
402
426
430
426
427
445
419
468
464
448
399
451
380
416
439
429
467
422
431
430
441
376
444
393
420
423
413
381
419
419
427
390
372
423
379
380
440
432
400
389
401
379
410
375
391
360
403
408
390
378
355
386
376
385
367
355
364
374
378
343
392
363
370
415
393
385
408
374
398
418
352
402
362
382
417
346
355
373
389
370
362
347
372
368
347
395
396
357
366
364
371
341
369
384
406
369
385
364
405
361
361
390
382
345
376
365
355
337
360
349
343
402
367
361
383
327
371
329
363
352
341
401
363
349
347
362
363
355
340
370
372
406
361
398
339
339
358
360
347
388
358
346
361
351
360
344
347
325
360
327
340
319
356
374
354
396
341
342
350
370
410
409
493
574
682
746
808
738
736
602
501
405
370
327
347
318
300
312
319
336
317
317
323
331
324
336
331
295
333
331
343
323
307
320
285
330
312
321
297
338
329
333
378
364
324
354
323
350
350
327
315
327
357
307
302
303
326
301
322
324
311
340
305
321
326
336
300
326
309
345
328
382
450
542
730
889
1064
1171
1112
1020
772
598
440
347
336
303
273
285
289
278
283
285
302
257
268
268
302
311
312
408
432
598
686
675
668
595
507
416
373
309
293
265
273
273
301
295
248
265
273
270
315
248
272
266
295
312
266
294
272
272
283
282
269
242
282
256
263
287
299
280
285
282
271
277
293
233
270
259
242
270
271
263
274
277
268
282
252
256
272
266
269
315
323
336
317
269
283
292
266
258
282
278
254
264
260
265
270
252
250
242
256
297
273
237
233
248
241
254
265
246
290
308
346
402
432
498
496
428
434
366
339
267
283
258
244
243
241
281
278
281
263
276
304
291
345
426
704
880
1321
1743
2096
2377
2537
2178
1687
1180
816
535
410
286
261
249
234
261
232
250
239
231
252
216
220
220
243
231
206
227
226
244
256
239
238
248
229
229
204
221
246
252
253
247
227
238
234
238
238
259
247
242
228
264
229
246
247
222
233
211
254
210
232
247
263
230
239
260
269
245
239
239
286
344
328
362
387
371
404
372
329
285
253
267
227
239
249
192
215
230
254
275
233
261
263
254
256
246
265
227
208
219
237
237
218
200
262
218
214
240
222
245
202
257
234
249
237
205
217
198
256
217
242
222
261
215
213
219
236
228
250
265
248
253
263
258
218
240
217
232
217
211
229
210
229
198
228
216
217
199
203
217
197
181
209
228
217
246
242
275
252
318
395
559
768
926
1119
1268
1246
1114
964
742
555
359
301
248
203
229
254
255
252
304
312
282
267
230
243
215
218
216
171
212
190
212
190
201
204
213
196
194
164
194
192
202
212
205
222
199
235
237
233
214
213
220
189
192
198
180
202
200
174
219
211
182
185
193
198
159
156
205
185
178
196
194
188
173
176
180
192
178
190
172
160
182
195
217
172
202
207
184
186
200
165
203
185
177
190
234
223
238
234
197
243
219
199
180
178
167
178
176
202
213
207
193
202
177
170
182
179
186
180
220
170
185
185
190
191
232
212
224
234
255
250
272
239
253
245
251
230
206
239
222
218
191
215
249
206
214
204
183
147
176
168
195
154
185
159
176
162
185
165
153
151
189
178
165
160
184
175
159
182
176
185
182
186
170
174
171
152
190
177
205
191
206
203
203
201
154
186
161
146
179
170
151
159
168
175
181
166
171
187
190
202
219
204
214
256
213
219
192
193
158
186
153
163
159
171
162
179
160
157
167
159
176
162
175
158
156
163
169
156
170
180
154
151
187
208
168
154
175
174
179
155
153
162
185
141
128
148
153
167
154
165
153
178
168
153
144
150
149
169
172
180
159
155
144
152
148
155
126
156
185
169
192
140
158
169
155
174
145
160
134
165
164
157
149
154
152
166
145
155
158
159
170
156
145
178
147
150
165
187
170
172
169
142
157
175
139
162
148
131
148
134
156
165
150
202
186
177
163
178
164
185
150
156
152
173
191
160
178
180
163
176
167
155
155
134
148
142
138
168
157
161
174
204
176
186
176
169
164
164
175
146
157
150
166
165
146
147
127
140
164
140
157
143
156
146
155
145
147
165
156
129
144
160
148
140
161
141
177
185
187
175
191
210
217
227
184
220
163
152
138
170
145
152
140
151
155
148
158
167
132
152
146
144
153
130
137
146
158
146
141
163
120
148
134
166
148
120
142
149
140
140
173
139
145
116
135
130
139
146
147
147
156
162
159
142
156
139
142
132
132
128
137
147
143
127
162
142
117
131
128
143
130
171
139
146
143
143
138
154
141
132
127
132
148
138
120
139
139
131
152
152
142
162
159
152
138
140
140
125
140
141
151
160
159
140
142
137
148
134
124
137
148
140
173
128
129
144
153
157
137
148
134
126
159
167
145
134
118
134
141
150
143
165
159
150
210
251
317
328
423
419
457
383
378
310
244
202
155
130
143
126
146
137
122
168
153
111
145
132
126
143
148
126
141
130
142
148
133
130
131
137
120
137
115
123
128
128
136
140
127
142
146
108
130
117
139
141
128
128
128
145
127
135
152
114
132
150
154
171
139
141
189
170
181
179
198
178
145
130
111
141
127
136
102
140
124
142
113
120
113
135
133
133
128
110
121
120
130
123
125
128
137
142
141
117
125
137
135
146
146
133
142
132
144
117
166
150
128
143
144
135
140
119
128
104
141
127
120
118
119
120
133
118
127
112
117
135
132
127
123
133
139
130
141
133
130
127
109
123
141
150
124
157
150
158
171
192
210
178
167
165
163
181
168
244
233
292
282
292
303
279
250
215
163
170
113
127
120
123
127
126
136
108
144
120
120
106
100
124
117
112
110
133
99
127
134
120
115
115
132
121
125
119
116
101
135
108
128
145
145
137
121
127
119
125
132
105
131
112
129
134
109
121
112
135
94
116
127
133
100
132
140
114
127
132
123
116
137
127
109
141
102
100
121
136
122
146
124
111
145
113
101
130
128
127
128
133
133
120
137
131
122
115
127
115
103
128
111
121
114
116
122
104
131
103
112
120
117
129
117
149
125
125
105
124
119
117
114
139
115
114
115
124
116
111
121
120
113
100
106
114
108
115
108
115
117
121
103
122
107
127
116
123
118
122
103
116
120
102
107
140
124
106
94
131
118
136
110
119
125
129
122
123
99
133
102
104
118
121
122
110
132
116
101
113
117
112
99
120
142
117
134
106
126
118
107
129
122
122
123
136
108
96
118
106
105
114
110
119
121
113
139
114
106
118
114
109
115
129
93
108
136
102
127
110
116
119
122
115
114
110
137
134
133
121
112
116
113
130
114
112
107
124
107
115
132
125
117
118
125
112
119
104
116
114
122
126
123
122
109
136
128
130
130
115
108
117
118
111
125
107
102
113
124
100
125
130
115
118
114
114
129
117
103
127
117
130
122
124
109
123
123
117
119
117
97
133
106
133
110
113
109
132
113
122
101
97
129
113
108
136
115
109
130
107
102
95
113
105
118
116
81
107
120
117
105
101
108
105
124
118
125
125
132
112
123
126
92
108
98
105
123
118
115
89
131
123
121
122
117
113
117
107
119
101
109
131
115
121
123
116
88
113
129
109
112
117
131
91
123
93
129
95
117
97
104
114
108
117
122
121
120
117
121
124
122
104
118
93
115
126
147
125
99
105
110
115
114
114
110
133
152
104
122
105
115
114
121
112
126
117
145
141
162
156
205
220
238
278
294
337
290
301
222
221
165
134
119
106
115
107
109
112
102
131
121
129
136
121
104
103
106
94
107
111
107
114
132
98
119
102
130
105
146
107
106
117
116
126
125
106
114
105
114
102
104
106
102
117
108
105
113
107
116
140
122
106
117
125
131
102
96
103
114
109
122
114
131
107
108
110
94
98
117
116
108
117
125
118
103
122
110
104
101
124
118
135
112
115
111
102
111
131
127
118
116
132
170
136
135
106
113
111
118
106
123
130
129
117
115
97
92
114
132
108
108
117
117
96
114
114
134
118
133
89
134
89
105
111
120
106
117
134
104
112
130
97
127
114
107
95
100
112
126
114
123
120
114
108
115
122
107
97
105
137
112
134
109
115
121
130
134
132
119
121
103
134
130
123
116
86
140
118
108
124
119
113
116
113
132
108
131
123
129
113
112
111
105
121
129
116
99
117
104
129
106
104
106
134
130
125
109
125
126
127
125
122
136
112
117
126
119
119
115
120
114
119
139
124
123
115
105
110
129
130
114
119
122
115
126
115
121
137
108
114
120
128
129
127
129
116
126
126
119
112
133
126
131
133
129
136
125
119
126
116
118
125
134
122
123
129
137
107
138
116
128
137
124
99
137
160
128
134
120
126
114
115
122
125
116
103
111
106
106
116
114
128
110
128
131
121
114
112
112
108
134
106
138
113
110
112
131
109
117
123
117
116
128
149
118
125
112
126
136
131
145
165
156
163
208
188
174
184
204
162
164
139
127
108
120
102
124
99
89
94
102
119
96
107
98
102
87
92
110
92
89
105
99
91
88
96
109
81
84
87
93
88
111
88
81
93
96
97
88
91
93
107
60
99
99
87
84
80
80
98
80
76
83
86
79
72
92
75
92
89
80
87
79
100
89
92
93
87
91
87
89
96
79
79
92
87
74
108
95
82
77
79
88
76
90
85
85
80
90
83
85
88
73
84
79
92
78
88
79
82
75
69
87
83
80
78
87
80
98
92
88
88
83
97
75
91
71
81
88
78
70
75
68
75
82
70
85
84
70
70
85
77
89
71
65
70
63
78
72
70
80
78
76
80
74
75
65
73
77
63
56
59
61
62
59
67
71
66
67
63
64
62
76
61
83
67
91
75
70
70
49
71
70
73
68
81
63
72
81
82
77
75
75
56
71
76
69
81
80
63
69
53
75
55
69
66
70
67
71
57
67
70
60
72
69
70
62
63
58
72
60
63
69
69
65
61
70
54
56
58
63
59
59
68
69
64
66
60
74
65
60
60
52
57
64
61
58
55
43
50
66
50
55
51
57
62
37
61
66
56
63
47
69
53
51
62
55
60
52
53
56
42
54
54
51
48
50
56
67
60
40
56
42
53
43
54
72
46
40
58
55
54
51
60
51
50
52
54
66
54
60
42
53
51
49
51
59
53
36
50
59
62
39
43
57
50
43
47
42
45
45
56
46
43
46
45
45
50
53
44
48
39
42
43
41
44
50
48
34
41
39
58
56
52
39
39
51
50
61
46
61
42
53
57
45
51
41
50
46
35
52
42
44
38
52
49
34
45
40
32
40
57
42
40
47
47
43
48
45
60
53
60
66
73
105
73
95
76
77
69
61
57
59
51
46
43
53
45
43
35
42
44
52
60
44
42
65
44
48
47
51
42
57
47
47
45
41
37
46
48
32
46
58
42
38
45
38
41
39
39
35
38
51
34
39
29
47
30
58
34
42
40
42
53
41
37
47
61
55
60
49
57
52
50
49
56
43
44
48
37
41
63
44
46
60
52
71
54
68
80
51
65
61
53
59
32
45
55
41
52
49
40
41
42
42
37
52
40
30
50
39
26
36
39
41
46
45
40
43
53
42
46
46
29
27
51
30
45
50
46
47
46
40
44
36
36
32
43
31
38
46
40
36
44
47
43
43
48
32
47
45
37
41
37
38
37
43
38
36
45
44
37
33
42
30
48
32
42
44
33
31
36
44
37
43
34
34
44
38
35
27
41
36
35
32
34
48
28
33
43
34
31
43
38
33
39
39
48
31
35
48
41
41
40
41
42
47
47
44
41
39
53
44
46
54
43
50
39
72
70
94
144
189
274
388
530
708
892
1120
1379
1634
1791
1837
1696
1556
1267
954
692
467
265
147
72
49
32
31
24
27
34
31
28
28
38
28
27
17
25
35
25
27
28
25
19
36
25
26
26
32
36
22
21
26
30
27
24
28
22
22
26
32
25
15
26
30
19
22
22
23
36
34
30
35
27
23
25
22
43
27
29
32
26
25
28
26
32
31
22
25
19
24
26
27
30
20
17
27
29
24
20
22
20
28
28
37
29
40
37
35
33
30
28
29
27
28
29
21
22
34
26
29
21
28
24
28
29
41
29
28
23
23
27
26
38
31
23
29
21
28
34
29
38
46
44
47
51
48
54
46
45
46
25
32
36
30
25
43
28
37
25
18
35
36
27
18
24
30
18
17
28
31
25
24
19
22
29
32
20
28
20
26
18
24
24
33
19
15
22
20
25
23
27
22
31
25
16
20
21
25
30
27
32
33
17
18
21
21
33
23
20
27
23
26
28
27
26
28
25
21
28
33
27
29
27
19
27
17
34
30
26
30
35
15
27
41
21
23
24
18
31
23
23
22
24
20
23
19
24
25
22
22
24
18
31
22
14
16
20
21
25
19
21
15
18
8
20
21
26
21
19
22
18
19
15
20
24
16
15
24
21
16
20
19
21
23
26
22
17
25
19
12
28
24
26
23
27
16
33
11
19
28
24
18
17
17
19
16
19
16
17
19
19
19
31
37
24
30
17
21
13
17
19
23
24
16
18
23
20
21
21
27
20
23
29
23
23
30
28
27
21
28
30
24
34
30
21
18
22
37
29
32
20
30
36
42
30
33
46
53
53
60
40
50
64
56
68
55
60
71
68
81
67
75
84
77
67
63
58
43
32
36
33
32
13
27
28
24
27
24
18
16
21
18
20
24
21
23
21
26
20
23
13
23
18
18
25
23
16
23
20
27
24
29
24
17
24
26
25
24
13
11
16
26
16
21
21
19
11
16
28
28
19
22
19
12
19
12
20
17
19
32
16
23
25
20
29
20
33
23
23
30
38
33
19
16
26
28
18
27
13
26
18
19
20
21
25
19
25
25
20
20
30
32
23
29
28
34
30
41
30
19
24
27
14
23
15
15
24
23
15
16
23
18
17
23
24
28
26
16
22
15
17
15
19
15
23
12
17
25
20
17
18
18
20
11
23
18
20
22
15
12
22
15
15
14
20
17
23
18
12
20
20
15
22
13
16
16
17
16
21
17
15
15
13
19
23
17
20
18
11
15
16
15
16
18
18
21
21
25
30
25
21
32
18
25
21
23
21
25
15
23
20
19
20
21
16
17
19
17
16
24
14
16
16
14
20
16
12
11
17
21
16
26
18
22
16
18
15
18
20
12
14
20
21
20
9
15
10
14
8
15
21
15
17
20
19
15
22
22
23
25
17
22
32
13
19
15
22
14
19
15
16
25
19
13
19
23
16
21
16
20
15
11
25
23
27
16
27
12
21
22
20
19
17
15
19
17
19
12
16
12
22
17
9
14
20
11
7
22
18
11
23
16
21
17
20
15
16
18
22
12
17
14
20
17
20
12
15
13
11
24
12
16
18
17
13
17
18
15
16
17
11
11
13
15
15
4
18
17
11
15
19
15
12
17
16
12
19
19
14
22
18
12
13
15
16
29
18
14
16
13
15
13
19
21
12
20
19
27
17
25
27
42
30
27
50
36
42
40
34
35
31
24
19
15
9
14
16
21
17
14
26
14
23
10
22
17
13
17
16
20
15
16
11
15
16
24
19
21
17
12
14
16
19
15
15
16
16
16
15
17
15
14
15
18
10
21
27
18
23
16
17
14
16
10
12
17
18
19
15
12
16
20
18
15
18
17
14
13
14
18
15
21
7
12
18
31
22
16
23
31
40
45
52
77
75
104
134
115
169
149
168
154
155
127
95
77
66
33
39
19
16
18
18
13
11
18
20
23
16
11
24
14
12
15
14
6
21
18
13
12
14
17
9
19
18
19
14
11
16
17
15
14
17
18
9
16
19
21
20
13
11
17
13
19
11
12
9
13
8
11
17
12
12
13
18
15
22
15
15
10
19
9
14
10
6
19
9
22
15
6
18
14
19
13
15
12
9
19
16
13
8
15
15
9
8
13
13
11
12
15
15
13
18
8
13
20
17
24
16
15
12
10
11
19
21
20
11
14
12
13
21
15
11
18
13
25
20
11
13
14
6
19
15
15
14
6
5
10
21
15
11
12
8
10
12
13
16
9
14
19
18
13
15
15
13
12
11
11
13
14
14
18
17
15
14
12
16
11
14
15
13
19
10
13
9
16
11
18
14
13
14
17
18
13
12
11
18
12
13
18
14
12
21
18
16
13
15
14
23
19
10
10
18
15
11
13
23
15
17
16
13
11
16
12
20
16
16
18
15
20
26
33
33
23
30
31
22
34
30
24
19
21
15
23
17
12
14
10
9
14
10
17
15
16
16
10
15
11
12
15
18
17
14
22
16
17
18
14
15
14
15
13
13
11
11
16
16
18
14
12
16
12
8
8
13
20
10
15
14
16
14
19
14
16
12
15
13
13
10
11
13
19
17
15
14
20
21
18
18
15
11
17
16
17
18
22
15
11
13
9
16
13
17
9
16
20
11
16
17
17
14
13
9
21
22
9
15
12
16
14
19
17
16
17
13
10
17
10
20
13
14
12
24
22
15
13
22
11
13
12
13
15
14
12
21
21
21
16
12
14
18
15
10
14
11
18
10
20
14
14
15
17
19
20
15
19
11
13
17
10
16
23
10
13
17
13
17
11
11
22
16
13
19
8
21
14
12
8
24
14
12
12
19
9
8
19
9
16
12
12
21
13
11
13
10
11
16
17
10
8
8
16
13
23
16
9
11
15
13
13
11
19
13
10
14
17
13
20
15
15
14
14
17
18
13
13
13
10
12
11
12
10
17
16
13
10
12
18
11
14
14
16
12
12
7
13
11
7
9
21
20
16
12
18
14
15
11
14
11
20
9
19
20
16
14
14
19
18
19
18
13
9
13
11
16
8
19
10
10
18
12
12
14
18
12
16
18
16
17
18
15
18
16
10
17
24
14
16
11
9
11
17
13
13
11
18
16
10
12
12
16
15
15
11
13
14
14
8
14
11
7
16
10
12
11
19
10
12
8
10
7
14
13
19
3
14
18
18
12
11
16
16
12
21
15
16
18
12
10
12
21
14
15
15
15
16
9
13
15
16
15
17
20
10
10
11
18
11
15
9
14
10
10
14
14
14
11
8
11
7
18
11
8
12
13
18
14
14
14
12
9
11
19
10
12
9
8
8
16
9
14
13
15
8
13
12
9
12
12
8
17
16
13
10
16
12
15
10
10
8
19
18
10
14
10
19
16
17
14
13
17
18
11
9
17
9
14
12
16
10
12
10
11
16
16
8
11
11
13
7
9
6
14
15
14
7
16
8
8
8
12
14
5
16
12
14
7
13
16
16
8
17
12
9
4
8
11
11
15
13
12
11
15
10
11
3
9
15
15
9
11
12
5
10
16
7
12
15
11
10
10
19
9
10
8
13
8
16
16
11
10
14
17
14
11
10
7
6
12
13
11
9
16
10
9
12
9
14
14
19
13
19
7
11
7
13
11
14
9
8
19
7
13
12
14
8
14
11
6
9
14
9
10
16
7
12
12
11
6
10
9
11
17
16
12
12
11
20
14
11
15
15
4
15
10
5
11
11
9
7
10
7
9
16
14
21
8
11
10
12
15
12
12
12
9
10
9
10
13
11
21
15
8
16
12
12
17
7
15
9
13
7
11
19
8
11
9
6
14
10
20
16
10
14
10
7
12
9
6
10
11
11
7
11
13
18
12
12
16
9
11
15
10
5
15
15
16
10
10
12
11
15
14
12
12
6
10
9
9
9
12
12
6
13
13
16
11
13
10
9
10
18
15
10
10
15
16
14
12
15
11
14
15
11
19
7
9
26
10
16
22
24
17
23
41
31
30
41
38
32
50
43
37
44
42
44
25
24
26
23
12
24
23
13
13
13
12
12
14
10
12
16
8
12
5
7
11
15
17
12
19
12
9
12
13
11
14
12
14
19
18
14
14
23
22
19
18
19
26
19
14
13
18
21
18
7
11
11
10
10
12
16
9
10
9
11
8
13
12
15
10
10
13
9
17
18
10
12
7
14
4
11
9
19
12
10
15
14
6
11
9
13
16
7
7
9
14
10
9
9
14
10
13
4
13
15
7
4
8
8
9
11
11
7
10
15
9
19
17
11
14
12
18
8
17
18
14
12
8
7
17
11
11
12
12
17
12
11
9
10
14
10
14
8
15
13
12
11
13
11
11
15
13
10
11
14
8
8
10
9
10
16
11
12
10
10
10
10
16
11
9
17
9
15
15
12
9
11
18
11
9
14
8
12
10
11
12
11
16
10
12
11
8
12
10
14
13
10
13
17
9
7
13
14
17
5
18
7
7
12
11
9
14
15
14
7
13
10
13
13
14
10
12
14
16
16
16
18
10
9
3
17
13
6
15
5
22
16
14
10
12
6
8
9
15
12
14
12
14
17
14
6
11
12
11
6
16
15
11
7
18
13
16
19
20
16
18
26
36
32
32
23
36
40
39
52
52
52
38
48
42
30
23
22
19
16
20
16
13
7
5
13
8
11
13
12
12
9
10
15
12
9
7
9
13
14
8
15
11
15
7
11
16
12
12
12
12
12
12
16
21
18
13
15
8
15
16
10
12
9
12
14
21
10
9
13
15
15
15
17
8
13
13
21
13
12
5
12
6
11
15
16
14
12
19
11
10
12
15
7
8
9
14
7
20
12
16
10
11
13
17
16
15
12
12
7
11
13
18
1
11
10
9
15
8
11
7
13
11
6
8
15
8
17
20
11
9
12
11
14
9
11
11
12
5
8
10
14
10
12
13
18
8
13
12
10
18
14
12
8
15
14
9
12
16
15
11
13
14
9
5
12
16
10
15
12
17
12
8
9
13
17
16
16
14
6
12
11
16
19
12
14
22
15
17
14
11
15
5
17
11
12
13
11
10
16
15
12
22
11
14
18
11
19
18
8
13
9
11
16
17
13
17
15
15
4
5
9
12
16
14
13
8
15
18
12
12
10
20
13
24
13
18
12
11
11
16
12
17
14
16
19
19
17
14
19
11
15
23
14
10
12
9
15
16
18
16
20
12
15
7
16
17
13
14
16
14
6
17
15
10
14
14
19
8
8
6
4
11
20
9
16
14
13
13
11
17
13
16
10
17
13
11
9
18
5
14
13
13
15
10
9
16
16
13
7
10
16
18
17
13
14
19
13
11
16
7
17
15
13
15
10
19
10
8
10
15
15
15
11
15
10
8
13
12
9
14
19
14
11
9
10
15
13
12
20
5
14
17
19
17
11
7
9
17
10
20
12
8
10
10
18
10
17
12
16
18
12
12
12
13
13
17
14
22
11
11
12
6
12
9
10
16
18
12
13
12
8
8
16
14
17
8
10
15
19
16
19
11
13
10
11
5
28
13
13
11
15
18
22
13
6
12
14
22
11
13
16
20
14
16
11
17
12
12
13
12
14
12
11
11
20
18
15
15
17
13
15
19
19
14
19
17
18
9
14
14
11
11
16
15
13
9
16
7
14
12
15
10
18
10
15
10
17
18
12
9
17
13
14
18
14
11
21
10
10
13
8
15
11
15
16
13
19
10
14
10
11
17
12
8
14
9
14
19
4
12
8
9
6
11
5
11
11
10
14
6
11
11
7
10
9
14
9
9
6
8
8
6
7
10
6
8
10
5
5
8
10
10
10
5
9
10
6
10
6
12
9
15
5
12
10
7
5
5
9
6
6
10
7
9
13
11
14
9
8
11
11
11
8
3
8
8
6
9
10
8
6
11
9
10
10
7
7
14
6
9
14
8
7
15
2
3
2
4
8
7
7
11
10
8
6
7
8
6
13
9
8
12
12
10
8
12
5
9
13
7
8
9
7
4
17
7
5
10
6
8
5
9
6
8
9
8
6
7
9
9
9
4
4
7
9
9
8
7
6
7
10
6
3
6
13
7
12
13
6
3
5
11
7
6
11
8
8
12
12
9
14
13
8
10
12
13
11
15
9
12
19
13
15
10
25
21
11
7
18
10
7
6
6
8
5
6
8
6
5
6
7
7
4
9
4
8
6
11
6
7
4
11
6
6
5
7
6
8
5
8
7
6
6
10
9
6
6
5
9
6
8
6
5
7
7
5
9
7
5
4
11
8
13
8
6
3
3
11
6
7
6
7
3
5
8
6
2
11
9
7
3
5
8
9
7
8
4
5
4
5
2
2
6
6
8
4
4
10
4
4
2
7
6
5
7
4
5
3
5
7
6
11
4
0
1
6
5
8
4
5
7
2
6
5
3
6
2
2
5
4
9
2
5
3
5
3
6
1
8
1
4
2
8
3
4
8
4
6
3
0
6
2
5
2
9
6
2
2
3
2
4
5
5
6
0
5
4
4
6
3
1
3
2
2
3
7
4
4
6
2
2
3
8
5
3
3
3
4
4
0
3
4
4
3
1
0
1
3
6
1
0
3
4
5
3
2
5
4
1
4
2
4
5
3
4
2
4
3
2
2
4
3
4
5
3
3
6
3
1
3
2
4
0
4
2
0
3
1
5
3
5
3
5
4
3
0
3
2
3
1
3
1
1
4
3
3
3
4
2
1
4
5
5
2
3
2
1
6
3
2
2
3
0
2
1
2
4
5
2
4
3
2
2
3
2
3
4
2
0
5
3
2
1
1
4
2
5
0
3
3
5
4
1
1
2
3
3
2
5
3
4
6
3
1
2
1
0
2
5
3
1
5
1
4
5
2
0
5
2
4
3
10
1
3
2
6
5
6
3
3
1
0
3
4
4
0
5
4
0
1
2
2
4
1
4
4
0
5
2
5
1
5
1
3
3
2
2
1
1
0
3
1
2
2
7
3
6
5
6
2
2
3
7
2
4
1
3
2
5
4
3
2
1
2
3
1
4
3
6
3
1
1
1
2
5
5
4
1
2
1
3
6
3
3
2
3
4
2
3
3
1
9
2
6
0
4
4
7
3
4
9
3
6
9
7
10
13
12
7
15
23
25
29
41
47
50
62
72
84
104
108
149
171
164
152
170
188
186
155
153
135
96
79
42
40
21
16
10
4
1
3
1
1
0
1
0
3
3
1
3
1
3
0
0
1
4
0
4
2
1
2
0
1
1
0
2
3
1
0
1
2
0
0
2
2
2
0
6
0
0
1
3
2
3
1
3
2
1
2
1
1
2
0
1
2
1
1
2
4
3
0
1
1
2
1
0
2
1
4
1
2
6
1
2
0
2
3
3
0
1
1
1
0
2
0
1
2
2
1
1
1
1
4
1
1
1
1
0
1
0
2
1
1
2
0
1
2
0
2
3
0
0
2
0
1
1
2
1
3
3
2
0
1
1
3
0
2
3
2
1
0
3
2
1
1
2
1
1
3
1
1
0
1
1
2
3
1
3
1
0
2
1
2
2
2
1
0
2
1
2
0
3
0
1
1
1
5
3
3
0
0
1
0
0
1
2
0
2
2
1
0
4
1
1
3
0
2
3
1
0
2
1
1
3
0
2
2
2
1
2
1
4
3
2
0
0
1
0
4
0
1
3
0
1
2
3
3
0
3
0
0
0
1
3
3
1
1
2
1
0
2
3
3
2
2
1
4
2
2
1
5
1
0
0
2
0
2
2
0
1
1
0
2
3
2
1
1
1
0
2
2
1
4
1
0
0
0
3
1
0
3
1
2
0
1
1
2
0
2
1
3
0
1
0
0
0
2
0
1
2
0
1
1
2
0
0
3
0
2
1
1
1
3
0
0
1
3
1
1
2
2
2
0
1
3
1
1
1
1
5
1
1
1
1
1
1
3
5
2
2
1
0
2
1
1
3
1
2
1
3
1
4
1
1
2
0
5
4
2
0
2
3
0
0
2
0
1
0
1
1
1
1
1
1
3
1
3
2
1
1
1
4
2
0
1
1
3
0
2
1
3
4
4
2
2
2
1
2
0
2
1
3
0
1
1
3
0
3
3
0
2
1
1
0
0
0
0
1
4
0
1
1
2
0
1
3
2
2
2
2
2
2
2
0
1
2
0
0
1
3
1
1
2
0
2
2
3
2
2
1
2
2
3
1
1
2
1
2
2
0
0
3
2
1
1
2
2
1
3
5
1
0
2
1
1
1
1
0
1
1
0
1
0
1
1
1
1
0
1
0
2
1
1
1
1
0
0
0
1
0
2
1
1
2
0
0
1
0
2
2
0
0
2
1
1
2
0
1
2
1
1
1
1
1
2
3
1
1
1
3
1
1
2
1
0
3
1
2
1
3
0
2
2
0
1
0
1
0
6
0
1
3
0
0
1
1
2
0
0
1
3
0
2
2
0
4
2
0
2
3
0
0
1
1
1
0
1
2
3
0
2
1
1
1
3
2
2
1
0
2
2
1
1
2
1
0
2
1
1
3
0
2
0
1
2
1
0
1
2
0
1
2
2
1
1
1
1
2
0
1
2
1
2
0
2
0
3
2
1
1
0
3
0
1
2
0
0
0
1
1
3
3
1
1
0
0
2
1
1
3
0
0
0
1
1
1
0
0
1
1
2
2
1
5
0
2
0
2
0
2
5
2
2
4
1
2
2
3
0
2
4
2
0
1
1
1
2
2
3
1
0
1
1
2
2
2
1
0
0
1
1
1
0
0
2
0
2
3
1
0
1
0
1
1
0
1
1
1
0
0
0
0
0
2
1
2
1
0
2
2
0
2
0
1
2
1
0
0
2
0
0
0
0
2
3
1
3
3
0
1
0
2
1
0
3
3
1
1
1
2
2
1
1
1
1
0
2
0
1
1
2
0
0
1
0
3
1
0
2
1
3
1
0
2
3
1
3
2
0
2
2
2
3
1
3
0
2
0
0
1
1
1
0
1
1
4
3
1
0
1
3
1
1
1
1
1
0
4
0
1
1
2
1
2
2
1
0
1
1
4
0
0
1
2
2
1
1
1
4
1
0
0
0
3
2
0
2
0
1
1
2
1
0
1
2
1
0
3
1
2
1
2
0
3
2
0
2
1
1
2
1
1
2
2
1
3
3
0
7
2
1
0
0
1
1
2
2
0
0
0
2
3
1
0
1
2
2
0
1
1
1
1
1
0
3
0
2
2
0
2
1
3
2
1
1
1
0
1
2
1
1
0
2
2
4
1
2
1
1
1
1
1
1
1
1
0
1
1
1
1
2
0
0
2
0
1
0
1
3
1
2
2
0
0
1
0
0
2
1
1
1
0
3
0
1
1
3
0
0
1
2
0
0
0
0
2
0
1
1
1
3
1
1
2
0
2
3
2
4
3
2
3
0
1
1
3
4
1
1
1
1
1
3
0
0
3
0
3
2
0
2
1
3
3
1
0
0
2
0
1
2
1
0
1
1
0
0
2
0
0
0
1
0
2
0
0
2
0
1
0
2
1
0
1
1
3
1
1
1
1
2
5
5
0
0
1
2
0
1
0
1
0
2
0
0
2
2
2
0
1
0
$ENER_FIT:
0.230 0.367051 4.54760e-008
$MCA_CAL:
3
0.230 0.367051 4.54760e-008
$PEAKLABELS:
279.616, "Am-241"
268.319, "Am-241"
340.322, "Am-241"
161.361, "Am-241"
332.521, "Am-241"
566.012, "Am-241"
309.795, "Am-241"
398.550, "Am-241"
319.533, "Am-241"
461.291, "Am-241"
408.178, "Am-241"
448.117, "Am-241"
913.137, "Am-241"
849.158, "Pa-233"
602.755, "Am-241"
1003.414, "Am-241"
878.085, "Am-241"
904.616, "Am-241"
816.977, "Pa-233"
728.984, "Am-241"
1803.612, "Am-241"
1025.154, "Am-241"
1011.459, "Am-241"
927.799, "Am-241"
1965.531, "Am-241"
1045.189, "Am-241"
1141.527, "Am-241"
1161.025, "Am-241"
1132.086, "Pa-233"
1685.017, "Am-241"
1777.533, "Am-241"
1875.051, "Am-241"
2056.711, "Am-241"
2008.715, "Am-241"
186.450, "Au XRF,(Detector)"
212.515, "Au XRF,(Detector)"
1084.362, "Pa-233,Am-241"
3976.607, "K-40,(Bkgd)"
7115.815, "Th-232(d),(Bkgd)"
$ENDRECORD:
