$SPEC_ID:
PeakEasy Library File: Hoo Hey How dice with I-125 and trace amts of I-126, IdentiFINDER (NaI), 6 dice @ 15cm 
$MEAS_TIM:
50584.00000 51431.00000
$DATE_MEA:
14.10.2010 20:43:13
$DATA:
0 1023
0
0
0
0
1293131
1284695
1855884
7157784
1499314
1931712
16247905
7837063
2951011
832119
209270
67856
33681
29970
34641
36388
35404
34094
34509
36760
39413
41969
42299
43083
43999
44599
45265
45732
45607
46142
46722
47259
47491
47406
47544
47174
46618
46687
45468
45030
44831
43675
43150
41791
40984
40214
38896
38116
36544
35531
34911
34121
33311
32809
32094
31401
30867
29833
29310
28345
27542
26968
26341
25448
24552
24208
23863
23096
22962
22570
22761
22161
21879
21338
20712
19822
18904
18155
17175
16278
15575
15027
14522
14090
13872
13182
13317
12963
12700
12399
12102
11863
11633
11336
10857
10526
10082
9829
9377
9222
8969
9012
8833
8766
8657
8557
8413
8460
8322
8349
8328
7729
7668
7307
6930
6666
6445
6190
5889
5704
5452
5337
5319
5206
5164
5055
5020
4943
4788
4568
4485
4503
4431
4349
4331
4197
4090
4053
4035
4019
4000
3921
3897
3784
3751
3676
3698
3662
3570
3550
3453
3395
3386
3381
3339
3323
3301
3268
3285
3291
3281
3233
3204
3197
3085
3095
3140
3041
2898
2826
2816
2638
2685
2580
2574
2553
2501
2479
2499
2520
2604
2647
2645
2607
2756
2725
2751
2755
2762
2826
2747
2807
2863
2775
2746
2666
2650
2782
2599
2376
2345
2295
2151
2058
1992
1951
1934
1776
1792
1716
1696
1677
1656
1572
1614
1528
1666
1599
1603
1547
1546
1482
1476
1534
1452
1423
1504
1490
1468
1459
1463
1390
1443
1422
1406
1398
1429
1470
1427
1432
1360
1425
1309
1414
1362
1380
1359
1373
1344
1312
1344
1343
1343
1274
1356
1287
1241
1239
1293
1250
1222
1193
1156
1177
1165
1199
1134
1205
1142
1159
1157
1118
1094
1081
1064
1122
1079
1071
1101
1046
1017
1092
1078
1071
1060
1070
1098
1122
1100
1126
1116
1118
1102
1120
1169
1048
1172
1153
1122
1155
1137
1126
1139
1109
1102
1089
1000
1043
1059
1021
1034
1051
990
966
1020
1032
1063
985
962
951
938
893
879
859
902
870
843
816
779
810
814
799
823
768
830
816
803
769
755
740
758
730
759
766
767
783
774
775
754
797
801
794
794
841
817
766
886
814
826
805
800
868
827
852
846
881
880
858
839
846
812
820
782
790
778
797
781
782
752
746
741
755
733
691
698
674
676
674
686
696
638
635
652
664
623
622
592
622
575
584
589
552
570
510
514
518
559
509
454
437
480
467
464
440
407
415
454
399
377
433
398
393
373
368
380
328
333
334
354
329
319
288
338
322
310
320
302
328
293
335
304
317
338
310
319
339
346
335
348
341
346
325
373
385
430
415
409
437
485
521
566
609
706
708
794
801
827
907
960
1045
1012
1028
1054
1180
1089
1197
1176
1128
1141
1100
979
1011
939
920
895
724
656
625
579
552
498
441
425
398
354
347
290
261
257
243
261
239
220
196
215
212
205
176
192
204
202
196
197
194
194
194
203
193
196
204
175
187
185
161
167
171
146
154
145
143
153
138
164
119
144
142
149
131
131
147
131
128
101
113
138
104
117
128
122
120
135
111
114
126
125
117
118
147
134
135
145
139
155
168
165
154
155
164
158
161
162
155
167
164
179
187
164
155
167
176
164
148
157
144
148
151
146
153
135
132
127
138
131
110
123
110
110
96
115
92
102
106
108
127
96
99
104
112
106
99
113
106
101
90
88
80
75
91
86
90
85
82
95
100
81
80
95
87
91
105
83
97
93
74
69
93
92
65
78
80
79
79
81
78
69
76
74
84
63
73
77
70
74
84
82
71
75
71
74
69
76
81
66
65
77
76
66
68
64
59
82
71
81
80
93
82
77
77
77
93
76
85
88
78
96
89
97
93
116
97
101
91
96
95
108
89
101
101
104
87
107
106
94
94
91
92
75
88
92
110
84
89
78
74
84
89
73
84
93
81
99
95
79
86
92
76
78
91
83
74
60
88
73
73
78
85
85
92
84
81
67
56
67
80
71
59
79
63
77
69
62
78
70
68
68
58
55
60
67
63
50
62
50
63
67
51
56
64
69
60
58
48
57
69
53
57
56
47
43
55
48
43
48
39
39
43
48
34
46
43
43
38
30
22
34
54
42
34
37
34
36
36
33
34
35
25
23
29
33
27
28
22
28
28
32
22
26
28
28
32
27
19
25
22
25
22
27
29
31
32
34
40
30
42
49
53
49
57
55
53
59
54
77
72
68
73
84
95
89
102
82
94
99
94
96
101
95
119
91
107
108
76
102
94
87
73
62
68
56
61
60
63
58
45
46
50
41
35
31
33
35
15
23
19
21
23
26
19
20
19
16
17
18
11
7
20
14
11
13
14
16
11
13
11
10
17
7
9
15
13
13
16
12
12
17
7
11
14
9
10
7
7
7
12
12
11
10
7
11
11
14
12
7
10
9
11
11
12
9
14
12
9
6
8
9
11
5
8
8
9
12
16
9
9
4
7
13
8
8
6
7
11
10
6
9
7
11
8
12
15
8
8
9
8
9
7
10
7
11
6
16
11
10
11
12
11
9
10
14
13
16
10
7
8
9
7
10
8
7
9
11
6
10
7
12
14
7
12
11
6
7
8
7
10
6
7
8
9
15
0
$ENER_FIT:
5.608 3.038177 -2.74189e-006
$MCA_CAL:
3
5.608 3.038177 -2.74189e-006
$PEAKLABELS:
10.313, "I-125"
479.183, "K-40, (Bkgd)"
859.355, "Th-232(d), (Bkgd)"
6.877, "Te X-rays"
$ENDRECORD:
