$SPEC_ID:
PeakEasy Library File: Hoo Hey How dice with I-125 and trace amounts of I-126, Interceptor (CZT), 6 dice at 15cm
$MEAS_TIM:
51402.30000 51404.10000
$DATE_MEA:
14.10.2010 18:39:47
$DATA:
0 1023
0
0
0
0
0
0
0
0
0
0
0
0
0
3281
7335
11400
15326
19045
20925
20312
18572
15397
11946
8897
6015
3636
1878
844
430
258
187
177
221
210
209
241
270
259
322
281
297
332
347
341
389
378
426
401
436
467
523
488
479
480
482
461
462
500
475
552
530
537
482
506
533
502
509
526
488
528
489
509
461
504
493
509
469
468
479
451
481
453
445
458
461
419
440
438
432
390
398
367
377
354
346
327
342
337
316
351
320
323
323
319
319
296
292
306
259
255
275
245
243
236
210
234
211
222
203
192
183
200
210
177
206
194
174
174
150
162
189
167
136
155
139
161
136
138
143
131
137
128
116
129
133
122
120
117
100
131
100
115
106
108
100
111
108
103
104
86
99
98
88
93
80
77
73
77
67
69
72
77
65
75
53
84
56
60
53
49
61
70
49
65
64
63
52
45
54
54
55
49
49
43
58
36
37
49
45
43
39
51
37
44
31
44
33
33
37
35
36
41
39
29
29
25
29
37
37
38
30
36
27
27
23
28
26
36
35
34
28
37
27
29
25
31
20
32
26
24
24
23
13
19
29
27
18
25
16
30
23
16
19
24
20
27
20
21
17
17
13
12
16
16
18
24
18
17
22
16
23
16
21
13
21
12
15
13
14
14
6
12
14
19
13
18
9
22
13
19
13
14
14
17
13
8
12
17
16
7
8
12
12
9
11
17
12
8
16
18
14
18
10
8
12
10
13
11
12
15
10
12
11
17
11
11
10
9
13
9
17
4
12
10
13
15
12
12
7
7
7
20
8
8
10
14
10
15
12
2
10
9
9
8
10
16
10
10
10
7
3
10
6
10
9
9
9
5
12
10
18
10
4
10
7
10
10
11
5
6
8
8
6
12
4
7
7
10
16
12
10
8
12
5
12
11
9
11
11
9
6
7
7
9
7
11
7
7
8
13
7
4
8
9
11
7
4
5
6
6
8
9
9
9
7
7
12
9
4
2
2
5
8
2
8
0
0
8
5
6
3
9
5
2
5
6
7
4
3
8
5
6
5
7
7
9
5
6
6
4
7
7
3
9
5
7
4
3
8
4
6
3
4
7
4
5
4
4
5
7
5
3
7
4
2
9
3
7
4
4
8
1
7
4
1
7
2
4
8
3
7
3
5
6
8
5
3
3
6
8
4
7
7
6
6
7
0
2
5
6
2
6
5
3
7
1
6
3
2
5
4
5
7
7
8
4
3
1
6
3
8
4
5
0
12
5
4
2
4
4
5
2
2
3
8
6
5
3
6
3
5
3
0
2
5
5
2
2
4
4
6
4
4
6
5
4
3
2
5
4
6
3
4
2
4
4
3
2
2
3
2
5
1
3
3
5
3
2
5
4
0
5
1
2
3
0
2
3
6
3
2
3
2
3
7
5
5
1
7
4
1
5
6
3
2
5
3
4
2
3
2
4
5
4
2
3
6
4
1
2
2
0
3
2
1
1
3
3
2
3
2
3
1
3
6
4
3
3
2
3
4
2
2
3
2
2
2
3
7
3
3
5
3
2
1
4
0
5
3
1
2
4
3
1
3
3
4
3
3
6
2
4
6
3
4
5
4
4
1
6
1
3
3
1
3
1
2
1
2
4
0
1
8
4
1
2
0
6
1
2
2
1
2
1
1
4
2
1
4
2
4
2
4
3
2
6
1
2
4
4
0
4
1
1
1
2
2
5
0
1
6
2
5
3
4
3
4
1
2
3
5
1
2
6
3
2
2
5
2
3
2
4
2
2
2
4
3
3
3
4
2
3
1
2
2
5
0
5
3
1
5
2
1
1
0
2
1
1
3
1
3
3
3
2
3
1
4
6
3
2
2
0
2
2
4
6
1
0
0
0
1
0
1
0
2
0
2
1
2
1
1
5
3
1
0
1
4
1
2
1
3
3
1
0
1
1
4
1
1
1
2
0
0
2
1
3
0
2
0
1
1
0
1
2
2
2
0
2
0
0
0
0
3
1
0
2
0
4
1
0
0
2
0
6
4
1
1
2
1
1
0
1
2
1
2
0
0
3
0
1
1
1
0
1
1
1
0
1
2
2
2
1
2
1
0
0
1
3
2
1
0
1
1
1
0
1
1
2
0
2
1
2
0
0
1
2
3
0
2
3
1
2
0
0
0
2
0
2
1
1
0
0
0
2
3
0
5
0
0
0
1
0
2
4
0
0
2
1
0
0
1
1
0
3
0
2
3
3
2
1
1
3
7
1
1
3
0
0
2
0
0
1
0
5
1
2
2
0
0
1
1
1
1
1
1
1
1
0
1
1
0
0
0
0
0
0
0
0
1
1
1
1
1
2
$ENER_FIT:
0.883 1.497000 3.75000e-006
$MCA_CAL:
3
0.883 1.497000 3.75000e-006
$PEAKLABELS:
17.503, "I-125, Te-xrays"
$ENDRECORD:
