$SPEC_ID:
PeakEasy Library File: Hoo Hey How cheating dice with I-125 and trace amounts of I-126, Falcon (HPGe), 1 die at 60cm
$MEAS_TIM:
12095.59000 12377.63000
$DATE_MEA:
15-Oct-2010 1:00:40 PM
$DATA:
0 8191
0
0
0
0
0
0
0
0
2
5
4
3
2921
16397
15212
14133
13278
12768
12163
11343
11023
10739
10216
9841
9477
9487
11101
14721
15790
13050
11425
11844
12224
14533
18225
16831
11840
9219
9045
9014
9714
10862
12291
13934
19793
34659
50659
71608
131087
183485
138729
53823
15493
8775
9423
12729
17166
21714
35371
51639
70994
118635
142812
91180
36138
19642
20023
26017
40929
67750
87063
89283
93571
160531
589916
2069017
4113928
4093863
1959095
463106
74867
32976
36919
56597
156195
534640
1107395
1165390
715007
342340
123520
29411
9422
8439
10405
13907
27123
99964
303238
456436
312705
96850
15186
2612
1952
1883
1908
1893
1763
1636
1667
1477
1495
1368
1296
1304
1312
1271
1314
1179
1171
1158
1101
1106
1175
1205
1137
1096
955
1019
996
954
959
962
988
924
1014
974
981
939
899
912
902
901
970
999
995
1040
1011
1146
1492
2284
3140
2867
1832
1198
976
1044
1001
1082
1172
1680
2214
2135
1785
1312
1066
1021
1018
1029
1002
1101
1228
1348
1495
1553
1391
1267
1093
1072
1015
1076
1073
1110
1141
1257
1193
1131
1143
1178
1109
1132
1143
1177
1153
1210
1248
1172
1221
1245
1226
1465
1638
1892
1716
1397
1361
1693
2127
2539
2073
1560
1319
1368
1502
1552
1442
1377
1349
1311
1297
1297
1391
1329
1402
1363
1447
1377
1386
1366
1401
1448
1461
1474
1543
1840
1994
1907
1694
1492
1531
1546
1628
1662
1637
1624
1410
1444
1366
1422
1454
1483
1475
1393
1386
1459
1443
1451
1514
1536
1515
1432
1391
1520
1371
1434
1473
1473
1493
1419
1440
1498
1506
1504
1498
1430
1509
1445
1490
1537
1496
1497
1464
1498
1487
1521
1504
1509
1473
1458
1522
1484
1447
1553
1496
1503
1522
1483
1458
1426
1555
1497
1552
1577
1600
1556
1518
1537
1436
1565
1519
1593
1544
1428
1560
1504
1526
1474
1563
1471
1487
1485
1463
1579
1490
1507
1518
1560
1509
1458
1462
1574
1440
1473
1512
1440
1521
1446
1438
1485
1469
1459
1458
1502
1465
1463
1468
1473
1433
1436
1500
1432
1514
1435
1448
1493
1462
1398
1491
1460
1468
1487
1380
1415
1355
1339
1465
1461
1378
1328
1452
1396
1443
1446
1392
1384
1416
1420
1381
1326
1460
1383
1382
1383
1395
1420
1372
1415
1392
1356
1330
1294
1332
1278
1323
1261
1303
1360
1281
1414
1340
1304
1347
1317
1330
1336
1280
1255
1264
1316
1275
1253
1262
1286
1282
1241
1251
1292
1273
1151
1275
1232
1219
1250
1252
1212
1266
1225
1220
1213
1207
1219
1181
1230
1152
1163
1151
1197
1200
1212
1180
1139
1153
1149
1174
1188
1136
1127
1098
1157
1092
1145
1081
1187
1117
1146
1134
1113
1113
1104
1082
1069
1090
1076
1031
1049
1087
1089
1046
1045
1067
1056
1059
1076
1063
1063
1035
1086
1026
1021
1063
1017
1043
1018
1039
1016
998
995
1029
994
991
1018
989
993
993
990
979
965
1018
949
991
995
983
968
985
956
950
909
972
932
989
959
898
941
930
937
991
1069
983
1023
936
934
953
961
880
876
930
877
967
862
896
871
874
906
887
859
882
859
849
843
863
849
839
857
815
817
817
842
826
894
785
828
805
865
847
805
848
795
812
798
827
834
789
817
805
787
853
756
787
773
782
824
820
761
746
737
767
793
725
758
822
728
805
796
757
730
757
749
765
690
717
700
732
727
756
725
737
712
720
738
722
779
660
662
688
699
703
726
697
711
690
673
750
724
671
691
723
668
692
689
678
675
702
687
731
660
655
681
682
706
657
620
648
628
552
640
655
614
658
679
644
666
644
614
594
615
600
659
622
590
601
619
602
606
601
630
614
622
602
623
624
682
956
1247
1280
984
717
613
581
626
572
673
694
716
658
571
588
544
527
564
514
590
576
548
556
507
507
527
516
515
526
492
567
530
533
508
505
505
518
519
507
523
531
539
522
497
499
499
471
473
493
474
445
459
529
493
476
499
453
504
463
451
473
448
472
489
440
454
481
470
463
426
445
459
443
421
468
444
429
429
431
437
439
407
422
421
450
455
459
440
496
497
482
459
471
416
450
448
389
450
401
448
431
405
429
468
436
434
393
418
448
453
448
446
385
413
373
406
400
409
392
389
415
409
382
366
414
357
420
405
397
403
414
369
387
415
355
376
397
415
391
374
333
373
393
376
390
360
377
390
379
356
373
380
356
384
352
386
407
531
675
622
561
454
353
364
321
338
338
357
356
345
335
395
419
400
378
349
348
358
319
330
314
344
326
318
368
352
355
317
323
341
319
355
288
352
312
320
356
306
313
304
302
326
319
306
318
335
286
295
355
316
334
288
300
295
290
313
269
301
347
313
296
299
288
327
304
265
310
297
291
312
324
281
325
306
329
292
288
326
294
329
273
286
279
276
281
284
330
324
284
302
326
282
306
266
258
260
262
266
257
302
281
252
267
276
294
293
303
292
274
252
238
268
251
258
262
261
308
358
408
419
360
275
275
256
268
252
233
270
286
273
248
232
243
258
235
244
247
245
272
286
234
264
245
223
253
268
235
272
245
263
235
257
238
287
410
636
777
755
475
354
249
214
225
274
214
225
215
219
225
196
304
221
224
210
220
206
220
224
202
223
218
201
232
238
232
230
225
231
214
194
204
243
207
209
201
223
216
215
215
211
230
229
212
218
223
205
230
247
223
220
214
208
229
198
210
206
192
202
202
195
204
205
189
210
213
218
228
220
215
218
227
219
211
205
208
210
208
190
190
188
198
188
200
200
189
193
202
203
169
204
235
189
185
193
207
192
189
221
203
186
206
219
216
202
183
198
191
204
192
184
192
200
193
173
186
196
178
185
192
189
194
166
180
190
208
172
168
182
190
189
156
177
186
178
221
195
184
185
164
162
200
192
164
193
166
177
191
199
162
161
197
166
173
173
199
197
201
203
194
156
184
185
166
185
173
185
191
158
174
191
172
168
166
170
178
169
159
180
179
166
171
167
197
152
191
184
180
161
165
185
188
152
169
181
174
159
176
167
164
155
177
144
163
159
180
161
167
153
160
141
159
183
182
176
156
167
165
166
138
170
172
159
147
146
154
170
161
167
148
143
169
160
147
159
150
175
172
194
179
147
136
145
157
128
143
159
131
149
155
129
149
146
155
137
146
140
162
134
161
130
157
144
141
179
163
136
152
137
157
150
131
135
163
140
156
151
146
138
136
128
148
158
137
156
141
130
141
148
144
116
132
134
143
123
123
134
155
128
132
129
150
141
173
167
188
200
184
136
165
119
121
134
133
122
134
135
137
151
119
128
144
156
143
135
142
152
115
149
127
155
136
153
117
148
117
122
123
133
146
124
136
132
112
161
114
115
131
130
121
117
119
138
131
152
126
135
130
123
129
108
143
119
132
120
110
117
137
118
118
127
132
129
115
119
132
117
132
131
112
144
109
161
147
121
120
136
151
118
102
116
138
126
116
120
112
133
118
123
135
138
124
114
112
117
120
138
122
133
117
141
98
111
108
115
111
155
133
134
115
118
138
115
128
118
108
130
114
128
118
135
113
139
163
146
198
242
291
305
301
254
217
177
162
130
140
121
123
129
103
116
133
120
108
115
117
94
113
101
112
111
124
131
124
111
109
112
96
116
103
105
128
118
130
117
119
100
119
107
121
136
123
100
122
114
110
111
109
115
107
114
103
110
88
109
104
126
111
102
109
94
123
105
111
108
114
101
103
83
100
108
121
101
104
109
113
116
97
112
110
82
128
98
100
90
103
93
102
108
105
104
129
97
122
97
104
109
127
105
106
99
95
106
98
106
122
113
108
100
97
101
94
104
95
98
95
102
93
96
110
108
124
96
112
106
105
118
110
95
116
114
98
80
104
106
111
94
107
86
105
98
91
127
118
106
114
109
103
91
100
97
83
102
102
89
94
84
96
74
120
94
105
112
127
98
108
93
111
110
104
105
108
76
94
106
104
96
93
91
100
112
99
117
81
110
92
96
89
88
105
105
116
108
108
94
94
133
200
295
383
410
298
203
146
126
96
102
100
90
95
94
104
94
92
90
94
90
104
97
89
78
100
77
103
93
88
98
87
109
105
83
84
101
73
78
105
112
88
60
86
77
76
93
92
81
92
93
93
89
78
96
90
109
89
93
95
84
85
87
77
88
84
81
81
91
91
78
81
125
202
347
528
640
511
329
195
110
77
87
75
79
92
61
73
85
78
83
72
90
86
88
93
95
67
80
77
95
67
75
83
80
71
86
85
84
72
79
75
76
84
74
76
89
77
66
81
74
84
97
82
73
61
76
65
89
79
69
72
90
64
67
71
69
61
80
73
84
69
78
93
87
76
88
104
83
76
74
65
88
97
83
70
83
76
88
79
75
77
71
66
72
63
72
82
71
72
68
87
76
79
84
75
80
75
85
63
93
82
91
63
70
85
89
76
82
68
55
86
69
68
63
68
83
58
68
68
80
76
85
70
69
68
72
55
81
83
69
72
80
66
70
82
61
68
92
71
96
79
79
89
93
76
84
68
67
78
89
79
90
88
89
77
71
65
61
64
76
61
95
81
76
80
61
82
77
79
59
55
73
74
67
77
63
61
63
76
63
72
74
66
81
67
56
70
56
66
83
78
80
80
80
61
69
73
74
78
65
75
71
71
68
75
88
78
68
83
74
76
70
69
76
63
78
80
72
70
72
69
65
64
62
65
81
81
69
58
76
79
74
78
57
61
72
71
74
79
74
61
69
58
55
84
53
77
68
79
68
59
55
72
72
84
78
69
72
74
53
72
70
63
62
58
78
70
66
77
78
70
71
66
74
85
65
70
74
62
69
74
72
77
71
62
67
80
55
55
55
64
56
62
64
68
66
56
52
86
67
74
74
80
79
53
46
70
65
58
67
64
71
67
56
53
73
59
51
61
81
91
107
121
131
112
86
76
73
64
77
64
52
58
65
61
57
60
74
59
70
67
72
57
72
69
56
66
70
68
65
57
61
70
50
63
75
78
58
57
65
70
67
52
58
59
65
73
64
76
64
62
66
67
72
64
72
51
84
59
71
66
65
72
62
71
60
57
58
58
70
57
55
67
56
52
68
49
50
66
69
73
77
65
62
65
49
61
55
65
53
63
44
66
59
57
49
57
58
39
56
63
70
80
66
59
62
62
58
68
42
59
81
78
68
67
81
99
99
121
84
84
46
54
58
47
72
86
69
80
64
69
59
49
60
57
55
59
62
55
52
46
66
54
48
51
51
55
56
56
52
47
57
48
63
77
54
52
68
55
53
62
67
64
68
82
77
65
68
75
54
60
54
60
58
67
64
54
53
53
56
61
48
54
48
45
52
61
62
74
92
77
86
90
75
63
48
48
56
70
52
62
50
56
63
48
57
44
65
63
53
54
40
49
46
61
48
58
67
59
57
70
57
60
61
67
56
59
44
65
55
56
52
45
51
53
54
54
63
46
49
53
52
48
32
48
46
47
61
52
50
55
59
60
42
60
48
58
59
47
55
54
47
56
52
53
54
41
61
58
50
51
52
62
51
49
50
48
66
51
55
59
51
56
51
47
51
36
38
59
68
58
52
57
47
50
50
63
56
54
47
62
48
55
74
62
62
69
50
60
49
43
61
57
57
45
51
59
55
67
49
42
69
63
53
61
39
54
40
49
57
46
57
45
46
49
50
51
38
50
49
53
52
40
53
46
68
60
61
49
36
50
47
46
43
46
40
59
58
48
54
53
51
49
50
43
45
41
37
60
57
61
74
71
93
65
66
66
48
37
32
47
65
47
55
51
43
50
40
51
51
46
51
53
53
53
53
44
48
45
58
45
58
60
44
39
54
37
40
37
41
45
40
36
40
47
54
50
46
41
45
64
36
53
56
51
51
50
49
52
48
55
57
37
42
40
63
39
45
55
53
48
50
40
57
45
51
47
44
52
49
45
40
51
33
46
60
42
54
53
41
49
63
39
49
46
40
49
33
44
51
54
42
47
48
41
52
53
35
45
45
39
60
34
48
47
47
50
45
48
45
38
56
48
62
62
49
45
49
49
51
45
40
53
44
38
55
42
49
47
45
85
136
192
259
257
215
123
75
57
56
44
42
45
56
43
55
50
61
39
41
45
47
42
58
40
44
36
42
39
39
44
60
38
43
39
44
45
47
41
37
49
33
37
47
45
55
55
40
46
41
41
45
45
58
39
40
46
41
36
34
35
34
51
39
50
69
69
95
73
48
51
49
46
46
46
39
36
39
46
43
33
50
50
44
41
33
36
39
43
38
46
52
44
48
58
43
45
50
37
43
49
52
45
39
40
34
45
45
48
45
52
51
43
57
41
46
49
47
45
52
45
35
44
47
58
57
53
48
46
53
48
45
41
48
41
37
49
50
51
29
38
49
53
45
29
43
40
46
46
60
60
79
81
82
70
60
44
53
35
65
60
77
110
142
177
173
118
76
54
36
41
45
36
32
27
37
42
28
39
40
53
52
41
38
46
38
28
50
42
34
45
42
47
35
50
47
42
40
39
35
44
44
44
35
44
41
48
37
41
54
46
42
51
41
39
42
52
48
50
48
28
40
47
34
40
44
42
36
43
37
51
45
54
44
34
51
41
42
45
33
40
35
40
36
36
44
43
45
33
48
42
49
48
44
52
57
52
49
47
47
39
43
41
36
37
45
43
41
32
42
33
48
39
43
40
39
39
31
41
47
35
35
37
33
31
44
35
49
50
39
41
48
35
46
42
42
39
36
32
38
44
45
38
44
47
44
50
37
48
32
37
49
28
44
39
34
36
42
47
42
49
43
44
40
40
55
44
43
45
34
41
25
49
41
36
37
31
36
33
36
37
46
34
36
40
45
45
29
37
38
26
36
51
40
50
29
42
42
44
52
33
39
44
35
44
38
40
41
37
48
39
39
36
41
45
40
45
41
52
41
38
37
39
36
34
38
40
40
37
42
39
44
42
24
41
34
42
49
40
36
35
32
35
45
37
41
44
49
35
38
40
45
52
43
41
40
39
35
46
36
30
36
36
40
43
44
42
52
38
47
30
32
40
43
42
34
37
47
43
43
46
41
30
38
37
46
43
47
49
46
40
26
27
34
34
30
53
34
30
38
35
37
40
40
35
49
39
32
41
46
30
49
46
38
35
37
26
34
36
43
44
48
47
33
38
34
46
34
51
51
46
44
41
42
40
38
35
37
35
48
41
46
43
35
35
40
46
39
39
45
37
45
46
36
42
39
41
38
51
43
34
34
43
35
38
37
22
45
40
38
36
36
52
36
24
31
47
34
49
48
36
38
43
41
36
43
37
30
44
31
38
44
33
33
40
43
37
37
37
26
41
35
36
42
49
27
39
48
48
41
44
28
35
30
38
36
36
47
48
39
55
53
93
152
150
154
141
133
88
54
38
38
46
33
24
36
45
43
42
34
54
34
32
45
49
34
34
35
37
40
50
47
40
32
43
47
25
41
40
39
37
50
37
33
44
40
47
44
50
37
36
43
30
44
36
41
33
32
40
27
41
37
32
33
38
30
42
39
42
41
28
26
38
40
43
33
40
42
28
33
42
39
44
43
47
29
41
41
33
29
51
38
43
37
41
33
49
39
29
45
46
56
53
50
38
54
62
35
37
37
40
37
39
49
44
43
33
26
47
39
43
36
38
46
39
42
39
35
41
38
49
46
35
37
55
32
39
40
48
43
33
41
34
47
50
36
45
37
40
39
51
34
39
39
43
36
50
38
43
37
44
36
40
48
34
48
40
45
46
39
32
42
36
47
42
42
46
45
42
38
41
33
54
45
38
33
44
42
37
36
38
47
34
42
32
38
30
40
41
30
54
39
42
39
34
38
41
39
48
31
41
39
48
33
53
42
41
38
33
51
28
35
58
40
43
41
41
33
43
52
30
52
48
37
36
45
42
37
50
37
42
44
48
41
46
44
52
51
49
40
50
40
40
31
33
39
38
46
46
37
43
51
39
36
35
38
48
44
44
38
45
36
35
39
36
36
49
47
47
45
43
37
38
33
41
37
42
47
38
36
30
39
39
39
43
38
37
44
37
37
48
44
41
36
40
45
43
31
42
47
39
39
39
25
46
40
33
35
46
42
25
41
34
38
48
55
37
48
51
69
63
96
95
98
66
64
45
38
40
41
36
32
42
51
52
35
48
27
24
30
29
32
33
41
34
38
38
41
32
33
21
31
43
28
38
27
38
40
35
42
27
32
28
33
32
28
33
37
30
31
28
30
45
39
28
29
34
28
31
30
34
23
24
24
33
35
26
20
30
28
34
26
25
26
37
25
26
33
31
27
27
25
19
30
31
32
20
22
21
27
25
40
23
25
25
21
28
29
26
27
28
33
24
27
29
21
20
19
28
24
31
23
27
27
27
30
31
42
25
33
42
30
30
34
23
28
28
20
26
27
23
36
30
30
27
24
33
27
18
25
23
16
28
35
21
27
17
28
21
20
32
26
30
30
17
29
37
29
20
29
23
21
25
20
23
29
24
24
30
28
30
25
19
26
19
23
34
32
28
18
29
22
30
20
21
17
28
23
21
25
25
27
22
22
24
27
21
17
22
35
26
24
14
20
11
23
23
25
22
15
27
21
22
21
19
20
20
15
24
18
27
24
22
25
14
27
15
13
31
23
27
19
24
13
17
23
23
17
20
22
18
24
17
19
15
29
20
25
15
25
18
23
21
17
21
13
28
24
21
20
16
19
23
16
21
20
16
14
11
17
22
18
12
38
10
19
24
8
11
29
16
17
22
18
15
17
15
16
13
18
21
17
22
14
15
15
21
16
18
17
19
18
23
13
13
12
18
20
18
18
20
14
10
22
22
17
19
17
17
17
20
24
20
18
11
20
12
8
24
23
23
21
19
19
17
14
17
5
9
16
14
15
16
23
12
16
17
14
23
11
13
15
19
22
24
12
19
12
21
20
11
10
19
21
18
8
14
9
10
18
14
11
15
13
18
19
19
15
21
12
12
15
14
18
15
22
16
31
36
41
46
37
28
21
22
23
9
13
16
13
15
10
8
13
13
16
15
14
19
23
16
18
27
24
14
17
18
18
12
17
15
16
13
16
17
17
9
13
10
18
15
17
16
10
16
19
13
13
16
17
20
20
10
13
15
12
12
15
18
13
21
19
18
14
24
23
24
17
22
23
13
17
17
11
18
14
11
10
15
11
17
21
27
30
30
34
28
20
17
18
11
17
17
17
15
14
10
14
11
14
12
16
18
15
7
12
14
13
13
15
19
10
18
9
15
12
16
13
11
9
13
5
11
13
16
12
17
14
16
14
14
14
15
15
12
9
12
22
13
13
16
19
15
17
17
19
16
18
11
17
14
18
22
8
13
17
16
10
16
16
21
21
15
17
13
14
19
19
15
15
20
12
19
16
21
12
14
15
6
13
13
13
12
8
10
15
17
15
15
12
14
18
20
10
11
15
15
13
12
18
10
17
11
16
14
18
15
12
9
15
16
18
16
13
20
16
9
19
14
15
12
18
17
16
27
61
135
294
521
857
1079
1316
1150
896
539
294
117
52
29
10
10
7
10
12
12
1
6
9
12
6
7
3
10
11
14
6
8
12
9
5
8
7
3
7
10
10
10
7
11
10
7
10
4
12
6
6
11
12
11
6
4
6
9
9
12
8
16
4
8
8
3
6
9
10
9
7
11
13
13
9
8
10
11
8
11
13
9
8
13
12
11
6
10
9
14
17
13
7
2
8
13
6
12
7
10
11
21
11
12
14
17
11
6
10
11
7
9
7
11
5
10
12
14
8
12
16
14
14
7
7
8
3
7
6
4
12
9
6
13
7
10
11
14
15
16
32
24
18
15
16
18
7
15
8
8
13
17
7
6
9
13
11
12
5
9
5
10
7
10
7
8
4
4
10
7
7
9
3
9
6
9
11
6
9
10
10
4
6
7
4
4
7
13
12
10
4
10
6
6
12
7
10
11
8
11
9
9
10
4
9
7
11
10
10
8
5
7
4
10
6
10
6
13
6
12
10
9
11
12
14
11
5
11
9
11
8
6
12
10
19
7
6
7
7
8
6
8
6
7
1
6
8
10
9
4
5
11
8
9
10
15
11
5
7
6
4
6
5
5
10
5
6
8
9
4
3
10
6
7
4
6
8
8
9
6
9
6
8
5
9
6
6
9
10
7
8
7
2
4
5
6
6
4
5
8
10
4
6
3
3
5
9
9
9
7
12
3
11
9
6
13
13
8
10
5
12
3
8
5
9
6
5
4
7
8
8
8
7
4
2
7
6
13
9
3
10
11
14
10
7
13
9
14
13
10
5
7
10
12
8
8
18
15
25
22
31
35
26
15
10
3
9
20
15
17
20
35
42
37
30
19
18
11
11
6
8
6
9
7
7
8
9
10
8
6
8
8
11
13
6
9
8
7
8
11
3
15
4
4
8
5
6
8
7
8
7
4
7
8
7
10
4
11
6
10
5
6
7
9
8
7
6
10
4
9
6
5
8
6
10
6
7
8
6
12
4
11
5
12
6
7
2
8
9
16
14
11
13
7
11
7
8
5
7
5
14
6
4
5
7
4
9
5
5
15
2
6
7
12
9
10
14
19
17
10
11
10
6
4
9
5
4
4
6
3
7
6
8
3
6
8
5
10
6
11
10
3
10
6
7
7
3
2
5
2
4
5
7
5
6
8
11
4
6
6
4
9
6
5
7
9
5
6
7
2
7
2
7
9
4
8
11
5
4
7
4
7
6
3
8
5
7
4
8
4
6
12
8
3
7
5
5
2
9
12
8
5
10
22
15
7
7
4
13
6
6
6
4
10
2
5
6
4
8
8
11
6
7
6
2
9
3
7
4
7
6
5
8
6
5
8
3
8
4
5
6
7
8
5
3
7
1
5
4
6
4
3
7
3
4
5
4
6
7
2
7
4
4
5
4
4
5
13
7
8
3
2
5
4
6
7
8
5
8
1
11
5
10
4
4
2
8
7
4
4
7
9
5
7
4
4
5
6
4
9
6
4
6
6
1
2
6
3
6
4
3
4
10
2
8
4
6
3
3
6
5
5
3
2
5
7
7
3
5
7
8
4
2
9
7
1
6
4
8
5
6
6
2
3
7
4
7
4
4
7
3
2
6
5
6
5
9
4
4
5
3
3
5
2
4
6
6
6
6
9
11
7
6
7
6
4
9
2
6
5
2
7
3
11
9
6
3
8
4
12
13
16
17
23
23
16
20
19
10
3
6
7
5
4
4
7
6
2
6
2
2
5
4
4
3
5
6
5
3
2
6
6
6
3
7
8
5
4
6
5
5
5
5
6
9
8
4
6
5
9
6
8
5
9
4
6
3
5
6
5
4
2
7
2
5
6
6
4
5
3
2
4
4
5
2
3
0
3
7
1
6
4
9
6
5
4
6
1
4
6
9
5
2
5
10
17
19
46
73
88
107
96
95
59
41
22
8
11
6
4
7
3
9
4
5
2
4
9
4
7
5
7
6
0
6
4
7
3
7
6
4
3
8
4
5
4
9
7
9
5
3
3
5
5
2
4
6
2
7
4
5
3
4
4
6
5
4
5
4
2
8
7
5
5
9
2
3
5
2
3
8
4
4
8
5
7
5
7
5
3
6
4
5
9
11
3
4
7
3
5
7
1
5
3
5
1
4
3
5
6
5
4
9
3
3
2
4
8
3
11
2
1
8
5
3
5
4
2
9
6
5
3
3
7
4
9
6
4
4
7
5
4
5
8
5
1
5
4
4
6
2
1
6
6
2
3
3
7
5
5
9
7
8
3
6
2
8
6
1
3
5
10
5
3
3
9
5
6
3
3
4
4
6
7
3
2
4
5
7
2
4
5
2
6
4
8
7
2
7
4
1
4
5
7
5
2
10
7
8
4
11
7
3
8
10
6
6
4
2
7
5
7
3
6
5
3
6
4
2
3
5
5
4
6
3
6
5
5
13
16
16
18
15
16
11
8
5
4
3
5
6
3
4
1
3
2
7
2
1
7
3
6
1
2
5
3
5
2
5
7
5
1
6
5
3
5
4
4
8
6
5
7
5
7
6
1
7
6
7
7
7
3
2
3
11
2
4
4
9
7
4
3
6
3
7
5
4
6
5
1
9
5
7
5
6
4
5
6
5
3
2
6
4
4
7
5
9
3
2
4
2
7
5
6
1
7
3
6
8
5
2
3
6
7
8
4
4
4
7
8
3
5
1
2
7
7
5
3
10
4
7
4
5
5
5
6
8
5
8
4
5
6
4
3
2
2
6
7
4
3
5
6
6
2
8
2
3
1
5
5
5
9
7
6
3
7
7
4
5
7
4
3
4
4
2
6
6
2
3
3
3
2
5
2
2
5
1
2
3
1
5
3
3
4
5
3
4
6
2
6
7
2
3
4
2
3
3
7
6
5
4
4
3
4
2
7
7
3
4
5
4
9
7
5
8
3
4
6
3
8
5
3
7
3
5
2
5
4
2
4
1
1
11
8
4
3
4
3
2
5
4
3
2
4
8
4
4
5
6
9
6
6
4
2
4
3
9
5
3
6
4
6
7
4
4
4
6
3
5
5
8
3
4
6
6
6
8
5
13
8
3
7
5
2
3
3
3
6
9
10
3
10
7
3
8
4
4
1
3
3
7
2
2
9
6
2
3
4
1
5
7
1
3
6
2
7
4
6
4
5
6
5
8
7
4
5
6
4
5
7
5
5
2
6
1
5
9
4
5
4
6
3
5
5
6
5
3
2
4
4
7
2
6
5
3
4
2
3
5
5
3
4
5
5
3
4
4
5
3
5
3
2
4
3
4
6
7
2
4
3
3
0
5
6
3
6
4
1
7
4
3
5
5
7
2
4
4
2
5
2
4
5
5
6
4
6
1
3
1
7
6
5
3
5
3
3
8
8
6
7
3
3
1
4
7
5
4
3
6
3
3
7
1
3
4
2
2
2
5
4
6
5
3
2
4
2
7
1
7
4
4
5
6
5
5
6
5
6
2
7
3
2
1
9
5
3
1
0
2
6
3
6
3
7
7
6
2
4
3
5
2
5
0
3
7
3
3
3
3
6
2
2
4
10
2
1
7
9
3
5
2
0
5
4
4
7
3
3
1
2
5
4
2
4
3
3
7
7
4
5
2
6
2
7
5
5
4
1
6
0
3
4
5
5
5
4
2
5
7
4
0
3
4
2
6
3
4
8
5
4
4
7
3
5
3
2
3
3
3
2
2
7
2
4
5
5
9
3
4
3
5
9
1
1
8
4
4
3
2
4
4
4
3
7
3
6
2
7
2
6
4
5
7
1
7
5
4
4
2
5
3
4
4
2
3
1
5
5
4
4
4
7
2
5
2
5
2
2
4
0
5
3
5
6
2
3
5
3
4
4
3
7
7
4
5
6
8
7
7
5
2
2
7
5
2
4
1
1
6
3
5
2
6
2
5
4
9
3
2
2
2
6
6
5
5
2
4
3
3
6
5
1
3
6
4
4
2
8
4
0
1
5
4
4
4
5
8
4
5
3
11
2
3
7
2
4
2
2
3
4
3
1
3
5
7
7
2
5
11
12
16
25
22
16
28
19
13
12
16
9
3
1
7
4
5
3
5
3
7
2
3
7
2
7
1
6
5
3
10
4
5
5
8
5
2
3
4
3
5
8
10
7
3
10
9
11
11
6
6
5
8
5
11
6
5
3
1
3
4
3
5
8
5
2
5
2
8
2
4
1
5
1
4
7
2
4
3
2
7
3
7
3
2
2
3
3
4
4
6
5
3
2
7
2
3
7
3
3
1
3
6
9
4
7
2
4
5
3
5
2
3
3
4
8
4
1
4
4
4
9
3
3
3
0
4
4
2
5
5
5
4
1
6
2
4
4
6
3
2
5
9
3
6
4
1
3
1
5
7
2
4
5
3
2
2
1
6
4
5
8
6
2
4
5
8
3
10
3
7
6
4
4
1
5
1
6
8
2
3
3
4
4
9
3
8
3
5
4
5
3
4
9
5
8
3
4
2
2
4
0
2
8
2
3
3
5
0
5
3
4
4
5
1
5
4
5
4
6
9
4
5
1
2
6
4
2
6
7
2
3
2
6
2
6
6
2
5
7
6
6
4
2
4
5
6
3
3
8
3
2
2
6
4
6
5
2
4
5
4
4
1
2
4
3
3
2
4
8
4
4
2
4
4
5
2
4
5
7
10
23
25
26
31
31
36
25
24
10
8
5
4
4
8
2
6
0
5
4
5
3
6
7
6
4
3
2
1
4
6
7
5
8
3
6
4
3
3
4
5
8
4
5
4
1
3
2
4
4
3
7
1
8
3
4
6
8
6
6
6
6
7
3
3
4
3
4
7
5
1
9
2
3
5
4
3
3
0
1
3
4
5
3
4
3
5
7
5
4
3
5
2
5
4
4
3
5
2
0
1
3
4
4
8
4
5
6
2
3
4
1
4
4
1
8
3
5
4
2
7
5
3
2
4
3
3
6
3
3
7
7
9
7
4
6
4
4
4
6
3
5
5
8
2
2
7
1
4
6
2
2
4
7
4
5
1
7
2
6
5
7
2
3
4
2
4
4
3
2
10
8
8
2
4
5
1
2
5
5
2
6
7
0
5
3
4
5
2
1
5
5
3
2
4
4
1
2
1
8
3
2
4
2
4
4
6
3
4
5
3
4
2
3
7
6
4
5
4
7
3
4
5
0
3
5
2
1
2
5
2
7
6
2
4
4
2
4
3
7
2
3
7
5
7
6
6
5
6
7
7
5
8
4
9
3
5
3
6
6
7
5
9
5
6
4
2
4
9
5
2
4
4
7
5
3
4
4
7
1
4
2
7
5
7
4
8
2
2
4
4
4
4
6
3
3
4
3
6
5
7
5
4
7
3
2
1
9
3
5
5
3
3
2
4
5
5
3
4
5
6
3
2
7
1
5
4
4
3
4
5
6
7
5
6
5
6
2
5
3
4
6
4
5
8
1
6
1
11
6
2
3
3
6
6
4
4
3
4
5
3
7
7
6
2
6
3
4
5
6
3
8
5
6
6
5
4
5
7
3
5
3
3
7
4
2
5
3
4
3
4
8
4
3
3
2
5
5
1
2
5
3
4
4
5
5
6
2
4
4
2
10
4
4
5
8
8
2
2
3
7
10
11
2
4
8
5
4
3
4
4
8
6
7
7
4
5
3
3
8
1
4
2
4
5
6
4
4
4
8
6
4
6
9
8
1
6
3
3
6
8
3
3
7
3
5
3
7
4
4
4
4
1
5
6
4
4
4
4
5
7
3
5
7
7
8
1
4
3
7
7
4
9
9
3
13
5
5
1
3
7
5
8
3
3
8
3
5
1
2
3
1
6
5
3
4
3
6
6
3
3
4
3
0
4
4
4
3
5
3
1
3
2
3
1
1
3
3
4
2
5
5
0
0
1
3
3
1
1
2
0
4
2
8
5
4
3
1
3
1
4
4
2
5
1
4
4
3
1
2
4
4
2
3
1
1
2
2
2
3
2
1
3
2
3
4
6
3
6
3
4
2
1
2
2
3
3
3
6
2
5
2
2
2
1
1
2
1
4
3
2
3
4
5
2
0
2
0
1
3
3
2
5
3
2
2
2
4
1
3
1
4
2
1
5
2
2
4
3
6
3
1
2
2
2
2
6
5
3
4
2
3
0
1
3
1
3
4
2
2
0
4
5
2
4
4
4
2
3
2
1
5
3
4
2
1
2
4
7
4
5
10
10
4
9
6
8
6
4
2
3
1
1
1
2
0
5
7
3
1
2
4
1
0
2
1
2
1
1
0
5
3
1
2
3
4
0
1
2
0
0
2
1
4
3
3
1
0
2
2
3
1
3
1
1
3
5
4
1
4
3
3
2
1
6
4
3
2
3
2
1
1
4
1
3
2
2
3
5
2
3
0
4
3
0
2
1
2
1
2
3
1
1
2
2
3
2
3
2
1
5
0
2
2
2
1
1
2
3
1
3
3
1
2
0
2
2
4
2
1
1
2
3
1
3
3
6
1
2
1
2
2
1
1
2
5
2
0
1
1
3
2
1
1
3
1
1
2
1
2
1
2
2
2
0
4
2
1
2
2
1
0
1
1
0
0
1
0
1
1
1
0
1
1
0
1
0
3
1
1
2
1
0
1
0
1
0
1
0
0
0
0
0
1
2
0
2
0
2
2
0
4
2
1
1
3
1
1
0
1
0
1
3
0
3
0
2
0
1
3
2
2
2
0
1
1
1
0
1
1
0
1
1
1
2
1
1
2
0
0
1
2
0
1
1
1
2
1
1
0
1
0
0
0
2
0
1
0
1
1
1
2
1
1
3
1
1
1
4
1
1
1
1
1
0
0
0
0
1
0
4
3
2
3
4
0
0
1
2
2
0
3
0
1
0
0
0
0
0
1
1
1
0
0
1
1
1
0
2
1
1
1
0
0
2
0
2
0
2
0
1
1
3
1
1
1
0
1
0
1
1
1
2
5
1
1
1
1
3
3
1
1
2
1
0
3
0
1
0
1
0
1
0
1
0
1
3
0
0
2
0
0
1
2
0
0
0
0
0
1
0
0
0
3
3
0
2
2
3
1
1
2
0
2
1
1
3
0
1
1
1
0
1
0
1
1
1
0
1
2
1
0
1
2
1
0
0
0
1
1
0
3
3
2
1
1
1
1
0
1
1
0
0
0
0
0
0
0
2
1
1
2
2
4
0
2
0
1
1
1
1
0
1
2
1
2
2
0
1
1
1
1
1
2
0
1
0
1
4
12
22
30
49
83
130
128
142
146
130
96
88
45
37
18
13
6
3
1
0
1
1
0
0
0
0
0
0
0
0
0
0
0
0
0
1
0
0
0
3
0
1
0
1
0
0
1
1
0
1
1
0
0
0
0
0
0
0
0
0
1
0
0
0
0
0
0
1
2
0
0
1
0
1
1
0
0
0
0
0
1
1
1
1
1
1
1
1
0
1
0
0
2
0
0
0
0
0
0
0
0
0
1
1
0
1
0
1
1
0
0
1
2
0
0
1
0
1
1
0
0
0
0
0
1
0
1
0
0
0
0
0
1
0
0
0
0
0
0
0
1
0
1
0
1
0
0
0
1
0
0
0
1
0
0
0
2
1
0
1
3
0
0
1
0
0
1
0
0
0
0
0
2
1
2
1
1
0
1
0
0
1
3
0
0
0
1
0
3
2
0
0
0
0
1
3
1
1
2
0
0
3
0
0
0
0
1
0
0
1
0
1
1
1
1
2
0
1
1
1
0
0
0
1
0
1
0
0
1
0
0
0
1
1
0
0
0
0
0
0
1
2
0
0
0
0
1
0
0
0
1
0
1
0
0
0
0
1
0
0
1
0
2
0
2
0
2
0
0
1
0
0
0
0
0
2
1
1
2
0
0
0
1
1
1
0
1
1
0
0
1
0
1
0
0
1
0
0
2
0
0
1
0
0
0
1
0
0
1
0
0
0
0
0
0
1
1
0
1
0
0
0
1
0
0
0
0
0
0
1
0
0
2
0
0
2
0
1
1
0
1
0
0
2
0
1
0
0
1
1
0
1
0
0
0
0
0
0
1
2
0
0
0
0
1
1
0
0
0
0
0
0
0
0
1
0
1
1
0
0
0
0
1
1
0
0
0
0
1
0
0
0
2
0
1
0
1
0
0
0
1
0
1
0
0
1
0
0
1
0
0
0
1
1
1
1
0
1
0
1
0
2
1
0
0
1
0
0
0
1
0
0
1
1
0
0
0
0
0
0
1
0
1
0
0
1
0
0
0
0
0
1
0
0
0
0
1
1
1
0
0
1
0
1
0
1
1
0
0
0
0
1
0
0
0
0
1
0
1
1
0
0
1
0
1
0
1
0
0
0
0
0
0
0
0
1
0
0
1
1
0
0
0
0
1
1
1
0
0
0
0
1
3
0
0
0
1
0
2
0
0
0
1
1
1
0
0
2
0
1
0
1
0
0
1
1
0
0
0
1
0
1
1
1
0
0
0
0
1
0
0
0
0
1
2
0
0
0
1
0
0
1
0
0
1
1
2
0
0
1
1
0
0
1
0
0
0
1
1
1
2
0
0
0
0
1
0
2
0
3
0
1
0
0
0
1
0
0
1
0
0
2
0
2
1
0
1
0
0
0
0
0
1
1
1
1
0
0
0
0
1
0
2
0
0
0
1
0
0
1
1
0
0
0
0
1
0
0
0
1
0
0
0
0
1
0
1
0
0
1
0
1
0
0
0
1
0
3
1
0
0
1
0
0
0
1
0
2
0
0
0
0
1
0
0
0
0
0
2
0
0
1
0
2
1
2
0
2
0
1
0
0
0
0
0
0
0
2
0
1
1
0
0
0
0
0
1
1
0
0
0
0
1
1
0
1
1
1
2
2
0
0
0
0
1
1
1
2
1
1
1
0
0
0
2
1
0
0
1
0
0
0
0
0
0
0
1
1
0
0
0
0
0
1
0
0
0
0
0
1
0
0
0
0
1
1
0
0
2
0
0
1
1
0
0
1
0
0
0
1
2
2
0
0
0
1
1
0
0
0
0
1
1
0
1
0
0
1
0
1
1
1
0
2
1
0
1
0
1
0
1
0
1
0
1
0
1
1
0
1
0
0
0
0
1
0
1
1
0
0
0
0
1
0
0
0
0
0
1
0
0
0
0
0
1
1
0
0
1
0
0
0
0
0
0
1
0
0
0
1
2
0
0
0
0
0
0
1
0
0
1
1
1
2
0
0
0
0
2
1
0
2
0
0
0
0
0
2
0
1
1
1
0
0
0
0
0
0
0
2
1
1
1
1
0
1
1
1
1
0
0
1
0
0
0
0
1
0
0
0
1
0
0
1
1
0
1
0
1
0
0
0
$ENER_FIT:
-0.075 0.359942 -7.87194e-009 -2.15684e-012 0.00000e+000
$MCA_CAL:
5
-0.075 0.359942 -7.87194e-009 -2.15684e-012 0.00000e+000
$PEAKLABELS:
99.020, "I-125"
152.270, "Sum Peak"
162.574, "Sum Peak"
174.953, "Sum Peak"
76.485, "Te-xrays"
86.137, "Te-xrays"
48.952, "Ge XRF,Escape"
61.651, "Ag XRF (Detector), Ge XRF Escape"
69.660, "Ag XRF,(Detector)"
4059.059, "K-40, (Bkgd)"
7267.361, "Th-232(d), (Bkgd)"
209.007, "Pb XRF,(Detector)"
236.172, "Pb XRF,(Detector)"
$ENDRECORD:
