$SPEC_ID:
PeakEasy Library File: Hoo Hey How dice with I-125 and trace amounts of I-126, Detective (HPGe), 6 dice at 25cm 
$MEAS_TIM:
50966.54000 51170.20000
$DATE_MEA:
10/14/2010 6:39:38 PM
$DATA:
0 8191
0
0
0
0
0
0
0
0
0
0
0
0
0
0
0
0
0
0
0
0
0
0
0
0
0
0
0
0
0
0
0
0
0
0
0
0
0
0
0
0
0
0
0
0
0
0
0
0
0
0
0
0
0
0
0
0
0
0
0
0
0
0
0
0
0
0
0
0
0
0
0
0
0
0
0
0
0
0
3
1625
23087
42718
48361
53652
55688
53072
45554
36839
30058
26377
25564
27553
32347
40397
52830
65929
72160
66298
50183
31026
16108
7941
4470
3415
3077
2901
2866
2814
2794
2700
2810
2720
2706
2760
2717
2543
2525
2573
2599
2683
2543
2551
2520
2583
2585
2562
2564
2607
2567
2442
2538
2495
2477
2501
2469
2503
2541
2600
2554
2552
2660
2552
2570
2549
2658
2541
2590
2562
2651
2588
2693
2611
2631
2747
2698
2768
2799
2773
2725
2804
2739
2823
2873
2965
2775
2885
2959
3036
2941
3062
2991
3097
3157
3141
3085
3178
3158
3278
3281
3458
3763
3852
4134
4197
4129
4277
4501
4595
4418
4289
3901
3757
3690
3594
3521
3581
3797
3681
3862
3745
3792
3842
4046
4116
4082
4082
4070
4040
4220
4385
4559
4614
4525
4469
4383
4184
4232
4223
4311
4174
4213
4069
4049
4059
4093
4048
4029
4200
4390
4288
4280
4297
4497
4234
4288
4394
4466
4497
4370
4511
4501
4491
4530
4451
4532
4576
4553
4481
4489
4661
4600
4746
4758
4844
4712
4745
4762
4678
4714
4670
4684
4733
4765
4713
4839
4755
4839
4909
4792
4830
4937
4907
4888
4827
4890
4766
4840
4756
4806
4768
4854
4996
4957
4967
4827
4943
5071
4905
4876
4953
4972
5136
5123
5030
5009
5081
4896
4991
5069
4934
5050
4999
4976
5034
4850
5199
4978
5037
5040
5031
4986
4976
4989
4999
4998
4937
4976
4900
4989
4957
4940
4858
4921
4901
5013
4892
4914
4880
4910
4976
4914
4946
4906
4897
4907
4840
4811
4905
4767
4836
4747
4818
4825
4800
4875
4835
4736
4785
4707
4804
4806
4849
4774
4906
4734
4777
4666
4552
4692
4770
4654
4739
4599
4481
4602
4628
4649
4536
4597
4550
4443
4551
4518
4556
4481
4567
4507
4471
4423
4460
4437
4501
4513
4393
4448
4338
4298
4348
4410
4242
4294
4286
4391
4233
4232
4241
4186
4184
4232
4182
4144
4128
4110
4196
4162
4122
4069
4192
4020
4125
4050
4011
4018
4007
3972
3968
3998
3875
4012
3886
3974
4018
3852
3971
3845
3866
3709
3789
3809
3846
3753
3768
3706
3823
3618
3672
3524
3671
3599
3633
3694
3629
3668
3539
3634
3664
3570
3580
3490
3567
3543
3459
3410
3436
3440
3540
3432
3468
3305
3347
3355
3399
3399
3396
3200
3448
3355
3359
3317
3159
3250
3259
3231
3224
3257
3341
3216
3204
3155
3170
3133
3149
3099
3146
3120
3138
3062
3049
3128
3066
3034
3117
3071
3093
3060
3010
2992
3064
3018
2969
2891
3035
2969
3042
3066
3152
3122
3127
3095
3049
2936
2868
2806
2742
2809
2863
2752
2797
2713
2824
2750
2719
2788
2738
2711
2702
2660
2706
2677
2638
2609
2649
2628
2561
2588
2634
2656
2509
2605
2587
2559
2498
2503
2441
2478
2487
2558
2586
2476
2450
2534
2503
2368
2487
2495
2460
2511
2383
2438
2330
2422
2330
2343
2337
2368
2328
2314
2402
2389
2439
2454
2403
2377
2321
2320
2277
2209
2282
2230
2200
2179
2202
2204
2206
2201
2217
2164
2198
2195
2175
2182
2117
2173
2079
2099
2028
2180
2036
2121
2038
2176
2157
2108
2132
2115
2030
2033
2141
2037
2044
1989
1967
1946
1991
2048
2032
1972
2036
1961
1895
1979
1978
1933
1990
1918
1957
1955
1933
1928
1887
1893
1894
1849
1932
1839
1922
1830
1833
1778
1825
1883
1796
1800
1842
1803
1868
1923
2168
2369
2768
2845
2836
2598
2355
2075
1962
1853
1884
1971
2012
1916
1900
1761
1687
1635
1576
1588
1555
1622
1564
1505
1559
1560
1528
1592
1564
1559
1532
1589
1556
1460
1528
1489
1558
1480
1454
1520
1493
1443
1490
1431
1479
1471
1464
1424
1432
1383
1431
1379
1440
1405
1409
1439
1383
1448
1420
1391
1441
1444
1363
1426
1385
1398
1331
1363
1399
1322
1331
1398
1352
1359
1363
1286
1307
1313
1284
1314
1356
1295
1228
1269
1292
1282
1329
1322
1357
1325
1389
1357
1287
1269
1271
1215
1213
1243
1234
1146
1232
1255
1261
1249
1258
1236
1213
1217
1270
1201
1133
1241
1202
1224
1200
1187
1114
1144
1159
1138
1080
1157
1163
1159
1148
1121
1153
1090
1056
1057
1185
1153
1187
1112
1108
1116
1153
1077
1094
1114
1104
1060
1106
1072
1090
1062
1093
1094
1057
1076
1016
1096
1069
1136
1203
1260
1492
1519
1506
1510
1409
1144
1040
1029
1046
983
1020
1070
1068
1060
1052
1071
1066
1056
1009
969
993
1013
955
989
943
949
945
938
958
921
933
956
924
1000
974
920
915
848
947
936
953
910
962
904
885
928
864
935
882
930
937
896
894
885
973
864
877
910
864
859
851
859
862
871
855
887
841
852
825
868
865
805
878
876
854
897
833
853
829
846
867
811
875
833
812
809
837
841
838
858
904
872
866
862
808
775
795
831
761
795
845
754
848
781
809
760
720
820
802
769
799
759
749
767
775
812
867
895
959
1041
980
980
885
845
742
745
757
752
716
761
828
755
750
699
711
693
715
747
715
722
668
700
700
736
760
675
693
705
682
709
708
753
867
1078
1246
1540
1604
1571
1468
1173
863
716
670
696
665
681
655
678
625
666
675
637
609
626
686
629
677
625
637
631
645
619
620
658
626
671
620
623
633
639
632
623
582
635
647
576
660
599
623
592
598
647
658
587
592
629
565
610
593
595
628
600
606
512
597
642
590
603
627
546
598
574
581
599
595
600
568
585
559
599
565
586
591
560
565
565
561
535
584
557
538
550
547
592
571
585
533
530
590
582
532
539
554
556
598
564
531
579
584
549
563
560
541
551
537
506
557
549
513
549
560
551
529
565
554
555
523
541
529
559
530
517
546
524
531
518
507
545
527
550
552
556
532
542
523
538
509
532
528
541
496
532
482
511
526
530
507
474
540
548
517
582
521
512
528
544
528
522
508
463
502
501
539
492
465
484
505
493
504
495
430
457
509
454
525
439
488
462
452
492
508
493
506
462
481
468
477
467
471
472
435
460
451
475
444
447
457
469
413
471
509
458
461
452
442
433
438
433
452
438
446
474
458
432
448
466
436
400
452
408
425
437
429
409
421
451
425
448
420
448
423
423
471
432
501
414
450
427
417
452
413
410
425
436
408
382
427
421
434
438
404
400
469
448
427
386
391
431
399
448
397
393
398
435
386
382
396
401
389
402
423
427
401
404
417
404
424
388
396
377
400
421
381
421
406
348
375
438
408
387
400
408
365
380
414
436
432
456
459
432
472
438
442
424
385
372
382
419
404
352
376
365
367
404
387
357
394
380
375
369
366
385
368
375
389
367
380
322
368
361
343
367
389
343
340
371
340
378
417
389
379
364
382
357
352
362
385
377
419
341
333
341
360
347
381
353
351
351
354
331
376
321
365
332
347
367
359
362
336
332
360
335
321
334
339
360
340
346
305
317
378
332
342
303
347
362
317
340
351
331
331
357
320
361
369
355
336
347
366
334
351
317
316
345
342
329
334
307
319
305
336
349
317
338
343
374
335
347
349
331
304
353
413
401
443
517
557
583
666
660
742
698
655
510
534
416
430
378
343
334
341
329
316
309
340
324
294
312
278
342
335
289
350
275
318
326
289
311
297
309
331
298
334
306
277
329
265
345
298
348
300
355
288
307
301
330
364
304
303
286
300
325
297
335
281
297
307
302
316
311
324
325
321
316
304
336
274
295
297
283
277
271
283
282
320
312
285
301
295
295
322
274
309
283
261
282
303
258
282
291
289
276
278
278
320
314
275
325
292
300
287
276
282
327
263
284
280
300
289
256
288
260
288
296
276
286
267
307
260
259
296
301
293
234
300
276
250
262
249
278
291
272
294
274
273
257
307
267
284
292
299
315
267
274
272
240
292
272
268
264
293
256
250
255
288
273
252
301
299
282
289
286
281
251
250
259
291
264
268
284
250
288
299
269
265
299
291
248
277
243
273
268
247
282
271
255
244
251
272
283
276
321
306
390
499
634
681
752
731
584
457
361
320
295
270
299
247
236
269
224
277
263
249
253
236
278
223
243
262
228
249
262
213
220
264
234
257
238
251
280
209
246
273
253
251
240
241
229
256
261
252
271
243
249
243
253
249
247
221
233
257
209
249
256
241
249
237
285
237
251
256
283
335
366
483
643
836
1082
1157
1032
857
650
513
360
266
260
243
225
197
238
228
242
228
233
229
254
199
247
234
215
222
228
212
214
261
209
205
210
221
215
213
242
218
216
232
205
216
222
252
227
228
231
227
211
219
231
203
213
225
222
218
220
226
210
194
253
243
213
206
246
228
232
208
232
237
178
232
211
230
205
189
198
200
228
226
222
210
232
238
222
213
229
206
219
216
198
203
207
189
255
224
219
183
156
221
212
221
223
211
224
229
230
231
206
209
208
205
214
223
200
213
220
198
235
212
208
203
184
192
196
193
213
200
188
204
208
194
212
203
225
188
199
190
199
211
211
183
206
228
212
246
227
222
228
213
197
198
218
228
238
216
232
208
236
198
230
221
214
202
204
187
204
216
199
193
201
207
164
210
201
214
192
197
201
243
220
214
203
199
203
177
211
202
205
208
198
189
194
219
201
192
195
203
201
220
192
190
196
195
223
187
196
192
202
210
190
178
200
200
185
192
209
206
178
183
195
212
195
203
188
215
190
202
212
166
186
213
192
190
190
175
176
194
163
171
194
223
212
193
186
175
195
196
181
201
202
208
203
192
213
194
202
206
216
202
208
194
209
188
187
189
195
200
189
199
185
215
194
189
177
190
216
222
202
166
182
168
185
191
182
183
181
179
184
190
188
191
155
192
191
154
172
167
174
175
183
201
183
174
170
196
170
179
196
190
179
174
162
183
167
165
208
198
168
209
241
225
280
236
296
258
270
255
237
203
187
175
170
176
165
163
171
179
178
170
163
174
202
172
176
170
164
177
176
153
164
179
144
175
180
180
175
162
183
179
187
171
174
175
186
169
177
181
175
208
164
163
183
171
178
159
187
173
182
179
164
176
158
181
141
186
152
167
153
171
180
194
169
184
185
161
184
176
178
195
172
165
151
192
165
171
165
181
205
149
134
157
155
155
159
163
147
186
187
181
156
168
174
199
165
169
177
171
179
164
171
198
182
219
222
231
234
241
222
229
191
205
176
151
191
180
173
196
154
184
170
155
157
153
154
151
135
150
143
162
151
177
146
152
159
158
151
149
157
162
171
165
156
150
156
150
159
170
164
160
174
169
165
182
192
180
194
171
166
154
157
185
180
165
170
137
153
152
140
156
153
159
157
151
158
173
185
196
223
208
194
196
177
193
163
148
128
156
154
152
137
160
129
139
140
146
116
153
146
131
147
168
162
147
133
146
149
147
176
179
160
181
153
169
157
154
136
157
153
135
149
154
113
140
149
119
131
130
147
161
146
142
130
139
145
156
152
131
142
143
137
132
146
133
141
152
148
137
146
147
139
136
173
133
142
139
156
138
144
128
158
169
131
143
142
144
148
126
151
143
144
142
156
150
149
129
157
143
155
155
135
143
166
162
127
145
147
152
169
160
153
147
164
153
156
143
122
128
149
169
141
169
173
133
178
152
137
150
153
139
139
155
141
136
134
135
146
149
146
133
155
138
135
138
155
145
134
129
134
140
150
132
147
132
123
126
134
142
123
131
132
147
128
153
118
150
144
135
122
132
143
130
158
150
161
197
178
235
168
178
175
149
129
132
134
141
137
139
110
146
129
134
127
146
146
124
142
167
115
128
122
137
124
136
129
145
150
113
113
131
131
131
128
124
132
159
127
132
130
134
132
147
127
131
130
129
122
140
136
129
142
149
148
149
143
121
124
93
138
144
147
107
122
153
121
113
125
143
151
133
150
132
132
130
133
116
127
143
131
139
126
138
123
135
137
147
123
136
111
122
140
129
138
133
122
118
136
103
119
130
103
134
134
123
137
131
139
146
135
125
137
142
121
131
141
143
112
141
126
147
124
130
145
131
136
115
134
150
134
157
211
237
291
357
416
443
448
463
323
295
261
170
144
156
121
121
112
133
124
116
129
114
128
123
121
127
124
132
128
106
122
116
106
132
124
120
144
128
115
124
108
115
121
129
113
111
126
106
103
123
115
123
122
116
115
127
119
114
118
118
105
133
118
150
164
154
174
178
158
158
172
150
132
112
117
111
119
119
126
103
115
110
114
118
105
120
128
116
128
111
117
119
123
109
113
120
121
115
110
113
134
121
108
107
101
123
131
139
143
137
148
146
145
139
151
126
119
106
101
131
120
134
108
115
114
114
124
120
119
126
125
110
127
130
110
137
119
121
110
116
119
104
117
134
118
112
141
163
153
149
139
165
184
162
179
171
146
166
166
203
231
268
285
310
302
291
229
206
156
126
135
127
112
121
112
113
102
110
106
109
109
122
108
122
103
119
112
94
120
127
101
119
116
110
103
113
116
125
127
122
112
112
115
108
98
116
112
100
108
110
100
99
118
115
113
99
121
106
107
103
119
93
113
120
105
129
115
104
104
112
97
115
106
108
114
114
120
112
108
112
84
110
116
113
104
138
136
105
127
108
126
143
112
128
105
116
116
145
118
109
121
97
118
116
110
110
118
97
89
100
105
127
104
107
108
112
105
141
114
124
108
96
128
110
116
94
96
100
120
122
103
89
108
102
109
117
94
118
110
127
110
114
108
112
110
121
143
115
121
95
89
105
99
86
102
112
106
115
103
119
121
105
125
99
99
107
99
123
115
111
99
108
117
85
108
88
109
96
116
110
122
93
113
103
107
100
90
109
107
90
114
91
114
113
100
109
106
109
117
103
117
103
105
98
94
111
100
104
100
104
86
81
109
106
124
84
112
98
115
109
120
121
108
94
92
108
120
114
109
131
97
111
114
125
115
105
116
97
119
105
116
103
121
103
98
108
100
119
103
109
119
102
95
102
119
127
96
95
112
118
107
107
113
104
107
112
105
114
111
120
125
110
114
109
105
106
109
103
98
115
116
96
106
98
98
109
91
103
100
123
136
102
98
113
108
121
130
114
109
98
131
123
120
111
120
106
116
96
90
101
112
110
118
124
109
102
104
110
115
115
90
102
99
123
92
113
104
93
105
110
88
92
102
101
97
108
85
104
115
108
117
117
122
116
111
118
96
114
107
115
109
115
117
109
99
118
104
93
114
104
101
105
106
104
117
108
105
94
116
104
97
107
130
88
116
117
106
83
116
111
93
104
117
105
109
90
109
122
112
112
103
96
116
119
101
115
100
105
112
104
116
120
123
124
105
116
96
101
134
147
179
173
222
287
304
300
327
289
249
219
180
146
144
132
100
120
115
118
109
99
108
91
113
91
102
93
93
111
85
102
100
103
83
101
119
99
111
85
124
110
104
100
92
109
116
94
113
101
90
87
102
105
107
81
101
122
110
120
86
112
106
121
103
97
108
106
123
103
122
107
92
97
101
96
102
129
113
114
115
111
101
93
101
97
104
104
116
115
99
112
117
96
98
115
109
119
136
126
117
119
125
137
129
124
115
104
112
109
126
105
105
121
88
97
121
110
100
105
123
97
97
118
107
96
114
114
113
107
112
98
120
95
113
114
99
108
120
107
109
120
102
119
102
100
127
106
115
113
119
100
134
125
115
116
107
116
118
110
108
117
114
116
119
92
112
91
107
103
118
130
110
119
115
116
126
112
101
119
108
101
109
114
94
110
108
107
121
122
108
102
91
94
96
91
113
109
104
118
97
105
112
106
127
107
116
111
118
103
118
121
122
99
102
112
101
94
117
108
112
114
101
116
114
110
115
108
103
102
93
108
126
90
113
107
148
119
115
110
100
112
132
110
115
110
118
119
106
94
109
109
119
134
118
101
129
122
111
131
118
120
119
104
103
119
120
104
108
108
103
103
115
133
112
122
111
125
112
100
120
127
122
119
107
99
105
118
120
98
106
128
109
116
129
117
93
125
116
113
107
117
116
106
116
119
128
94
104
121
107
131
116
97
111
114
103
112
110
112
113
121
129
123
162
157
143
169
203
172
163
185
153
164
123
121
108
108
103
97
100
101
105
93
80
102
113
101
95
106
96
103
100
92
108
108
89
105
78
93
91
79
83
74
69
87
88
76
90
91
86
80
96
83
86
74
78
80
90
96
83
87
81
80
98
77
88
91
89
87
75
64
78
87
78
61
75
76
78
63
92
62
70
84
87
68
74
74
70
81
81
89
69
62
81
84
68
86
65
76
71
73
77
71
61
68
67
60
90
82
73
61
74
72
68
74
93
67
74
70
68
77
77
74
84
80
102
98
89
72
66
67
79
65
71
81
64
60
67
80
73
62
57
84
73
64
70
56
68
64
65
60
76
66
66
85
64
71
76
53
55
69
61
79
85
63
69
66
67
62
66
63
61
68
72
75
75
58
80
55
60
66
68
76
61
80
67
64
58
60
64
53
68
45
61
61
57
61
54
78
56
70
73
66
64
66
47
61
53
58
55
50
58
64
61
56
73
61
60
60
50
48
75
56
55
58
49
72
43
51
48
59
51
56
59
67
62
41
66
56
60
47
55
60
46
50
50
38
61
66
57
51
49
54
55
52
44
48
49
57
64
57
74
65
55
64
43
56
55
53
54
49
53
60
56
53
36
54
48
44
47
51
51
50
54
37
48
52
50
53
54
44
48
53
44
52
38
39
52
41
42
61
45
50
45
60
40
56
33
47
42
42
51
46
53
42
43
39
47
43
38
40
40
44
40
47
31
51
30
45
46
61
44
45
49
49
50
43
38
48
48
52
33
37
40
45
45
42
36
43
34
58
37
45
52
42
48
46
47
42
43
40
36
38
37
37
37
32
46
43
43
36
28
52
38
41
44
33
27
56
43
51
43
48
44
52
68
74
78
95
72
75
77
56
50
50
44
33
38
33
35
40
32
47
46
39
45
46
52
43
39
41
42
43
38
40
47
35
36
38
35
34
41
38
43
31
39
38
29
50
34
43
33
42
32
41
42
41
44
35
36
32
36
35
45
40
41
35
44
43
50
37
44
39
42
61
52
45
35
37
45
50
31
38
42
44
36
46
67
71
58
65
64
56
57
63
46
43
41
46
35
34
33
32
40
41
35
39
40
30
37
32
30
39
60
33
23
48
37
34
41
39
39
43
38
41
32
38
27
21
28
38
34
35
31
29
27
50
37
44
45
42
32
36
43
41
40
40
57
37
30
34
37
40
45
31
23
47
33
45
28
39
41
31
49
40
41
38
56
40
41
42
33
32
40
42
38
33
28
47
41
36
46
34
36
34
33
35
53
31
43
38
42
46
45
41
42
30
32
49
40
36
46
33
28
28
43
32
52
36
44
51
49
34
41
40
44
39
45
55
37
47
73
61
97
113
186
287
411
499
668
928
1163
1428
1628
1800
1806
1666
1436
1137
837
528
345
181
109
65
47
27
38
23
25
22
23
27
27
27
18
30
19
28
21
26
27
27
21
27
28
21
17
23
25
31
17
24
23
27
28
23
37
29
26
28
23
27
22
22
17
26
24
27
23
20
25
24
27
26
28
22
30
27
26
21
26
37
23
30
26
31
35
26
22
29
22
25
19
21
29
33
29
27
21
25
26
23
21
29
35
26
30
33
28
24
34
32
29
18
27
19
21
25
20
30
35
26
27
22
19
30
36
28
25
20
17
22
31
20
24
28
16
33
39
41
34
39
50
39
39
56
44
47
40
30
33
35
31
33
18
24
34
18
30
30
18
19
28
22
21
23
25
33
21
25
26
22
24
24
25
22
26
19
26
21
23
30
15
19
23
22
15
12
19
22
26
25
31
27
23
18
27
17
18
27
23
22
31
18
26
22
23
33
22
20
22
27
27
20
21
23
18
30
16
19
20
27
37
25
27
27
20
24
34
28
22
25
17
19
20
27
23
22
28
12
25
26
24
24
18
16
20
16
27
21
12
36
22
17
16
20
21
20
35
20
21
21
15
19
19
19
23
16
20
15
22
17
19
26
23
22
12
16
21
13
23
23
20
20
22
16
26
20
20
25
17
12
12
21
18
16
17
17
22
17
27
19
21
19
26
24
22
14
17
8
25
23
21
20
20
30
17
18
11
18
19
13
15
23
17
20
18
17
27
17
17
17
22
32
25
17
27
26
28
37
31
21
20
33
31
18
35
30
28
30
28
28
20
34
30
35
32
38
34
42
47
51
45
72
53
47
55
51
66
62
66
81
72
100
67
46
41
38
36
35
28
31
18
15
27
28
21
14
23
16
36
21
27
21
14
25
22
23
20
18
15
8
13
22
16
24
23
21
18
20
18
17
19
14
12
15
18
23
11
11
19
19
10
17
12
16
20
18
13
21
20
22
24
17
23
21
24
26
24
18
17
24
25
25
17
26
22
35
30
29
30
36
30
23
12
15
21
14
15
20
18
19
14
19
12
20
23
18
19
24
15
14
29
27
30
26
30
31
29
16
25
23
23
14
14
11
17
8
25
19
13
12
8
15
19
32
20
14
20
15
20
9
20
22
16
20
11
16
16
16
24
18
20
14
10
13
12
17
10
17
9
25
17
9
14
14
19
17
12
15
15
13
10
15
14
17
13
13
19
16
19
16
14
22
9
11
8
18
19
6
16
25
17
22
19
22
27
23
27
27
27
32
24
25
21
25
16
13
18
18
23
13
14
13
18
23
15
18
14
11
13
10
14
12
14
12
12
18
10
18
19
11
16
16
22
10
10
16
12
21
17
9
17
11
20
14
13
15
16
9
13
9
13
9
11
16
21
14
19
24
13
17
16
14
20
14
18
19
9
15
17
16
12
10
13
17
12
17
16
12
15
12
14
21
18
19
20
16
14
21
16
20
14
11
18
22
12
11
18
18
10
13
13
17
20
14
16
16
11
19
13
11
9
14
9
12
13
8
16
17
18
9
21
7
11
8
23
13
7
14
14
20
15
16
12
21
13
18
17
6
19
15
14
8
17
21
19
12
13
9
17
9
17
13
13
11
13
16
15
11
10
17
14
17
18
14
20
16
15
18
15
16
15
16
14
19
18
23
22
13
29
31
36
29
37
34
47
48
43
32
25
23
15
12
13
14
12
18
8
17
15
12
7
14
7
16
20
14
17
10
16
19
15
11
19
11
16
14
14
13
12
22
19
13
14
16
19
18
9
11
15
16
8
16
17
13
12
12
15
14
13
10
22
10
12
14
13
12
15
12
15
16
10
12
16
15
11
14
16
13
14
20
14
18
14
10
13
13
20
19
23
39
31
47
55
82
76
83
97
138
166
184
156
146
136
101
76
52
31
24
20
20
13
11
15
11
21
13
18
13
5
14
14
7
14
10
9
9
9
11
16
10
10
18
9
11
13
13
17
7
15
14
13
10
9
11
13
19
10
6
12
12
12
14
13
20
14
10
15
12
17
14
12
17
15
14
16
13
13
10
11
12
16
11
9
11
21
10
18
14
13
12
19
23
13
12
8
14
9
12
14
9
9
20
17
13
6
10
12
12
13
10
10
17
10
9
22
11
11
9
21
10
11
11
18
10
10
12
13
8
14
13
11
14
15
17
8
8
12
9
17
16
10
13
11
15
10
13
14
18
19
9
15
4
15
15
15
11
17
17
15
10
11
12
9
12
14
23
10
9
15
12
9
7
13
15
9
9
18
18
11
13
17
15
13
9
17
19
19
16
11
5
13
9
12
13
9
13
12
18
13
18
12
7
11
12
16
20
17
18
17
16
15
22
16
15
17
15
12
11
17
9
10
21
21
12
11
23
20
19
19
19
26
24
32
29
30
41
33
29
18
19
14
12
15
10
19
14
9
15
14
19
13
10
13
15
14
18
12
15
12
11
8
9
18
12
16
14
10
14
13
12
15
13
15
12
9
11
12
15
11
16
14
14
17
11
11
11
10
9
19
13
8
16
13
9
19
11
17
17
17
12
13
7
20
13
12
9
14
13
11
13
8
10
9
5
9
9
15
16
10
11
14
11
12
15
11
10
15
15
21
17
13
17
14
13
16
19
9
12
9
14
9
8
16
17
14
18
11
13
7
18
15
13
17
12
6
15
9
16
17
20
12
15
11
9
14
13
14
17
19
14
8
11
10
12
14
11
8
15
14
17
11
20
15
8
11
8
17
15
12
11
15
17
21
13
11
28
11
14
12
12
12
10
16
7
16
15
19
11
17
14
13
12
16
11
14
11
10
12
10
17
15
12
24
16
11
18
8
14
11
11
14
13
9
14
13
17
10
13
9
12
12
12
8
16
17
13
14
16
15
11
19
13
11
12
15
13
10
10
16
15
12
19
13
9
9
16
4
15
15
19
13
10
14
7
18
13
19
14
16
15
11
15
13
8
12
9
11
13
9
8
15
13
11
10
17
11
14
10
11
20
29
15
14
10
14
17
7
13
8
10
7
16
13
7
14
15
10
11
18
7
16
10
9
11
17
17
11
14
11
8
10
10
13
13
16
11
5
13
19
11
14
14
14
15
16
11
12
6
11
9
13
18
10
15
10
9
14
10
10
14
4
10
7
13
13
11
12
8
14
16
17
6
15
12
8
8
17
14
12
13
13
15
17
16
13
9
11
11
12
5
4
10
15
14
14
14
18
14
7
11
12
15
11
6
14
16
11
7
11
8
9
12
12
12
6
9
14
14
16
11
13
15
14
12
11
15
7
10
9
14
7
12
11
10
10
19
14
13
13
10
12
8
11
8
16
7
8
6
8
15
18
9
11
19
13
7
11
12
7
9
10
11
8
15
9
8
17
9
17
15
15
7
10
13
7
18
11
17
10
11
7
7
12
7
17
5
11
15
18
13
9
9
10
19
11
13
7
13
12
15
13
4
8
11
10
13
18
19
13
19
7
7
6
14
10
8
10
10
20
13
9
11
16
13
13
12
11
10
10
8
14
10
12
7
10
11
6
15
12
12
14
7
14
15
13
14
11
7
7
9
5
5
6
5
9
12
12
11
11
5
12
11
8
7
10
8
9
9
9
8
9
11
12
6
7
9
12
14
11
10
8
18
8
12
11
11
11
16
11
9
11
12
9
14
9
11
18
6
14
12
12
13
9
8
6
9
14
12
18
7
7
12
14
18
11
12
8
13
14
7
6
20
5
11
9
10
7
9
10
16
21
10
8
9
13
7
11
9
15
12
12
13
14
8
8
11
11
20
12
13
11
8
16
8
13
7
9
5
5
11
17
7
16
16
14
9
5
17
14
13
14
9
4
14
11
11
10
11
10
10
10
8
10
15
10
12
12
13
10
6
8
7
11
11
12
11
8
14
11
7
11
14
11
10
13
6
12
12
11
8
8
6
9
11
10
12
11
13
16
14
9
18
31
18
24
26
36
35
42
33
45
30
43
34
39
26
31
36
26
25
20
14
16
13
10
10
17
7
10
13
18
16
15
11
12
9
9
8
11
9
6
13
7
19
8
7
18
14
22
16
8
23
24
29
13
15
15
18
14
14
12
12
14
13
14
14
15
13
14
11
14
10
17
12
9
7
4
10
21
10
6
13
10
11
17
10
8
8
8
13
10
10
15
13
6
12
9
9
12
19
15
6
13
12
18
9
11
10
11
10
8
12
5
12
4
10
6
10
9
11
10
8
7
12
15
8
11
8
5
12
8
13
9
8
5
12
10
7
12
9
11
9
12
10
8
16
9
5
10
15
17
11
10
11
13
13
9
9
8
10
9
10
11
11
15
10
8
8
12
11
8
16
9
15
12
8
13
13
10
5
9
10
8
12
9
14
10
9
20
15
9
15
7
15
13
9
10
5
12
8
11
12
12
13
8
10
8
17
7
10
8
16
18
13
5
11
13
10
11
9
13
10
11
13
11
5
11
11
10
10
16
8
7
10
10
10
13
13
6
6
10
8
21
12
5
16
13
11
8
8
10
14
10
12
7
12
8
5
13
8
9
9
9
8
16
11
16
11
13
9
12
15
16
15
26
18
11
20
27
20
27
27
35
33
32
42
58
63
41
45
31
34
26
25
18
16
18
24
9
8
20
17
8
15
9
15
12
12
9
12
17
11
12
9
10
13
10
15
9
5
10
10
12
15
13
12
15
16
7
11
16
9
12
5
13
13
7
9
16
12
21
15
14
11
8
11
13
9
13
10
18
11
16
8
6
13
13
14
7
10
10
12
11
18
12
14
5
4
10
13
10
8
6
10
12
11
14
8
8
11
9
16
18
16
13
14
8
10
5
13
13
7
15
9
13
9
7
10
11
10
13
8
16
20
13
20
9
13
9
17
10
11
5
12
11
7
10
14
15
11
12
13
9
12
15
21
13
8
10
8
17
11
16
8
10
9
12
8
11
7
8
10
18
14
8
18
14
15
12
6
13
13
7
8
11
10
8
13
12
10
10
12
10
13
11
13
12
12
12
11
5
12
4
8
12
10
15
12
10
16
9
15
12
16
9
10
11
20
16
6
11
14
9
8
13
5
15
16
13
11
14
16
3
15
13
17
5
9
9
10
10
18
17
11
13
7
12
15
17
16
15
7
15
19
16
9
14
11
14
18
15
18
16
16
12
15
10
5
11
14
15
9
11
5
16
9
10
7
9
13
14
6
13
12
13
16
10
7
16
10
11
11
11
18
9
16
16
6
13
14
12
13
11
14
13
14
21
9
13
13
12
15
12
12
15
10
9
18
11
9
12
9
14
17
18
14
10
11
16
14
12
14
14
9
15
10
13
10
10
17
9
8
13
9
15
15
19
11
8
14
12
18
7
17
14
11
11
18
11
9
16
15
12
13
9
11
8
22
6
14
7
9
12
11
15
12
13
18
15
16
19
11
12
8
12
6
13
16
13
13
12
7
14
17
9
16
16
16
13
16
9
14
11
19
9
9
17
13
14
12
14
17
9
13
11
6
14
19
14
9
15
14
11
10
7
12
17
11
10
12
18
20
11
12
6
11
11
17
13
11
14
10
6
15
13
10
11
11
11
12
13
13
18
16
11
11
10
13
11
17
15
12
15
9
14
17
17
25
9
15
14
13
14
12
11
18
10
8
11
8
8
16
12
22
12
12
6
12
11
8
20
13
8
9
8
8
13
9
6
15
15
12
12
9
8
11
9
10
12
11
5
12
10
9
9
7
16
10
14
10
10
9
7
4
7
7
8
9
2
14
12
10
9
7
3
11
9
13
7
10
9
13
4
4
12
3
9
14
6
4
8
3
10
9
9
13
6
12
6
8
9
7
9
7
8
12
6
6
11
11
2
12
7
12
5
9
9
10
10
8
6
8
9
7
8
10
8
9
13
11
4
12
9
9
11
9
8
7
13
2
7
4
8
3
11
7
2
8
12
5
7
7
6
10
6
11
6
7
11
5
7
5
6
5
6
7
5
7
5
4
7
7
8
4
12
9
8
9
4
12
3
9
16
9
1
7
7
4
11
7
7
12
9
9
2
9
7
14
6
3
6
2
8
11
11
11
9
14
9
8
7
11
12
15
11
14
15
18
19
14
16
22
10
10
9
16
11
8
10
6
9
6
8
6
3
8
5
8
6
3
11
3
7
5
4
3
3
4
7
4
6
9
9
2
6
8
5
3
9
2
7
4
2
6
5
5
8
4
7
6
11
2
4
7
5
8
5
4
6
6
7
3
7
3
4
5
4
3
7
4
6
4
6
6
4
6
6
7
4
1
5
5
4
8
5
7
3
3
6
3
2
3
4
6
7
5
5
2
7
3
4
3
3
2
6
3
5
7
8
2
6
4
4
3
5
3
7
1
1
9
7
2
6
3
6
6
7
5
4
0
5
3
3
7
5
3
2
5
3
6
3
4
6
4
4
2
5
3
2
1
3
3
7
2
6
2
6
3
2
3
2
7
6
1
3
3
5
1
6
3
3
3
3
4
3
6
4
2
2
3
1
3
2
3
1
2
2
1
2
2
3
4
1
2
4
3
5
5
1
4
5
3
4
0
3
4
0
0
3
3
7
4
2
4
4
4
3
3
2
0
0
3
4
1
5
4
1
4
3
4
1
4
5
1
2
0
1
1
0
1
4
3
1
3
3
1
1
0
5
2
2
2
0
5
2
3
1
2
3
4
4
1
1
1
2
2
2
4
3
2
1
2
3
1
5
1
1
2
0
1
4
1
6
2
2
3
0
1
2
5
1
1
1
1
0
0
0
3
5
1
2
2
1
2
1
2
2
2
2
1
1
4
1
2
3
1
3
2
1
7
2
0
3
2
2
2
3
4
4
4
1
3
2
2
3
1
5
2
2
3
2
2
1
3
4
2
2
1
1
0
4
4
2
1
0
1
2
3
0
0
5
2
5
7
2
3
2
4
1
3
4
2
1
3
5
4
1
0
1
5
2
1
2
1
2
3
4
3
1
4
2
1
2
1
1
3
1
4
3
1
0
1
2
4
2
6
3
1
1
5
4
0
3
3
1
3
4
3
3
3
3
3
4
3
4
3
3
4
4
6
2
4
5
5
5
2
6
6
13
21
27
16
44
36
46
60
87
87
104
121
153
163
167
188
178
165
154
161
132
129
91
75
54
34
16
12
12
3
2
2
2
0
1
0
0
1
0
0
1
3
1
1
1
3
0
2
1
0
2
2
0
2
1
2
0
1
2
1
0
1
0
0
1
0
1
1
1
1
1
2
1
2
2
0
1
0
1
2
1
0
1
2
1
1
4
0
0
0
2
1
1
2
0
2
1
2
0
2
1
0
0
1
0
0
1
2
1
3
3
1
2
0
0
2
0
1
0
0
0
2
0
2
0
6
2
0
1
1
0
1
1
2
2
0
0
0
1
2
0
0
1
1
3
0
2
0
0
2
0
1
1
0
4
0
2
0
1
1
2
2
0
0
2
1
1
2
0
0
0
3
1
1
2
2
2
0
0
1
2
2
1
1
0
0
2
0
2
2
0
2
1
0
1
1
1
2
0
1
1
0
2
0
1
1
0
0
3
0
1
1
1
1
0
2
1
0
0
1
3
0
2
3
0
0
0
1
3
0
1
2
1
0
2
1
0
4
2
2
0
0
0
2
2
1
2
0
0
0
1
1
0
0
3
4
1
2
2
0
2
1
2
0
0
2
2
0
1
0
1
0
0
0
1
1
1
0
2
2
1
1
1
2
1
1
1
0
3
2
0
1
0
3
0
1
1
2
1
2
0
1
0
0
1
0
3
3
1
0
0
1
1
0
1
1
0
1
1
3
1
1
0
0
0
0
2
0
0
0
1
0
0
0
1
0
1
0
2
0
1
4
1
0
0
1
0
2
1
1
1
1
3
0
2
0
2
0
2
1
1
0
1
2
1
4
2
2
1
1
1
3
0
0
1
0
0
3
1
1
2
0
1
0
1
2
1
0
1
0
1
2
2
2
1
2
1
1
2
0
0
1
1
1
2
0
1
0
2
0
1
2
1
1
0
0
1
1
0
1
1
1
2
2
1
0
0
1
3
1
0
1
2
0
1
0
1
1
2
1
1
0
0
1
0
1
3
0
1
3
0
0
0
0
0
2
2
1
1
0
1
1
0
0
0
2
1
1
1
2
1
1
0
1
2
0
0
0
2
0
4
2
1
1
0
1
2
0
2
0
2
4
0
0
2
0
0
0
1
0
0
0
0
0
0
0
0
2
1
2
2
0
0
2
1
0
2
3
1
0
3
2
2
0
2
0
0
0
1
3
1
2
1
1
2
2
1
1
1
3
1
1
0
0
1
0
1
3
1
2
1
0
0
2
0
1
1
1
0
2
3
2
0
2
3
1
3
3
0
1
0
0
1
3
0
1
0
1
2
1
1
0
1
1
1
2
1
1
1
0
2
0
3
0
0
0
0
0
0
3
4
1
1
3
1
0
1
1
2
1
3
1
1
0
1
1
3
0
2
2
0
0
1
1
2
0
1
1
0
0
0
0
1
0
1
0
0
1
1
0
0
3
0
1
0
0
0
0
2
0
0
0
1
0
1
0
0
0
2
0
0
1
0
3
0
4
2
2
2
1
0
0
1
0
3
0
0
1
0
2
1
2
2
3
3
0
0
2
1
0
2
0
1
1
1
0
0
0
3
0
0
2
0
0
1
2
2
0
1
1
0
2
1
0
1
0
0
1
0
1
2
2
2
0
1
2
1
0
0
2
0
1
1
2
1
1
0
2
0
0
1
1
0
1
1
1
3
2
2
0
1
0
2
1
2
2
1
1
1
3
2
0
1
1
1
1
1
0
2
1
1
2
1
0
1
2
1
1
3
1
0
2
0
1
0
1
0
2
0
1
0
1
2
3
0
0
1
0
0
5
0
1
1
0
0
0
2
0
0
1
1
1
1
0
0
0
0
0
0
0
1
0
0
0
2
2
1
0
1
1
1
1
0
1
0
0
0
1
1
0
1
0
3
0
4
0
2
0
2
2
1
2
0
1
0
1
0
0
2
1
1
1
0
1
0
2
2
1
0
1
1
2
1
0
2
3
2
4
0
1
1
0
0
4
2
3
0
1
1
1
1
4
0
1
0
1
0
0
0
0
3
2
0
1
1
0
1
0
2
1
0
0
3
0
1
1
2
2
0
2
2
0
0
2
2
2
2
0
0
1
2
1
0
0
0
2
1
2
2
1
0
0
0
0
0
1
0
0
1
1
0
0
1
1
1
1
0
2
0
2
1
4
1
0
1
0
1
2
0
1
0
2
2
0
0
1
0
1
0
1
3
0
1
0
0
1
0
3
0
0
0
0
0
0
1
0
1
1
2
1
0
2
2
0
1
2
1
2
2
4
1
2
1
1
1
0
0
0
2
0
2
0
1
1
0
0
0
1
1
0
2
0
0
1
0
1
0
1
0
2
0
0
3
0
0
0
2
0
2
1
0
1
0
0
3
1
0
1
1
1
2
0
1
0
0
0
0
0
2
0
2
1
1
1
1
1
1
1
0
0
0
3
0
1
$ENER_FIT:
0.120 0.366723 3.95680e-008
$MCA_CAL:
3
0.120 0.366723 3.95680e-008
$PEAKLABELS:
96.491, "I-125"
3981.318, "K-40, (Bkgd)"
7123.478, "Th-232(d),(Bkgd)"
84.050, "Te X-rays"
186.509, "Au XRF,(Detector)"
211.002, "Au XRF,(Detector)"
$ENDRECORD:
