$SPEC_ID:
PeakEasy Library File: Hoo Hey How dice with I-125 and trace amounts of I-126, IdentiFINDER (LaBr3), 6 dice at 15cm
$MEAS_TIM:
50901.00000 51560.00000
$DATE_MEA:
14.10.2010 19:13:11
$DATA:
0 1023
0
0
0
0
0
1173648
2156108
12063415
3359
5023
6709
10741495
4401884
952362
88611
27694
37439
49990
50524
42916
34844
29061
26659
26557
27858
29208
29508
29929
30763
30571
30921
30819
30668
31008
31291
31421
31639
31554
31803
31228
30832
30728
30207
29989
29349
28293
27716
27089
26981
26466
26294
25396
25005
24341
23852
23237
22345
21693
21304
20942
20320
20009
19539
19291
18524
17853
17434
16953
16577
16058
15412
15121
14785
14215
13939
13817
13270
13288
13030
13105
12959
12329
11328
10503
10065
9589
9413
8814
8603
8507
8359
8114
8033
7771
7649
7584
7348
7435
7312
7109
6977
6706
6468
6287
5992
5831
5743
5492
5442
5356
5179
5146
5120
5210
5258
5263
5317
5504
5404
5332
4970
4689
4474
4260
4097
3823
3905
3958
3948
3933
3872
3771
3734
3755
3733
3670
3671
3466
3458
3495
3581
3383
3444
3367
3304
3259
3271
3165
3217
3092
3159
3097
3135
3096
3030
2980
2990
2983
2921
2844
2880
2740
2784
2797
2743
2766
2786
2783
2836
2935
2917
2917
3007
2887
2781
2687
2677
2646
2562
2481
2461
2473
2490
2483
2399
2390
2308
2389
2340
2420
2399
2400
2442
2468
2542
2540
2716
2496
2529
2508
2499
2501
2553
2600
2650
2621
2597
2516
2449
2260
2157
2063
2024
1968
1895
1847
1893
1898
1870
1862
1865
1767
1762
1742
1765
1753
1747
1697
1691
1717
1736
1702
1618
1588
1594
1573
1632
1585
1581
1639
1617
1571
1553
1563
1528
1518
1484
1437
1432
1465
1409
1399
1385
1352
1434
1353
1306
1376
1414
1394
1409
1435
1513
1604
1689
1786
1969
2002
2085
2138
2150
2156
2212
2130
2184
2124
2137
2060
2107
2019
1987
2081
2061
2006
1991
2014
2002
1932
1960
1906
1945
1938
1897
1936
1886
1923
1814
1930
1866
1828
1832
1806
1824
1871
1938
1843
1936
1936
1901
1854
1822
1776
1775
1694
1709
1686
1643
1646
1615
1594
1616
1620
1611
1619
1568
1630
1614
1521
1491
1517
1442
1357
1334
1394
1306
1286
1237
1278
1226
1242
1190
1161
1176
1138
1141
1077
1089
1039
1041
1054
980
1033
1037
1004
1026
1019
998
1000
985
1020
1022
1028
1000
1015
1017
1007
986
1006
994
998
1031
1109
1021
1098
1150
1125
1134
1101
1126
1124
1098
1088
1110
1088
1087
1060
1034
1085
1018
1025
1090
1077
1042
1081
1067
1125
1031
1077
1105
1084
1024
1045
1078
1110
1053
1071
1017
1024
1067
1002
992
986
974
1000
957
913
909
892
845
831
767
757
698
680
645
605
590
544
486
532
531
501
465
415
443
447
396
374
396
391
366
323
337
343
314
318
284
287
256
257
265
240
231
209
211
214
209
216
206
203
217
205
188
212
230
217
203
212
236
213
246
238
264
281
331
396
505
601
681
826
1023
1191
1343
1580
1813
1941
2097
2321
2540
2716
2907
3005
3141
3176
3333
3307
3295
3011
2813
2515
2183
1814
1614
1212
1065
743
595
462
329
284
197
187
144
132
131
124
85
85
91
89
86
75
94
78
85
84
89
103
95
88
100
104
112
111
128
119
110
134
141
138
114
120
127
125
90
108
85
80
88
97
69
66
73
70
72
75
73
77
74
61
64
83
58
69
77
94
62
59
74
63
66
77
74
76
59
78
65
68
105
70
97
77
92
110
100
117
115
121
125
112
127
124
135
139
155
146
156
122
162
139
135
127
123
118
117
108
106
120
116
129
112
88
107
122
110
107
129
121
134
118
117
112
127
113
167
141
144
159
139
177
150
146
136
162
178
156
158
185
163
170
198
215
183
227
216
222
233
229
230
216
249
239
272
267
264
261
255
275
279
264
262
301
300
294
317
304
306
305
298
300
297
320
318
328
335
341
345
350
365
374
395
405
424
391
379
393
422
432
437
462
482
515
471
558
519
518
531
517
513
516
563
506
454
459
479
468
397
383
371
367
348
336
335
335
315
317
337
295
307
269
265
282
283
286
274
294
303
301
298
305
309
280
330
300
308
282
277
317
294
320
292
313
317
312
315
329
327
346
320
309
321
320
327
340
366
338
359
337
348
348
362
334
320
357
355
360
341
353
360
366
360
369
410
382
387
399
385
420
451
485
473
470
454
467
458
462
473
451
469
423
433
435
414
383
390
398
339
341
337
312
322
265
259
337
307
311
301
297
293
351
316
296
333
334
332
336
296
313
298
294
263
307
273
270
249
216
204
202
203
181
155
162
147
140
159
130
125
128
125
133
138
123
125
114
136
130
127
149
130
139
146
139
132
130
151
152
154
164
151
160
150
168
166
154
192
157
168
190
169
168
178
171
187
165
178
199
205
218
236
219
220
261
227
226
266
272
295
256
245
283
259
259
265
264
278
268
275
277
270
254
302
292
302
290
317
287
293
315
314
321
300
308
292
281
254
251
253
227
220
205
166
183
154
155
119
133
108
94
74
81
59
58
44
40
31
35
24
23
21
24
19
14
20
16
14
5
9
7
7
8
12
9
8
7
10
12
6
4
5
6
4
8
9
6
5
8
6
8
9
9
5
4
4
5
4
7
6
4
7
5
6
7
7
3
6
5
7
3
4
7
5
5
5
4
6
4
4
3
6
9
5
6
4
5
4
5
6
3
6
4
5
6
6
1
2
4
4
5
5
3
7
7
0
0
$ENER_FIT:
13.468 1.952446 3.10343e-003 -2.24596e-006 0.00000e+000
$MCA_CAL:
5
13.468 1.952446 3.10343e-003 -2.24596e-006 0.00000e+000
$PEAKLABELS:
6.656, "Te-xrays"
11.254, "I-125, La-138 X-rays"
492.911, "K-40  (Bkgd), La-138"
$ENDRECORD:
