$SPEC_ID:
PeakEasy Library File: Np-237 (disks), IdentiFINDER (LaBr3),  0.9 g @ 1 m
$MEAS_TIM:
11478.00000 11566.00000
$DATE_MEA:
10-Apr-2015 15:37:40
$DATA:
0 1023
0
0
0
0
0
1058
26278
42447
49992
61029
70857
85559
97897
89966
80922
86019
101079
125216
160735
200179
226020
239704
267925
322526
389873
427429
442041
509132
632478
714340
744577
819798
882953
786223
568737
404989
358859
353174
310772
238254
173532
139569
130254
131674
138895
148500
162332
174213
181072
182056
176955
169582
160959
152179
141872
131225
119907
107824
96990
88871
82155
76733
72392
69353
66620
64200
60637
57840
55545
53938
52392
50881
49259
47703
46200
45583
44955
44923
44929
44670
44311
43852
43354
43252
42596
42829
42569
43161
43785
45370
45639
45609
44946
44306
45580
51050
63845
86837
122343
173155
243226
327198
410538
461096
444496
369302
259907
155769
83829
46744
35534
38709
44730
47478
43532
34417
23693
14846
8839
5558
4578
4760
5552
6677
7534
7828
7623
7281
7169
7932
9239
10955
12698
13620
13989
13980
14045
14152
14396
13657
11912
9382
6828
4461
2721
1750
1158
931
872
771
691
738
736
689
740
734
681
618
667
693
678
611
630
637
630
647
657
717
689
692
677
659
677
681
671
614
592
585
586
578
574
599
573
569
567
544
512
515
542
545
542
562
602
576
649
617
570
590
617
607
590
595
606
605
612
620
584
540
490
496
459
438
424
412
454
431
459
405
440
415
422
422
432
400
402
418
398
399
410
384
377
367
373
377
360
389
351
331
336
361
349
346
350
344
358
326
350
333
368
353
322
310
335
339
339
339
326
351
371
372
386
386
416
434
448
456
483
491
507
481
471
531
516
460
457
486
476
450
469
484
444
460
458
428
462
457
450
435
446
465
429
439
476
459
435
402
401
421
427
444
406
438
442
442
381
418
445
436
416
415
397
403
382
377
370
397
377
369
369
354
351
364
364
377
347
366
324
344
379
287
308
279
301
271
294
283
280
254
243
294
278
275
266
238
225
220
279
255
256
245
252
249
240
207
236
245
239
240
236
226
234
248
241
256
221
236
242
247
246
227
247
271
260
254
280
266
280
279
267
258
255
261
253
217
256
254
256
233
258
267
237
239
240
274
237
285
240
209
242
258
255
259
242
246
224
224
219
226
217
251
204
214
202
189
172
204
178
191
180
169
158
134
142
152
139
106
112
95
93
90
120
123
111
95
96
80
79
75
76
73
73
81
68
66
73
55
52
70
55
57
51
57
53
63
56
54
59
60
59
63
65
65
68
69
75
91
79
93
97
106
136
142
170
197
223
250
285
316
368
388
429
518
521
521
652
654
667
667
699
712
704
617
597
536
523
465
423
336
271
241
177
145
115
98
75
62
48
50
35
22
33
24
35
27
26
20
22
15
26
26
24
28
32
26
24
25
21
25
24
18
23
26
28
34
25
21
19
18
23
26
18
18
18
26
24
28
16
18
21
21
23
26
18
13
11
13
21
13
21
14
29
19
15
19
20
18
11
24
18
24
23
24
25
24
21
31
20
21
24
26
31
34
38
31
34
45
36
30
33
35
32
32
38
26
25
29
34
39
31
30
33
27
32
30
38
34
37
31
45
37
38
45
38
39
37
37
51
43
41
40
44
45
56
43
52
56
52
45
57
57
61
57
62
68
70
74
49
57
66
56
61
67
67
65
60
76
72
77
85
67
81
77
70
84
78
87
97
83
94
86
103
96
92
78
113
99
100
112
121
100
130
118
112
129
125
113
127
138
135
129
126
110
121
113
104
110
122
116
100
100
80
87
86
80
84
65
82
66
65
88
98
76
70
82
67
76
64
73
74
83
84
78
78
50
68
67
72
72
83
68
77
77
76
78
79
76
60
73
77
83
84
97
80
85
84
80
90
96
92
104
102
101
88
93
78
69
86
87
82
81
85
89
109
99
108
96
108
98
117
104
107
103
117
116
104
116
114
93
103
112
100
103
94
74
90
86
74
88
79
70
70
62
68
79
65
81
73
81
78
76
86
72
80
62
65
64
71
72
74
72
74
51
70
52
57
47
54
44
43
54
43
52
31
32
32
30
37
41
38
29
36
42
30
34
35
35
36
37
35
38
40
31
34
36
51
39
35
43
33
38
42
40
40
40
46
47
45
35
48
41
36
44
49
43
40
46
48
46
47
47
57
47
52
60
42
57
56
66
53
65
61
72
67
68
85
77
49
71
69
66
53
65
70
88
63
66
78
71
63
66
70
51
73
62
72
56
41
50
51
42
37
34
26
26
24
29
18
17
16
14
21
12
11
7
8
5
7
8
9
4
3
6
2
6
5
1
3
4
4
3
3
4
4
1
0
1
2
1
3
3
4
1
2
1
3
3
2
0
1
2
2
4
2
1
0
3
0
2
1
1
0
2
0
0
2
2
1
0
5
3
0
0
3
2
0
1
2
1
1
1
1
0
0
0
0
1
2
0
2
4
2
1
2
0
0
0
0
0
0
0
0
0
0
0
0
0
0
0
0
0
0
0
0
0
0
0
0
0
0
0
0
0
0
0
$ENER_FIT:
0.000 3.000000 0.00000e+000
$MCA_CAL:
3
0.000 3.000000 0.00000e+000
$PEAKLABELS:
103.309, "Pa-233"
114.127, "Pa-233"
90.320, "Pa-233"
135.522, "Pa-233"
124.163, "Pa-233"
56.647, "Np-237, Compton Scattering"
871.367, "Th-232(d),(Bkgd)"
488.901, "K-40 (Bkgd),  La-138"
30.654, "Pa-233,U X-ray"
11.100, "La-138, X-ray"
$ENDRECORD:
