$SPEC_ID:
PeakEasy Library File: Np-237 GR135
$MEAS_TIM:
387.82000 387.82000
$DATE_MEA:
30-Jun-2004 12:28:08
$DATA:
0 1023
0
0
591
591
591
591
988
1983
3577
4305
5019
5222
5668
6004
6255
6382
6894
7301
7390
7925
8576
9355
9790
10746
11452
12811
14549
16021
17242
17351
17155
17678
18292
18996
19645
19591
20684
21531
21944
22119
22031
22818
22555
22418
22822
23271
23212
23181
23686
24383
25071
24897
25742
25783
25528
25305
22943
23268
22093
21001
19927
19070
18254
17206
16444
15988
15191
14585
14277
14010
13825
13639
13057
13017
12667
12323
12212
12015
12041
11460
11472
11554
11272
10768
10769
10623
10356
10959
9409
10052
9893
9632
9685
9851
9796
10012
9662
10242
11000
11740
13258
15219
17533
20343
21079
23782
24098
23802
22099
20543
18056
14770
11987
10021
7936
6589
5633
5048
4474
4133
3255
3040
2721
2358
2101
1917
1935
2038
1987
2227
2368
2440
2576
2733
2998
3144
2931
3283
3159
3047
2874
2817
2483
2154
1856
1524
1222
973
695
565
412
307
208
171
156
132
153
136
114
120
115
124
117
100
101
101
88
119
99
83
83
105
95
86
82
80
80
63
59
62
77
70
68
73
58
76
65
57
51
66
64
49
64
65
56
63
54
55
61
54
46
65
53
45
47
45
44
51
53
44
37
37
43
35
34
53
41
42
26
37
28
23
29
38
24
33
27
29
23
27
22
30
27
28
19
22
22
19
25
21
23
24
22
21
19
26
25
12
23
19
16
24
15
18
15
16
22
9
14
9
21
19
13
13
15
14
20
17
16
19
17
21
12
9
20
19
19
14
14
17
19
11
14
24
11
13
13
22
14
9
20
8
19
14
13
17
12
20
16
22
11
9
18
13
15
15
16
17
16
8
19
12
12
14
14
16
10
18
11
14
9
12
10
15
8
13
10
10
10
5
9
8
9
10
11
11
10
10
9
19
14
12
13
17
13
7
6
12
16
7
11
17
9
5
15
13
16
9
8
10
13
7
8
10
9
9
3
7
10
17
11
19
8
12
8
12
9
13
10
9
14
14
11
14
10
8
8
11
4
9
12
7
11
3
4
7
3
7
6
5
10
4
5
7
3
1
5
5
8
5
4
6
6
5
6
8
3
3
6
6
6
5
2
1
0
4
3
6
3
3
5
8
10
11
3
8
5
7
7
10
1
10
6
11
9
10
14
15
11
14
17
13
17
22
12
17
10
13
15
5
10
16
9
10
7
7
5
3
7
6
6
3
3
4
1
4
4
1
5
3
1
3
5
3
2
2
2
2
2
3
6
4
3
2
3
3
0
4
1
1
1
2
2
6
1
6
2
1
4
3
2
3
0
2
0
4
5
2
4
1
4
2
6
2
3
3
1
2
1
8
1
0
4
3
1
5
2
1
4
2
2
5
4
1
0
2
4
3
2
4
3
2
1
3
4
1
1
2
2
2
2
2
1
1
2
1
4
3
1
1
4
0
0
1
0
2
2
1
2
1
1
1
0
3
0
0
4
2
2
0
2
0
1
2
2
1
2
0
1
4
1
1
2
1
0
2
2
1
0
0
0
1
0
2
2
3
0
1
0
1
1
1
1
1
1
2
0
0
1
4
1
0
1
2
3
0
3
1
2
3
1
3
2
0
1
2
1
1
2
1
1
0
3
0
2
2
2
1
0
1
0
0
0
4
1
3
1
1
0
1
1
1
2
2
5
4
1
2
1
1
1
0
1
0
1
3
1
0
1
1
0
1
1
0
1
2
0
0
0
2
1
3
0
1
1
0
1
1
2
0
0
0
0
2
0
0
1
0
1
0
1
1
1
1
0
0
0
0
0
0
1
2
0
1
2
0
0
1
0
0
1
0
1
0
0
1
1
1
2
1
3
3
2
0
1
0
1
1
2
0
3
2
3
0
1
1
1
1
1
3
2
0
1
2
0
3
0
0
1
2
1
3
1
1
1
1
0
0
0
1
0
0
1
0
0
0
0
0
2
0
0
2
0
1
0
0
0
0
1
0
0
0
0
0
0
0
0
0
0
0
0
1
0
0
0
0
0
0
2
0
0
1
0
1
1
1
1
0
0
0
0
0
0
0
1
0
0
1
0
0
0
1
0
0
0
0
1
2
2
0
0
0
0
0
0
0
0
0
0
2
0
0
0
0
0
0
0
1
0
0
0
0
0
1
2
1
0
0
0
0
0
0
0
0
0
0
0
1
0
0
0
1
0
2
1
1
0
0
1
0
0
0
0
0
0
0
1
0
0
0
0
0
0
0
0
1
2
0
0
0
0
0
0
0
0
0
0
0
0
0
2
0
2
0
0
0
0
0
0
0
0
0
0
0
0
0
0
1
0
0
0
0
0
0
0
0
0
1
0
0
0
0
0
0
0
1
0
0
0
0
0
0
0
0
0
0
0
1
0
0
0
0
0
0
1
1
0
0
0
0
0
0
0
1
0
0
0
0
0
0
1
0
0
0
0
0
0
0
0
0
0
0
0
0
$ENER_FIT:
-5.308 2.931825 6.71600e-004
$MCA_CAL:
3
-5.308 2.931825 6.71600e-004
$PEAKLABELS:
106.442, "Pa-233"
138.763, "Np-237(d)"
452.774, "K-40,(Bkgd)"
$ENDRECORD:
