$SPEC_ID:
PeakEasy Library File: Np-237 (disks), Interceptor (CZT),  0.9 g @ 1 m
$MEAS_TIM:
11583.90000 11591.10000
$DATE_MEA:
10-Apr-2015 14:29:40
$DATA:
0 1023
0
0
0
0
0
0
0
0
0
0
0
0
0
1860
2157
1687
1666
1598
1659
1629
1610
1636
1535
1527
1552
1555
1722
1778
1853
2034
2136
2292
2533
2730
3057
3382
3556
3955
4293
4714
4936
5154
5247
5636
6074
6498
6776
7221
7358
7637
7723
8041
8180
8177
8641
9090
9499
9428
9609
9546
9725
9785
10038
10153
9864
9330
8103
7074
6262
5635
5052
4920
4868
4774
4690
4554
4137
3511
3140
2904
2725
2577
2476
2425
2341
2395
2363
2430
2433
2579
2640
2664
2730
2754
2870
3066
2990
2804
2980
2756
2752
2633
2544
2464
2385
2383
2173
2146
2128
2012
1880
1773
1711
1570
1502
1357
1357
1248
1273
1210
1128
1064
1032
962
960
929
899
862
849
768
782
768
735
733
661
661
643
620
599
612
581
616
564
558
566
507
548
497
517
464
494
467
460
476
499
487
484
478
476
442
445
458
414
429
416
400
388
359
422
390
380
416
426
373
404
372
404
399
432
442
444
435
438
413
460
433
458
479
489
488
554
565
557
677
746
804
917
1100
1210
1251
1477
1740
1856
2022
2256
2544
2736
2850
2707
2432
2037
1470
1021
631
370
204
147
107
98
123
122
135
190
214
248
253
314
264
238
198
185
116
107
50
43
24
24
24
22
30
29
26
31
30
31
46
37
42
51
44
51
50
49
41
35
36
35
38
30
39
52
51
69
87
83
65
69
68
53
51
72
56
60
62
59
69
74
69
61
56
45
34
29
19
13
16
7
9
2
7
0
4
1
3
6
2
4
3
4
2
5
2
1
7
5
4
5
5
5
4
1
4
3
6
4
1
2
2
4
2
4
5
4
4
1
2
3
2
4
0
5
0
3
2
1
1
1
2
3
4
0
2
2
1
4
5
1
4
3
1
3
1
0
2
3
2
2
2
3
1
3
5
0
2
2
3
3
3
3
2
1
4
3
1
5
0
3
2
4
2
0
4
3
2
4
4
1
1
2
5
3
1
1
2
2
3
1
1
4
2
4
2
0
1
2
3
2
3
2
1
1
2
1
1
1
3
1
2
1
0
2
2
2
0
2
2
2
4
1
0
0
2
2
1
2
3
2
2
2
3
1
0
2
2
2
0
2
2
0
4
4
0
1
2
1
0
1
0
2
0
1
1
2
1
2
3
0
0
1
1
1
0
0
0
1
2
1
2
2
1
0
1
1
1
1
1
0
1
0
0
1
0
2
2
0
1
2
2
1
0
1
2
2
1
0
0
0
0
0
2
2
0
1
2
0
2
1
1
1
3
1
1
0
1
2
0
2
1
0
1
2
0
1
1
1
0
0
0
0
0
0
0
2
1
3
1
0
4
1
1
0
2
0
0
1
1
1
4
0
3
1
1
1
2
2
1
1
1
0
1
3
0
2
1
1
0
2
1
0
2
1
0
0
1
1
2
0
2
0
1
2
3
0
0
1
0
1
1
0
1
0
1
0
0
0
1
2
0
1
0
2
3
0
1
0
0
1
1
0
0
1
0
1
3
1
0
1
1
0
3
1
0
1
2
1
1
0
0
2
0
1
1
0
0
0
1
0
1
0
1
1
1
1
1
0
2
2
2
0
0
3
1
2
0
3
0
0
0
0
1
1
0
0
0
1
3
1
0
1
0
0
1
0
1
0
0
2
1
2
1
1
0
1
1
0
1
0
1
1
1
1
1
0
2
1
1
0
1
0
0
1
1
0
0
0
3
0
0
0
0
1
0
0
3
0
1
0
0
0
2
0
1
0
0
3
0
0
2
0
1
1
0
0
1
0
3
0
0
2
1
2
0
0
0
1
1
0
1
0
1
0
0
0
0
0
1
0
0
0
0
0
1
1
0
2
1
1
0
0
0
1
1
0
0
1
1
0
0
2
1
0
1
2
0
0
0
0
2
0
0
0
0
0
0
1
1
2
1
1
0
0
1
2
1
0
0
0
0
0
0
0
0
0
1
0
1
1
0
0
0
1
0
0
0
1
0
0
0
0
0
0
0
0
0
1
0
1
0
0
1
0
1
0
0
0
0
0
0
0
0
0
0
1
1
0
0
1
0
0
1
0
1
1
0
1
1
0
1
0
0
0
0
0
0
0
0
0
0
1
0
0
0
0
0
0
0
1
0
0
0
0
1
0
0
0
1
1
1
0
2
0
0
1
0
0
0
0
0
0
1
0
1
0
1
0
0
0
1
0
0
1
0
0
0
0
0
0
0
0
0
2
0
0
1
2
0
0
1
0
0
0
1
1
0
0
2
0
0
1
1
1
0
1
0
0
0
1
0
2
0
1
0
1
0
0
0
0
1
1
0
0
0
1
1
0
2
1
0
0
0
0
0
0
0
0
0
0
0
0
0
1
0
0
0
0
0
1
1
0
0
0
0
0
0
1
0
0
2
0
0
0
0
0
0
$ENER_FIT:
0.000 1.500000 0.00000e+000
$MCA_CAL:
3
0.000 1.500000 0.00000e+000
$PEAKLABELS:
206.944, "Pa-233"
226.161, "Pa-233"
264.680, "Pa-233"
276.511, "Pa-233"
248.682, "Pa-233"
109.411, "Np-237,Compton Scattering"
74.180, "Pa-233,U X-ray"
61.625, "Pa-233,U X-ray"
$ENDRECORD:
