$SPEC_ID:
PeakEasy Library File: Np-237 (disks), Detective EX-100 (HPGe),  0.9 g @ 1 m
$MEAS_TIM:
9441.44000 11663.14000
$DATE_MEA:
10-Apr-2006 5:54:56 AM
$DATA:
0 8191
0
0
0
0
0
0
0
0
0
0
0
0
0
1
0
0
1
1
0
1
0
1
0
1
1
1
7
5
6
6
6
4
10
11
24
55
111
248
445
1626
30136
61860
63288
61612
62319
61331
60912
59887
59369
58697
57893
57799
57114
56403
55838
55139
55381
54169
54250
53267
52940
52020
52335
51512
50898
50555
50439
49942
49155
48891
48240
47726
47446
47439
46670
45814
45474
45064
44392
44115
43995
43162
43075
42772
42368
42345
42385
42063
41562
41287
40777
40577
40686
39852
39842
39598
39502
39365
38854
39285
38446
38524
38353
37810
37684
38082
37979
37325
38013
37599
37132
37526
37520
36730
37246
37498
37208
37150
37110
37286
36762
37039
37111
36988
36569
36671
36764
36850
37282
37574
37190
37581
37569
37957
38171
38713
38269
39246
39077
39504
39586
39527
40067
39928
40443
40820
40851
41480
41644
43007
43282
43569
44528
45777
46846
48404
49599
50722
51779
56648
71903
98717
124826
125956
101840
72621
56685
51512
50743
51945
53000
53971
54885
56500
57499
59451
61231
63246
65478
67593
71066
77399
83905
87857
87401
87085
93025
102706
107802
104061
95096
89491
88752
90717
92422
93424
94406
95463
97381
99272
99005
99151
101816
106689
115643
122770
122086
114650
105464
101196
101979
106222
110190
111020
107897
104301
102843
103483
104799
105037
104673
100970
99488
98857
99108
100361
100313
100392
101147
101310
102477
105296
114806
151676
242054
374335
462191
421665
291554
173035
114023
95531
90484
89055
89844
90428
91064
92755
95828
103912
119723
138534
150683
143687
133178
141262
192518
288829
378830
394573
338587
268806
223095
188955
168506
174946
230815
352620
496564
547948
449567
282884
159461
107989
105433
121178
130508
118400
95130
75660
68120
71037
80721
91577
93956
85958
73281
65547
63242
63387
64620
66470
71318
78809
88802
96381
99226
95797
89801
93427
116070
153050
194752
227082
231600
199216
145568
102113
80639
79809
90545
111316
129841
134054
119976
98928
80157
66742
59725
60065
63536
67605
66849
62244
57087
53198
51537
50877
50480
50917
50946
50827
51434
51231
51188
51491
51486
51746
51429
51490
52024
52582
52102
52363
52504
52758
52889
53048
53090
53149
52874
53264
53318
53820
53897
54032
55084
56157
57120
56835
56189
55377
55264
55514
56536
56850
57434
58236
57947
57632
57661
57776
58052
58970
59435
60019
60761
61411
62571
63378
64973
66226
67683
68799
70627
72554
73886
75364
77538
81712
86683
90494
90166
85701
80754
78235
77295
77127
77485
77638
77239
76782
76334
76301
75834
75929
75761
75255
75218
75326
75429
76728
79111
81454
81547
79052
76135
74004
72361
71940
71231
71123
72752
72204
73341
71683
70880
69527
68714
67618
67752
67634
67230
66944
66592
66633
66113
65606
65238
64764
64639
63808
64148
63991
64043
63690
62040
61362
60446
59796
59352
58710
58040
57327
56863
55878
55755
55137
54153
54286
54416
54704
54472
53455
52501
50688
50554
49212
47683
46793
46103
44814
44797
44451
43489
42766
42814
42000
42204
41294
40860
40765
40587
39669
39499
38613
38546
37739
37746
37089
37138
36991
36706
36758
36435
36123
36023
35337
34584
34355
34154
34028
33914
33688
33009
33082
32453
32554
32506
32202
31547
31580
31363
31159
30432
30548
30643
29917
29917
29678
29562
30071
29814
29923
29968
29556
29795
30059
29958
30192
30833
32276
34499
34513
32459
29602
28145
26549
26027
25897
25728
25176
24755
24740
24457
24155
24409
24452
24039
24642
25226
25209
24704
24108
23482
23006
22837
22697
22585
22311
22434
21993
22518
21976
21774
21841
21745
21778
21580
21565
21910
21738
21529
21433
20966
20857
21175
22012
23340
25855
27380
26235
24338
22829
21724
21520
20801
20387
19967
19551
19327
19375
19190
19158
19294
18944
19019
18898
18679
19006
18677
18841
18778
18618
18569
18524
18321
18379
18338
18366
18299
18078
18384
18067
18148
18333
18210
17971
17960
18047
17800
17899
18009
18197
18235
17917
17787
18280
18005
17588
18032
17866
17535
17583
17576
17512
17609
17555
17502
17306
17441
17430
17466
17473
17511
17482
17342
18132
19103
20040
20325
20571
19854
18916
18172
17587
17343
17453
17190
17348
17422
17551
17352
17348
17344
17105
17172
17105
16953
17218
16999
17177
17131
16787
17395
17304
17963
18712
19359
19515
18724
17846
17377
16901
16760
16754
16792
16683
16998
16807
16689
16807
16828
16632
16793
16656
16672
16903
16627
16797
16746
16943
16906
16954
17226
17522
17676
17749
17372
16745
16513
16397
16410
16249
16492
16562
16495
16565
16430
16525
16232
16281
16053
16047
16080
15929
15897
16145
15896
15915
15775
15988
16021
16014
16020
15944
15989
16230
16880
19328
23254
27289
29860
27251
22853
19043
16823
15575
15316
15452
15152
15358
15204
15296
15240
15170
15003
15143
15254
15074
15299
14921
15007
15053
15333
15531
15524
15350
15113
14811
14694
14858
14790
14749
14689
14447
14396
14452
14546
14608
14478
14207
14423
14380
14277
14687
14710
15158
15004
14618
14350
14311
13789
14144
14032
14134
13835
13868
13631
13740
13917
13834
13939
13855
13892
14190
14322
14480
14199
14258
14153
13845
14427
15134
17417
24135
41468
82884
154711
237649
282622
252533
169414
86741
37876
18635
13158
12237
12293
12127
11930
12024
11979
12601
12403
12568
12338
12603
13120
13133
13374
13712
13967
14443
14954
16864
22541
45921
125745
331867
721191
1214012
1542543
1461260
1022775
525537
199753
57228
14368
5292
3582
3363
3211
3107
2963
2921
2983
2765
2733
2803
2781
2637
2565
2608
2662
2776
2769
2785
2694
2550
2463
2412
2349
2377
2414
2383
2321
2383
2298
2344
2352
2327
2264
2424
2373
2436
2406
2285
2385
2325
2300
2322
2279
2295
2227
2371
2289
2261
2305
2331
2346
2364
2361
2400
2400
2316
2463
2458
2447
2487
2396
2565
2709
3015
3974
6632
15759
38427
80896
134188
171107
163472
117544
63307
25804
8361
2925
1610
1469
1392
1312
1363
1313
1366
1372
1291
1399
1280
1323
1324
1291
1321
1250
1310
1273
1278
1299
1359
1442
1644
1981
2343
2452
2147
1744
1458
1241
1221
1247
1245
1248
1205
1265
1181
1186
1162
1203
1209
1188
1163
1183
1143
1179
1198
1215
1191
1193
1225
1187
1212
1101
1148
1198
1194
1153
1186
1095
1205
1152
1218
1175
1129
1165
1124
1200
1196
1169
1070
1196
1208
1251
1167
1248
1202
1227
1255
1194
1206
1259
1240
1477
2607
5064
9943
17324
24049
25542
21004
13079
6435
2980
1439
1167
1035
1078
1104
1199
1114
1213
1222
1205
1195
1074
1135
1008
1149
1078
1028
1017
1058
1072
1024
1068
1093
1140
1064
1112
1072
1121
1045
1114
1108
1059
1108
1130
1071
1038
1080
1018
1048
1124
1118
1102
1114
1101
1065
1103
1150
1140
1159
1237
1253
1373
2067
3883
8865
18756
32808
45959
49317
40938
25544
12288
4784
1963
1125
888
871
873
876
836
928
862
915
931
964
900
973
994
1027
1032
1061
1048
964
965
942
1017
924
1029
1113
1094
1143
1037
957
931
907
887
914
1031
1173
1779
3733
9100
19613
36170
52501
59712
51893
34029
16899
6752
2212
949
613
549
541
588
550
570
530
534
560
569
591
647
595
577
637
595
522
504
514
519
545
527
530
467
487
491
464
453
414
481
438
479
413
469
437
468
435
458
453
458
437
395
453
468
469
427
454
431
454
440
432
444
468
444
485
477
501
526
492
430
394
480
418
421
424
405
434
423
435
467
416
406
405
466
438
453
491
438
425
431
471
440
436
447
402
451
446
471
437
420
436
452
491
445
479
448
473
442
458
455
469
451
482
508
493
492
442
433
410
400
407
411
410
439
442
461
433
441
480
438
485
482
512
514
479
462
417
395
363
402
356
394
379
394
385
425
389
391
414
383
418
377
388
418
365
406
404
390
346
394
367
401
360
344
390
412
388
368
389
384
371
396
384
391
352
363
372
394
356
341
350
356
416
328
374
345
364
400
360
335
368
332
351
344
383
340
340
364
349
385
339
349
332
350
335
326
341
363
336
341
351
305
349
327
349
306
325
323
336
358
345
325
332
342
341
313
344
289
330
302
313
325
301
304
336
330
330
306
314
327
330
330
319
320
344
305
300
325
329
323
293
292
317
301
309
328
333
356
404
488
519
647
665
648
623
529
493
429
372
327
333
307
321
260
271
267
293
285
261
275
259
270
245
293
284
274
288
251
282
281
275
252
269
287
281
272
247
281
285
272
290
253
275
269
255
276
278
276
266
307
267
243
241
267
258
265
247
269
252
263
287
284
258
268
281
276
265
238
264
245
257
239
257
224
224
250
278
247
241
232
267
244
266
216
232
241
241
239
248
267
268
245
246
247
251
249
265
244
275
260
246
270
249
270
249
253
235
231
254
252
234
257
269
263
247
273
258
221
259
253
215
257
261
224
245
229
219
241
252
204
227
267
246
236
243
233
269
243
249
247
216
246
257
227
270
242
235
237
227
238
233
246
240
258
230
236
206
206
241
245
229
226
256
216
241
228
241
246
234
235
227
250
277
214
216
232
233
222
198
229
226
239
243
215
235
222
212
206
229
210
217
219
219
239
248
249
308
401
517
662
856
845
747
513
378
285
230
207
237
232
200
222
232
206
191
220
223
204
204
202
228
208
229
208
214
188
214
208
207
190
198
192
207
207
190
209
236
209
194
200
207
215
230
225
217
202
225
236
224
224
229
238
226
230
228
201
209
232
229
250
210
233
228
205
243
229
237
310
471
682
991
1318
1424
1262
990
688
471
379
415
354
301
279
267
229
219
225
211
205
223
200
226
217
200
247
243
260
231
238
239
259
245
254
236
293
301
313
373
377
467
569
623
595
545
454
343
217
191
182
166
169
177
156
187
142
155
151
173
158
133
155
178
177
161
177
157
159
154
202
152
149
177
168
165
182
162
174
155
155
172
145
163
179
158
183
175
181
172
193
204
169
157
187
204
173
139
161
176
164
157
166
165
147
175
164
161
188
145
180
160
179
178
189
189
208
210
210
224
244
236
288
263
187
177
172
154
176
152
177
154
168
138
129
144
151
135
170
158
154
186
154
155
160
162
141
152
152
173
177
179
142
152
163
164
174
151
173
178
198
169
162
158
127
151
185
157
150
159
153
178
156
151
158
140
120
124
134
151
160
161
169
165
153
142
154
139
148
138
157
140
137
151
143
160
139
151
164
157
152
163
149
156
143
158
140
152
158
161
134
144
124
142
156
143
148
152
167
146
178
148
140
131
145
140
138
148
152
160
154
153
152
148
132
143
146
143
130
126
133
156
153
160
144
140
142
146
145
145
141
139
151
156
130
145
165
144
143
165
182
160
181
145
131
141
148
153
148
155
144
153
147
169
137
175
143
170
180
176
159
156
167
148
137
171
151
141
127
146
124
122
141
148
122
147
135
140
151
156
136
116
138
133
157
133
156
157
160
148
120
133
152
158
134
170
144
152
124
144
126
153
161
161
204
242
261
324
283
260
204
198
165
136
130
133
129
139
126
117
123
127
120
129
98
124
130
122
129
114
132
135
119
132
124
95
140
162
117
118
114
121
121
151
129
128
123
146
130
118
140
129
148
131
134
114
109
128
121
139
116
148
121
126
125
121
124
119
124
102
128
107
120
137
107
124
121
110
130
120
124
113
133
145
131
144
138
118
130
116
113
113
117
114
113
106
114
106
100
95
123
120
126
114
123
137
123
132
128
128
118
147
145
141
126
142
171
183
212
223
244
201
175
178
126
114
139
134
141
155
175
146
147
149
135
113
140
112
110
113
118
122
121
97
131
111
105
116
118
111
128
129
100
112
108
129
113
121
118
134
111
111
116
135
131
136
154
148
138
133
160
138
129
129
117
123
111
115
131
119
103
129
98
124
127
104
112
114
135
154
156
195
204
177
181
149
138
95
113
132
118
93
118
106
101
95
119
94
98
112
107
112
122
106
114
94
126
93
112
117
125
118
150
135
113
114
112
131
106
110
111
110
110
107
99
125
109
110
100
107
109
90
115
94
118
117
121
111
97
116
93
103
115
87
111
114
126
90
108
116
127
112
110
108
100
117
88
119
122
111
100
88
124
113
101
111
115
96
96
98
112
128
107
100
112
106
103
122
109
133
105
122
97
115
109
111
94
105
91
91
125
118
105
129
124
119
124
141
94
108
101
122
120
119
138
103
135
126
119
115
103
110
107
113
97
104
113
100
96
86
105
118
112
113
87
106
101
100
109
91
92
96
96
117
99
109
97
95
101
99
104
112
101
99
105
101
101
78
95
104
99
97
102
92
87
102
106
109
109
130
173
165
196
173
152
126
126
107
112
106
97
95
100
89
106
91
91
96
113
94
105
98
95
104
97
96
94
94
109
106
123
105
99
77
93
77
91
116
107
103
96
106
106
103
95
111
99
107
104
82
93
101
110
97
97
112
93
118
87
98
95
96
116
76
111
96
90
83
100
103
115
91
110
78
81
98
103
83
88
99
92
99
88
81
104
108
106
78
110
106
95
105
116
98
84
98
103
100
106
80
91
97
121
94
93
95
94
94
89
111
88
95
92
94
87
109
94
144
95
93
119
118
102
118
94
75
86
83
92
91
115
98
105
107
114
166
204
283
376
485
495
543
453
347
219
178
125
83
81
100
107
73
89
71
88
97
86
84
75
79
101
90
68
85
76
87
95
92
100
93
100
93
112
113
99
91
92
87
101
86
99
88
74
90
95
88
99
68
106
83
95
73
85
82
78
87
91
100
90
102
114
148
140
164
132
131
136
109
95
110
87
79
83
80
91
75
98
95
77
80
97
71
86
83
85
85
82
95
104
86
99
85
90
102
90
88
98
75
106
87
92
98
107
112
105
115
89
112
103
95
111
96
88
99
87
82
82
82
91
81
102
72
83
77
84
84
74
101
78
106
79
98
103
99
83
93
93
84
94
92
77
101
113
147
121
141
158
180
180
166
123
92
119
129
159
193
247
322
336
348
302
232
165
117
88
93
100
97
72
83
98
74
98
89
86
74
79
79
80
101
85
95
79
94
81
91
71
84
82
80
72
82
77
87
77
90
80
78
85
82
69
59
75
77
89
68
82
88
80
70
85
81
78
78
89
93
94
51
78
78
84
77
78
101
76
91
73
83
97
73
88
86
86
90
85
79
88
84
90
78
82
98
72
103
98
109
96
114
103
82
82
87
70
78
83
84
73
105
87
85
88
80
84
74
89
85
85
66
67
88
67
60
76
82
92
75
78
90
73
85
69
90
82
92
72
78
76
96
91
85
84
76
72
71
89
69
89
72
71
61
80
80
72
62
78
63
79
74
98
71
70
64
82
76
81
84
75
84
81
81
77
78
77
75
84
69
85
97
84
83
81
81
92
89
87
67
96
93
98
87
73
104
76
76
79
82
67
84
81
85
71
89
75
63
79
65
60
74
75
83
73
79
78
74
85
84
78
93
73
72
77
89
98
75
64
81
80
101
68
81
93
59
73
77
101
75
97
87
90
69
71
70
77
96
89
85
88
72
78
73
71
73
84
72
83
94
79
75
74
81
73
91
76
83
89
89
79
74
80
64
78
94
76
78
96
72
86
70
76
76
102
87
65
72
107
77
83
77
93
73
68
72
90
79
83
73
89
64
70
82
78
94
82
96
73
77
94
93
90
83
72
102
74
87
68
77
70
65
83
75
89
66
83
83
75
64
88
92
70
66
80
71
81
80
74
70
80
75
90
91
80
78
86
76
69
69
77
75
71
82
81
88
85
99
80
66
76
93
76
76
75
63
77
69
81
52
62
80
83
72
89
71
80
59
85
90
77
90
87
70
68
79
76
87
96
94
84
82
73
77
89
80
88
77
82
91
72
78
66
79
65
74
78
84
94
65
72
87
68
79
93
76
85
89
97
86
124
141
153
242
288
342
380
377
286
270
169
135
105
80
85
72
90
69
89
69
58
71
99
69
69
75
72
99
59
81
55
84
78
81
85
85
75
85
84
85
87
83
66
75
81
82
79
82
65
76
88
70
71
73
79
90
57
72
86
73
69
84
75
82
96
74
89
69
84
78
77
74
84
83
77
69
102
72
87
74
75
85
97
72
88
72
69
77
81
76
80
59
67
92
80
70
95
94
90
96
118
114
115
106
100
106
70
91
84
92
65
84
74
76
76
84
89
88
83
87
83
85
80
80
69
74
74
85
67
85
91
76
77
69
101
86
84
87
79
65
101
82
82
92
73
72
81
75
94
93
92
82
101
81
94
71
91
76
80
84
93
84
82
79
63
88
79
95
79
99
97
91
66
79
86
70
68
76
94
78
72
86
88
89
74
96
88
91
70
96
95
70
75
80
91
82
80
69
100
70
99
82
76
86
95
73
89
94
90
76
82
91
85
93
74
93
77
77
88
79
93
83
86
96
80
79
89
98
87
81
84
81
85
87
98
73
106
75
75
81
92
103
69
88
86
101
105
91
83
103
93
98
96
92
75
80
80
84
79
81
89
100
97
98
74
89
101
79
85
79
89
89
95
89
104
81
85
91
83
87
81
81
89
82
84
82
78
70
92
82
83
78
92
91
96
92
79
89
86
109
69
74
99
85
101
90
96
90
95
97
84
72
101
83
83
94
98
79
82
101
98
93
104
113
135
133
155
185
196
197
187
154
131
115
98
64
71
87
72
71
87
83
83
74
74
82
99
69
79
70
65
75
70
84
87
91
78
89
78
60
61
82
68
70
68
79
63
58
65
48
64
60
74
77
68
70
62
62
73
86
58
50
59
57
69
66
66
88
60
65
60
62
58
57
54
59
60
63
68
72
72
63
50
64
78
51
62
63
57
70
49
72
52
71
66
48
52
73
57
62
56
58
59
63
60
54
77
63
55
60
77
65
54
58
73
63
58
60
63
59
68
58
66
63
68
68
94
82
66
74
59
60
62
48
50
62
54
60
67
55
55
50
64
52
54
60
59
53
57
43
49
43
62
61
63
65
64
49
52
67
51
61
73
49
67
48
55
42
52
53
66
52
59
49
45
62
52
66
50
58
49
40
59
58
39
51
55
38
52
46
38
43
38
52
54
54
52
53
58
38
60
55
42
45
45
42
44
54
38
52
40
61
45
53
55
52
55
58
50
34
47
53
33
60
52
40
48
52
46
44
51
51
42
40
48
63
39
51
43
51
44
53
54
43
55
53
47
36
49
42
44
47
39
48
40
41
51
43
56
36
51
57
43
45
52
51
46
37
37
45
34
38
42
38
46
44
46
36
35
48
49
42
30
37
39
42
44
46
36
36
51
47
37
34
50
32
39
46
46
43
29
34
35
43
33
37
32
45
41
44
39
41
28
55
31
30
35
23
26
42
34
42
43
50
31
43
45
42
32
43
34
34
38
38
41
37
37
21
40
35
38
39
36
44
39
25
39
36
27
32
26
41
16
33
35
21
52
35
29
27
29
29
33
33
33
25
36
29
35
39
32
40
33
25
31
35
35
23
30
33
43
47
43
44
42
53
56
81
82
93
97
98
77
70
52
39
40
29
38
36
40
30
32
39
37
41
38
45
41
33
42
38
29
40
46
31
29
39
40
34
31
22
34
35
25
32
27
14
31
39
26
29
26
30
32
30
30
30
37
35
30
24
32
24
41
32
34
26
36
24
40
35
40
42
59
54
54
52
39
53
32
32
27
27
27
32
47
31
45
46
55
48
65
68
64
47
51
36
41
35
25
35
36
22
23
27
30
22
37
35
30
28
34
28
34
26
33
37
37
38
30
37
33
32
42
24
24
31
26
32
31
29
29
31
24
29
21
34
33
26
34
28
34
26
27
39
36
34
29
29
27
36
23
31
36
32
30
25
42
23
23
29
32
25
25
29
38
28
24
29
28
36
38
25
33
24
31
30
26
32
34
30
27
29
27
33
22
29
34
26
28
32
23
30
27
35
36
31
32
17
38
27
18
23
36
35
29
29
32
27
26
32
34
27
28
28
23
35
26
35
36
40
35
67
52
67
91
101
185
235
361
559
800
1121
1667
2235
2594
2834
2639
2306
1712
1109
604
329
131
53
31
29
23
15
19
16
20
18
14
19
15
17
20
15
20
17
13
20
18
13
24
21
19
13
25
23
9
9
18
23
21
20
13
17
22
16
18
24
16
19
21
29
13
14
22
19
15
13
12
23
12
14
14
14
17
16
23
12
15
15
18
19
11
18
19
16
14
17
6
16
21
24
17
18
15
19
15
16
21
26
23
23
22
27
23
28
29
26
26
35
21
15
20
22
18
25
17
24
25
24
23
19
22
29
23
32
33
15
19
17
21
25
12
13
18
11
23
20
25
28
30
47
51
55
63
52
41
30
34
22
18
27
23
25
24
18
20
23
20
17
10
27
18
17
14
23
11
26
19
15
14
14
20
16
12
18
12
16
11
15
13
12
15
25
13
17
14
14
15
23
19
12
20
17
19
19
17
15
18
11
23
19
14
16
11
13
22
17
13
26
13
15
16
31
17
23
18
21
15
23
24
21
21
26
28
20
22
17
22
21
19
14
16
17
15
22
22
16
20
19
19
15
21
19
14
18
16
23
8
20
10
25
21
14
18
17
15
12
16
16
20
16
15
15
11
18
12
15
12
14
16
19
24
18
17
16
16
18
16
20
20
12
13
13
15
12
10
19
10
15
18
18
13
15
13
14
18
8
18
19
10
11
9
10
9
18
8
18
15
16
19
8
13
12
18
18
10
20
17
15
19
15
14
8
16
17
24
15
10
9
15
18
17
17
20
25
22
22
25
19
27
23
20
23
22
26
29
23
22
29
23
20
21
17
28
31
37
41
56
58
43
54
52
42
36
35
26
17
33
32
47
44
35
40
38
41
28
26
22
20
13
14
13
17
23
23
16
21
21
14
18
22
16
25
23
23
12
16
18
7
17
7
15
15
16
17
14
18
14
19
19
15
17
18
13
11
16
14
21
14
16
10
17
10
13
10
7
13
13
16
8
9
9
11
11
13
16
19
6
15
12
19
16
15
20
19
26
28
23
34
34
32
16
17
16
12
11
16
24
7
11
17
16
13
11
11
22
16
12
9
21
18
29
27
28
26
34
28
22
30
17
9
9
10
11
15
18
10
14
10
16
10
11
12
14
18
13
25
15
13
9
7
12
14
10
12
11
8
14
9
19
15
10
12
10
12
12
9
10
14
9
9
13
15
15
8
8
18
17
4
15
10
13
11
8
12
8
10
11
10
13
14
13
9
8
13
14
19
9
9
9
18
11
12
11
18
21
24
23
26
30
27
25
17
12
13
19
16
13
9
20
7
16
15
10
14
8
11
14
12
9
10
8
15
11
10
13
10
6
11
12
14
8
11
20
14
6
9
13
11
10
10
14
8
16
16
13
8
8
8
10
14
5
9
8
12
12
11
12
11
17
14
12
10
12
8
14
17
9
10
10
15
5
10
15
17
12
14
13
13
12
18
18
12
10
9
11
20
9
13
11
11
8
13
16
11
11
9
9
9
11
7
13
10
5
7
9
11
6
11
11
9
9
13
9
7
11
12
16
9
12
13
11
14
13
8
12
8
14
7
11
12
7
8
11
10
12
7
9
13
6
10
10
7
11
17
14
20
2
14
3
6
7
7
9
9
11
11
13
4
12
10
13
10
7
8
12
7
17
16
9
13
10
7
13
12
10
11
21
20
22
36
30
32
46
46
60
45
47
35
25
21
19
18
9
13
11
12
6
11
8
2
13
12
15
11
6
15
13
10
14
8
7
12
10
11
8
7
11
10
13
8
13
10
14
14
12
8
11
13
7
6
9
14
9
4
9
10
11
10
15
12
11
6
11
13
8
12
7
11
8
12
9
11
9
15
7
8
19
10
16
9
13
7
8
8
11
12
14
13
15
23
23
36
55
63
82
106
145
187
219
244
213
218
170
122
93
48
30
25
15
17
4
10
11
10
7
12
6
17
9
8
4
19
7
11
7
15
9
9
6
14
9
10
7
11
11
8
16
5
16
6
8
11
7
8
12
7
10
13
9
7
9
9
11
11
10
13
11
17
9
6
10
5
10
8
7
11
11
10
6
13
10
3
10
11
11
10
12
10
8
8
8
9
4
8
9
10
9
14
5
11
14
6
10
7
10
5
10
6
9
11
4
8
14
6
9
9
7
11
9
10
12
13
12
13
8
14
7
13
8
8
12
13
5
12
9
13
13
12
7
4
13
10
14
6
12
12
6
12
6
9
17
7
10
4
13
9
19
8
16
13
11
8
12
4
3
6
8
13
6
10
13
4
12
10
6
5
10
9
9
5
7
8
9
6
8
11
11
6
8
6
17
7
8
9
11
13
7
5
7
10
12
10
5
9
14
6
10
12
9
18
16
16
14
13
15
15
6
12
11
7
11
13
11
6
7
12
13
5
7
14
13
13
25
26
29
45
35
36
33
19
18
9
12
6
11
17
6
12
11
7
13
9
8
4
8
8
9
9
8
5
3
7
7
8
3
7
14
6
7
10
5
7
11
18
10
8
9
15
5
8
10
14
10
15
10
8
5
10
11
9
6
13
8
15
7
8
11
10
9
11
4
10
13
18
11
9
5
17
11
11
16
13
8
9
11
5
7
10
14
8
8
6
5
8
10
6
7
11
9
13
8
11
7
6
6
3
2
11
5
10
11
4
6
9
15
11
10
8
10
11
6
8
8
11
9
9
9
6
8
8
10
9
17
3
12
12
5
9
10
9
20
6
9
10
16
11
11
5
9
11
9
8
9
10
9
11
9
5
4
6
9
9
9
11
12
13
6
7
8
7
13
6
7
7
9
12
6
4
8
4
7
9
16
6
11
11
11
10
8
5
9
11
15
4
10
5
14
15
7
12
9
14
7
16
9
11
8
11
7
3
9
10
10
9
14
8
14
11
10
14
6
7
10
9
9
11
9
6
8
8
4
12
14
6
7
5
14
12
7
12
8
11
12
5
15
7
9
7
8
8
13
9
14
5
8
7
16
5
10
9
8
9
9
13
7
7
7
8
11
12
9
9
6
8
5
8
13
13
8
6
11
12
8
5
12
7
16
6
7
13
9
9
12
7
7
10
9
9
12
15
8
7
13
11
9
12
11
12
10
7
9
12
9
8
8
6
9
13
13
6
8
5
8
3
9
13
5
11
12
6
11
11
12
8
9
3
9
9
10
11
14
14
11
7
10
4
10
12
12
7
9
12
8
12
3
5
8
15
13
11
8
15
12
11
11
5
13
10
7
6
8
5
9
13
6
10
7
12
4
8
6
9
2
6
9
9
9
17
11
9
12
2
10
11
9
8
14
7
6
11
8
6
4
4
13
6
12
6
4
11
8
3
4
9
3
8
6
6
7
7
7
7
4
7
8
5
7
12
6
13
8
6
2
6
9
12
7
7
7
11
8
10
11
11
7
13
11
6
7
10
7
8
11
8
12
9
10
5
5
3
10
7
12
10
14
16
11
15
13
4
10
7
8
4
11
6
11
6
6
7
8
6
7
16
13
4
7
8
4
8
8
7
5
6
8
9
9
12
6
9
7
8
7
8
9
7
7
5
4
9
9
6
5
6
7
9
7
10
16
9
6
6
6
7
8
9
11
9
12
7
8
7
4
9
7
6
5
7
7
11
6
2
3
6
6
10
11
8
9
6
9
7
10
5
4
7
11
7
6
11
10
8
10
8
10
11
13
8
8
5
15
6
6
13
9
9
4
8
10
8
4
8
5
4
3
10
7
10
10
7
8
3
8
3
13
6
7
7
6
3
11
9
7
5
6
13
4
7
7
7
8
13
4
4
11
5
4
6
11
6
10
10
5
5
7
3
9
10
8
4
8
12
9
8
8
9
8
6
4
4
12
12
8
7
12
8
10
2
7
9
7
6
12
2
8
3
10
7
8
8
11
5
9
9
11
5
6
9
10
6
13
7
6
6
5
6
8
6
3
12
6
7
8
6
10
7
9
8
13
9
5
13
6
13
8
12
11
20
20
23
29
41
45
38
39
41
63
35
35
28
33
24
16
17
12
12
12
7
4
12
4
14
10
11
7
11
5
4
10
12
8
8
7
6
4
9
7
6
9
12
15
10
11
18
19
28
24
24
26
23
13
14
13
14
11
6
9
10
11
7
6
9
6
4
7
8
9
9
15
13
9
12
12
5
6
10
6
4
10
4
7
7
9
6
7
4
12
7
14
9
16
7
6
3
8
13
11
12
10
12
7
6
7
6
12
7
7
5
9
10
8
7
5
7
9
4
8
7
7
6
13
5
5
7
11
8
5
12
4
5
13
14
6
5
6
8
9
11
7
13
9
3
4
3
5
6
5
5
3
7
10
8
10
4
6
5
9
12
3
7
12
11
5
8
7
5
10
7
6
8
7
5
10
6
8
5
9
8
9
9
5
6
12
13
6
6
10
8
12
9
10
7
7
18
10
10
8
8
6
7
7
7
7
9
10
5
3
5
5
10
8
7
6
11
6
4
7
4
3
7
7
7
12
9
12
9
6
2
5
7
9
5
6
9
4
11
6
9
4
9
3
9
9
11
12
8
9
6
9
3
7
7
8
10
10
9
14
8
4
4
6
9
16
12
8
20
6
10
14
8
15
20
18
22
24
41
42
44
59
71
64
74
67
62
49
29
36
19
13
13
7
8
8
9
6
9
8
4
7
8
7
2
6
12
2
11
7
8
4
9
8
9
10
12
6
8
3
9
10
7
10
8
11
8
9
6
7
6
8
8
7
12
9
10
10
7
12
6
12
4
11
6
13
7
8
10
10
7
8
7
11
7
5
14
6
11
8
11
11
7
16
11
9
12
12
7
14
5
7
14
8
17
4
11
6
6
6
16
5
5
9
5
7
5
11
7
12
7
6
5
7
6
10
6
8
6
9
4
10
6
4
6
15
6
7
8
11
10
3
6
8
4
7
8
7
5
7
4
15
4
9
13
10
10
4
12
10
5
5
6
10
12
12
3
9
3
6
7
13
6
9
13
10
11
8
9
10
4
13
7
6
4
9
9
9
18
10
5
8
7
7
6
2
9
10
10
12
8
13
9
8
9
9
15
10
7
6
6
5
6
7
9
11
11
8
11
12
10
13
10
8
9
9
11
7
10
11
7
4
7
6
14
5
8
11
9
6
9
8
10
6
16
8
9
8
11
4
11
11
10
11
11
9
13
18
6
13
10
12
16
14
7
4
11
8
13
13
7
12
14
10
12
10
17
10
6
4
6
14
8
11
7
4
10
5
11
11
10
9
8
8
13
10
6
14
13
5
14
14
7
8
8
9
6
13
12
11
13
10
6
11
10
11
16
5
8
12
15
16
14
5
5
14
10
12
7
15
17
7
14
6
8
9
7
14
9
18
9
6
14
10
12
6
13
12
10
12
6
9
6
12
9
11
6
5
8
7
7
10
11
12
7
9
15
11
11
10
10
9
16
12
8
15
11
2
3
10
12
9
5
5
8
10
7
11
7
7
9
17
11
13
12
8
10
9
11
13
12
9
11
12
19
9
8
7
11
7
11
15
8
14
8
14
9
5
8
7
14
13
7
8
9
12
6
9
11
4
17
7
7
9
5
10
11
9
16
10
10
7
4
10
7
12
8
3
5
10
13
11
7
11
13
14
8
7
13
9
10
12
7
11
7
11
9
10
9
9
12
6
14
9
8
6
7
7
7
14
9
14
13
10
9
12
12
7
7
6
11
9
10
4
11
7
10
5
10
7
9
8
6
10
10
7
9
7
6
9
9
6
5
9
7
11
5
11
6
12
5
12
8
4
7
4
9
5
11
9
6
6
11
8
7
4
8
9
3
6
6
3
10
6
11
8
7
10
11
11
5
4
4
8
3
13
6
7
9
12
2
9
7
7
7
8
2
8
6
5
5
7
6
10
3
5
12
9
9
6
6
6
7
7
2
9
6
8
5
4
6
3
2
3
11
5
5
3
6
3
4
7
5
7
4
6
9
7
6
7
6
11
2
5
7
8
6
7
9
9
3
9
8
6
10
9
8
5
12
1
6
7
5
8
9
6
7
5
10
7
7
7
5
5
8
5
5
8
2
10
7
6
5
8
4
5
4
2
9
6
4
8
3
4
7
3
4
7
4
7
11
9
14
14
15
18
18
28
22
29
24
21
11
14
10
10
9
9
4
3
3
4
5
8
4
4
8
5
2
1
3
8
6
8
4
2
2
3
6
3
3
3
2
5
4
7
2
4
7
5
6
4
4
3
4
4
7
5
6
2
5
2
3
6
3
7
5
1
4
4
6
5
3
7
4
7
2
4
2
4
3
4
3
5
4
7
4
3
1
4
1
6
3
5
5
5
2
4
4
4
3
3
3
3
2
3
1
4
3
3
5
2
2
2
3
6
5
3
5
5
5
3
4
3
3
2
2
5
5
2
4
2
5
2
4
3
3
4
1
2
4
2
2
3
1
1
1
3
2
4
6
4
2
4
2
2
3
2
5
5
0
4
2
4
1
5
1
2
0
0
1
2
2
2
1
3
3
1
2
4
1
2
1
7
0
2
2
0
4
1
4
1
2
2
3
2
2
1
3
1
1
5
0
0
2
0
0
2
2
0
1
3
1
1
1
3
2
2
3
2
1
1
1
2
2
3
1
2
2
1
3
3
4
0
1
2
2
1
1
0
1
4
4
4
1
3
3
2
4
1
2
2
1
1
2
1
1
3
2
4
1
3
3
1
1
2
1
5
6
1
1
0
0
1
2
2
1
1
1
1
5
4
3
0
4
0
1
2
2
1
1
1
4
3
6
2
1
0
0
3
0
3
2
1
3
2
3
3
1
5
5
1
2
2
1
3
3
1
1
2
2
4
2
0
5
6
0
1
0
1
0
1
2
4
0
2
0
4
0
4
1
0
4
3
1
1
3
1
1
2
1
0
4
1
1
3
3
3
0
2
1
0
0
1
6
2
1
2
0
2
0
0
2
1
2
2
0
4
2
2
0
0
1
1
7
0
2
1
2
0
3
1
1
4
0
2
5
1
0
0
3
4
0
0
1
4
0
4
1
2
2
1
2
2
0
2
1
3
3
0
1
1
3
1
1
2
2
0
1
5
4
2
1
1
1
2
4
4
1
4
2
2
2
6
5
5
6
15
6
9
11
13
23
25
29
51
53
99
115
119
159
196
278
289
290
317
335
271
227
179
122
91
45
28
14
8
1
3
1
1
0
1
0
1
0
0
0
0
0
0
1
0
4
0
0
0
0
0
0
1
0
0
0
0
2
0
0
1
0
0
0
0
0
1
1
2
0
1
1
0
0
0
1
1
1
0
1
2
0
1
1
2
0
1
1
0
1
1
0
0
1
1
0
1
1
0
1
1
1
3
2
2
1
1
2
0
0
1
0
1
2
0
0
0
3
0
0
0
0
1
0
1
0
0
0
1
0
0
1
0
0
1
1
0
1
0
1
0
0
1
2
1
0
0
1
1
0
2
0
1
0
0
0
0
0
0
0
0
0
1
1
1
0
1
0
2
0
1
1
2
0
2
1
0
0
0
0
1
0
0
1
0
1
0
0
0
1
1
0
2
0
0
2
1
0
0
0
0
0
1
0
0
1
1
0
1
1
0
0
1
1
0
1
0
1
0
1
0
0
0
0
0
1
0
0
1
3
1
0
0
0
0
0
2
2
1
1
1
0
0
1
0
0
0
0
1
1
1
0
0
2
0
1
0
2
0
0
0
2
0
2
0
1
2
1
1
2
0
0
0
1
0
0
1
3
0
1
0
1
1
1
1
0
0
0
0
0
1
0
0
0
2
1
0
0
1
0
2
1
0
0
2
2
1
1
2
0
0
1
3
0
1
0
1
0
1
0
0
1
0
1
1
0
1
1
1
0
0
0
0
1
0
1
0
1
0
1
0
0
0
1
0
0
0
1
0
0
0
0
0
0
1
2
0
0
0
0
0
0
0
1
0
0
0
1
1
0
0
0
1
0
1
0
0
0
0
1
0
1
0
0
0
0
1
0
0
1
3
0
1
1
0
2
3
0
1
0
1
0
0
2
0
1
1
0
2
1
0
0
1
2
0
3
0
2
2
0
0
0
1
1
2
0
0
0
0
0
0
0
0
0
1
1
1
0
0
0
0
0
1
0
1
1
2
1
1
2
2
3
1
0
0
0
1
1
1
0
0
0
1
2
0
0
0
0
0
0
0
1
0
1
1
1
0
0
1
1
1
0
0
0
1
1
0
1
0
2
0
1
0
1
0
0
2
0
0
2
1
0
1
0
0
1
0
0
0
0
0
0
1
1
1
0
1
1
0
0
0
0
1
1
0
1
1
1
0
1
0
0
0
1
0
2
1
0
0
0
0
0
1
1
1
1
2
0
0
0
0
1
1
0
2
0
0
0
0
0
0
1
2
0
2
0
0
1
0
0
0
0
0
0
3
1
0
0
1
0
1
0
0
0
2
2
0
0
2
0
0
0
0
0
1
0
1
0
0
0
0
1
1
0
1
1
1
1
0
1
1
1
0
0
1
0
1
0
0
0
0
2
0
0
0
0
1
1
2
0
2
2
4
0
0
0
0
0
0
0
0
1
0
1
1
0
0
1
0
0
0
1
0
1
0
0
1
0
0
0
0
1
1
1
0
0
0
0
0
0
0
0
0
2
0
2
0
0
0
2
0
0
2
0
1
1
0
1
0
0
0
0
1
1
1
0
0
1
2
1
2
1
1
1
0
1
0
0
0
0
1
2
1
1
3
0
0
0
0
0
0
2
1
1
1
2
0
0
0
0
0
0
0
0
0
1
1
0
0
1
1
1
0
2
2
1
0
0
1
1
0
0
2
1
0
0
0
1
0
0
0
0
1
0
0
1
1
0
0
1
1
0
1
0
0
1
0
1
1
0
1
0
1
0
1
1
0
1
1
0
0
0
1
3
1
0
0
0
0
1
0
0
0
1
1
0
0
1
1
1
0
0
2
0
1
1
1
1
0
1
0
0
1
2
0
0
3
0
1
0
0
1
2
0
0
2
0
1
0
0
0
2
2
0
0
1
0
0
0
1
1
0
0
2
0
1
1
0
2
4
2
3
0
1
0
0
0
1
2
2
1
0
0
3
0
1
0
1
0
1
0
0
0
1
0
0
0
0
2
1
1
1
0
0
0
0
0
0
0
1
1
0
1
1
0
0
1
0
2
0
0
0
1
0
1
1
1
2
1
0
1
0
0
1
0
1
1
0
1
0
1
1
0
0
0
1
1
0
1
1
1
0
1
0
1
1
1
0
0
0
0
0
0
0
0
0
0
1
1
1
0
0
1
1
1
0
0
0
0
1
2
0
0
0
0
0
1
0
0
1
0
0
0
1
0
0
1
0
0
1
1
0
0
0
1
1
0
0
0
0
1
0
1
1
1
0
0
1
2
0
0
0
0
0
0
1
0
1
0
0
0
0
1
2
0
0
0
1
0
0
1
0
1
2
1
0
0
1
0
0
1
1
1
0
1
1
2
1
0
0
1
0
0
0
0
0
0
0
0
1
1
1
0
0
$ENER_FIT:
0.013 0.365996 -6.53968e-008 6.99502e-012 0.00000e+000
$MCA_CAL:
5
0.013 0.365996 -6.53968e-008 6.99502e-012 0.00000e+000
$PEAKLABELS:
852.298, "Pa-233"
820.078, "Pa-233"
930.364, "Pa-233"
251.172, "Np-237"
162.536, "Am-241"
205.487, "Pa-233"
294.758, "Np-237"
283.703, "Pa-233"
391.333, "Np-237"
413.616, "Np-237"
424.027, "Np-237"
321.583, "Np-237"
443.594, "Np-237"
1135.939, "Pa-233"
367.320, "Np-237"
358.289, "Np-237"
461.391, "Np-237"
1088.750, "Pa-233"
532.571, "Np-237"
741.993, "Pa-233"
583.952, "Np-237"
580.117, "Np-237"
1025.724, "Pa-233"
551.018, "Np-237"
678.502, "Pa-233"
706.290, "Pa-233"
1120.640, "Sum Peak"
1110.863, "Sum Peak"
1155.401, "Sum Peak"
1703.545, "Sum Peak"
1781.292, "Sum Peak"
236.209, "Np-237,Pa-233"
187.648, "Au XRF,(Detector)"
212.842, "Au XRF,(Detector)"
218.752, "Au XRF,(Detector)"
268.882, "Pa-233,U X-ray"
312.750, "Pa-233,U X-ray"
3993.175, "K-40,(Bkgd)"
7146.149, "Th-232(d),(Bkgd)"
276.281, "Np X-ray"
258.977, "Pa-233, U X-ray"
303.711, "Pa-233,U X-ray"
182.453, "Au XRF,(Detector)"
$ENDRECORD:
