$SPEC_ID:
PeakEasy Library File: Np-237 (disks), IdentiFINDER (NaI with Cs-137 seed),  0.9 g @ 1 m
$MEAS_TIM:
11408.00000 11552.00000
$DATE_MEA:
11-Jan-2000 00:07:42
$DATA:
0 1023
0
0
0
0
4796
41317
51848
60874
72438
102936
146162
148443
128446
121521
132701
149375
163374
188935
233164
299389
367439
419186
453424
504216
574982
643132
697696
765450
900280
1059665
1169018
1243065
1299401
1232026
1012301
771455
628259
586938
520124
410786
306462
247948
231227
230967
241878
255122
271460
284600
293597
294213
289958
278793
264945
249866
235113
218630
201061
184714
169331
156766
146081
137623
130969
125130
118861
114262
109661
105276
100796
97375
93694
91328
88439
86090
83729
82673
80124
79556
78931
77293
76528
75211
74143
74090
73818
73804
74366
74330
75113
76448
77818
81438
89105
101456
120652
148539
188277
235386
290905
346843
398730
440367
467908
473808
463481
432681
389986
336102
279973
225165
177208
137534
106550
84839
68132
56495
47447
40275
33821
28602
24349
20817
18391
16996
16210
16185
16632
17111
17999
18974
20043
21380
22151
23111
23190
23567
23277
22628
21790
20372
18921
17116
15410
13563
11562
10030
8552
7199
6375
5470
4858
4210
3932
3633
3439
3089
2898
2762
2541
2395
2323
2123
2067
1953
1876
1824
1733
1648
1574
1592
1502
1495
1509
1420
1347
1363
1262
1235
1209
1254
1125
1119
1111
1071
1044
1070
1018
1034
1038
1053
1048
1024
1036
1083
1121
1084
1099
1151
1177
1210
1217
1306
1364
1565
1834
2255
2629
3164
3859
4607
5544
6668
7761
9152
10472
11700
12956
13682
14758
15345
15603
15501
15167
14461
13468
12582
11048
9734
8288
6953
5854
4505
3745
2957
2262
1762
1354
1053
846
732
586
558
510
448
435
460
400
441
382
377
376
428
395
378
410
416
396
364
390
365
373
377
337
338
326
370
357
375
359
343
319
340
294
333
324
314
320
333
298
320
326
302
303
324
290
299
331
321
296
293
313
328
327
325
332
314
309
361
350
318
323
345
354
320
322
306
333
297
354
327
299
325
290
331
303
306
296
310
284
282
271
278
292
293
258
243
267
276
272
259
270
231
269
236
281
233
231
224
209
228
218
235
223
222
238
227
235
227
223
231
207
210
240
235
218
234
222
244
229
216
259
229
243
242
232
234
232
238
266
252
247
248
233
245
231
236
266
251
243
237
246
223
234
231
244
209
217
218
191
231
214
190
186
206
193
201
200
203
181
191
187
182
171
179
156
153
157
168
160
151
165
179
147
144
151
141
122
139
125
112
131
120
132
111
111
99
103
112
94
94
104
90
106
91
105
78
90
73
108
103
91
94
79
92
92
72
77
76
78
101
87
96
103
82
102
103
100
98
93
118
110
117
109
139
129
125
139
149
141
158
177
213
199
195
222
254
279
262
282
285
324
309
318
294
371
325
303
290
286
314
284
271
272
248
237
216
188
187
189
162
139
102
117
98
90
86
85
81
66
67
66
55
56
61
52
58
53
64
45
43
60
55
45
47
45
41
45
55
39
51
44
45
46
50
52
55
41
46
43
36
48
32
51
52
28
36
34
32
36
35
36
34
31
28
35
38
31
33
28
25
34
44
23
36
28
21
37
29
39
35
34
39
36
39
35
41
44
37
46
45
45
52
48
40
48
43
50
37
44
51
57
54
40
41
29
32
31
50
43
28
22
30
32
30
42
30
32
26
24
30
29
25
24
21
27
30
38
32
25
21
29
28
25
26
26
23
28
19
27
21
27
26
26
18
23
19
20
21
24
19
20
13
30
24
15
18
20
19
22
18
16
17
19
18
19
21
21
21
17
19
20
19
19
13
15
21
22
16
11
22
20
14
16
13
22
14
16
16
17
11
22
11
23
28
14
18
18
23
21
22
21
20
23
26
26
28
22
33
25
16
32
15
31
26
26
15
29
23
18
32
28
28
20
29
22
26
19
22
26
25
18
29
16
28
28
20
27
21
34
25
25
24
26
30
25
21
21
11
23
27
29
21
26
20
23
19
25
20
22
18
20
17
17
15
13
22
22
24
12
23
20
16
19
15
19
15
18
16
17
23
16
16
13
15
21
23
15
26
14
19
17
13
12
10
14
9
14
10
8
11
17
10
12
9
11
10
12
12
6
7
11
9
9
10
4
10
11
7
6
5
12
6
8
8
6
7
7
9
4
3
7
7
3
8
6
4
9
6
7
4
2
9
11
4
3
9
4
3
5
10
7
10
3
11
11
9
7
8
11
10
11
13
13
16
18
18
19
22
22
25
22
21
26
27
22
19
23
28
26
18
31
19
22
27
24
20
25
21
23
20
17
15
20
21
19
11
17
19
8
13
11
10
6
9
6
6
5
2
5
6
3
4
0
4
2
3
3
5
3
1
4
3
0
2
0
2
2
0
0
1
0
0
2
2
0
1
2
0
1
3
2
3
1
4
2
1
0
1
0
1
5
2
1
0
4
1
2
1
3
3
1
0
1
0
4
3
3
0
1
2
0
1
0
4
1
2
5
1
0
0
2
1
2
1
2
2
2
0
3
1
0
2
1
0
5
0
0
2
0
3
1
0
1
1
1
0
4
0
1
0
0
0
0
1
0
2
2
3
0
1
0
0
2
1
1
1
1
4
0
2
1
1
5
0
$ENER_FIT:
0.000 3.000000 0.00000e+000
$MCA_CAL:
3
0.000 3.000000 0.00000e+000
$PEAKLABELS:
102.944, "Pa-233"
135.993, "Pa-233"
55.577, "Np-237, Compton Scattering"
868.951, "Th-232(d),(Bkgd)"
484.930, "K-40, (Bkgd)"
220.282, "Cs-137,(detector)"
31.865, "Pa-233,U X-ray"
10.639, "Cs-137,X-ray"
$ENDRECORD:
