$SPEC_ID:
PeakEasy Library File: Background (Los Alamos), Ortec Detective (~15% HPGe)
$MEAS_TIM:
171451.72000 172094.42000
$DATE_MEA:
1-Aug-2008 5:00:11 PM
$DATA:
0 8191
0
0
0
0
0
0
0
0
0
0
0
0
0
0
0
0
0
0
0
0
0
0
0
0
0
0
0
0
0
0
0
0
0
0
0
0
0
0
0
0
0
0
0
0
0
0
0
0
0
0
0
0
0
0
1
0
0
0
1
0
0
0
1
0
1
0
0
0
1
0
3
1
0
3
2
3
1
2
1
322
6089
13594
14220
14068
13946
13859
13511
13845
13656
13693
13338
13525
13155
13111
12919
13091
12925
12715
12712
12771
12372
12251
12427
12195
12194
12206
12053
12065
11763
11761
11651
11911
11741
11508
11517
11423
11596
11649
11478
11364
11302
11469
11175
11244
11289
11375
11560
11500
11368
11607
11694
11718
11772
12087
12224
12104
12092
12249
12171
12195
12068
11945
12118
11767
11670
11849
11732
11804
11737
11907
11857
11831
11886
12054
12019
11909
12313
12017
12288
12309
12493
12464
12569
12696
12736
12692
12648
12728
12911
13064
13194
13269
13549
13710
13592
13868
13999
14321
14516
15089
15958
16555
17602
18070
18193
19167
19332
19681
19991
19076
18103
16758
16295
15958
15829
16069
16268
16364
16875
16980
17216
17341
17758
18043
18093
18073
18471
18513
18798
19331
20025
20137
20380
20090
20260
19503
19490
19070
18923
19279
19074
18718
18788
18661
18304
18477
18846
18990
19311
19441
19529
19388
19814
19850
19683
19965
20079
20266
20541
20346
20376
20343
20471
20403
20554
20667
20724
20842
20975
21073
21030
21453
21589
21749
21743
21762
21486
21452
21527
21493
21443
21434
21449
21594
21586
21332
21611
21746
21660
22171
21802
22047
22148
21780
22296
22302
22048
21990
22210
22260
22445
22416
21987
22623
22610
22489
22594
22340
22929
22678
22505
22413
22566
22498
22494
22678
22652
22701
22627
22587
22659
22713
22686
22564
22718
22680
22653
22811
22737
22528
22668
22539
22967
22370
22536
22793
22438
22448
22323
22627
22534
22316
22050
22470
22249
22218
22172
22158
22161
21929
22561
22068
22280
22437
22162
22243
22095
22121
21966
22184
21907
21846
21674
21931
21770
21721
21772
21653
21457
21704
21757
21798
21850
21846
21548
21520
21561
21028
21238
21067
20955
21154
20752
20861
20871
20756
20747
20603
20337
20405
20427
20350
20382
20050
20227
19925
20346
20214
19980
19836
19787
19943
19663
19638
19944
19596
19587
19595
19347
19550
19254
19563
19583
19174
19261
19005
18893
19038
18986
18488
18742
18542
18618
18631
18456
18196
18320
18383
18395
18377
18183
18175
18124
17831
18041
17815
17763
17740
17673
17521
17564
17677
17290
17259
17279
17113
17160
16935
16909
16983
16953
16899
16843
16812
16471
16578
16726
16403
16383
16391
16465
16412
15990
16187
16211
16163
15905
15917
15577
15809
15677
15628
15542
15676
15299
15655
15360
15227
15208
15475
15324
15052
15087
15120
15122
15186
14765
14818
14789
14585
14780
14656
14588
14711
14401
14350
14470
14167
14208
14045
14123
14245
13933
14360
13984
13853
13823
13756
13979
13737
13623
13646
13731
13576
13442
13491
13352
13402
13233
13312
13177
13179
13398
13323
13439
13841
14033
14070
13918
13748
13512
13207
12966
12650
12568
12485
12551
12345
12217
12401
12272
12246
12122
12146
12095
11877
11941
11740
11901
11828
11779
11674
11549
11670
11623
11672
11576
11574
11582
11373
11475
11450
11519
11287
11152
11367
11151
11068
11165
11150
11264
10993
10994
11117
10977
10871
10773
10853
10734
10708
10674
10723
10854
10646
10514
10478
10315
10260
10379
10630
10528
10740
10789
10468
10267
10276
10092
10034
9974
10183
9911
9714
9814
9854
9761
9825
9785
9857
9771
9713
9566
9607
9627
9637
9584
9614
9455
9648
9551
9397
9377
9442
9334
9319
9504
9167
9250
9169
9139
9051
9121
9248
9084
9011
8879
8976
8991
8953
8867
8763
8973
8972
8564
8772
8540
8654
8565
8519
8617
8716
8264
8483
8493
8388
8394
8252
8321
8293
8171
8238
8221
8295
8114
8216
8244
8248
8336
8658
9288
10327
11540
12422
12485
11880
10566
9437
8811
8641
8359
8697
8474
8693
8156
8004
7696
7378
7273
7230
7142
7010
7046
7065
6957
6923
6997
6953
6772
6859
7002
6814
6843
6908
6903
6698
6725
6778
6861
6755
6609
6672
6620
6600
6572
6590
6450
6373
6370
6511
6436
6527
6476
6360
6353
6319
6248
6462
6276
6232
6205
6332
6232
6296
6199
6023
6103
6219
5935
6115
5987
5971
5919
6017
5848
5922
6005
5828
5930
5935
5767
5805
5826
5740
5887
5773
5933
5941
6104
6131
6008
6024
5900
5681
5620
5611
5513
5672
5459
5535
5632
5369
5616
5401
5457
5464
5426
5500
5569
5585
5506
5536
5320
5406
5238
5367
5261
5146
5238
5214
5097
5070
5242
5079
4926
4980
5111
5009
5173
4994
5073
4905
5004
5022
4983
4957
5066
4931
4968
4945
4829
5031
4841
4736
4872
4774
4802
4805
4695
4819
4664
4925
4713
4941
5127
5575
5992
6648
6868
6885
6323
5551
5283
4847
4697
4502
4615
4586
4540
4573
4666
4668
4702
4506
4618
4480
4307
4383
4263
4298
4247
4304
4309
4186
4295
4384
4328
4284
4226
4201
4321
4306
4172
4138
4203
4155
4084
4107
4223
4126
3938
4145
4050
4049
3955
4084
4086
3921
3933
3936
4005
3962
3923
3973
4013
4027
3972
3808
3928
3855
3864
3845
3942
3858
3837
3896
3712
3914
3839
3780
3753
3862
3821
3736
3716
3772
3862
3765
3723
3681
3631
3661
3709
3636
3810
3776
3856
3953
3963
3920
3878
3699
3833
3751
3611
3569
3593
3647
3564
3613
3645
3534
3546
3549
3539
3542
3636
3628
3563
3500
3536
3629
3744
3975
4202
4469
4403
4288
4114
3818
3588
3413
3421
3418
3430
3330
3359
3278
3330
3235
3313
3212
3187
3267
3238
3160
3218
3201
3179
3180
3305
3185
3147
3174
3269
3247
3321
3421
3763
4309
5137
6040
6800
7327
6926
5932
5014
4131
3526
3244
2979
3004
3027
2867
2928
2935
2914
2810
2946
2829
2797
2914
2949
2901
2800
2942
2810
2888
2906
2837
2814
2838
2888
2843
2774
2782
2809
2781
2784
2704
2830
2882
2831
2785
2752
2869
2769
2751
2770
2748
2790
2779
2685
2724
2711
2697
2754
2670
2720
2710
2702
2692
2655
2615
2593
2686
2643
2566
2709
2613
2653
2575
2702
2619
2680
2660
2599
2591
2611
2644
2674
2543
2616
2594
2552
2587
2625
2469
2580
2560
2505
2522
2568
2569
2497
2507
2585
2618
2485
2570
2577
2441
2577
2571
2560
2531
2605
2451
2549
2547
2437
2470
2478
2449
2525
2556
2529
2461
2491
2528
2469
2539
2424
2358
2402
2372
2400
2456
2364
2353
2398
2411
2377
2395
2346
2305
2479
2401
2386
2334
2456
2384
2413
2324
2376
2361
2327
2401
2271
2335
2481
2297
2292
2197
2263
2339
2362
2288
2422
2458
2485
2480
2408
2346
2273
2228
2258
2298
2206
2246
2201
2198
2205
2243
2222
2229
2234
2276
2245
2218
2255
2181
2180
2096
2111
2195
2206
2061
2120
2202
2147
2133
2160
2082
2179
2139
2114
2130
2086
2139
2198
2091
2148
2102
2099
2106
2043
2133
2098
2124
2088
2100
2060
1940
2080
1986
2023
2047
2019
2008
2008
1982
1975
2068
2085
2088
1966
1989
1944
2006
1992
2008
1933
2016
2026
1981
2043
2018
2086
2098
2177
2091
2082
2049
1934
2108
1956
1981
1985
1903
1892
1971
1919
1927
1864
1857
1904
1953
1954
1943
1846
1831
1894
1817
1947
1845
1907
1908
1823
1846
1836
1916
1887
1911
1871
1903
1893
1921
1869
1876
1785
1856
1831
1845
1841
1850
1817
1844
1762
1859
1800
1798
1763
1738
1796
1764
1802
1775
1773
1784
1826
1854
1781
1946
2076
2120
2111
2123
2082
1985
1990
1854
1778
1807
1794
1721
1721
1758
1787
1739
1708
1716
1703
1795
1799
1728
1704
1759
1772
1658
1745
1637
1732
1734
1677
1641
1727
1657
1654
1628
1663
1702
1660
1638
1730
1819
1661
1680
1715
1685
1703
1636
1727
1710
1695
1606
1638
1640
1664
1615
1721
1659
1634
1578
1588
1659
1561
1546
1625
1671
1636
1674
1593
1695
1572
1660
1585
1592
1652
1598
1589
1604
1564
1577
1592
1650
1545
1514
1593
1622
1590
1434
1571
1554
1551
1562
1507
1619
1574
1594
1592
1604
1580
1499
1481
1494
1538
1609
1573
1512
1568
1507
1509
1582
1492
1532
1556
1517
1482
1564
1524
1558
1493
1483
1532
1550
1517
1536
1589
1673
1670
1884
1912
2154
2483
2701
2852
3005
2939
2773
2362
2183
1991
1836
1709
1654
1548
1502
1463
1433
1495
1441
1416
1456
1445
1493
1474
1393
1379
1410
1465
1420
1456
1415
1500
1430
1410
1458
1398
1388
1416
1383
1392
1436
1423
1363
1410
1365
1359
1409
1372
1416
1345
1370
1376
1374
1369
1400
1388
1403
1380
1364
1394
1422
1385
1384
1396
1349
1404
1327
1339
1371
1444
1325
1399
1404
1453
1377
1356
1376
1342
1341
1286
1353
1375
1362
1357
1416
1373
1354
1373
1306
1326
1320
1318
1378
1389
1353
1321
1354
1372
1288
1358
1366
1382
1307
1348
1418
1312
1258
1369
1311
1317
1293
1291
1274
1286
1311
1352
1312
1313
1266
1312
1324
1251
1299
1320
1321
1356
1295
1333
1317
1317
1279
1294
1289
1317
1280
1278
1301
1260
1309
1284
1297
1305
1287
1282
1296
1321
1294
1334
1327
1278
1245
1290
1285
1248
1180
1271
1269
1260
1238
1303
1240
1292
1242
1244
1257
1300
1218
1216
1291
1205
1235
1306
1260
1212
1267
1246
1288
1233
1253
1223
1205
1204
1227
1250
1287
1229
1270
1241
1229
1177
1217
1248
1281
1216
1311
1297
1472
1633
1998
2525
3016
3358
3386
3246
2645
2119
1720
1430
1253
1160
1172
1107
1179
1122
1153
1181
1143
1157
1058
1101
1102
1157
1173
1061
1149
1119
1177
1122
1141
1112
1062
1089
1174
1105
1175
1135
1188
1182
1166
1103
1132
1171
1127
1146
1089
1104
1128
1130
1166
1227
1149
1165
1084
1142
1201
1144
1146
1087
1155
1123
1116
1076
1098
1120
1142
1212
1237
1401
1790
2306
3048
3968
4830
5117
4827
4062
3185
2255
1577
1373
1088
1087
1058
1072
992
1052
1086
1058
1022
1057
1039
1010
1012
1088
1069
1020
995
1077
1052
1031
1071
977
1021
997
990
1037
1035
1033
962
1001
974
946
1065
974
1006
1027
1034
1056
1021
967
969
965
1049
970
988
1080
1001
941
1004
940
1063
1063
1012
996
1011
1079
939
945
1043
962
966
1011
1017
1005
952
996
1008
1044
1040
963
996
1007
967
976
970
971
1003
952
998
963
1012
941
931
1039
950
948
968
946
963
915
979
925
952
960
920
977
986
937
940
980
942
987
947
985
985
964
969
992
944
989
951
928
1024
941
923
936
930
936
947
939
998
957
954
947
927
983
946
977
943
958
964
980
913
940
916
997
978
1051
948
977
949
942
950
1006
1011
1057
1099
1064
1027
994
1020
950
977
938
893
958
951
960
942
925
881
955
943
932
925
904
952
920
959
922
907
976
925
906
893
944
897
892
885
958
931
844
937
959
967
940
947
905
899
923
931
949
911
917
897
897
929
881
888
875
866
927
869
874
913
933
820
892
874
932
955
954
931
883
896
963
849
897
867
906
943
904
933
899
891
895
907
921
857
860
874
900
889
858
922
874
889
885
899
833
878
820
892
851
901
925
880
938
893
967
927
901
857
875
872
815
805
909
908
820
862
870
889
836
876
868
843
851
904
859
808
849
872
814
883
919
832
826
865
901
819
864
825
859
845
856
838
849
832
862
794
832
877
887
891
833
872
865
823
806
852
860
846
840
844
834
850
871
806
837
886
971
1044
1237
1282
1285
1279
1190
1041
993
899
842
853
812
791
751
782
840
809
832
771
821
776
800
776
852
831
822
806
738
835
794
784
775
776
829
766
798
850
795
802
791
830
827
811
828
845
838
836
852
780
809
806
779
822
792
839
803
785
819
866
848
797
763
854
783
773
786
752
815
791
791
749
792
776
786
774
782
828
810
814
855
833
798
798
805
787
766
739
777
766
789
772
790
733
735
817
746
749
771
801
753
753
761
784
784
783
782
781
748
782
787
871
907
966
1050
1089
1122
1196
1052
902
862
842
752
827
780
838
816
852
813
821
778
788
733
741
729
740
744
693
703
698
738
738
726
779
706
676
739
716
701
757
710
789
752
754
715
729
753
755
737
760
765
799
887
873
860
861
816
784
764
804
749
772
710
777
746
713
705
683
709
692
709
707
725
714
764
816
901
923
999
983
980
834
791
758
727
697
719
674
705
724
662
711
714
676
702
699
669
691
737
678
700
640
714
702
698
721
746
747
721
808
788
757
716
671
671
708
685
687
655
690
695
687
684
677
658
679
710
653
673
662
706
664
682
658
682
612
687
665
706
590
690
672
715
659
624
637
685
680
639
676
644
646
668
705
634
696
656
640
650
670
637
683
687
649
678
659
678
640
701
671
635
634
689
691
677
722
709
679
737
677
635
649
684
643
667
686
671
630
751
798
761
698
741
652
675
663
640
723
707
746
754
691
752
692
667
670
712
629
631
628
640
702
658
703
653
661
611
662
602
615
658
623
653
642
635
630
629
689
610
626
598
617
619
660
640
657
633
612
608
637
622
646
559
640
630
652
633
639
623
657
615
676
689
701
717
789
891
907
915
958
808
726
724
666
617
621
654
608
591
620
599
599
632
591
671
592
600
614
617
623
611
627
623
610
625
606
643
595
625
616
585
620
609
611
607
645
676
598
609
619
643
621
635
611
586
645
615
615
648
614
621
596
603
617
660
650
634
654
648
613
601
586
613
612
627
609
620
539
566
576
626
582
600
589
592
623
580
616
602
611
657
590
624
627
607
619
640
592
660
644
654
641
620
663
579
604
631
574
601
609
629
590
628
616
576
586
576
627
615
607
593
641
673
588
633
668
613
673
662
649
643
619
601
614
615
601
602
606
578
641
794
959
1230
1532
1822
2105
2164
2007
1735
1435
1122
913
719
613
642
597
554
526
614
591
554
567
569
556
580
602
607
528
576
572
582
549
575
588
545
579
559
541
587
603
588
547
559
559
585
543
583
562
568
574
555
576
567
546
522
565
557
559
559
561
561
548
594
591
613
695
690
785
784
759
763
701
677
609
588
559
576
545
526
548
556
557
552
565
522
565
565
577
516
567
593
536
553
595
543
584
517
542
585
552
547
517
565
531
534
604
616
609
603
577
624
637
602
591
591
590
563
584
574
602
581
533
511
540
560
554
559
546
528
514
544
498
527
562
592
574
568
558
553
558
562
529
547
544
523
599
579
602
721
768
753
841
896
873
736
696
689
665
700
849
963
1151
1316
1386
1529
1411
1148
931
795
689
608
538
550
506
554
552
516
526
541
508
559
525
524
565
547
532
530
569
549
504
515
542
531
516
549
540
533
510
531
513
553
518
535
520
536
561
546
545
533
516
486
510
526
552
534
553
580
535
572
505
556
551
482
536
535
496
500
514
495
542
498
523
527
589
515
507
487
533
559
484
527
476
508
503
515
520
525
535
592
561
593
634
592
578
570
565
518
524
485
557
507
474
498
490
510
511
561
506
479
496
541
482
526
514
545
471
527
538
489
508
525
511
481
514
500
521
541
539
518
500
506
529
503
505
518
522
495
534
522
534
518
506
509
513
489
520
513
526
506
505
541
489
507
547
487
515
564
477
559
505
494
519
513
470
486
511
489
488
511
523
454
489
531
508
482
493
519
519
503
507
470
518
553
512
487
519
528
533
503
497
471
504
501
527
506
511
490
455
495
547
530
494
482
480
533
541
499
522
493
495
500
494
496
512
526
506
537
526
511
526
477
534
493
472
525
503
477
473
536
536
472
492
534
513
529
525
506
503
498
532
490
498
507
508
539
484
484
494
483
496
479
534
479
523
499
476
533
487
532
512
490
496
486
539
475
490
523
526
485
517
514
520
522
475
533
482
501
556
509
502
549
505
490
521
473
532
497
468
506
481
531
475
492
525
542
519
485
524
514
533
520
473
548
530
522
508
501
518
464
488
510
513
529
457
499
487
529
519
483
535
529
527
486
518
489
501
482
512
471
521
484
493
503
454
501
494
530
490
500
520
535
506
504
481
521
484
547
557
445
536
572
517
505
503
503
545
511
489
489
501
484
483
493
507
472
466
509
461
473
508
458
542
561
495
500
506
527
542
492
503
520
504
513
506
510
477
478
506
550
536
540
496
494
502
518
508
526
478
476
513
468
457
518
524
490
520
516
483
544
565
626
694
806
938
1193
1446
1567
1532
1413
1220
979
776
648
616
533
526
521
529
517
504
530
499
510
500
474
514
484
516
480
478
506
480
498
505
512
504
498
499
493
484
533
511
505
549
480
523
487
555
547
521
511
520
555
471
528
519
547
540
521
518
439
518
467
480
499
499
505
445
493
512
484
473
454
507
499
472
535
556
511
505
486
529
526
577
508
507
493
504
517
542
507
491
509
519
543
538
524
497
601
546
597
617
643
628
581
590
536
512
536
505
524
507
511
571
501
566
511
481
520
542
492
480
512
513
498
485
468
543
549
510
517
494
514
497
488
597
536
540
539
518
489
530
509
521
516
521
546
533
512
526
508
531
534
550
505
510
470
535
567
502
512
519
537
501
527
513
538
497
493
494
545
549
534
561
546
543
564
540
550
564
519
523
486
498
542
522
514
514
563
533
504
505
505
558
529
507
507
528
532
569
558
529
538
506
540
516
518
538
548
511
503
544
478
572
523
541
515
520
532
545
576
525
501
517
565
525
530
550
584
565
563
528
526
528
535
525
561
591
509
495
560
550
557
587
590
548
583
576
581
598
558
571
516
570
521
537
524
557
512
539
524
530
568
536
545
562
539
544
533
535
613
518
547
525
544
596
552
525
508
541
471
571
529
540
571
554
570
553
544
529
533
569
571
533
503
542
550
523
516
552
537
527
571
537
583
565
553
520
519
508
506
533
508
538
591
624
537
570
579
557
556
588
585
629
666
759
833
833
943
912
811
819
702
593
557
497
536
535
508
501
512
454
490
440
489
459
454
435
476
430
464
427
460
460
423
441
434
422
419
390
444
438
421
400
394
422
392
409
379
389
403
439
408
392
396
358
387
378
406
378
396
352
359
362
382
371
344
334
406
374
350
383
393
340
364
377
328
381
355
363
365
341
374
364
365
356
392
338
362
355
388
362
357
390
370
355
358
337
364
359
350
327
332
325
365
365
324
342
376
319
301
384
366
335
346
337
341
349
324
345
331
357
404
405
410
438
406
421
369
331
383
366
335
352
335
304
323
334
327
335
334
320
340
322
339
324
326
349
301
278
311
292
352
332
303
306
293
312
306
285
271
341
313
323
317
297
296
323
300
292
269
263
288
303
301
285
325
310
314
269
279
299
314
337
289
288
290
298
303
277
291
305
267
286
292
275
297
282
276
281
287
315
289
275
312
274
268
260
267
265
292
288
296
305
278
276
273
278
295
276
304
319
283
287
248
256
283
292
265
279
266
240
250
266
215
236
272
270
275
235
252
260
267
247
227
246
234
230
242
270
263
259
262
240
263
233
263
248
254
225
248
247
266
278
239
238
226
249
248
251
236
238
253
262
230
224
227
219
250
252
247
243
204
240
229
243
260
269
217
220
215
243
219
227
207
211
228
200
230
215
198
214
201
207
216
201
208
204
222
221
177
239
226
206
224
198
199
218
191
219
247
197
199
223
226
206
208
202
179
170
212
224
226
194
162
207
198
177
227
220
212
198
217
201
220
188
237
195
179
183
181
184
172
189
196
185
177
207
177
188
199
186
188
201
176
164
204
188
192
185
189
186
205
192
177
190
166
200
175
181
184
190
190
217
238
268
342
410
381
444
453
390
331
278
254
220
178
174
179
177
173
177
166
168
174
197
189
189
207
216
225
240
208
206
199
209
166
180
175
190
180
163
159
170
158
169
144
183
164
150
198
173
194
183
157
168
163
162
147
152
172
197
153
184
178
160
152
179
170
189
208
201
244
257
265
233
227
229
200
180
180
182
183
165
165
166
190
212
243
275
300
327
315
302
262
258
215
213
174
192
177
184
180
157
161
170
164
160
171
158
165
160
162
173
187
168
148
144
155
170
157
155
168
152
156
171
169
166
158
152
170
180
171
163
163
194
161
175
175
168
171
174
168
175
157
151
165
165
178
179
152
170
177
181
190
165
155
155
155
159
166
142
189
184
197
197
216
210
189
186
197
208
171
163
170
165
168
170
165
162
173
155
153
176
158
166
144
165
150
154
169
174
163
186
191
167
161
183
178
155
155
158
169
158
146
167
162
162
195
181
190
159
181
188
203
186
207
152
185
203
182
162
207
216
217
269
287
422
685
1067
1887
3050
4809
6561
8798
10135
10778
10118
8775
6808
4784
2870
1649
890
481
255
168
135
126
114
92
88
88
104
99
101
103
92
84
109
88
109
100
101
81
91
100
90
119
98
93
110
130
104
102
94
102
120
83
95
103
105
101
111
106
108
104
117
103
87
94
93
99
94
96
88
105
98
121
93
96
89
127
97
90
107
124
107
85
107
86
90
99
111
111
109
106
94
112
101
121
117
100
110
104
89
117
107
133
172
143
150
164
158
121
117
109
100
113
111
110
110
117
105
105
132
127
133
131
111
110
134
113
123
115
106
105
105
97
94
101
137
139
138
136
179
211
215
211
239
198
168
158
152
124
133
112
112
128
132
109
103
109
97
89
131
111
85
104
94
104
78
100
110
115
90
120
79
96
101
94
100
110
97
89
107
115
106
85
96
85
77
86
93
101
99
98
103
109
106
92
85
108
101
85
98
97
108
103
97
100
116
91
101
111
122
107
78
84
84
88
93
112
112
114
106
120
108
130
120
95
110
100
115
113
87
90
100
117
103
90
110
110
110
97
93
93
91
92
82
86
97
72
115
91
84
89
95
103
82
88
75
74
97
97
98
85
78
73
75
100
89
69
88
89
87
92
106
87
91
91
85
90
78
92
90
79
70
84
65
70
90
90
89
86
65
92
65
69
87
81
89
98
77
72
93
87
91
73
75
76
76
79
78
78
88
82
71
72
79
77
82
75
95
70
79
80
86
84
74
97
90
76
72
83
68
74
85
104
91
107
101
135
125
118
126
103
135
108
128
125
125
128
118
111
89
112
80
109
144
183
197
213
229
229
217
203
167
149
181
180
233
282
332
399
473
409
364
318
262
207
178
141
108
93
100
104
73
84
79
81
100
104
96
93
86
103
81
74
93
94
85
87
60
84
89
90
77
72
53
79
88
86
87
90
66
83
78
75
76
75
82
72
81
90
68
87
78
73
73
79
79
77
83
91
85
80
62
62
80
62
69
69
80
94
89
94
96
117
108
139
149
153
156
151
102
120
99
96
100
85
77
93
83
99
88
74
75
66
76
61
82
82
93
88
94
112
126
129
141
146
145
114
112
100
100
83
62
63
74
68
73
72
72
79
79
72
87
74
60
90
99
85
71
90
71
71
58
79
78
51
69
64
74
69
58
75
79
84
76
71
81
58
78
67
56
60
65
62
57
63
60
71
58
82
60
62
66
70
73
77
65
64
71
49
77
53
61
67
59
95
73
67
87
70
66
68
74
96
88
107
117
115
127
132
129
101
87
85
89
68
88
68
69
67
58
76
76
66
58
64
63
55
74
55
45
60
67
55
57
71
52
60
62
63
69
56
62
69
70
71
57
60
57
59
78
54
75
57
68
60
64
62
73
64
57
65
56
56
66
59
67
75
69
78
72
78
81
76
79
68
62
71
71
53
65
63
67
53
75
68
57
70
68
66
65
79
88
69
67
84
66
70
73
72
64
68
57
61
62
65
58
54
64
63
71
58
55
53
58
67
53
60
66
65
64
69
63
75
73
53
66
55
69
58
56
71
63
46
62
55
60
65
56
52
60
68
57
72
74
60
68
59
67
75
49
47
60
46
55
74
54
51
56
62
69
68
56
52
62
66
53
59
54
66
58
75
62
61
66
51
62
50
74
60
66
63
67
52
64
70
65
70
101
93
122
176
184
181
211
222
219
181
141
121
92
95
61
52
55
58
49
65
52
63
57
61
72
69
56
66
56
59
63
72
63
54
71
43
53
57
58
59
60
56
53
49
53
69
52
55
61
65
77
55
51
61
57
45
62
36
59
71
71
50
58
62
61
71
57
55
63
71
54
73
58
50
57
54
70
57
55
64
57
53
58
53
70
41
62
64
67
63
78
78
70
71
105
199
244
361
465
555
763
873
855
846
742
554
408
307
197
115
89
71
51
55
55
52
58
57
52
59
54
53
45
74
52
58
51
57
50
60
47
52
58
58
52
61
68
65
61
68
49
59
60
66
63
64
53
50
59
49
54
47
61
45
48
46
53
66
55
57
55
61
45
46
60
58
48
52
63
52
55
61
61
54
44
58
50
53
62
45
57
68
60
50
56
59
54
53
44
54
57
48
55
67
59
50
63
60
55
52
62
53
61
58
57
51
55
58
58
63
56
49
56
65
59
67
65
59
53
55
47
53
61
57
63
61
56
43
50
49
56
85
56
51
46
59
66
59
67
62
37
59
55
59
55
52
64
44
56
48
54
49
53
45
54
51
66
57
62
44
55
47
44
69
64
67
53
60
48
62
61
52
58
69
46
62
53
57
68
45
53
61
51
45
53
54
61
46
46
54
62
51
53
51
51
43
45
62
59
53
78
75
57
77
74
61
68
86
53
63
69
58
71
46
66
63
51
58
61
60
76
70
84
82
100
108
139
161
159
177
135
131
113
87
69
54
59
49
50
50
64
68
56
44
48
48
35
54
49
49
54
58
67
48
44
51
41
44
62
63
43
58
77
45
57
56
61
59
52
45
45
48
57
50
39
61
40
54
52
60
55
51
49
57
51
60
59
50
46
54
54
51
55
42
58
63
64
70
68
61
52
62
62
67
68
57
62
52
38
54
39
64
52
57
60
49
62
60
60
41
65
67
61
51
67
52
51
46
58
62
48
53
56
57
58
51
59
57
52
72
67
68
72
67
58
58
52
69
58
54
50
64
56
58
42
67
63
57
57
57
75
70
54
51
59
70
57
56
55
58
63
60
64
64
54
59
66
44
54
47
62
43
58
48
53
49
48
64
63
58
62
67
64
61
60
57
58
77
61
48
56
51
54
59
59
55
52
65
72
42
58
53
56
54
56
72
42
63
56
51
57
56
54
61
52
60
75
62
42
55
53
54
53
61
69
54
49
57
61
53
62
55
54
61
51
51
65
56
73
51
64
66
58
56
51
51
56
55
50
44
47
55
55
54
59
59
63
63
51
47
77
54
60
56
62
57
69
62
54
56
62
48
52
42
70
57
52
60
64
52
44
63
51
57
51
52
50
56
56
50
57
59
64
61
54
51
54
57
58
55
52
69
50
66
72
66
61
52
58
56
60
65
53
52
44
60
56
47
57
53
48
55
47
44
49
53
52
48
61
54
51
60
65
51
58
52
57
54
63
52
49
61
56
50
38
48
51
50
52
46
47
60
51
49
52
51
51
41
56
75
48
57
49
41
46
43
49
49
59
50
48
60
41
63
51
48
53
54
48
35
46
49
43
51
38
33
52
45
41
40
44
58
49
42
66
53
58
41
54
49
49
49
45
41
49
43
52
37
45
49
43
52
35
61
48
38
42
42
38
69
47
49
46
49
54
71
50
45
50
49
54
51
52
52
54
55
53
46
59
51
64
47
45
34
39
49
46
52
45
37
54
49
37
42
41
65
61
39
57
43
54
49
47
46
62
37
52
44
46
51
35
32
56
44
49
39
46
45
56
43
37
53
67
40
38
49
48
65
41
46
50
58
45
65
47
56
65
48
36
47
57
36
50
58
52
47
44
40
42
30
39
49
54
45
41
45
52
39
46
42
42
49
51
38
40
42
51
46
55
56
34
61
42
45
49
42
48
50
44
52
49
43
50
47
59
45
46
53
45
54
40
39
48
47
37
35
45
64
47
51
45
50
44
52
46
48
38
52
54
43
37
53
43
46
63
46
53
60
68
51
54
65
44
50
35
54
59
44
55
42
53
57
50
59
50
37
54
42
43
44
59
48
30
38
36
36
46
46
38
50
46
44
49
47
44
42
46
53
45
45
31
49
42
51
41
39
46
42
43
42
34
44
53
39
40
40
53
42
46
36
59
43
46
50
42
52
38
42
53
61
42
41
40
34
43
48
45
50
54
40
49
49
58
50
41
54
46
42
35
46
45
52
61
53
48
30
60
51
47
52
52
45
57
61
50
57
47
44
37
49
51
35
50
44
33
47
54
48
41
36
42
46
38
37
45
59
48
59
100
70
99
128
134
198
203
199
207
204
210
198
153
126
134
104
79
72
84
70
60
58
58
49
54
55
55
53
53
55
49
47
47
49
56
39
35
42
50
58
54
54
49
46
63
80
70
86
111
99
110
120
67
85
76
52
57
53
41
60
48
37
62
50
57
42
42
47
40
50
40
54
41
43
46
37
39
62
39
42
50
48
36
48
51
48
50
48
30
38
49
42
43
35
47
44
48
43
40
52
39
53
36
51
41
54
55
46
40
42
40
45
44
44
47
50
53
56
36
52
46
41
45
42
41
42
47
39
36
43
50
45
34
43
48
51
50
40
48
45
52
44
42
40
51
53
50
35
43
58
45
39
50
42
52
37
47
48
47
47
40
45
36
42
45
43
51
54
52
54
31
57
59
48
45
48
44
43
40
48
45
53
48
37
62
53
51
44
45
43
35
32
47
56
49
38
45
43
49
54
49
49
37
52
42
57
49
45
50
23
43
57
57
48
42
34
51
55
47
50
40
39
50
45
47
41
54
49
48
50
43
32
44
48
50
51
45
40
45
52
58
50
49
41
60
48
68
50
49
43
41
38
46
36
39
56
49
41
51
53
54
51
52
53
39
50
46
45
51
42
40
53
53
47
61
74
60
124
135
175
186
228
279
263
266
249
186
161
140
111
77
58
66
47
53
48
40
36
42
50
49
51
47
51
35
54
42
39
49
41
46
53
46
46
49
44
52
51
50
52
49
34
50
48
43
53
32
42
48
53
45
50
61
70
42
44
55
60
67
45
45
49
45
49
54
50
40
42
47
42
44
42
55
43
48
53
42
39
60
58
49
52
49
53
46
26
48
44
56
47
45
30
36
44
50
42
48
49
53
54
56
58
68
37
55
39
38
44
37
39
41
57
42
61
46
43
45
49
54
52
44
50
43
50
54
46
39
49
59
57
51
39
48
43
49
58
37
39
53
49
53
53
57
45
45
62
51
46
49
39
42
56
33
42
44
53
45
49
46
42
40
46
48
53
43
43
46
58
43
48
62
50
56
43
42
56
51
54
51
45
48
43
59
50
40
34
49
43
44
43
52
55
42
36
52
48
63
57
40
48
50
61
48
53
47
37
48
49
49
44
62
52
54
46
53
53
62
50
49
68
49
50
61
48
46
56
56
50
49
65
61
42
49
44
61
53
52
60
56
55
50
53
57
68
64
70
47
53
58
68
63
57
44
48
49
63
44
47
46
50
53
46
60
52
67
62
73
41
54
36
54
48
49
55
55
55
56
51
52
54
51
62
54
51
53
48
46
45
53
43
51
53
58
46
55
57
65
53
58
48
53
58
47
46
49
51
67
57
41
46
55
53
58
44
47
50
60
62
60
46
57
39
52
53
47
45
58
52
51
46
62
55
44
55
55
50
54
54
41
60
55
48
64
58
67
61
46
45
61
55
56
46
52
52
56
56
42
46
55
60
52
53
47
73
51
52
81
45
67
67
56
59
70
58
61
71
69
51
57
44
67
69
59
56
60
53
51
42
58
58
59
50
72
56
54
51
47
59
61
62
65
65
66
52
65
54
55
52
61
60
58
64
57
56
56
45
59
57
64
64
53
65
58
56
62
56
60
68
50
49
53
46
61
70
53
47
51
55
52
62
62
54
58
50
65
68
48
60
57
61
56
53
62
61
53
54
63
68
60
64
66
65
63
77
75
55
51
36
54
58
49
53
60
43
53
61
49
44
51
50
47
61
43
56
46
56
47
40
57
39
51
34
45
45
45
48
40
47
40
46
54
40
48
36
36
43
36
42
27
40
32
34
29
41
44
34
39
46
40
34
29
34
47
41
37
30
32
23
30
37
37
35
41
32
34
33
45
38
51
40
35
35
49
27
39
36
31
25
20
34
35
30
31
25
32
32
30
23
33
36
35
38
27
42
27
37
29
25
38
32
33
36
38
31
40
32
20
30
28
39
28
33
33
28
22
18
29
31
27
42
24
27
36
32
27
27
25
26
29
37
35
26
30
31
26
31
29
21
32
35
30
25
30
29
27
31
32
45
32
32
32
34
30
27
31
25
40
24
32
30
17
29
26
30
25
34
24
28
27
33
26
28
28
37
34
30
35
34
33
31
26
13
29
32
26
20
38
35
31
28
50
69
43
60
57
99
86
117
93
94
81
53
59
53
38
35
26
26
23
26
39
22
25
29
31
39
31
29
29
17
30
22
23
22
28
16
30
27
24
26
20
33
19
22
33
17
33
26
27
18
17
31
19
26
22
26
29
18
36
13
23
21
23
21
26
27
25
19
22
25
22
16
20
22
32
30
22
24
12
17
16
16
22
17
27
17
24
15
21
15
19
21
17
25
16
18
17
18
19
20
18
19
34
22
16
21
19
18
17
11
18
26
25
15
16
14
16
16
20
14
13
20
15
14
18
14
10
9
20
16
9
17
16
9
13
11
15
17
13
16
16
12
17
13
12
22
22
12
13
14
14
23
20
17
6
15
17
10
20
22
13
10
11
10
11
11
7
9
18
22
13
11
13
12
11
11
12
14
8
14
13
17
9
15
7
6
7
6
12
14
14
10
10
12
6
11
15
16
14
8
5
9
10
10
15
12
11
12
8
12
19
8
9
6
6
10
8
14
7
7
14
7
6
8
5
5
9
8
8
9
11
9
10
9
6
14
9
6
5
8
8
9
1
6
5
10
6
9
9
14
6
13
6
10
10
8
16
10
12
11
13
10
7
9
8
7
5
11
6
9
9
9
11
6
9
10
11
5
11
12
9
8
7
9
10
10
9
11
6
5
5
12
15
9
8
3
11
4
9
17
6
9
8
13
8
7
5
6
4
5
5
10
6
7
10
6
6
1
9
7
15
8
8
7
6
8
12
4
14
12
8
4
8
7
8
6
12
11
16
11
13
11
4
5
4
10
7
9
11
9
11
8
7
4
7
8
4
7
10
7
8
8
15
4
4
10
5
10
5
8
5
7
9
5
7
6
4
9
6
18
4
6
3
5
9
5
5
6
8
11
5
13
8
7
9
5
15
5
5
8
12
10
6
7
7
6
11
10
5
11
11
11
15
9
12
6
10
10
4
9
11
5
8
11
7
9
6
9
11
9
9
7
10
8
11
11
10
13
6
9
6
10
16
16
10
5
19
16
12
19
22
29
47
86
130
218
322
447
608
817
1010
1177
1259
1220
1113
1054
758
567
438
272
150
80
57
19
9
4
3
1
4
0
1
1
1
3
5
2
6
4
4
4
2
3
2
4
1
6
4
3
3
3
3
3
2
4
3
0
6
6
3
2
2
1
1
1
3
5
2
2
5
2
1
2
2
1
0
4
7
2
3
1
6
2
0
0
2
1
1
4
1
5
4
2
2
4
4
4
3
2
2
5
1
2
2
2
1
0
2
4
4
3
6
6
4
2
0
3
3
3
1
3
0
3
3
2
2
3
3
4
2
0
0
0
2
3
2
1
1
0
4
4
3
0
2
2
7
5
2
3
2
2
1
2
3
1
5
4
4
2
6
3
4
4
1
3
3
4
3
4
2
0
4
0
2
2
2
3
2
2
0
2
1
5
7
2
5
0
4
3
2
8
2
1
2
3
1
3
5
2
2
1
3
5
0
4
1
3
2
6
6
0
5
1
0
3
1
0
3
5
5
1
3
3
2
2
2
1
2
8
3
1
5
6
4
3
0
4
1
2
3
2
1
7
2
3
6
4
3
2
3
2
3
2
1
3
2
4
1
2
1
3
2
3
5
3
0
3
2
2
3
4
3
3
2
3
3
1
1
1
2
0
4
5
4
1
0
2
2
2
1
1
1
2
4
2
6
2
2
4
2
4
5
9
3
3
1
3
2
3
1
1
3
5
0
3
3
1
1
2
4
3
3
5
1
4
1
6
2
3
3
4
4
3
1
1
4
5
5
5
3
5
6
2
2
2
7
3
2
1
2
1
1
2
2
0
5
1
5
2
3
6
2
2
5
2
3
3
3
2
1
4
3
1
2
2
5
4
2
2
2
0
1
2
3
3
1
4
1
3
3
7
5
2
3
2
2
3
3
4
5
1
1
4
4
3
6
3
0
3
0
0
3
1
2
3
5
3
0
7
0
1
0
1
2
2
2
2
4
1
6
1
2
1
5
3
6
4
3
2
2
5
3
3
4
1
3
1
3
4
3
2
0
2
4
3
3
1
5
2
2
2
3
3
5
4
2
1
4
4
2
2
5
3
1
0
3
1
2
4
4
5
2
5
3
0
1
4
3
1
2
3
0
2
1
3
2
2
1
2
4
6
1
5
3
2
3
3
1
3
2
1
3
2
4
2
3
0
2
6
4
2
2
2
2
3
1
1
4
3
4
4
3
5
2
2
7
3
0
1
3
2
3
5
5
5
2
2
1
3
1
2
3
0
1
4
3
2
4
2
2
2
1
3
2
1
5
3
4
1
6
1
1
2
2
3
2
1
1
1
2
2
4
1
1
6
1
2
5
6
2
3
2
2
3
4
7
2
1
3
2
2
5
7
3
2
3
2
1
3
0
1
3
0
2
2
4
4
2
1
1
2
3
1
3
4
1
6
2
5
1
4
2
0
2
2
3
1
2
0
4
2
2
4
3
3
4
0
2
4
2
3
2
2
3
3
0
2
1
3
3
2
2
4
0
1
3
2
2
1
3
2
1
3
0
1
4
6
2
3
6
2
3
4
5
1
3
4
7
2
2
0
2
3
4
1
4
1
0
0
4
2
5
3
2
3
3
2
2
2
0
0
2
1
2
0
3
7
2
4
1
6
2
1
0
3
2
4
1
3
2
4
2
3
3
4
2
1
0
1
4
2
6
0
4
6
5
1
0
5
2
3
1
2
2
2
4
2
3
5
3
2
1
3
6
4
3
3
2
4
4
1
3
4
1
3
3
1
3
7
4
2
4
1
5
1
0
2
5
2
5
0
0
3
4
3
2
2
4
0
4
2
1
4
2
3
1
2
5
3
1
2
1
1
2
2
2
2
0
3
2
2
1
2
2
1
4
1
4
4
4
4
5
3
5
2
2
1
3
5
3
2
2
1
2
2
4
2
4
2
2
5
2
3
3
2
2
2
3
2
4
3
2
4
2
1
5
1
2
3
3
2
0
3
1
2
1
3
2
4
3
3
3
4
3
3
1
3
1
0
0
1
3
0
1
1
2
1
2
2
1
0
3
1
3
5
2
2
0
4
3
1
1
1
1
2
2
2
1
4
1
2
0
2
0
1
2
1
0
3
3
5
2
0
2
1
1
1
2
1
4
3
2
2
0
0
2
3
4
2
2
3
2
4
4
0
2
2
2
2
1
4
2
4
2
3
1
3
2
0
2
6
5
3
1
1
2
0
0
0
1
4
3
1
1
1
2
0
3
3
0
4
6
1
3
4
3
0
2
3
1
3
1
1
3
3
4
5
1
2
3
2
1
3
4
3
2
2
2
3
2
1
2
1
2
3
1
2
2
4
1
2
1
3
2
1
0
3
2
3
1
2
3
1
2
2
4
4
0
4
2
1
2
3
2
5
2
2
4
3
2
0
5
4
2
0
2
1
1
2
2
$ENER_FIT:
-0.135 0.366275 1.85563e-008
$MCA_CAL:
3
-0.135 0.366275 1.85563e-008
$PEAKLABELS:
352.320, "Ac-228"
652.272, "Pb-212"
572.071, "Ac-228"
3988.498, "K-40"
661.421, "Pb-214"
961.487, "Pb-214"
806.754, "Pb-214"
737.821, "Ac-228"
758.240, "Tl-208"
1664.531, "Bi-214"
819.268, "Pb-212"
924.224, "Ac-228"
896.429, "Ac-228"
1593.163, "Tl-208"
1118.750, "Ac-228"
2488.332, "Ac-228"
1264.942, "Ac-228"
3059.033, "Bi-214"
2646.541, "Ac-228"
1986.481, "Bi-212"
2098.465, "Bi-214"
1817.857, "Bi-214"
2171.104, "Ac-228"
2350.404, "Tl-208"
3380.685, "Bi-214"
2634.144, "Ac-228"
4817.354, "Bi-214"
2201.070, "Bi-214"
2281.350, "Ac-228"
2550.849, "Bi-214"
3154.456, "Bi-214"
3761.656, "Bi-214"
3497.501, "Bi-214"
3844.123, "Bi-214"
6016.513, "Bi-214"
3826.265, "Bi-214"
3783.464, "Bi-214"
4120.567, "Bi-214"
4335.529, "Ac-228"
4722.000, "Bi-214"
5043.947, "Bi-214"
4083.255, "Ac-228"
4424.495, "Bi-212"
4452.464, "Ac-228"
4535.625, "Bi-214"
5783.007, "Bi-214"
6680.606, "Bi-214"
212.647, "Au  XRF,(Detector)"
186.387, "Au  XRF,(Detector)"
507.949, "U-235,Ra-226"
1395.068, "Ann. Rad.,+ Tl-208"
1198.690, "Double, Escape"
7135.903, "Th-232(d),(Tl-208)"
2144.628, "Bi-212, Pb-214"
2733.631, "U-238(d),(Pa-234m)"
4347.869, "Double, Escape"
5741.718, "Single, Escape"
4319.249, "Ac-228,Bi-214"
2592.815, "Single, Escape"
$ENDRECORD:
