$SPEC_ID:
PeakEasy Library File: Background (Los Alamos), Interceptor (CZT)
$MEAS_TIM:
321198.50000 321201.10000
$DATE_MEA:
10/12/2010 09:40:20 AM
$DATA:
0 1023
0
0
0
0
0
0
0
0
0
0
0
0
0
672
1014
983
1053
963
985
945
945
959
954
911
898
933
957
969
980
1040
1094
1092
1209
1250
1258
1372
1421
1515
1627
1693
1779
1970
2001
2154
2265
2423
2629
2716
2769
3019
3082
3046
3083
3154
3066
3226
3302
3319
3245
3325
3346
3205
3318
3437
3169
3233
3328
3300
3314
3246
3205
3268
3215
3108
3149
3091
3035
3132
3104
2947
2973
2858
2800
2740
2819
2681
2659
2686
2688
2498
2526
2454
2418
2443
2361
2297
2197
2266
2126
2065
2062
2088
1937
1862
1903
1752
1785
1786
1714
1711
1573
1606
1520
1440
1503
1444
1394
1446
1322
1307
1296
1268
1257
1279
1235
1185
1131
1119
1082
1073
1074
1016
973
974
952
951
975
832
864
814
827
844
867
756
777
802
759
703
694
706
671
702
700
665
669
628
671
678
666
621
684
640
589
553
558
523
416
470
505
478
439
427
414
428
404
392
397
393
334
368
406
360
314
352
350
336
330
277
308
349
327
311
339
285
299
311
317
279
273
288
291
305
251
258
241
253
250
233
199
217
229
236
249
214
195
182
189
187
207
229
178
195
201
194
197
216
176
200
180
207
170
203
192
191
190
228
205
190
160
152
158
134
138
147
126
133
127
128
145
126
102
139
119
132
133
116
139
126
110
125
133
126
117
126
117
104
100
126
112
102
110
105
99
111
97
116
96
123
112
82
97
98
90
89
81
89
79
80
85
94
93
84
80
81
81
75
78
83
82
96
83
86
88
78
67
80
78
94
76
70
83
79
74
92
66
83
77
83
63
72
75
80
61
71
70
74
79
66
76
75
66
66
62
73
68
70
69
66
70
82
79
60
73
68
65
77
60
65
62
66
50
65
35
48
53
57
61
52
59
45
58
49
60
67
47
53
74
56
52
57
80
42
48
55
57
52
51
56
40
46
58
63
57
63
57
46
56
45
55
35
77
60
50
58
58
63
64
44
45
34
64
53
65
46
66
55
46
60
53
46
54
56
49
58
48
37
28
41
39
35
43
43
44
35
39
39
46
32
41
40
30
29
38
32
31
44
45
31
51
30
43
42
32
39
35
35
36
40
35
30
33
41
31
35
40
36
31
39
26
35
37
34
30
31
34
30
25
37
37
34
37
39
29
31
30
44
30
24
33
34
33
33
28
28
38
30
31
32
35
33
32
41
31
26
34
28
34
34
22
24
29
30
27
26
25
31
26
25
25
25
26
29
19
24
32
31
27
30
36
28
29
21
25
23
27
32
28
32
29
24
19
31
35
25
23
28
22
24
18
23
32
23
25
29
17
21
25
28
21
28
24
17
29
29
25
20
20
37
21
25
27
24
24
33
29
29
25
23
25
23
21
33
20
19
23
22
15
17
26
18
22
27
15
21
30
22
19
19
28
25
21
11
22
22
19
18
22
23
16
26
25
20
17
24
19
20
25
22
22
16
29
22
27
27
17
26
19
22
9
18
21
23
22
21
20
28
23
18
21
19
24
22
20
20
18
17
24
17
18
17
22
18
18
15
14
29
14
23
15
16
11
23
24
18
26
14
22
17
20
18
16
14
20
16
14
19
17
22
22
18
23
26
16
23
18
20
16
16
24
23
14
19
18
23
15
8
15
18
16
17
22
13
15
25
23
13
19
11
18
17
18
24
15
18
9
8
15
21
11
22
21
21
18
16
13
14
15
16
18
18
21
19
18
18
19
22
11
11
19
21
14
16
20
19
25
15
22
13
16
17
16
17
13
19
16
13
15
17
18
15
24
18
20
17
19
10
18
16
17
22
14
14
13
15
21
15
13
11
13
15
18
20
12
16
15
14
12
16
10
16
27
15
19
19
14
15
9
10
16
22
11
13
16
19
18
16
19
16
14
22
13
7
18
7
18
15
19
22
16
18
13
18
16
15
20
13
6
11
13
17
14
18
16
12
13
18
15
9
16
10
8
7
9
9
6
8
13
10
9
11
18
5
7
6
8
7
8
7
9
5
11
9
4
16
8
8
5
3
5
6
5
6
7
11
5
4
6
6
7
14
8
7
6
7
6
9
11
9
9
12
4
7
12
8
7
8
5
5
4
8
3
6
10
10
6
9
9
5
5
10
4
4
10
5
6
3
6
7
7
6
8
8
12
6
5
4
8
12
7
10
6
9
5
8
5
10
6
11
6
9
8
6
5
9
5
6
6
6
7
8
7
9
5
6
13
4
6
5
9
6
7
2
10
7
4
11
10
4
8
12
9
6
10
5
11
13
11
7
13
6
11
15
16
18
18
8
11
10
23
14
5
15
14
11
8
9
5
4
8
3
3
7
2
8
5
4
4
7
5
8
6
3
7
5
3
4
3
5
6
2
10
3
4
8
3
8
4
9
4
8
7
7
3
2
$ENER_FIT:
0.000 1.498714 0.00000e+000
$MCA_CAL:
3
0.000 1.498714 0.00000e+000
$PEAKLABELS:
160.226, "Pb-212"
235.807, "Pb-214"
976.192, "K-40"
398.526, "Bi-214, Tl-208"
$ENDRECORD:
