$SPEC_ID:
PeakEasy Library File: Background (Los Alamos), Ortec Detective EX-100 (~40% HPGe)
$MEAS_TIM:
150000.00000 151044.95000
$DATE_MEA:
2-Dec-2010 3:44:47 PM
$DATA:
0 8191
0
0
0
0
0
0
0
0
0
0
0
0
1
0
1
0
1
0
0
1
0
2
2
1
1
1
0
2
1
1
0
1
2
2
1
4
4
8
6
413
10691
22413
22775
22338
22400
22264
21974
21624
21724
21528
21351
20863
20932
20671
20499
20442
20129
20338
19801
19596
19347
19559
19361
19147
19111
19058
19094
18966
18468
18377
18372
18372
17994
17913
17661
17717
17703
17398
17470
17325
17232
17169
16996
16973
17011
16718
16492
16463
16514
16196
16281
16171
16021
16042
16188
16034
15869
15857
15473
15839
15739
15274
15348
15075
15452
15208
15057
15026
15219
14734
14829
14807
14606
14852
14684
14802
14699
14632
14603
14615
14124
14414
14261
14243
14315
14394
14140
14026
13962
14167
14084
14385
14174
14097
13879
13835
14090
13886
13779
13824
13754
14073
14217
14246
14062
14382
13996
14158
14086
14486
14214
14250
14476
14398
14460
14496
14637
14750
14669
14804
14952
15056
14980
15189
15149
15279
15316
15612
15795
15791
15876
16211
16582
16736
16663
16761
16871
16870
17241
17439
17960
18958
20585
21615
21391
20929
22206
24126
25566
24854
21782
19972
19143
19445
19593
19314
19543
19721
20145
20259
20581
20710
20678
21430
22061
22645
22115
21698
22023
23049
24376
25955
26054
25886
24722
23744
22883
23205
23556
23843
23678
23490
22551
22402
22660
23241
22965
23275
23410
23930
24164
24220
24281
24167
24394
24733
24964
25564
25771
25764
25500
25628
25501
25329
26066
26128
26340
26404
26142
26367
26666
26847
27893
28210
28328
27964
27636
27389
27377
27156
27195
27272
27557
27692
28038
27724
27890
27830
28050
28413
28347
28617
28478
28727
28824
28786
28913
29010
28835
28911
28985
29248
29133
29600
29444
29428
29675
29680
29660
29841
29574
30060
30224
29769
29765
30020
30221
30233
30510
30305
30343
30079
30443
30489
30419
30153
30569
30575
30373
30676
30425
30557
30710
30619
30683
30429
30702
30699
30581
30324
30594
30493
30157
30520
30373
30536
30517
30838
30944
30514
30519
30633
30261
30689
30424
30873
30567
30511
30501
30567
30688
30377
30530
30570
30624
30200
30550
30497
30045
30267
30782
30786
30647
30337
30528
30300
29921
30246
30062
30060
29570
29944
29460
29481
29494
29281
29104
29239
29499
29226
29311
29430
29151
29212
29037
28866
28902
29199
28581
28623
28725
28662
28858
28930
28223
28329
28506
28488
28128
28120
28455
28051
28027
28380
27809
28256
27837
27795
27671
27355
27470
27596
27349
27436
27297
26964
27050
27077
26938
27118
26899
26907
26517
26645
26601
26342
26508
26390
26124
26086
26392
26252
26267
26011
25965
25858
25264
25721
25422
25297
25109
24969
25478
24949
25101
24826
24896
24894
25059
24687
24594
24325
24600
24222
24655
24332
24356
24188
24126
24096
23913
23998
23913
23674
23644
23398
23363
23432
23191
23209
23478
23124
23114
22928
22855
22694
22627
22427
22561
22537
22635
22557
22609
22374
22014
22414
22391
22102
22151
21821
21985
22236
21910
21849
21574
21904
21635
21646
21499
21533
21247
21465
21257
21149
21169
20986
21094
21058
20917
20870
21002
20820
20747
20611
20626
21223
21671
22690
23182
22864
21613
20791
20151
20012
19919
19826
19780
19979
19584
19565
19311
19536
19665
19280
19293
19210
19122
19220
18816
18731
18793
19123
18872
18923
18422
18620
18684
18772
18608
18468
18319
18493
18441
18309
18526
18451
18052
18255
17724
17986
18062
17831
17920
17919
17629
17618
17550
17498
17718
17478
17360
17221
17489
17356
17244
17067
16970
16908
16996
16980
17548
17780
17743
17518
17260
16861
16507
16671
16209
16296
16319
16223
16318
16118
16230
15991
16272
16105
15866
15773
15870
15984
15798
15908
15973
15812
15814
15445
15729
15663
15628
15435
15726
15483
15221
15471
15484
15408
15207
15162
15065
15089
14921
15278
14961
14924
14869
15063
14850
15091
14727
14811
14670
14762
14590
14510
14449
14490
14395
14570
14547
14282
14531
14006
14161
14026
14288
14115
14086
13777
13796
14034
13688
14055
13922
14139
13835
13977
14273
16008
19831
24790
27467
25758
20435
16100
14210
13842
14414
14950
15593
15797
15057
13922
12814
12340
12221
12208
12093
12084
12002
11974
12118
11889
11900
11719
11937
11894
11706
11812
11801
11747
11797
11710
11856
11700
11484
11327
11560
11667
11499
11397
11441
11188
11222
11075
11033
11120
11155
11090
11186
11157
11083
10877
10919
11023
11001
11135
11003
10739
10664
10710
10671
10650
10526
10481
10470
10430
10429
10279
10408
10364
10287
10255
10244
10142
10360
10301
10136
10110
10113
9984
10018
10171
10174
10327
10638
11010
11052
10983
10716
10278
9961
9859
9891
9808
9629
9534
9662
9650
9643
9540
9725
9616
9613
9683
9845
9990
9957
9881
9697
9403
9327
9203
9248
9234
9211
9251
9172
8818
8925
9013
9069
9016
8932
9001
8844
8988
8718
8675
8839
8809
8813
8870
8872
8770
8779
8738
8827
8902
8636
8662
8511
8483
8425
8390
8538
8505
8325
8483
8349
8408
8687
9137
10155
12344
14741
15124
13709
11054
9104
8377
7917
8000
7881
8042
7947
8162
8315
8632
9013
8779
8329
8002
7798
7943
7809
7723
7530
7739
7659
7448
7519
7509
7590
7420
7512
7415
7562
7608
7385
7441
7444
7462
7439
7302
7338
7305
7283
7357
7325
7297
7231
7163
7321
7489
7093
7058
7017
7249
7016
7078
7090
7070
7047
7152
6952
7107
6887
7164
6924
6932
6929
6932
7033
6776
7089
6812
6973
6846
6940
6800
6788
6891
6890
6729
6847
6641
6674
6727
6774
6689
6684
6771
6990
7321
7663
7368
7063
6943
6653
6627
6598
6699
6510
6481
6659
6581
6568
6512
6443
6523
6446
6333
6452
6331
6470
6369
6347
6446
6308
6680
7593
8865
9422
9613
8551
7339
6587
6292
6109
6253
6224
6166
6182
6013
5965
6013
5943
6016
5955
5934
5925
5892
5879
5947
6060
5847
5870
5775
5854
5964
5782
5877
5848
5816
5927
6304
7615
10343
14602
18059
18416
15217
10542
7444
5968
5540
5416
5344
5397
5348
5361
5375
5351
5315
5389
5251
5323
5286
5224
5388
5246
5274
5160
5326
5237
5115
5287
5274
5107
5033
5120
5255
5060
5186
5179
5175
5113
5086
4982
5118
5082
5035
5027
5015
4997
5027
5169
4992
5028
4958
5029
4864
4990
4854
4925
5034
4838
4863
4871
4971
5024
4988
4915
4954
4836
4896
4850
4845
4921
4888
4851
4951
4715
4774
4797
4829
4937
4745
4641
4684
4869
4618
4705
4763
4805
4669
4710
4726
4600
4643
4636
4613
4813
4540
4729
4870
4667
4729
4715
4655
4780
4904
4658
4562
4682
4580
4643
4549
4545
4637
4568
4555
4481
4418
4570
4576
4592
4410
4468
4512
4591
4464
4399
4344
4415
4420
4397
4501
4484
4388
4462
4392
4391
4310
4430
4406
4493
4501
4364
4405
4261
4313
4312
4447
4356
4362
4467
4327
4160
4250
4258
4196
4282
4360
4320
4554
4721
4700
4613
4461
4160
4260
4220
4126
4166
4169
4103
4043
4124
3980
4057
4177
4042
3976
4056
4044
4123
4048
4081
4001
4012
4062
3963
4009
4091
3983
3892
4058
3968
3959
4048
4123
3965
3954
3991
4007
3902
3918
3819
3941
3903
3896
3952
3928
3876
3839
3883
3908
3795
3828
3781
3871
3712
3847
3772
3786
3792
3742
3865
3778
3749
3787
3697
3693
3763
3776
3725
3631
3731
3704
3591
3758
3743
3730
3737
3768
3831
3936
3870
3831
3685
3633
3589
3644
3599
3631
3608
3617
3629
3611
3554
3486
3508
3656
3552
3568
3534
3563
3466
3503
3530
3506
3519
3441
3403
3422
3442
3503
3412
3545
3439
3414
3446
3436
3513
3592
3620
3486
3513
3587
3437
3515
3546
3439
3392
3388
3453
3321
3467
3422
3440
3344
3328
3327
3385
3401
3354
3354
3415
3497
3725
4065
4480
4528
4513
3943
3595
3380
3352
3258
3230
3338
3258
3252
3215
3218
3216
3234
3194
3277
3211
3228
3195
3171
3210
3216
3238
3215
3203
3156
3216
3156
3272
3187
3198
3253
3224
3094
3157
3190
3135
3171
3202
3151
3146
3112
3126
3188
3103
3099
3166
3256
3224
3149
3082
3041
3028
3095
3080
3117
3056
3058
3046
3046
3052
3059
3117
3169
3161
3111
3119
3043
2980
2975
2979
2990
3035
2936
2988
2981
2934
3006
2909
2946
2888
2980
2930
2987
2977
2973
2930
3019
2944
2919
2879
2902
2884
2979
2887
2894
2838
2936
2933
2887
2878
2880
2876
2903
2847
2977
2868
2885
2930
2873
2909
2892
2932
2861
2895
2762
2901
2854
2886
2861
2933
3066
3238
3451
3672
4001
4759
5797
6878
7626
7698
6921
6113
5141
4463
3865
3431
3213
3002
2904
2837
2825
2837
2770
2674
2675
2677
2664
2706
2758
2624
2719
2724
2748
2685
2691
2639
2653
2679
2588
2714
2672
2691
2721
2717
2628
2713
2632
2627
2639
2685
2710
2622
2647
2614
2593
2602
2635
2569
2596
2576
2616
2537
2635
2702
2527
2506
2599
2607
2534
2583
2611
2643
2591
2627
2616
2603
2602
2665
2556
2655
2511
2622
2511
2575
2556
2556
2656
2517
2499
2460
2582
2456
2477
2500
2487
2524
2511
2558
2540
2519
2444
2549
2487
2645
2377
2585
2531
2590
2538
2509
2469
2520
2418
2542
2494
2466
2441
2571
2437
2510
2443
2455
2426
2382
2448
2448
2496
2463
2461
2405
2448
2437
2403
2373
2347
2426
2441
2443
2387
2466
2381
2356
2412
2373
2418
2394
2397
2422
2582
2637
2557
2531
2452
2509
2378
2353
2356
2372
2378
2453
2421
2373
2385
2357
2414
2326
2369
2343
2419
2401
2384
2341
2495
2427
2375
2327
2419
2417
2407
2266
2281
2292
2433
2402
2321
2326
2362
2359
2358
2358
2310
2359
2305
2352
2436
2347
2376
2396
2469
2463
2415
2480
3028
4135
6137
8782
10098
9569
7847
5376
3457
2601
2241
2149
2225
2156
2147
2156
2163
2243
2264
2099
2183
2202
2079
2122
2157
2113
2183
2155
2182
2086
2183
2099
2152
2185
2154
2120
2134
2239
2215
2112
2134
2159
2143
2210
2170
2121
2198
2212
2223
2173
2156
2059
2134
2150
2158
2083
2175
2046
2144
2173
2127
2155
2132
2159
2137
2187
2114
2105
2154
2242
2405
2875
4523
7634
11649
15097
15780
13478
9198
5403
3175
2258
2011
1999
1945
1894
1812
1898
2047
1939
1899
1954
1915
1916
2017
1970
1908
1926
1904
1921
1894
1898
1901
1888
1923
1909
1964
1931
1888
1918
1887
1970
1874
1886
1882
1927
1925
1907
1960
1868
1905
1847
1900
1876
1901
1848
1887
1842
1905
1826
1794
1952
1889
1905
1882
1835
1844
1858
1838
1800
1932
1846
1840
1837
1866
1795
1837
1849
1850
1854
1821
1884
1918
1872
1852
1858
1869
1859
1821
1840
1808
1853
1799
1746
1814
1891
1850
1783
1824
1799
1870
1876
1844
1788
1795
1798
1767
1750
1796
1827
1804
1769
1820
1803
1869
1798
1758
1799
1839
1813
1819
1797
1752
1823
1779
1810
1826
1761
1786
1815
1766
1688
1835
1789
1716
1759
1724
1754
1780
1819
1779
1810
1744
1689
1739
1884
1757
1962
1955
1899
1887
1821
1725
1772
1750
1754
1944
2047
2154
2177
2005
2051
1864
1797
1802
1729
1810
1719
1720
1709
1631
1728
1738
1712
1813
1735
1697
1764
1743
1657
1669
1727
1767
1707
1786
1841
1716
1668
1715
1764
1793
1697
1628
1663
1730
1659
1713
1655
1775
1678
1719
1713
1686
1708
1775
1754
1680
1696
1753
1806
1705
1693
1741
1637
1658
1728
1662
1707
1711
1710
1676
1726
1733
1652
1630
1667
1704
1679
1654
1658
1654
1598
1678
1641
1699
1643
1694
1598
1701
1638
1691
1645
1707
1620
1696
1675
1620
1748
1726
1691
1694
1679
1752
1631
1734
1609
1695
1723
1703
1822
1836
1783
1824
1760
1736
1681
1672
1597
1645
1713
1651
1757
1643
1637
1681
1678
1656
1647
1589
1603
1621
1635
1674
1735
1643
1614
1579
1565
1647
1592
1599
1633
1513
1558
1604
1535
1586
1543
1595
1511
1668
1641
1639
1571
1600
1570
1662
1670
1665
1709
1543
1511
1542
1557
1646
1570
1554
1557
1521
1530
1550
1562
1612
1615
1825
2091
2641
3001
3317
3173
2831
2202
1864
1648
1480
1519
1535
1561
1598
1510
1550
1591
1510
1444
1530
1500
1481
1539
1393
1467
1507
1548
1480
1470
1453
1544
1513
1533
1421
1529
1538
1498
1496
1489
1443
1493
1495
1575
1508
1579
1630
1619
1493
1557
1534
1492
1560
1483
1472
1531
1526
1476
1410
1534
1461
1479
1406
1499
1476
1468
1441
1428
1393
1457
1466
1469
1514
1521
1495
1544
1481
1563
1556
1651
1633
1665
1676
1603
1495
1465
1444
1418
1444
1465
1426
1415
1432
1446
1519
1431
1460
1410
1471
1491
1491
1472
1538
1629
1597
1541
1404
1461
1507
1533
1615
1630
1672
1847
2215
2474
2715
2736
2492
2033
1765
1566
1442
1423
1439
1627
1684
1742
1741
1606
1524
1434
1348
1340
1372
1377
1367
1379
1308
1335
1349
1270
1348
1359
1277
1346
1327
1345
1289
1301
1345
1439
1457
1429
1446
1485
1401
1434
1350
1314
1498
1570
1733
1806
1916
1856
1654
1543
1408
1416
1355
1290
1372
1336
1407
1348
1375
1332
1341
1282
1303
1332
1296
1335
1385
1444
1631
1949
2154
2283
2183
2016
1772
1460
1427
1376
1263
1337
1296
1350
1233
1232
1288
1272
1238
1289
1175
1313
1286
1287
1270
1273
1316
1273
1265
1284
1364
1395
1477
1559
1670
1607
1497
1411
1366
1325
1277
1300
1284
1323
1313
1254
1304
1263
1262
1303
1251
1273
1230
1298
1256
1229
1272
1249
1310
1278
1277
1269
1261
1323
1278
1290
1258
1235
1246
1275
1295
1216
1246
1234
1335
1332
1241
1273
1304
1204
1257
1237
1165
1252
1268
1292
1286
1209
1373
1249
1253
1287
1278
1250
1194
1227
1263
1295
1318
1345
1350
1364
1378
1363
1350
1254
1323
1318
1276
1253
1280
1327
1391
1554
1631
1579
1541
1400
1348
1269
1242
1260
1307
1358
1402
1491
1406
1435
1445
1343
1345
1215
1244
1205
1139
1244
1189
1134
1207
1207
1258
1236
1148
1286
1209
1323
1302
1240
1165
1220
1214
1128
1162
1200
1229
1227
1189
1263
1245
1214
1143
1198
1099
1218
1235
1207
1188
1190
1179
1194
1229
1219
1187
1188
1219
1199
1206
1159
1305
1437
1660
2025
2124
2185
1956
1746
1437
1278
1197
1174
1132
1177
1159
1213
1149
1149
1173
1210
1159
1198
1133
1140
1158
1128
1114
1174
1158
1130
1142
1194
1132
1226
1113
1189
1099
1187
1132
1172
1201
1213
1116
1186
1126
1162
1228
1186
1101
1183
1193
1152
1140
1187
1216
1191
1155
1130
1143
1169
1174
1170
1151
1174
1161
1132
1133
1164
1163
1093
1209
1132
1107
1197
1152
1163
1119
1176
1148
1153
1239
1113
1186
1111
1176
1213
1154
1105
1144
1149
1191
1228
1251
1177
1244
1164
1216
1208
1218
1149
1128
1151
1211
1115
1152
1127
1173
1119
1129
1106
1126
1113
1116
1091
1081
1168
1122
1152
1152
1117
1156
1201
1228
1241
1326
1291
1244
1185
1157
1068
1125
1070
1115
1140
1114
1116
1155
1280
1628
2297
3326
4939
6465
6928
6488
5047
3479
2143
1481
1136
1098
1066
1105
1035
1090
1027
1119
1073
1094
1066
1033
1095
1069
1089
1098
1090
1046
1035
1065
1134
1034
1073
1029
1061
1023
1005
1049
1118
1018
1067
1111
1093
1000
1111
1049
1042
1022
1101
1089
1048
1096
1029
1037
1064
1006
1115
1055
1138
1084
1097
1070
1165
1196
1502
1710
1868
1855
1715
1486
1327
1127
1044
1095
1031
1011
1076
1081
1149
1044
1054
1003
1052
1076
1033
1022
1044
1028
1027
1119
1065
1076
1095
1080
1094
1041
1054
1066
1054
997
1022
1057
1006
1086
1088
1140
1190
1246
1252
1309
1230
1209
1215
1136
1190
1102
1072
1039
1044
1012
1108
1014
1053
1014
1014
1067
1041
1071
1055
973
1077
1038
1109
1026
1071
1042
983
1013
1053
1031
997
1072
1063
1009
1090
1098
1234
1424
1593
2063
2162
2138
1949
1597
1337
1189
1212
1367
1855
2503
3395
4307
4580
4246
3253
2344
1610
1262
1045
1012
999
994
1027
971
1012
969
1027
992
916
993
957
942
1023
973
1004
980
936
1055
994
933
998
959
1019
989
1000
952
939
1026
935
983
960
1028
1008
987
988
964
1007
1027
990
982
977
1002
992
994
1040
1017
941
1005
1004
982
901
1008
932
959
919
949
968
990
972
930
956
1030
946
943
951
953
892
946
966
933
976
935
974
981
1018
1029
993
1082
1155
1214
1221
1213
1117
1004
985
995
1009
954
925
942
928
977
910
974
1010
942
892
999
981
953
916
902
970
992
962
968
961
992
939
1013
945
921
951
1028
937
983
1014
955
943
944
955
909
963
948
950
931
937
971
955
937
914
1013
957
937
964
996
923
991
1008
920
1000
915
966
905
964
957
969
972
985
874
937
927
929
964
1013
901
906
956
967
925
924
966
948
942
1016
990
1011
1022
985
1005
917
935
908
916
916
933
932
965
956
946
931
982
905
941
938
899
938
938
941
902
960
944
949
905
907
975
973
910
967
942
980
943
937
949
914
927
900
887
932
946
930
921
982
944
926
929
946
999
1087
1009
1026
953
992
954
958
949
892
939
930
947
959
951
914
947
917
964
933
979
894
895
931
957
915
938
913
931
911
1028
972
894
916
925
905
937
998
1023
959
937
894
990
970
989
959
950
929
961
981
980
956
973
981
984
964
931
957
970
939
936
918
894
945
905
977
973
914
902
957
936
970
1010
995
1080
1017
1020
1044
974
937
925
956
929
874
968
942
897
922
995
936
955
897
859
917
950
949
931
953
917
979
918
945
972
928
923
896
908
921
914
867
930
892
981
903
904
930
895
958
932
964
972
974
966
943
962
976
906
958
976
934
925
942
956
875
893
890
927
939
972
942
939
951
932
937
979
970
1026
982
947
994
925
952
915
954
913
910
922
919
969
999
1011
994
1016
1032
992
1050
944
943
948
921
915
930
950
908
945
1014
970
933
923
952
938
997
1122
1181
1537
2130
3008
3993
4633
4601
3998
3174
2189
1449
1142
1041
890
931
898
942
936
908
967
973
934
924
895
872
923
888
895
903
935
941
913
949
936
913
923
885
925
987
949
936
953
1013
1006
968
948
966
942
962
918
953
914
941
980
946
983
960
922
918
869
897
906
914
908
959
892
916
882
955
969
853
916
875
897
876
879
926
980
952
968
892
936
981
915
949
1023
950
957
933
937
989
936
984
932
948
1015
983
1023
1102
1235
1350
1335
1305
1234
1189
1000
999
1020
935
941
921
995
967
962
908
904
924
954
954
997
984
946
939
935
977
964
971
894
939
957
991
965
933
922
916
883
955
982
929
932
937
914
953
955
945
923
1024
1037
1024
1083
1112
1073
1032
989
993
967
1031
993
937
1017
962
953
939
1021
906
962
991
959
885
964
1011
987
957
1019
969
1005
1027
1033
993
1005
933
966
1010
968
966
987
934
957
928
952
993
977
1036
944
966
957
896
916
983
960
933
911
1006
961
962
1017
965
964
1004
965
994
1011
998
909
1058
966
973
969
971
971
929
983
970
979
934
1038
953
932
980
956
988
970
930
964
983
998
1004
992
1024
992
1043
989
1076
1080
1064
1097
1038
1053
971
969
964
1034
955
974
947
1008
1032
933
980
974
999
956
1045
985
975
978
980
1002
1016
1046
983
1038
1006
1008
1032
1049
1016
1075
1004
1018
1038
996
972
1042
982
1007
974
1033
1025
1036
998
998
1017
1016
1027
1001
1047
1003
1041
1002
977
1041
988
1039
974
972
1020
1037
1022
986
1035
1054
1040
1087
1028
1030
979
947
1017
1036
999
1068
1152
1218
1490
1807
2105
2321
2448
2292
1829
1476
1307
1044
960
964
987
924
911
947
859
886
904
885
886
877
856
851
856
838
928
858
868
878
877
834
822
783
809
802
758
803
853
794
729
798
829
840
828
861
854
817
801
839
748
739
728
731
799
742
728
723
761
732
753
769
735
753
735
689
707
719
737
738
720
726
716
745
720
749
731
692
701
728
744
719
736
724
707
741
701
738
697
712
682
719
703
716
743
715
701
675
658
688
752
714
699
690
732
710
670
682
660
714
667
673
664
664
722
694
737
766
909
924
968
1016
952
904
834
695
662
731
653
696
690
626
650
675
636
632
660
623
634
697
638
635
648
640
629
644
605
634
631
596
648
637
669
593
649
605
623
621
568
639
617
655
661
577
599
600
590
630
553
616
603
623
627
626
624
573
579
567
648
662
659
633
680
594
596
642
573
583
569
549
599
620
578
605
611
589
547
591
578
580
512
599
557
615
529
573
569
573
552
594
613
549
563
590
581
518
582
575
522
579
587
578
557
544
524
538
521
564
488
549
522
534
549
541
491
563
565
533
537
531
544
574
531
499
521
514
470
487
502
505
553
490
502
510
538
542
510
552
540
557
556
570
597
594
521
493
504
505
521
548
485
472
512
496
474
489
473
490
490
494
465
433
447
471
459
475
455
498
455
485
466
464
499
425
458
457
483
456
502
497
464
461
444
439
439
479
495
456
434
441
410
473
439
462
447
411
474
459
428
447
492
450
416
423
468
453
436
423
421
413
438
450
438
450
427
416
432
462
401
438
411
411
420
407
451
416
388
425
377
403
406
441
379
432
398
436
417
402
410
423
382
441
432
410
398
402
419
410
413
413
402
385
414
393
392
420
394
415
416
485
521
666
829
1028
1253
1358
1215
1050
879
641
511
414
429
383
402
406
379
439
376
365
435
392
410
508
507
585
536
560
503
458
437
397
412
391
372
397
377
398
341
400
339
364
362
363
407
394
369
362
332
346
358
410
371
368
374
334
378
382
382
377
370
393
366
366
379
408
437
499
592
679
652
676
589
512
473
443
407
360
375
367
359
400
407
428
543
639
798
870
921
872
709
636
501
394
371
388
349
375
361
365
327
368
347
381
363
399
362
376
332
388
370
336
385
350
337
359
345
339
363
386
364
376
349
354
340
357
366
362
339
360
403
357
347
384
373
354
392
375
386
356
377
344
384
349
322
342
367
343
368
342
323
341
352
360
347
362
332
398
381
347
381
409
413
391
385
323
406
372
367
357
327
359
398
323
352
350
388
380
385
370
344
339
387
349
352
337
338
353
391
349
351
345
366
390
358
377
386
360
350
388
375
357
393
348
420
390
377
371
414
416
398
409
426
422
414
442
451
453
444
452
477
579
641
724
1102
1699
3122
5870
10381
17049
25086
33372
36699
35720
29317
20758
12480
6528
2909
1231
551
290
235
214
214
210
187
216
176
214
181
219
202
220
194
213
206
213
219
228
185
224
204
205
181
194
205
203
188
199
208
205
210
201
191
217
215
215
228
203
218
240
231
213
238
229
208
221
202
222
220
217
195
206
193
215
193
231
212
206
219
204
210
192
196
197
223
212
178
227
212
184
216
225
205
209
218
197
211
217
224
212
242
225
264
304
307
339
385
352
369
286
256
205
214
202
211
228
233
236
240
251
245
302
282
278
250
233
228
234
222
209
202
236
195
221
206
222
258
265
303
395
443
555
679
668
636
503
396
343
256
223
267
266
264
231
243
238
229
184
212
220
204
223
231
190
199
183
205
197
199
224
200
199
175
200
188
184
207
175
192
202
181
206
199
166
206
193
203
235
192
214
198
199
169
208
212
199
233
188
231
196
231
194
212
200
193
189
203
208
203
191
188
200
179
196
209
183
187
191
228
221
258
275
318
304
317
267
236
229
206
203
173
186
189
223
231
229
256
238
225
217
181
190
196
183
161
175
185
181
185
177
174
187
189
182
220
166
198
165
162
211
186
167
164
193
176
180
184
168
186
174
168
211
204
216
194
214
164
173
176
168
167
164
174
153
170
171
179
170
171
180
173
172
151
158
171
156
185
179
170
174
161
162
157
163
183
189
155
175
159
147
186
164
161
149
153
163
159
164
172
192
167
163
156
164
164
189
183
185
166
170
161
169
197
218
211
250
248
254
290
262
256
241
251
309
325
324
330
299
267
224
203
195
212
258
368
452
588
678
742
776
621
520
401
289
236
249
323
353
470
535
586
580
548
466
366
336
237
238
220
211
201
147
175
165
207
192
191
221
195
222
207
223
222
163
181
197
178
182
151
133
168
151
165
153
151
146
156
170
167
159
186
171
151
164
169
172
190
132
175
169
177
176
137
140
181
165
145
162
160
166
134
159
153
161
153
148
144
177
162
152
159
186
197
242
262
349
391
407
402
365
293
271
208
178
155
187
200
173
179
198
173
170
153
178
137
133
153
157
179
188
223
301
349
379
447
435
411
317
238
199
168
175
161
145
143
138
150
137
165
125
147
181
181
214
204
201
218
218
181
146
151
164
138
156
129
139
134
138
137
157
115
147
130
143
131
156
139
146
138
142
119
125
131
138
147
129
139
138
143
135
156
122
141
116
131
116
149
128
139
139
142
126
144
143
157
145
163
140
131
139
149
151
147
191
201
274
316
346
349
375
321
223
241
183
136
129
137
149
134
163
146
153
177
179
157
132
139
135
133
143
119
136
142
135
149
140
136
126
145
132
139
150
122
127
115
111
132
122
154
136
139
119
156
159
143
147
130
148
133
123
123
121
153
142
139
131
146
146
170
164
175
170
174
176
148
121
124
152
151
136
129
123
140
131
137
121
122
129
114
140
156
157
154
172
160
159
178
177
153
153
141
161
120
138
123
127
119
130
125
121
144
128
126
110
125
127
120
126
123
140
130
128
130
135
122
115
145
123
142
144
146
128
120
126
102
122
127
115
135
133
133
119
127
142
132
127
125
126
128
124
125
121
127
132
128
126
142
126
107
125
130
135
138
137
131
103
118
116
128
129
112
114
103
137
136
136
118
115
112
137
144
126
130
140
133
133
133
151
157
219
243
372
493
644
709
673
635
539
393
325
211
177
147
138
114
123
131
114
125
113
101
129
128
125
122
131
123
126
124
138
125
123
107
124
117
141
118
119
125
108
116
115
111
115
109
130
120
121
145
114
143
124
125
133
120
125
97
114
123
132
129
132
116
125
124
116
111
122
108
137
127
133
122
126
122
125
124
126
112
136
125
121
146
121
148
106
154
133
137
151
170
163
225
321
438
739
1173
1784
2375
3048
3202
3169
2650
1925
1294
793
410
246
146
129
107
117
105
98
102
119
111
114
103
114
101
117
107
116
122
115
123
107
109
110
100
112
122
110
91
114
120
126
127
123
138
113
127
116
121
119
117
113
103
139
113
113
119
108
109
103
102
116
120
106
112
130
93
96
103
89
104
123
107
120
111
112
124
103
113
124
94
109
112
109
103
107
127
113
111
109
98
105
97
111
91
95
99
103
108
98
113
112
120
117
112
104
126
111
116
98
122
111
118
131
112
113
115
129
125
127
136
114
121
102
121
127
116
114
117
124
99
121
121
136
122
136
105
100
126
111
111
112
120
105
118
114
101
115
109
133
86
96
111
116
120
89
140
101
101
103
113
117
114
133
117
122
126
113
95
108
121
115
107
92
123
112
94
99
118
107
115
116
135
106
133
104
100
118
116
121
118
104
118
108
119
112
120
111
130
117
129
148
145
158
156
197
170
193
177
162
122
121
118
116
118
116
131
121
104
116
141
113
143
128
136
213
218
268
371
444
517
534
451
382
336
225
176
133
140
115
118
112
127
107
130
121
102
111
121
120
111
128
123
106
109
108
110
115
81
114
97
119
99
86
105
115
115
131
107
117
114
122
96
112
111
99
112
100
108
124
121
99
138
101
115
123
108
96
113
101
115
105
105
119
107
109
119
145
157
138
167
140
158
132
145
117
136
127
125
109
127
121
97
111
107
116
125
119
97
123
101
107
98
117
139
109
107
112
126
106
97
103
101
124
111
109
100
128
117
125
115
124
117
121
114
131
121
114
117
121
113
129
125
95
127
104
102
123
100
140
142
121
140
131
125
142
127
136
105
110
105
97
110
107
137
81
120
105
115
126
102
114
115
101
128
128
102
99
123
116
121
107
125
109
126
103
111
102
113
101
124
109
121
132
132
92
103
113
112
103
108
93
101
156
117
114
101
114
89
100
97
116
111
95
127
119
108
123
119
113
136
99
118
101
127
110
107
120
121
110
118
122
107
124
103
114
121
114
103
111
97
113
122
108
117
118
123
118
114
161
94
110
116
125
126
124
105
99
121
120
123
115
126
128
153
119
155
136
145
115
114
122
124
111
107
107
124
122
98
105
106
103
118
101
130
108
118
117
111
114
111
114
115
106
108
114
124
129
106
107
135
119
124
128
130
105
120
126
105
121
118
120
96
116
118
114
116
110
117
101
113
125
119
88
133
85
103
108
129
107
130
119
93
98
95
96
107
108
123
99
113
125
132
119
113
109
105
115
120
114
102
116
99
106
108
98
106
127
117
99
101
103
111
124
94
105
110
107
106
103
97
97
110
113
112
117
102
103
104
116
104
104
96
102
105
93
119
121
92
82
106
95
102
112
95
102
98
108
97
94
78
88
112
81
76
117
112
104
94
94
105
95
106
103
98
104
103
110
91
101
110
101
92
101
87
95
97
92
111
106
99
91
75
99
104
109
98
111
90
99
99
99
88
107
110
108
91
89
100
127
108
103
89
99
108
105
101
106
96
99
92
82
102
102
85
99
104
99
94
105
84
94
97
92
106
90
100
89
88
100
97
89
93
99
99
98
83
107
95
102
91
106
103
86
94
103
102
104
111
93
91
97
87
94
91
113
91
109
86
97
97
101
98
90
94
86
100
90
93
116
98
101
97
92
94
100
83
106
76
116
92
107
108
89
85
104
99
88
85
91
96
94
99
115
92
96
99
91
98
98
82
90
99
106
104
103
109
118
107
101
91
90
99
98
103
79
77
103
96
90
81
88
96
101
105
109
77
111
108
112
103
105
118
93
112
91
108
90
108
92
94
104
88
109
99
95
110
110
93
77
85
105
92
106
85
102
103
95
96
101
80
94
87
89
102
91
90
88
107
96
97
83
98
94
79
113
107
98
101
84
87
94
85
106
100
100
107
101
96
95
89
105
88
92
104
96
101
82
87
91
88
100
87
101
84
85
82
107
89
89
104
75
86
95
80
84
91
99
103
81
94
93
93
84
93
95
92
99
84
93
102
111
98
112
120
111
100
115
109
99
98
99
96
91
115
100
109
89
83
82
104
105
113
99
93
80
109
100
104
112
122
127
153
228
218
303
405
475
529
556
625
598
530
501
444
341
275
228
160
159
148
120
125
108
111
114
89
122
100
121
103
118
88
108
82
94
100
94
103
100
98
95
117
101
114
122
145
178
207
225
311
299
280
298
230
165
149
120
115
89
85
94
80
94
93
97
88
96
90
95
106
99
97
87
98
98
96
107
96
93
100
94
106
82
110
82
110
84
95
92
89
100
105
88
86
90
103
78
84
91
107
91
105
96
90
88
105
100
104
94
112
106
108
98
86
108
91
99
88
93
92
91
104
95
110
104
93
105
94
98
96
108
93
105
97
101
86
73
100
87
89
95
78
102
99
87
97
103
99
107
93
85
88
107
101
99
93
93
94
84
86
124
96
104
99
89
103
108
101
91
101
114
97
96
89
91
92
98
108
111
102
96
90
91
93
100
95
96
87
109
79
101
110
101
94
94
96
80
103
103
88
99
111
107
99
94
91
87
81
94
94
102
95
84
90
89
86
79
96
101
108
101
82
96
100
90
93
87
96
113
112
101
102
91
97
115
100
92
117
94
93
93
85
90
110
85
111
98
114
94
102
107
102
103
110
106
114
120
112
97
106
113
118
99
99
86
104
100
98
113
112
101
106
115
128
133
134
145
192
278
322
506
631
790
912
973
999
786
630
401
318
228
156
138
98
96
101
78
102
93
80
103
87
94
89
101
106
85
98
99
98
104
103
86
112
107
100
92
103
99
109
80
100
101
102
101
94
96
100
89
112
101
124
114
114
126
128
133
141
140
132
122
128
100
121
92
100
102
91
94
88
85
108
84
85
83
95
99
99
88
101
79
101
85
82
101
104
102
103
98
104
103
88
96
82
96
96
104
105
98
81
94
111
100
109
84
91
83
82
90
109
115
99
96
78
127
98
93
95
91
88
101
78
114
102
98
101
90
85
110
99
114
106
109
99
101
116
77
116
82
107
103
85
94
101
99
94
84
122
95
91
92
97
82
116
92
101
83
108
98
101
118
106
100
81
97
105
105
96
82
74
83
91
106
97
91
121
106
94
95
96
125
113
96
91
102
98
101
91
83
107
107
110
100
100
106
94
111
118
112
95
93
109
105
108
108
97
123
109
108
93
101
105
119
108
91
113
105
113
110
99
115
120
109
110
101
127
82
111
87
100
102
110
111
109
107
108
128
91
111
100
104
126
125
132
132
154
149
159
175
126
148
116
127
115
100
101
99
103
119
93
114
104
108
91
94
105
110
106
103
108
129
109
98
105
110
97
112
121
131
125
93
108
102
93
104
111
110
97
104
117
105
105
81
117
117
114
92
114
124
95
108
106
112
110
103
100
98
107
111
92
111
124
103
94
117
106
101
106
125
104
109
108
101
107
96
97
98
136
113
114
111
96
109
112
98
101
117
101
95
103
96
93
126
111
95
124
105
120
102
95
128
113
106
104
111
141
120
108
106
95
112
98
136
101
126
109
105
125
117
105
115
102
120
125
122
122
113
109
118
118
131
117
94
124
115
100
116
101
120
123
111
94
115
107
118
94
110
101
128
103
112
142
102
80
113
122
130
97
109
115
118
108
111
116
135
115
105
119
136
113
120
119
116
117
115
109
120
115
125
134
115
107
100
120
106
131
142
133
116
123
125
118
120
125
117
123
132
103
118
128
113
117
132
124
133
122
99
106
130
117
118
125
108
128
130
122
124
134
115
111
118
109
123
111
121
135
120
117
112
117
102
120
101
85
93
89
118
100
95
103
116
104
119
106
102
109
111
89
97
105
90
80
98
83
85
85
91
91
75
78
74
91
93
95
97
104
79
86
88
81
91
93
85
98
99
82
76
83
94
89
71
84
91
84
65
85
91
94
79
86
87
71
85
90
71
80
72
71
85
81
90
80
70
73
83
74
90
96
90
87
98
82
79
72
82
89
78
67
81
84
77
70
80
84
66
77
70
73
59
72
66
85
82
78
50
81
73
70
80
62
82
67
80
72
87
89
78
67
78
82
70
83
96
85
80
87
66
68
68
98
67
64
59
84
78
75
70
90
70
72
88
74
56
73
80
51
63
69
60
66
65
72
72
79
76
69
61
76
77
80
76
55
69
59
75
73
73
62
74
75
69
80
68
79
61
62
54
64
69
81
71
90
107
109
139
170
221
265
346
276
316
285
260
179
148
102
71
78
72
66
62
68
64
52
40
69
52
52
71
54
52
67
64
71
46
46
63
64
59
52
61
55
61
65
44
61
62
56
55
62
51
60
65
53
50
65
60
60
62
59
61
53
57
52
49
54
59
55
47
61
47
53
49
52
45
59
50
46
53
62
45
61
51
72
46
51
48
29
54
44
53
40
53
59
35
44
44
45
51
46
49
42
39
49
37
37
54
57
50
53
62
45
42
47
40
44
45
37
32
47
33
37
57
39
49
44
42
53
59
46
35
44
41
48
45
34
39
38
30
35
45
45
41
48
36
48
39
46
49
48
39
38
31
33
30
20
30
41
30
30
39
29
32
35
40
29
47
29
34
36
32
38
24
35
36
37
29
27
32
35
23
40
27
31
30
34
28
26
29
24
33
27
34
33
32
25
33
31
29
25
32
25
21
28
36
31
30
18
29
26
25
31
26
28
21
39
30
22
20
32
29
28
27
34
24
28
25
36
28
30
36
24
27
21
29
24
37
25
31
32
28
22
32
19
24
28
34
31
26
29
19
25
33
33
27
23
27
26
23
25
17
30
22
25
36
31
23
24
21
23
27
27
21
25
24
23
28
18
23
23
28
43
27
23
25
18
29
20
21
18
17
29
29
27
21
28
37
19
23
24
20
15
24
21
19
21
23
23
30
14
27
30
32
28
28
28
36
22
21
29
21
22
28
20
27
28
24
28
24
21
25
15
28
18
24
22
32
29
17
27
12
24
25
20
20
40
38
28
22
15
34
23
25
20
25
18
26
26
26
24
24
12
14
22
25
26
28
23
16
21
21
29
22
29
17
23
27
30
12
28
29
24
28
27
19
24
20
27
29
27
23
21
22
19
22
20
24
28
23
34
24
23
26
20
18
26
29
19
27
26
19
21
33
27
25
25
30
34
32
21
16
23
16
38
30
25
24
26
21
23
34
35
29
29
32
38
36
27
33
32
28
31
30
25
46
37
42
39
55
48
53
69
77
102
174
234
279
522
750
1184
1774
2531
3360
4020
4546
4689
4364
3666
3019
2076
1344
717
418
187
85
39
19
9
8
10
9
8
7
5
10
12
7
7
7
7
5
10
12
8
8
11
13
4
7
9
9
11
7
10
15
8
8
13
6
8
14
9
13
6
18
6
16
11
8
5
7
10
9
14
15
11
13
7
4
6
4
9
11
9
7
7
10
8
6
7
14
10
9
10
12
12
9
8
11
14
14
7
7
8
11
6
6
4
11
10
3
9
4
7
6
11
12
9
8
7
8
10
2
11
3
7
9
9
10
12
11
10
10
6
11
10
7
6
6
12
12
6
6
12
4
8
12
6
14
7
2
12
10
11
8
7
9
6
7
6
8
5
16
7
9
10
10
16
9
9
15
7
8
13
8
12
10
5
12
10
7
15
15
7
7
14
6
10
8
9
3
8
12
9
7
10
12
8
8
6
13
11
11
8
7
13
14
10
9
2
8
10
6
9
6
7
7
9
9
9
8
8
9
8
10
10
4
11
9
13
13
9
13
9
6
7
10
13
8
9
5
7
11
8
7
8
6
8
12
8
6
6
9
8
12
12
7
6
12
9
7
6
8
11
7
7
15
7
8
6
6
4
7
5
14
4
11
9
12
7
6
9
5
9
1
3
5
11
7
5
8
4
9
14
9
12
7
10
10
9
9
10
7
7
11
14
7
10
14
8
14
8
6
4
6
7
12
10
7
14
12
11
12
16
12
9
7
7
14
13
5
8
7
12
6
6
7
13
14
8
9
14
12
6
14
9
12
5
12
3
15
10
14
6
13
10
8
5
7
13
12
10
11
9
9
9
9
10
10
11
5
7
10
6
7
12
8
10
10
15
9
9
5
9
15
11
12
8
12
13
13
15
15
10
11
7
6
11
7
4
9
6
5
9
11
12
7
9
9
12
8
12
6
10
7
5
13
6
8
12
9
11
8
8
8
12
12
12
11
12
12
7
8
14
7
12
12
7
13
14
13
11
10
9
16
6
11
8
4
4
13
12
8
7
10
10
10
8
7
11
9
7
5
8
9
14
7
6
6
9
10
9
8
14
7
10
7
6
12
10
7
8
13
9
5
6
8
8
16
5
16
13
8
12
8
10
4
7
7
8
14
13
7
11
9
9
9
10
6
8
8
9
7
9
7
6
13
8
5
9
8
7
5
10
5
11
8
6
11
7
12
8
6
7
9
8
3
8
4
14
12
6
7
8
7
5
8
7
5
7
14
5
9
8
9
7
7
9
8
7
10
9
8
11
8
6
6
9
9
5
11
5
9
7
5
6
12
3
10
10
10
10
7
8
4
9
7
6
12
6
10
10
6
12
14
4
12
6
7
7
6
5
12
12
10
5
12
7
9
10
4
7
8
12
11
4
9
10
6
6
10
4
12
11
8
9
7
9
7
9
5
11
2
9
9
11
10
8
5
7
8
9
7
9
5
10
7
11
7
8
5
8
9
9
8
5
12
7
8
8
5
9
7
9
6
11
7
4
5
5
9
10
5
10
12
7
11
7
4
7
7
11
7
8
8
11
2
10
5
8
11
9
6
12
12
6
6
5
11
7
8
8
8
12
5
10
3
13
9
14
14
5
9
8
10
6
5
6
7
3
7
10
4
7
7
5
3
5
11
6
11
7
6
6
9
3
8
4
8
10
9
5
15
4
6
3
12
9
6
5
14
9
7
8
8
9
4
4
7
6
10
13
9
5
4
7
6
11
8
7
9
5
9
7
6
7
11
11
7
5
9
9
13
11
8
4
10
9
5
9
10
14
10
8
4
9
3
12
15
7
8
9
6
8
11
11
8
8
10
7
8
8
6
11
8
6
10
9
8
7
8
7
6
9
8
7
7
11
6
7
6
8
7
10
3
13
11
9
8
4
10
9
7
5
9
8
7
10
8
11
19
9
13
6
8
11
8
21
12
6
10
10
15
6
7
8
5
9
9
3
6
10
8
9
9
6
4
10
8
8
9
7
5
6
4
9
8
7
3
8
8
7
4
6
11
10
11
7
6
12
4
9
5
11
6
8
9
7
10
7
6
14
7
7
7
8
8
16
11
7
5
6
6
3
6
7
7
8
6
4
8
4
7
6
6
8
9
8
11
10
4
9
4
7
5
4
7
9
8
10
8
5
12
6
9
5
7
8
6
6
10
6
7
8
8
9
12
15
6
10
7
4
8
6
6
9
8
10
7
12
8
5
6
8
8
4
4
6
9
12
6
8
7
9
6
6
12
8
3
10
9
12
10
8
6
6
5
7
12
10
5
3
10
12
13
7
7
7
7
10
11
10
12
9
5
14
6
6
6
8
7
12
3
9
8
11
11
4
12
15
10
5
3
8
7
11
11
6
7
8
7
8
11
8
6
5
8
3
8
1
4
8
2
$ENER_FIT:
0.178 0.365822 1.64107e-008
$MCA_CAL:
3
0.178 0.365822 1.64107e-008
$PEAKLABELS:
3992.720, "K-40"
352.625, "Ac-228"
253.933, "Mult."
652.272, "Pb-212"
962.061, "Pb-214"
572.071, "Ac-228"
661.421, "Pb-214"
1665.209, "Bi-214"
807.249, "Pb-214"
738.582, "Ac-228"
1593.814, "Tl-208"
757.770, "Tl-208"
924.932, "Ac-228"
820.731, "Pb-212"
896.701, "Ac-228"
2490.518, "Ac-228"
1119.218, "Ac-228"
3062.032, "Bi-214"
2648.447, "Ac-228"
1265.408, "Ac-228"
1987.681, "Bi-212"
4822.643, "Bi-214"
2099.934, "Bi-214"
3384.179, "Bi-214"
2172.669, "Ac-228"
2352.043, "Tl-208"
1818.236, "Bi-214"
2634.561, "Ac-228"
2553.052, "Bi-214"
2203.626, "Bi-214"
2283.954, "Ac-228"
3765.550, "Bi-214"
3157.603, "Bi-214"
3501.161, "Bi-214"
6023.439, "Bi-214"
3848.345, "Bi-214"
4340.768, "Ac-228"
4727.147, "Bi-214"
3830.443, "Bi-214"
4125.284, "Bi-214"
3786.363, "Bi-214"
5049.143, "Bi-214"
4456.781, "Ac-228"
4429.646, "Bi-212"
4088.854, "Ac-228"
4540.613, "Bi-214"
6688.644, "Bi-214"
4327.302, "Bi-214"
4205.258, "Bi-214"
5789.742, "Bi-214"
4104.390, "Ac-228"
4319.323, "Ac-228"
4218.133, "Bi-214"
5024.302, "Bi-214"
6266.321, "Bi-214"
6076.627, "H(n.g),(Detector)"
212.647, "Au  XRF,(Detector)"
186.387, "Au  XRF,(Detector)"
507.949, "U-235,Ra-226"
1395.691, "Ann. Rad.,+ Tl-208"
1199.754, "Double, Escape"
7144.222, "Th-232(d),(Tl-208)"
2147.271, "Bi-212, Pb-214"
2736.198, "U-238(d),(Pa-234m)"
4353.046, "Double, Escape"
5748.712, "Single, Escape"
2595.189, "Single,Escape"
$ENDRECORD:
