$SPEC_ID:
PeakEasy Library File: Background (Los Alamos), IdentiFINDER (LaBr3)
$MEAS_TIM:
354071.00000 354177.00000
$DATE_MEA:
22-Oct-2010 12:00:00 PM
$DATA:
0 1023
0
0
0
0
0
35618
66976
68654
75821
102207
329181
952690
1137214
521511
151558
99798
102077
109980
118090
129579
141860
154309
167571
183945
202524
214126
218555
222163
229994
234235
236341
236822
237680
237429
239081
240215
240765
239899
239281
239185
235777
231973
229748
226618
221083
216784
211567
206009
201368
198997
194813
191606
187912
182372
177742
173742
168549
163752
160415
156410
153569
150805
147303
143360
138659
133802
129805
126394
123614
119476
116780
113461
110261
106116
103991
101456
99279
99355
99819
100924
99683
95253
88484
80927
75231
71638
69145
67391
65767
63876
62610
61272
60122
58267
56925
56119
55322
55002
55790
54997
53897
51778
49371
46689
45332
43813
43113
42522
41693
41320
40418
40383
38963
38697
38808
39465
40176
41199
41731
41411
39573
36727
34265
32189
30753
29955
29396
28967
28272
28565
28270
27993
27862
27177
27075
26929
26550
26686
25882
26193
25607
25102
25013
24419
24437
24167
23650
23921
23657
23534
23327
23453
22790
23221
22717
22429
22136
22032
21670
21539
21059
20867
20549
20198
20495
20073
19963
20393
20280
20878
21014
21397
21494
21694
20945
20431
19707
19029
18480
18179
17916
17696
17758
17801
17488
17557
17366
17273
17075
17229
17140
17282
17471
17964
18508
18984
19289
19414
19015
18831
18737
18750
19023
19577
20034
20254
20205
19931
18877
17810
16504
15731
14847
14144
14052
13787
13676
13630
13365
13583
13487
13331
13090
13171
12898
12967
12829
12640
12392
12268
12200
12076
12113
11676
11713
11858
11809
11493
11628
11653
11406
11554
11661
11342
11344
11156
11123
11015
10782
10739
10431
10405
10031
9958
10159
10112
10099
9904
9835
9982
10139
10356
10485
10925
11402
12000
12675
13312
14193
14625
14857
15300
15378
15583
15246
15127
15134
15016
14945
14788
14886
14739
14631
14651
14509
14334
14275
14359
13962
13920
13864
13872
13806
13639
13525
13490
13249
13334
13238
13119
13224
13100
13270
13531
13468
13652
13637
13590
13737
13708
13275
13321
12926
12615
12442
12328
12107
11805
11775
11685
11620
11565
11569
11733
11731
11703
11885
11728
11576
11259
10816
10634
10359
9878
9634
9329
9213
9012
8878
8771
8539
8497
8166
8186
8230
8050
7815
7565
7538
7549
7377
7318
7281
7326
7253
7163
7120
7157
7184
7292
7186
7263
7303
7142
7171
7141
7305
7303
7139
7456
7536
7494
7675
7802
7865
7995
7975
8042
8051
8220
8225
7978
8146
8133
7930
7827
7739
7742
7696
7554
7753
7706
7701
7667
7773
7602
7740
7756
7715
7556
7629
7698
7483
7620
7589
7524
7519
7442
7440
7405
7275
7224
7190
7098
7004
6918
6853
6590
6333
6264
5934
5748
5546
5410
5036
4767
4536
4339
4208
4024
3816
3650
3578
3402
3296
3133
3080
3029
2903
2813
2682
2619
2526
2465
2398
2374
2186
2105
2107
2017
1961
1863
1839
1811
1686
1701
1716
1710
1619
1545
1562
1523
1575
1589
1657
1557
1594
1582
1654
1614
1626
1727
1781
1834
1995
2184
2541
2976
3560
4047
5006
6002
6963
8144
9406
10671
12315
13807
14974
16442
17513
19200
20152
21485
22244
23219
23422
23173
22567
21703
19971
17914
16002
13826
11173
9140
7324
5620
4279
3328
2567
2042
1573
1363
1117
957
907
821
775
770
718
665
670
635
666
647
658
655
646
682
680
753
766
812
888
880
912
955
900
929
937
955
872
890
853
814
812
685
751
655
672
600
596
617
595
558
550
540
541
552
520
536
554
571
523
541
518
515
486
494
523
505
508
514
542
537
552
543
539
551
620
551
611
613
692
675
694
680
736
798
817
902
896
939
956
1051
1063
1064
1068
1107
1063
1114
1044
1016
934
913
864
800
792
798
825
743
802
758
802
848
780
824
786
901
864
908
907
971
920
1019
1034
1034
1053
1049
1046
1062
1038
1066
1118
1195
1163
1183
1176
1202
1252
1281
1342
1405
1436
1395
1400
1486
1494
1503
1586
1654
1592
1665
1698
1754
1828
1731
1859
1860
1879
1900
2009
1915
1994
2018
2064
2089
2069
2110
2115
2143
2127
2182
2249
2221
2232
2356
2313
2372
2445
2436
2478
2544
2698
2674
2698
2854
2863
2996
3060
3138
3273
3360
3336
3526
3457
3546
3566
3580
3541
3520
3442
3355
3369
3262
3194
3173
3066
2954
2783
2616
2566
2520
2430
2344
2256
2198
2171
2180
2097
2081
2136
2068
2032
1962
1968
2010
1983
1884
1908
1937
2028
1972
1886
1975
2019
1944
1936
1983
1994
2119
2108
2056
2129
2150
2157
2136
2217
2256
2265
2287
2322
2360
2355
2360
2345
2316
2290
2331
2341
2380
2351
2373
2373
2296
2419
2414
2435
2389
2550
2506
2507
2555
2614
2688
2727
2784
2866
2909
3041
3067
3100
3236
3164
3158
3223
3247
3153
3098
3090
3035
2988
2962
2937
2720
2605
2527
2405
2388
2244
2278
2190
2134
2197
2047
2100
2012
2031
2113
2000
2077
2088
2204
2091
2219
2176
2251
2282
2177
2125
2143
2064
2033
1959
1809
1703
1694
1614
1484
1461
1351
1312
1240
1142
1095
1056
1027
949
934
877
899
883
888
846
881
912
884
861
927
960
1003
985
955
1001
955
1027
1050
1004
1049
1059
1110
990
1082
1058
1084
1115
1187
1090
1129
1184
1167
1152
1197
1268
1259
1342
1322
1338
1416
1430
1442
1552
1555
1599
1703
1678
1710
1728
1768
1761
1797
1741
1885
1837
1792
1858
1857
1876
1874
1822
1818
1879
1938
2017
2006
2011
2033
2041
2077
2077
2134
2188
2105
2093
2049
2031
1973
1898
1783
1762
1535
1463
1387
1243
1181
1063
933
847
739
713
589
557
494
416
407
335
312
250
229
198
202
164
127
127
129
115
103
92
95
90
103
79
86
67
54
63
61
51
61
59
48
48
45
40
50
50
42
49
57
56
46
42
49
43
36
44
57
41
39
40
37
35
45
43
44
35
39
49
53
42
40
49
31
52
33
34
41
41
39
38
40
38
39
42
44
38
44
39
37
43
25
31
41
41
38
38
37
44
27
41
32
20
0
$ENER_FIT:
2.505 2.952854 2.91337e-006 -2.29407e-008 0.00000e+000
$MCA_CAL:
5
2.505 2.952854 2.91337e-006 -2.29407e-008 0.00000e+000
$PEAKLABELS:
80.454, "Pb-212"
98.375, "Pb-214"
119.000, "Pb-214"
205.307, "Bi-214"
196.375, "Tl-208"
309.250, "Ac-228"
327.625, "Ac-228"
379.785, "Bi-214"
598.172, "Bi-214"
540.125, "Ac-228,Double Escape"
275.281, "La-138,Gam / Beta"
12.172, "La-138, X-rays"
495.500, "K-40,La-138"
172.544, "Ann. Rad.,+ Tl-208"
701.656, "Ac-227(d),Alpha Rad."
783.688, "Ac-227(d),Alpha Rad."
819.922, "Ac-227(d),Alpha Rad."
917.563, "Ac-227(d),Alpha Rad."
889.750, "Th-232(d), (Tl-208)"
$ENDRECORD:
