$SPEC_ID:
PeakEasy Library File: Background (Los Alamos), IdentiFINDER (NaI with Cs-137 seed)
$MEAS_TIM:
80561.00000 80618.00000
$DATE_MEA:
4-Oct-2010 3:56:18 PM
$DATA:
0 1023
0
0
0
0
19195
32325
34661
39952
52530
106169
251880
297521
172086
84144
53868
48143
49470
51133
54283
57407
61995
65897
70157
75525
81509
87520
90705
92746
95145
97031
98361
99969
100109
101445
103171
103784
105553
111386
113756
111304
103335
97371
95738
94751
94380
93184
91764
89984
88960
88295
87376
85779
84521
82730
81673
80556
80385
79505
80282
81270
82328
83028
84079
83899
83063
81818
80235
78419
77033
75237
73081
70946
69553
68534
66991
65800
64535
63522
62492
61381
60026
58327
56484
54339
52740
51062
49949
48612
47636
46754
45734
45512
44797
43931
43619
42903
42187
41970
41170
40432
39674
39130
38299
37713
37517
36893
36251
36039
36014
35648
35173
35281
34893
34622
33978
33809
33328
33163
32692
32361
32344
31804
31565
31363
31007
30604
30307
30624
29950
29566
29686
29828
29562
29501
29082
29179
29468
29335
29263
29365
29260
29141
29329
29298
28789
28922
28806
28505
27757
27387
26901
25657
24626
23441
22201
21232
19752
18318
17119
16039
14832
14196
13322
12603
12095
11511
11123
10773
10373
10250
9952
9481
9223
8743
8595
8116
7804
7755
7552
7173
7045
6868
6739
6545
6494
6453
6410
6440
6311
6347
6344
6514
6463
6540
6386
6460
6531
6689
6656
7001
7392
7995
8839
10107
12032
14363
17572
21422
26390
32746
39652
47633
56355
66357
76218
86311
95448
103997
110381
115361
118185
118400
116259
111525
104810
95958
86536
76016
65436
54939
45312
36320
28899
22487
17375
13192
9933
7660
5807
4738
3713
3192
2737
2555
2367
2277
2243
2124
2098
2089
2083
2088
2144
2050
2025
2061
2059
1999
2002
2054
2048
1996
1936
1956
1885
1898
1832
1864
1787
1772
1783
1805
1793
1765
1696
1787
1751
1619
1660
1703
1730
1687
1681
1693
1661
1585
1673
1632
1647
1563
1622
1713
1715
1639
1612
1631
1704
1706
1745
1750
1752
1733
1734
1739
1694
1650
1709
1675
1688
1695
1636
1593
1544
1588
1545
1602
1583
1557
1575
1554
1520
1562
1539
1521
1463
1525
1513
1407
1422
1407
1387
1391
1346
1310
1275
1289
1292
1292
1242
1220
1176
1224
1179
1151
1156
1141
1112
1141
1164
1143
1165
1172
1199
1196
1171
1154
1192
1198
1209
1236
1222
1212
1189
1246
1279
1274
1233
1225
1237
1284
1285
1262
1251
1293
1287
1246
1270
1341
1200
1173
1264
1169
1192
1171
1211
1165
1139
1114
1152
1091
1074
1091
1114
1045
1059
996
965
1027
1023
1021
914
949
906
940
891
934
853
861
876
892
831
808
769
776
775
743
735
743
719
672
690
676
675
605
624
604
615
600
577
552
554
574
550
506
532
514
507
499
524
510
468
452
484
475
460
502
468
474
469
484
470
456
501
477
506
486
500
497
503
526
533
583
598
591
630
675
695
751
840
882
912
965
957
1066
1211
1263
1219
1353
1354
1455
1507
1578
1613
1534
1586
1513
1653
1596
1541
1546
1506
1391
1288
1265
1219
1132
1039
1079
892
917
781
716
635
558
551
529
488
413
400
369
362
364
329
300
339
332
281
308
281
262
313
304
306
288
280
296
261
265
310
286
260
267
267
260
261
269
257
240
216
237
217
220
213
256
234
219
211
204
188
196
196
210
185
177
164
161
198
187
218
205
192
192
203
210
189
204
215
223
194
205
203
187
188
235
224
221
221
214
235
248
261
228
257
261
247
220
245
272
258
254
268
224
223
248
238
242
219
226
191
205
220
206
189
188
176
207
182
180
174
165
139
160
154
169
163
157
160
153
160
167
153
166
159
120
145
130
144
174
137
124
147
136
124
134
156
137
131
120
125
134
132
127
121
129
118
110
123
118
121
115
112
119
116
113
143
109
101
113
128
112
82
112
116
109
87
97
110
112
104
100
89
113
102
115
92
108
105
93
111
101
112
99
124
113
104
116
108
116
119
132
120
127
120
115
117
138
123
122
131
131
121
139
134
147
158
145
151
150
160
158
142
143
177
137
140
140
140
168
149
150
129
140
142
127
133
126
137
131
136
119
129
124
118
126
123
147
113
128
142
123
111
128
122
106
102
124
116
119
121
128
127
136
134
139
102
97
108
123
113
109
105
108
98
91
95
108
99
102
106
109
97
98
99
108
98
93
100
98
88
74
87
86
67
96
77
79
74
72
78
90
74
73
77
77
77
79
58
52
73
58
60
61
63
66
66
49
53
60
60
45
45
48
38
47
47
48
43
48
48
56
49
39
41
36
53
41
38
32
34
40
36
23
39
34
29
35
46
39
26
38
46
52
39
56
57
55
56
58
58
67
58
65
88
94
84
91
102
115
89
120
128
137
108
130
129
124
167
142
122
148
156
141
132
135
135
112
136
128
121
118
119
122
107
107
101
89
99
94
82
79
54
52
49
55
43
51
46
56
45
39
28
26
32
30
28
21
27
24
20
22
26
16
10
19
15
19
22
17
24
15
17
16
20
17
13
11
17
18
12
10
12
13
15
17
12
16
7
14
15
11
16
16
14
16
12
13
10
15
8
16
6
15
13
11
10
12
11
12
17
15
16
16
10
14
13
12
12
14
9
10
13
11
11
18
13
17
13
14
9
15
14
13
8
12
9
10
10
12
18
13
15
17
9
15
18
14
11
12
3
7
20
17
8
9
13
14
12
12
8
11
14
15
13
9
10
13
11
11
11
8
11
11
8
12
$ENER_FIT:
0.000 3.017639 -1.71195e-005
$MCA_CAL:
3
0.000 3.017639 -1.71195e-005
$PEAKLABELS:
303.313, "Ac-228"
485.222, "K-40"
372.000, "Bi-214"
587.500, "Bi-214"
220.540, "Cs-137,(Detector)"
10.725, "Ba X-rays,(Detector)"
38.068, "Binning Artifact,(Detector)"
63.375, "Cs-137, Backscatter"
871.357, "Th-232(d), (Tl-208)"
$ENDRECORD:
