$SPEC_ID:
PeakEasy Library File: Background (Los Alamos), IdentiFINDER (NaI)
$MEAS_TIM:
430715.00000 431614.00000
$DATE_MEA:
11-Oct-2010 4:41:32 PM
$DATA:
0 1023
0
0
0
0
0
0
0
0
74473
75944
77190
76857
76434
78199
80657
83241
86998
92425
100846
111056
123451
139321
159470
184517
202656
214786
224853
236520
248554
258168
266952
274891
283026
292151
299373
305893
311053
313894
315379
315515
315725
315718
313789
310126
307127
303196
297817
292147
286694
280175
273154
267015
261445
256050
251101
244848
240567
235188
229858
224910
219577
214093
207404
201887
197514
193341
187384
183128
178826
175348
172233
169770
167755
165282
162617
157409
152015
147036
140145
134514
127719
122262
117603
113418
110181
107295
103977
101563
99250
97136
95130
93169
90693
88529
86112
83144
80399
77543
75819
73397
71757
69647
68177
66874
66286
65447
65004
64069
63630
62947
62014
60585
58548
56635
54973
52401
50964
48836
47014
45081
43951
42633
41681
40860
39657
39045
38061
37500
36953
36124
35827
34993
34525
33751
33145
33038
32290
31571
31199
31048
30189
29992
29596
29097
28745
28758
28107
27791
27361
27027
26838
26529
26249
25863
25915
25538
25435
25475
25344
25491
25182
25301
25097
24664
24342
23768
23418
22818
22133
21729
21065
20342
20224
19915
19670
19247
19536
19221
19243
19083
19485
19382
19396
19807
19979
20127
20153
20546
20605
20953
20632
20797
20567
20489
20067
19768
19349
18519
18030
17367
16835
16260
15493
14786
14550
14037
13552
13183
13256
12811
12704
12639
12393
12385
12223
12105
12032
11651
11616
11659
11472
11468
11240
11247
11206
11120
11073
11135
11055
10948
10778
10938
10841
10814
10606
10756
10601
10637
10522
10344
10336
10243
10286
10137
10081
10099
9930
9970
9678
9622
9787
9783
9720
9463
9435
9312
9134
8976
9090
8790
8782
8848
8673
8727
8653
8588
8521
8492
8287
8308
8281
8133
8245
8186
8258
8181
8151
7977
8070
8153
8128
8234
8172
8287
8252
8226
8372
8343
8162
8264
8382
8410
8611
8330
8344
8311
8287
8135
7926
8098
7896
7886
7811
7794
7872
7809
7773
7582
7744
7532
7557
7404
7485
7090
7061
6922
7031
6760
6618
6587
6468
6463
6219
6089
6032
5974
5949
5814
5859
5828
5896
5836
5656
5684
5767
5644
5691
5670
5640
5603
5730
5720
5703
5695
5666
5599
5765
5797
5827
5863
5821
5980
6045
6117
6025
6231
6302
6212
6192
6281
6018
6217
6076
5978
5993
6004
5918
5941
5859
5704
5746
5604
5454
5445
5353
5340
5358
5294
5300
5206
5200
5034
5062
4958
4785
4826
4836
4647
4614
4558
4463
4421
4387
4194
4225
4030
3991
4047
3846
3851
3744
3689
3581
3481
3454
3297
3304
3209
3143
3001
3023
2961
2922
2853
2909
2782
2661
2684
2610
2648
2642
2563
2565
2467
2491
2415
2479
2486
2364
2474
2425
2341
2396
2385
2475
2460
2554
2492
2501
2549
2501
2587
2633
2679
2700
2826
2896
2999
3169
3313
3466
3742
3857
4049
4462
4787
5086
5556
5833
6230
6693
6842
7130
7136
7456
7672
7959
7880
7851
7766
7533
7387
7009
6727
6359
5963
5759
5322
4907
4519
4105
3851
3508
3141
2877
2774
2495
2377
2121
1942
1897
1725
1709
1760
1613
1536
1514
1575
1546
1543
1525
1507
1457
1479
1459
1381
1458
1441
1473
1466
1449
1382
1352
1347
1284
1277
1219
1245
1209
1091
1199
1122
1110
1055
1039
1034
1099
1042
1022
987
1015
990
910
981
944
936
919
914
977
999
985
971
992
965
993
954
978
1039
1034
1057
1083
1136
1128
1151
1222
1182
1237
1295
1258
1303
1326
1345
1299
1347
1307
1306
1223
1291
1234
1264
1260
1219
1143
1169
1094
1102
1019
1010
983
982
947
905
939
881
889
863
833
803
837
790
811
793
814
771
742
783
755
744
733
731
698
731
686
681
685
686
690
709
644
683
643
669
682
682
640
627
589
646
640
624
615
633
618
622
600
605
607
649
625
592
608
617
552
540
575
561
577
595
563
528
626
550
502
547
556
529
512
510
537
547
585
563
562
538
532
514
557
577
593
565
587
591
570
614
616
645
636
671
708
665
657
744
701
691
699
740
776
769
734
722
747
746
739
718
745
719
719
753
686
716
697
701
681
734
679
695
687
716
681
678
669
697
696
680
665
646
652
655
632
694
658
663
691
651
623
628
623
624
579
569
558
577
583
503
550
580
563
606
569
586
566
547
552
557
512
527
559
518
515
535
544
494
499
470
484
469
500
458
484
466
430
444
444
445
414
428
413
414
396
370
373
383
339
366
362
378
308
299
340
300
298
311
301
322
308
298
312
313
290
302
284
269
291
235
274
266
267
244
251
224
228
226
229
215
216
226
223
213
192
218
203
180
161
167
197
190
228
223
229
233
228
244
227
270
290
331
334
330
352
361
395
412
438
483
489
540
554
541
603
620
626
594
700
696
683
703
683
731
727
695
661
724
654
626
629
603
595
579
539
507
484
478
413
411
388
353
356
309
281
278
266
257
252
230
224
207
170
159
157
170
167
155
133
121
129
119
118
108
109
113
118
97
121
125
114
102
122
88
107
111
97
82
99
99
101
92
96
104
99
94
90
81
86
87
97
88
97
105
103
106
82
73
82
92
82
97
85
85
69
99
76
98
104
82
86
83
78
72
81
85
80
80
92
90
89
89
90
91
88
78
89
81
101
90
92
94
84
83
76
82
87
76
83
68
81
74
84
83
75
81
100
80
83
85
79
79
107
95
81
90
87
69
83
84
82
89
81
79
79
79
83
69
79
85
84
82
62
73
75
86
69
66
78
67
94
92
70
77
94
75
94
81
80
84
80
75
81
91
86
88
86
80
68
92
81
69
79
67
82
93
72
82
90
0
$ENER_FIT:
9.792 3.101935 9.65225e-006
$MCA_CAL:
3
9.792 3.101935 9.65225e-006
$PEAKLABELS:
74.125, "Pb-212"
110.781, "Pb-214"
161.621, "Ann. Rad."
292.250, "Ac-228"
467.625, "K-40"
358.250, "Bi-214"
510.000, "Mult."
563.125, "Bi-214"
838.000, "Th-232(d), (Tl-208)"
190.563, "Bi-214, Tl-208"
$ENDRECORD:
