$SPEC_ID:
PeakEasy Library File: I-131, IdentiFINDER (LaBr3), 1.5 mCi @ 80 cm
$MEAS_TIM:
6000.00000 6118.00000
$DATE_MEA:
21-Sep-2011 11:42:41
$DATA:
0 1023
0
0
0
0
0
6815
47812
58414
87860
146223
161804
133038
113902
99639
96984
102008
106566
112002
120602
133383
148493
161551
174988
193769
224760
272779
317627
303364
247781
214733
211786
218827
229599
240825
249673
256655
262907
267174
269900
268483
267749
268250
268880
272671
277912
284216
291114
299969
319577
346565
373457
385855
386117
372888
355109
333961
316833
302590
289485
274702
260009
246633
235366
227012
218943
211163
202548
194331
185970
175844
162716
149079
136346
125642
117443
111434
106145
102031
98689
95457
92404
89873
87711
85047
83008
80886
79679
78786
79920
85873
101744
129205
163687
187958
185178
159948
121945
89875
67601
55960
48936
44262
40927
39392
38737
39131
40015
41214
40787
39209
36411
33906
32412
35624
50682
94976
196268
382638
647058
920857
1093755
1074910
871871
586680
329364
155992
64621
26131
12351
8262
7400
7264
7381
7555
7534
7472
7318
7081
7053
6996
7067
6978
7045
6983
6787
6839
6526
6342
6088
5643
5353
4842
4509
4220
3821
3721
3442
3312
3238
3208
3217
3359
3650
4169
4602
5070
5273
5096
4625
3984
3395
2813
2467
2263
2070
1894
1814
1689
1549
1556
1352
1351
1334
1255
1301
1147
1180
1091
1054
1065
1021
1026
956
965
976
918
957
956
1067
1019
1088
1320
1747
2715
4577
7765
12587
18934
26001
31795
36014
36510
33177
27825
20894
14235
9039
5377
2937
1636
890
582
428
334
312
261
291
289
325
364
469
635
993
1533
2334
3422
4638
5858
6638
7088
7139
6452
5431
4218
3027
2158
1301
832
527
327
256
216
161
174
177
163
165
174
178
197
201
213
207
237
225
267
248
252
256
255
250
263
245
242
227
248
237
233
231
234
242
223
223
252
242
224
231
222
227
222
207
220
210
205
202
221
229
211
211
225
218
213
213
232
224
200
208
235
203
207
201
186
205
180
205
192
178
177
202
166
200
206
200
192
197
175
172
156
162
170
171
150
155
143
151
146
132
130
133
121
112
117
123
110
128
110
115
115
126
112
107
115
132
123
92
115
110
109
130
119
120
126
130
130
125
108
125
135
138
133
132
138
126
122
127
107
150
109
135
139
121
116
152
114
119
130
142
131
136
109
115
120
117
115
132
139
130
134
134
135
111
130
119
116
123
131
109
116
132
115
111
111
101
91
94
84
93
89
86
66
64
61
71
59
48
53
43
71
54
48
44
48
43
46
31
47
43
43
37
39
47
43
45
39
37
29
38
33
17
32
36
32
25
30
28
30
28
28
19
32
28
22
27
21
30
22
34
33
44
44
49
77
80
116
130
139
162
208
226
246
266
299
325
320
360
397
387
379
392
407
372
353
300
262
215
158
141
105
80
63
53
33
24
27
21
18
15
16
20
8
19
14
12
8
16
16
15
9
7
5
6
9
13
10
14
17
17
17
22
12
19
20
17
19
17
12
15
18
13
12
12
7
13
7
7
8
8
12
14
8
3
13
8
6
9
8
6
3
10
8
13
12
10
8
6
7
8
9
9
11
13
10
11
12
11
12
12
15
12
8
10
13
13
17
15
15
19
16
18
19
15
11
9
10
11
7
6
6
9
11
10
10
4
5
6
11
7
3
9
6
6
13
11
6
10
9
10
11
20
10
11
5
9
7
7
9
11
6
9
10
11
10
5
9
6
5
5
11
10
10
10
10
12
17
9
9
16
11
13
9
11
10
9
13
22
11
10
9
11
15
11
13
12
11
12
13
7
13
17
11
20
12
14
20
11
19
15
16
15
9
18
17
13
14
16
12
13
8
10
7
20
7
12
19
11
12
15
5
18
12
12
19
9
15
12
7
12
11
11
14
11
8
7
12
12
11
11
10
14
8
8
13
13
17
11
9
12
8
7
12
15
14
14
16
15
10
12
17
6
14
10
9
5
11
13
14
13
14
16
17
14
18
10
15
19
15
18
13
8
19
16
22
14
13
8
14
7
9
13
13
12
12
13
14
12
12
14
10
6
15
14
9
13
16
11
13
15
11
6
12
13
11
13
10
6
9
11
11
5
11
9
7
6
4
12
4
6
5
3
4
7
6
5
2
4
6
7
4
1
2
4
3
6
4
1
3
7
7
7
8
3
7
4
4
5
5
3
5
4
6
2
3
4
6
4
9
5
6
5
9
4
5
6
13
10
5
7
7
8
10
13
11
8
13
12
16
11
15
12
7
10
13
16
11
19
11
12
12
8
14
5
11
6
12
9
7
6
3
3
11
4
3
5
9
9
8
2
5
6
4
3
5
3
1
1
4
1
3
2
1
2
0
4
2
0
1
2
0
0
0
1
1
0
1
0
1
2
1
0
1
0
0
0
1
0
0
2
1
1
2
0
2
1
0
4
1
0
2
1
1
1
1
0
3
0
1
1
0
1
2
1
0
1
0
0
1
0
0
0
0
1
0
1
1
1
1
1
0
0
0
0
0
1
3
0
0
1
2
2
1
0
1
0
1
0
1
1
1
1
0
1
1
1
0
1
0
0
0
0
1
0
1
1
1
0
0
3
0
0
0
0
0
0
0
$ENER_FIT:
1.567 3.017897 -2.15452e-005
$MCA_CAL:
3
1.567 3.017897 -2.15452e-005
$PEAKLABELS:
120.409, "I-131"
26.020, "I-131"
93.551, "I-131"
107.221, "I-131"
210.657, "I-131"
134.227, "I-131"
239.358, "I-131"
166.381, "I-131"
870.880, "Th-232(d),(Bkgd)"
486.176, "K-40, (Bkgd)"
51.318, "Backscatter"
9.619, "La-138 X-rays, I-131 X-rays"
$ENDRECORD:
