$SPEC_ID:
PeakEasy Library File: I-131, Interceptor (CZT), 1.5 mCi @ 70 cm
$MEAS_TIM:
7327.20000 7333.10000
$DATE_MEA:
01-Dec-2004 12:01:56
$DATA:
0 1023
0
0
0
0
0
0
0
0
0
0
0
0
0
342
2807
2771
2914
2867
2955
3023
3016
2929
2920
2795
2761
2558
2594
2612
2598
2757
2598
2681
2751
2889
2879
2934
3105
3210
3358
3553
3672
3736
3889
4101
4220
4368
4587
4724
4954
5305
5690
6227
6772
6919
6523
6101
5539
5187
4918
4841
4870
4933
5005
4969
5261
5306
5377
5455
5615
5655
5472
5604
5555
5610
5609
5726
5471
5502
5452
5486
5522
5498
5316
5443
5387
5388
5438
5420
5281
5285
5279
5387
5245
5494
5481
5348
5465
5553
5706
5925
6122
6305
6497
6259
6134
6087
5960
5676
5484
5324
5154
4960
4715
4623
4382
4415
4207
4206
4046
4031
3816
3632
3529
3459
3318
3278
3175
3134
3053
2873
2910
2755
2725
2787
2620
2594
2512
2355
2443
2378
2128
2084
1975
1900
1831
1767
1706
1660
1596
1509
1469
1370
1430
1391
1324
1315
1303
1189
1196
1152
1123
1191
1108
1123
1081
1050
1041
1040
998
1007
900
981
983
942
941
897
946
907
933
945
961
954
1039
1086
1136
1321
1513
1629
1773
1784
1839
1564
1383
1096
856
789
651
668
608
619
605
589
564
525
525
486
502
512
467
497
491
490
467
497
537
544
541
526
558
560
576
590
560
619
633
670
713
755
870
889
971
1045
1193
1396
1701
2028
2466
3086
3934
4767
5864
6806
7530
7787
7065
6028
4486
2912
1732
942
408
215
116
63
62
75
73
63
65
46
44
68
53
46
57
53
57
59
69
49
54
63
54
64
51
55
53
51
63
51
62
56
55
44
64
53
49
57
52
68
58
58
41
64
38
49
48
41
38
46
40
42
32
37
30
33
37
33
29
32
32
31
23
20
22
22
21
18
19
16
22
26
23
19
22
16
25
20
31
28
28
26
32
32
29
27
36
39
25
35
27
19
18
30
9
15
20
13
16
18
9
12
13
14
15
10
9
12
13
6
7
12
13
14
16
5
12
7
9
8
13
7
3
6
7
5
7
9
6
7
3
5
9
8
6
6
13
8
6
5
12
9
11
7
8
13
10
13
14
12
15
18
14
15
10
24
19
29
28
13
27
22
21
41
43
50
55
72
86
85
97
106
126
140
156
147
142
133
101
88
73
50
41
20
5
13
4
4
4
1
0
2
1
2
1
2
1
4
2
1
1
3
2
2
1
5
1
4
2
4
5
3
3
6
2
5
5
7
11
9
14
10
10
13
19
12
15
14
24
19
29
34
29
23
20
25
18
14
10
5
6
7
1
0
2
1
2
0
1
1
1
2
0
1
0
0
2
0
0
2
1
0
2
1
0
0
0
0
0
1
0
1
0
0
0
3
1
0
1
1
0
1
2
1
0
1
0
0
1
0
0
0
1
0
0
2
1
0
0
2
1
0
0
0
0
1
2
0
1
1
0
0
1
0
0
0
0
0
1
0
0
1
1
0
0
1
1
0
0
0
1
1
1
0
0
1
2
1
0
1
0
2
1
1
0
1
0
0
0
1
0
1
0
1
1
1
3
0
0
0
0
1
0
1
0
0
0
0
3
1
0
0
1
0
1
1
2
0
0
0
0
0
0
2
1
0
1
1
0
0
1
0
0
0
0
0
1
1
0
1
1
0
0
1
0
0
0
1
0
1
0
0
0
0
1
0
0
0
1
0
1
0
1
0
0
0
0
0
1
0
1
0
0
1
0
0
1
0
0
0
0
0
1
0
0
0
0
0
0
0
0
0
1
0
1
0
0
0
1
0
0
0
0
0
0
1
0
0
0
0
0
0
2
1
1
1
0
0
0
0
0
1
0
0
0
1
1
1
0
0
0
0
0
0
0
0
0
0
0
0
0
0
0
0
0
1
0
1
0
0
0
1
0
0
0
0
0
0
0
0
0
0
0
0
1
0
0
0
0
1
0
0
0
0
0
1
1
1
0
1
1
1
1
0
0
2
0
2
1
3
0
1
1
0
0
0
1
1
1
0
0
2
0
0
1
0
1
1
0
0
1
0
0
0
1
0
1
0
0
0
1
0
0
0
0
0
0
1
1
0
1
1
0
0
0
1
0
0
1
0
0
0
0
0
0
0
0
1
0
0
0
0
0
0
0
1
0
1
0
0
0
0
0
1
0
0
0
0
0
0
0
0
1
0
1
0
0
0
0
0
0
0
0
0
0
1
0
0
0
1
0
0
0
0
0
0
0
1
0
0
1
0
0
1
0
0
0
0
0
0
0
0
1
0
0
0
1
0
1
0
0
0
0
0
0
0
0
1
0
0
1
0
0
0
0
0
0
0
0
0
0
0
0
0
0
1
0
0
0
0
0
1
0
1
0
0
0
0
1
1
0
0
2
1
1
0
1
0
0
0
0
0
0
0
1
2
1
0
0
1
1
0
1
1
0
0
0
0
0
1
0
0
2
0
0
0
0
0
0
0
0
0
0
0
0
0
1
0
0
0
0
0
1
0
$ENER_FIT:
2.018 1.488868 1.89713e-005
$MCA_CAL:
3
2.018 1.488868 1.89713e-005
$PEAKLABELS:
242.583, "I-131"
52.780, "I-131"
189.138, "I-131"
424.274, "I-131"
335.446, "I-131"
481.436, "I-131"
102.062, "Backscatter"
$ENDRECORD:
