$SPEC_ID:
PeakEasy Library File: I-131, IdentiFINDER (NaI), 1.5 mCi @ 80 cm
$MEAS_TIM:
6000.00000 6196.00000
$DATE_MEA:
21-Sep-2011 11:08:04
$DATA:
0 1023
0
0
0
0
14783
70641
69941
85835
120159
171048
190479
168890
146365
138280
143906
151462
159716
168748
177681
191705
209892
234374
264098
300698
345381
392576
430910
450767
436257
402359
373715
366791
378242
394735
412034
426776
441844
461917
476204
475758
459820
444063
443830
446338
453949
463720
477194
494562
515080
538251
556069
568585
570172
565104
556840
542907
524906
508347
488558
471455
452265
429922
412518
393422
377776
361333
342348
326310
310608
294039
280238
267586
255168
245340
235663
226352
218044
210113
202933
194071
186769
179644
174024
169667
165365
163080
163479
165380
171633
180206
190486
202101
209294
216355
219064
214989
205616
190795
172527
155339
135872
120360
106593
96404
89346
84721
82975
83358
87070
96516
112589
139602
181408
239481
312835
403065
500409
604301
701648
782635
845679
873199
874575
835221
766727
674221
566923
459460
357997
268034
194966
137002
94624
65272
45859
32747
25067
19980
16741
14707
12963
11923
11036
10335
9805
9074
8561
7988
7650
7347
7025
6486
6262
6037
5908
5823
5663
5557
5593
5543
5557
5724
5831
5855
5881
5859
5830
5856
5757
5529
5519
5069
4829
4568
4189
3944
3636
3288
3140
2784
2564
2682
2401
2357
2260
2192
2145
2017
2001
2095
2019
2118
2120
2322
2437
2834
3333
3808
4806
5716
6810
8378
10195
12247
14554
16940
19339
21870
24063
26043
27739
29133
30167
29752
28958
27849
26413
24088
21657
19133
16897
14157
11813
9873
8228
6707
5469
4640
4124
3747
3731
3748
3918
4156
4383
4714
5315
5485
5779
6076
6115
6110
6187
5873
5682
5357
4899
4499
4069
3597
3097
2612
2282
1954
1606
1304
1108
915
695
610
532
404
385
360
295
278
262
234
222
223
208
195
199
185
203
165
179
174
154
148
157
140
160
150
158
165
139
151
119
131
141
141
126
147
147
137
151
162
134
162
131
139
145
137
125
131
133
153
145
127
120
153
158
128
130
134
121
122
122
118
125
106
121
137
121
138
129
125
101
97
120
122
104
129
125
123
108
121
119
116
116
114
92
104
107
117
95
99
91
92
119
82
83
106
93
84
89
87
95
108
99
87
86
103
83
87
94
81
89
97
100
89
101
94
106
85
88
99
78
103
111
92
90
90
85
88
73
89
74
68
78
87
102
86
85
84
77
75
79
62
69
69
75
72
55
77
54
63
63
53
63
66
63
50
59
44
57
54
55
60
44
41
43
53
51
43
39
43
46
43
31
35
43
38
30
39
45
43
41
36
40
35
38
30
39
43
26
41
23
26
26
32
38
39
40
45
48
42
52
38
36
37
40
48
52
50
50
53
51
60
48
54
71
64
85
69
95
99
78
88
114
110
108
129
126
133
99
120
118
108
124
102
97
101
69
92
76
88
64
77
62
67
55
58
52
50
36
44
32
39
37
36
28
20
32
25
25
25
21
21
22
15
24
23
27
18
27
20
18
21
22
29
21
25
26
17
24
16
24
26
23
17
13
16
13
12
23
22
14
10
12
16
17
13
12
16
13
11
13
13
11
8
10
15
16
8
16
16
17
17
12
21
18
15
10
14
14
13
13
12
12
12
20
13
20
20
13
18
11
28
17
16
12
14
21
13
15
19
11
10
10
16
13
13
11
12
13
8
9
15
8
10
14
10
11
14
7
8
6
10
14
9
8
10
7
9
9
11
17
14
12
12
9
7
4
13
11
15
9
9
9
4
5
8
11
10
4
8
7
9
13
8
10
10
15
7
6
7
8
7
6
7
9
7
12
4
8
5
5
8
9
8
0
5
7
8
9
7
7
6
6
8
2
8
5
6
5
8
10
11
5
6
8
6
8
12
13
4
10
6
8
7
9
5
7
5
8
10
8
10
13
13
8
9
9
11
9
10
13
9
11
12
7
8
10
10
10
8
14
10
11
10
11
6
10
10
9
10
8
10
5
11
8
9
10
10
11
6
5
9
10
6
6
6
7
8
5
8
7
9
7
10
10
5
7
5
5
7
9
7
12
8
6
4
5
9
8
5
7
5
7
5
5
7
7
12
11
4
8
3
7
5
7
5
4
5
5
6
8
6
4
5
4
5
3
5
2
1
3
3
2
2
3
0
1
4
2
0
1
6
2
3
2
6
6
2
4
3
5
3
1
1
2
4
1
1
3
4
6
0
3
1
1
1
2
2
1
2
5
3
4
6
4
5
3
6
6
4
5
3
7
7
9
9
7
9
8
7
5
3
13
5
12
9
12
10
5
9
9
10
7
11
6
5
12
14
5
9
9
8
10
6
6
4
2
2
5
3
8
2
1
3
5
7
0
0
0
1
2
3
1
0
1
3
2
2
1
1
0
1
3
0
2
2
0
0
2
0
1
1
0
1
0
1
1
1
2
0
0
0
0
1
0
1
1
1
0
0
2
1
0
0
2
0
0
1
1
3
0
1
1
1
0
2
1
1
0
0
0
0
1
1
0
0
1
1
1
0
1
1
1
0
0
2
1
0
0
0
2
1
1
0
0
1
0
0
1
0
0
0
0
1
1
0
0
1
1
0
2
0
0
1
1
1
1
0
0
0
0
0
0
3
3
0
$ENER_FIT:
0.076 2.995004 6.32579e-005 -8.82230e-008 0.00000e+000
$MCA_CAL:
5
0.076 2.995004 6.32579e-005 -8.82230e-008 0.00000e+000
$PEAKLABELS:
121.419, "I-131"
26.990, "I-131"
94.074, "I-131"
10.074, "I-131"
212.632, "I-131"
241.195, "I-131"
168.676, "I-131"
878.282, "Th-232(d),(Bkgd)"
485.919, "K-40,(Bkgd)"
51.977, "Backscatter"
37.994, "Binning Artifact,(Detector)"
$ENDRECORD:
