$SPEC_ID:
PeakEasy Library File: I-131, Detective (HPGe), 1.5 mCi @ 104 cm
$MEAS_TIM:
6000.00000 7040.86000
$DATE_MEA:
9/21/2011 1:20:06 PM
$DATA:
0 8191
0
0
0
0
0
0
0
0
0
0
0
0
0
0
0
0
0
0
0
0
0
0
0
0
0
1
0
0
0
0
0
0
0
0
0
0
0
0
0
0
0
0
0
0
0
0
0
0
0
0
0
0
0
0
0
0
0
1
0
1
0
0
1
2
0
0
1
1
1
3
3
10
13
19
40
79
107
165
202
979
13450
29446
30377
30576
30347
30106
29728
29787
29529
29717
29171
29237
28808
28460
28443
28326
27850
27692
27536
27385
27543
27322
26868
26487
26900
26752
26246
26287
26368
26178
26083
25814
25730
25439
25493
25382
25461
25216
25245
25069
24854
24774
24941
24770
24538
24924
24925
24497
24304
24405
24834
24393
24322
24013
24255
24257
24365
24576
24440
24446
24364
24211
24120
24381
24500
24325
24619
24266
24383
24438
24271
24527
24537
24881
24814
24954
25127
24932
24919
25171
25267
25424
25329
25513
25722
25915
25970
26281
26470
26285
26610
26799
26931
26721
27276
27040
27349
27527
27942
28601
29498
30395
30909
31583
31957
32902
33646
33552
32654
31101
29434
28401
27779
27973
27932
27991
28015
28407
28420
28781
29367
29292
29549
29945
29994
30290
30442
31001
31371
32084
33005
34045
35386
38412
44926
55229
68309
78105
79674
71509
57518
44191
35143
30643
28768
28249
27809
27857
28063
28420
28374
28443
28309
28596
28698
28885
28917
29129
29180
29347
29303
29388
29494
29332
29215
30238
30074
29823
30194
30190
30283
30306
30925
30821
30765
31010
31162
31421
31414
31783
31801
32313
32049
31904
32505
32647
32817
32737
33426
32953
33076
33084
33634
34011
33666
33846
33959
33938
34154
34268
34568
34528
34274
34494
34465
34813
34454
34934
35026
35127
34942
35026
35466
35402
34950
35166
35472
35120
35401
35218
35181
35641
35111
35269
35418
34947
35635
35216
35422
35604
35608
35689
35156
35981
35434
35866
35655
35354
35895
35525
35800
35514
35980
35437
35721
35806
35811
35808
36097
35968
36090
35558
36062
36210
36084
36399
35992
36038
36263
36233
36389
36780
36616
36281
36275
36532
36049
36694
36316
36403
36733
36570
36447
36780
36869
36714
37061
36869
36770
37076
37316
37171
37153
37363
37711
37580
37711
37832
38209
38289
38543
38199
39104
38617
38606
39193
39129
38951
39189
39197
38876
38866
39010
39112
38730
39017
39300
39456
39322
39463
39585
39895
39311
39537
39797
39745
39662
40122
40270
39949
40207
41108
41007
41256
41908
42407
43054
44307
44995
46257
46962
47738
49115
49488
50120
51279
51515
51546
51633
51815
52025
51809
51430
51721
51709
51301
51083
50886
50288
50072
50125
49670
49545
49236
48892
48735
48837
48070
48175
47893
47589
47040
46305
45907
45866
45532
44900
44279
44296
43536
43351
43005
42329
41837
41632
41251
40471
40564
40091
39245
39187
39052
38197
38220
37925
37570
37401
36768
36340
36647
36577
35568
35743
35504
35506
35275
35154
35296
35755
36654
38181
39183
39958
39509
38629
36549
34983
33786
33508
32866
32658
32618
32628
32217
32064
31732
31602
31365
31432
30888
30922
30661
30177
30464
29885
29669
29506
29250
29144
29097
29100
28628
28443
28277
28384
28324
28447
28045
27880
27983
27813
27927
27724
27612
27470
27617
27262
27246
26758
27373
27061
27127
27081
26908
26912
26941
26824
26791
27099
26932
26949
26513
26983
26552
26477
26633
26365
26672
26396
26155
26080
26164
25802
25862
26113
26089
25998
26173
25740
26276
25758
25742
25929
25020
25430
25269
25254
25027
25110
24673
24668
24525
24496
24119
23792
23573
23417
23249
22887
22286
21769
21720
21324
20469
20112
19842
19223
19123
18421
18363
17900
17651
17302
16912
16796
16488
16464
16310
16000
16175
15469
15487
15749
15259
15158
15091
14722
14947
14731
14589
14614
14457
14244
14150
13915
14072
13724
13845
13845
13553
13591
13496
13566
13185
13390
12872
13091
13133
13094
13031
12852
12528
12510
12572
12476
12621
12320
12348
12230
12108
12021
11932
12013
11979
11620
11681
11451
11722
11592
11727
11684
11600
11359
11335
11400
10981
11066
11165
10961
11087
10755
10659
10648
10649
10663
10448
10335
10347
10449
10442
9961
10030
10171
10091
10003
9985
9852
9640
9726
9822
9647
9651
9514
9383
9560
9340
9460
9284
9436
9080
9347
9290
9189
8860
8926
9278
8995
8853
8683
8738
8734
8750
8611
8831
8711
8497
8670
8612
8322
8349
8520
8259
8463
8356
8345
8163
8198
8116
8113
8099
7959
8021
8092
7925
8004
7923
7787
7915
7752
7672
7619
7514
7538
7599
7313
7441
7471
7730
7619
7767
7996
8093
8179
8039
7910
7689
7542
7463
7282
7351
7467
7163
7308
7185
7217
7180
7228
7197
7345
7315
7187
7254
7163
7261
7338
7492
7707
8353
10782
15555
25094
40500
59461
76518
84623
79096
63455
43210
26733
15857
10083
7563
6797
6433
6350
6228
6392
6288
6172
6243
6139
6323
6286
6103
6310
6139
6230
6144
6121
6087
6251
6130
6208
6190
6113
6259
6101
5954
6081
5927
5843
5989
5930
5999
5994
5967
6005
5994
5932
5939
5891
6006
5946
5863
5970
5852
5809
5827
5954
5881
5645
5738
5739
5856
5696
5745
5705
5746
5694
5675
5703
5751
5525
5720
5594
5572
5521
5673
5550
5542
5530
5563
5531
5474
5562
5570
5436
5393
5489
5318
5360
5464
5526
5571
5965
6024
6054
5860
5901
5611
5535
5176
5201
5027
4898
4980
5094
5048
4919
5012
5036
5163
5384
5811
6308
7014
7619
7710
7453
6736
6142
5495
4939
4805
4609
4610
4622
4590
4543
4612
4549
4644
4508
4454
4497
4594
4443
4444
4524
4505
4523
4581
4501
4550
4568
4498
4533
4483
4440
4576
4540
4566
4505
4508
4512
4503
4482
4533
4530
4427
4563
4606
4473
4345
4536
4576
4584
4517
4588
4636
4636
4634
4670
4651
4579
4560
4691
4731
4787
4678
4807
4777
4889
4912
4873
5000
5048
5172
5187
5124
5102
5140
5259
5480
5346
5325
5459
5388
5453
5611
5806
5803
5833
6060
6256
6498
6566
6493
6720
6807
6844
7306
7658
8678
11461
18645
37795
81064
163628
297256
467897
636429
738373
723453
601534
422321
251585
128335
56556
22410
8519
3659
2222
1641
1603
1503
1431
1432
1305
1303
1299
1292
1181
1220
1211
1190
1193
1186
1174
1182
1134
1200
1132
1151
1109
1149
1131
1140
1091
1125
1070
1135
1108
1075
1085
1089
1114
1133
1073
1062
1098
1042
1084
1068
1072
1043
1045
1113
1080
1052
1113
1085
1057
1055
1096
1113
1053
1063
1074
1109
1069
1097
1050
1073
1041
1036
1106
1075
1031
1113
1033
1024
1061
1043
1083
1046
1040
1069
1049
1063
1047
993
1047
1068
1038
953
1037
1089
1099
1054
1064
1025
1121
1079
1057
1146
1141
1177
1207
1269
1403
1469
1486
1588
1470
1280
1207
1235
1101
1053
1081
1118
1099
1151
1140
1096
1207
1158
1104
1120
1112
1129
1106
1085
1207
1137
1155
1089
1169
1136
1151
1146
1144
1171
1141
1150
1155
1133
1142
1197
1186
1152
1136
1121
1202
1170
1198
1145
1173
1171
1162
1140
1175
1126
1194
1247
1179
1142
1206
1187
1178
1109
1189
1217
1179
1178
1263
1196
1189
1259
1244
1169
1193
1163
1174
1197
1284
1195
1206
1147
1235
1248
1238
1202
1231
1250
1238
1162
1224
1256
1322
1227
1225
1270
1236
1264
1265
1269
1183
1328
1288
1227
1236
1287
1227
1268
1327
1215
1264
1267
1215
1301
1308
1322
1227
1226
1224
1268
1271
1197
1303
1200
1212
1243
1178
1170
1247
1180
1227
1203
1156
1134
1111
1088
1135
1092
1105
1093
1041
987
998
945
984
915
903
926
902
910
848
865
817
884
862
855
804
832
861
833
838
872
779
846
814
788
785
794
782
832
760
743
817
721
765
764
782
745
730
769
728
720
708
702
751
728
718
693
735
726
725
725
697
668
722
759
661
715
717
681
668
711
716
729
663
693
700
630
669
699
617
729
665
721
693
681
681
658
686
671
704
694
674
668
661
630
677
666
653
621
672
630
672
596
650
643
580
598
618
615
639
596
625
646
555
658
611
613
655
592
613
569
604
599
611
644
603
590
631
612
588
611
610
593
618
661
816
1115
1406
1808
2254
2629
2658
2416
2004
1497
1095
858
643
569
591
552
552
554
579
562
550
539
532
603
580
537
592
633
597
600
562
596
601
557
530
534
541
517
560
570
480
535
513
548
508
551
517
563
523
518
522
523
503
493
488
518
506
511
534
466
519
501
503
494
478
480
470
434
485
480
493
519
455
467
455
414
479
430
456
412
447
446
454
429
425
414
389
442
371
377
418
412
388
359
394
372
356
350
336
335
368
350
358
348
347
368
348
334
327
320
374
349
312
303
339
303
298
309
310
317
296
295
333
302
290
286
268
304
317
281
302
343
268
295
278
305
275
273
303
274
302
261
284
305
297
272
305
262
280
282
256
275
314
270
247
248
288
277
277
266
293
253
245
265
265
277
280
257
258
239
270
253
257
275
250
259
249
226
258
224
244
251
238
232
260
261
228
234
238
245
255
251
269
211
227
235
244
236
226
252
231
218
223
245
244
196
223
239
208
226
210
225
233
218
217
215
237
213
228
245
225
233
278
279
295
257
276
272
229
195
193
194
207
205
228
210
182
215
186
174
197
222
203
217
213
181
198
183
188
210
181
198
214
202
204
213
201
204
208
187
213
192
187
173
169
198
186
159
193
188
182
190
173
170
185
188
185
190
192
181
162
179
212
164
197
196
180
210
181
198
188
212
276
279
317
351
305
282
278
247
192
192
185
193
180
191
171
173
200
164
190
182
190
180
182
191
173
176
220
172
200
174
185
206
162
198
179
186
195
208
169
187
169
163
186
169
188
159
211
201
209
198
209
217
187
231
239
223
225
234
235
243
243
240
261
253
269
284
287
299
346
451
679
1229
2419
4480
8376
13377
19885
26028
30205
31493
28172
21773
14982
8763
4538
2133
868
445
290
299
405
612
763
899
1024
956
853
637
463
290
188
123
81
80
94
95
78
108
142
135
129
138
106
103
87
81
82
53
65
60
73
76
53
61
67
62
49
57
51
70
66
52
71
69
59
49
70
43
79
58
44
57
56
60
55
59
64
64
66
46
68
70
47
74
68
59
73
65
57
57
66
62
55
53
66
56
69
73
57
44
49
55
54
52
56
66
54
51
60
55
59
65
67
64
43
60
73
55
60
49
55
58
60
49
64
59
58
55
53
57
76
49
50
63
58
38
56
38
44
52
53
40
55
60
51
54
47
60
59
58
54
46
60
66
61
57
56
48
45
61
43
56
57
60
54
57
48
69
50
66
40
69
58
46
53
47
59
50
64
55
62
80
57
57
43
72
55
51
58
63
51
63
38
59
63
58
55
65
55
63
60
63
67
56
60
58
58
52
56
66
48
60
69
74
68
53
53
73
66
69
78
71
63
59
93
73
74
62
74
80
69
72
124
139
218
370
737
1321
2149
3377
4574
5717
6705
6500
5726
4456
3103
1782
996
503
251
163
135
166
195
239
274
325
337
282
285
208
147
82
58
52
30
26
33
34
32
33
26
31
27
27
34
32
34
24
31
41
33
28
32
33
28
29
31
27
25
28
29
29
32
31
25
32
21
22
30
40
30
30
37
37
31
23
24
34
21
33
25
25
23
25
34
24
35
33
28
33
28
33
31
37
31
30
28
37
32
27
34
30
21
23
26
27
36
29
34
22
34
23
30
30
25
30
22
28
34
29
34
31
31
35
34
28
32
23
29
32
31
50
34
43
49
30
41
43
30
33
26
34
24
37
35
44
31
29
37
28
37
33
32
30
37
25
30
33
29
25
20
17
31
33
17
25
29
35
28
27
27
29
39
27
29
17
27
31
34
33
26
34
21
26
26
29
28
23
26
26
33
24
33
23
29
21
31
28
26
26
29
29
25
28
42
45
41
37
29
32
31
35
22
25
16
19
32
25
26
30
26
25
30
36
30
22
26
37
25
21
26
32
28
30
26
24
19
27
26
30
21
24
26
29
27
23
20
23
20
22
22
20
26
21
20
25
28
22
23
23
27
21
29
20
25
33
19
23
26
30
21
35
23
29
29
31
20
27
33
17
30
30
26
21
31
25
28
17
28
20
23
27
30
23
22
21
20
24
16
18
29
26
23
35
27
31
30
33
23
23
24
22
33
26
39
29
25
26
22
27
22
27
21
27
24
23
26
27
26
34
20
32
26
27
26
27
23
21
20
17
22
25
24
19
24
22
21
24
20
25
24
20
27
18
27
27
23
20
21
22
19
28
20
28
26
17
28
20
22
19
28
27
24
29
21
21
16
15
30
15
24
25
34
27
32
31
39
31
38
28
28
19
23
22
16
27
23
16
27
25
16
19
29
25
28
22
21
21
19
20
23
19
28
19
19
24
17
21
20
22
16
15
14
15
29
23
33
19
24
23
24
8
23
12
24
15
26
15
26
29
18
25
16
19
22
17
21
19
17
8
23
25
11
24
20
23
18
9
22
19
30
16
17
19
20
22
24
28
26
24
20
24
25
19
24
24
16
24
18
19
24
21
19
20
28
18
22
23
24
14
29
21
18
16
24
14
14
19
19
20
20
17
13
25
21
29
20
16
19
24
13
19
28
16
20
32
33
35
33
45
48
63
79
64
78
65
60
41
37
25
18
23
15
13
19
22
23
30
12
18
20
27
18
16
11
17
16
19
17
24
28
10
15
22
15
18
17
29
23
12
20
14
10
14
21
19
15
12
14
15
23
16
15
26
21
21
11
14
14
17
20
21
24
25
26
26
29
16
25
25
18
19
17
25
16
12
20
24
17
22
16
15
18
22
14
16
14
17
21
13
15
18
22
9
26
20
22
18
15
21
17
8
21
15
22
17
23
23
29
21
24
27
23
15
18
21
17
22
19
24
28
13
19
19
17
21
24
15
26
22
19
27
11
21
18
18
12
17
12
20
23
33
18
16
17
22
24
33
27
26
25
30
24
20
26
18
31
44
54
53
58
54
31
40
26
35
25
24
18
12
17
22
15
14
19
21
20
15
25
18
22
20
19
16
18
10
13
19
24
17
14
13
9
22
21
11
22
21
10
17
19
17
23
12
15
16
17
12
12
15
11
31
15
13
19
21
22
15
20
23
15
12
21
24
15
16
21
29
13
25
16
21
17
17
20
19
22
27
25
22
29
23
22
30
39
33
45
41
42
41
33
33
25
25
18
17
14
15
14
22
20
18
15
16
15
22
25
19
16
16
12
11
18
11
12
18
17
19
15
10
18
15
15
13
14
16
18
13
11
14
14
18
13
17
9
15
19
15
23
16
11
20
17
24
17
15
15
20
21
12
14
12
17
18
17
12
12
23
13
12
15
17
16
21
18
16
12
14
16
15
17
18
13
14
15
12
21
15
17
13
15
12
14
10
13
20
17
12
17
16
10
12
14
15
28
21
16
13
14
15
12
11
12
14
16
24
20
23
15
16
20
15
13
14
22
16
19
11
27
12
14
16
17
22
20
18
13
15
20
22
15
18
12
9
13
16
11
14
11
13
12
16
17
14
22
15
22
9
11
17
17
21
13
17
19
14
18
14
14
28
20
16
12
9
14
17
20
13
12
16
14
7
20
14
17
26
13
17
18
20
18
27
17
16
16
17
23
13
23
17
19
17
20
17
15
17
17
17
18
17
21
23
19
19
22
16
15
21
16
18
13
15
21
13
15
18
21
22
10
13
21
23
18
24
15
12
23
14
12
16
22
28
21
19
11
23
14
11
17
20
17
21
13
20
19
25
23
19
17
14
15
12
17
22
13
17
16
16
19
12
14
21
17
23
27
19
17
13
16
16
13
16
11
13
31
16
19
11
13
14
17
11
15
14
24
13
10
16
15
11
14
13
11
15
13
14
17
18
15
19
18
15
21
25
22
20
28
26
32
42
49
54
47
43
49
32
33
31
19
18
19
13
7
16
17
11
14
10
13
16
17
21
20
18
20
11
12
14
14
22
21
12
14
18
13
16
10
18
17
10
19
12
17
16
16
12
25
12
19
13
24
18
18
16
21
21
20
16
13
12
13
13
14
16
19
19
15
17
18
19
19
23
12
14
15
15
13
10
20
13
8
19
25
15
22
15
14
15
14
18
18
14
18
14
15
19
20
17
29
18
23
17
14
12
14
18
24
15
26
26
16
16
20
12
19
17
22
13
29
22
14
18
15
13
16
18
20
16
19
20
13
9
16
23
9
16
17
22
19
21
12
14
12
15
16
18
14
14
21
19
20
14
23
19
15
18
13
14
18
15
13
19
22
17
17
16
13
18
20
14
20
27
14
17
17
21
21
16
23
17
18
19
14
11
13
19
11
21
15
15
16
14
18
21
13
16
13
27
26
20
16
20
12
12
19
11
14
18
18
17
21
19
17
22
12
15
13
19
22
26
24
22
16
11
16
19
11
18
20
19
20
16
19
18
18
13
23
11
19
22
17
20
20
14
14
9
20
26
24
15
22
20
22
10
18
21
17
16
18
22
22
16
16
18
26
17
16
17
16
15
17
13
12
14
23
16
19
15
15
14
14
16
19
16
16
17
18
8
17
18
21
14
16
14
13
29
12
18
14
19
17
15
11
12
18
18
11
22
23
10
14
15
24
20
18
16
22
22
13
29
27
29
25
26
18
21
33
34
28
16
10
14
17
15
16
12
13
15
13
12
13
12
12
10
21
16
12
13
9
17
13
18
14
17
10
15
9
14
17
16
11
16
15
11
11
17
12
11
17
16
21
12
19
12
12
11
14
9
14
8
14
5
22
11
9
16
13
10
15
10
18
14
11
11
7
14
7
8
15
13
13
10
8
8
11
16
7
16
4
18
10
9
16
13
10
7
10
15
9
14
13
5
11
12
9
11
15
8
19
11
6
10
11
16
14
16
11
15
10
11
10
10
13
10
11
8
12
9
10
11
12
11
13
12
12
16
9
8
10
9
9
11
9
13
6
8
7
8
6
7
8
12
21
17
11
16
17
12
11
9
6
11
8
10
14
6
11
15
13
13
16
12
7
14
8
5
8
19
12
9
10
8
7
11
5
5
16
9
5
10
14
12
10
14
6
3
11
12
10
7
7
10
10
11
13
12
7
12
11
10
6
11
8
14
14
6
11
11
10
8
2
16
9
11
6
4
9
8
7
10
4
7
10
7
5
7
6
13
10
6
4
10
10
4
12
9
7
9
12
10
12
7
7
8
11
15
7
7
7
14
10
10
10
8
5
6
12
8
8
8
8
11
14
10
5
9
12
4
2
4
7
4
8
9
8
10
5
9
6
7
12
9
11
7
8
7
7
5
10
2
2
11
7
5
6
9
7
9
6
5
8
9
10
6
7
6
3
5
6
8
7
4
5
6
6
10
8
7
3
4
8
6
10
6
4
6
4
11
13
3
7
5
10
4
6
9
8
8
12
4
9
7
7
6
6
4
10
9
5
11
4
5
5
6
3
2
7
6
7
6
4
5
5
11
10
11
3
8
14
14
12
9
6
16
14
10
16
9
9
11
3
5
9
6
8
9
7
5
6
7
3
6
7
13
12
6
7
8
7
5
3
4
3
8
5
6
9
2
3
5
2
3
3
4
6
7
2
3
6
3
5
3
7
9
4
6
8
7
7
4
4
2
8
4
7
9
8
9
11
2
9
13
6
11
10
7
7
7
8
2
7
8
13
14
10
8
9
12
13
4
7
11
7
8
4
7
3
8
6
5
5
4
4
8
6
7
7
6
3
10
3
4
8
3
3
8
6
5
3
5
5
3
4
6
3
1
2
7
5
7
7
7
7
2
4
6
6
6
2
4
6
5
1
7
4
6
7
9
7
4
6
4
3
4
10
5
8
5
6
6
7
3
6
4
7
5
6
5
6
8
4
3
5
2
4
10
5
6
5
4
7
10
6
9
5
2
6
8
9
1
6
4
10
5
4
6
8
4
7
7
2
9
4
5
3
9
7
6
7
5
5
4
7
8
7
3
11
17
22
24
37
44
71
108
133
157
206
224
277
294
249
237
224
174
110
60
52
38
20
12
7
3
3
2
4
2
7
6
4
7
4
4
1
4
1
4
5
4
5
4
4
3
1
6
6
4
5
4
6
3
2
4
6
2
4
3
2
2
1
2
4
3
7
2
1
4
5
2
5
4
3
5
5
4
5
0
3
2
4
3
4
5
1
2
2
0
5
5
4
4
3
4
4
2
1
3
4
3
7
6
7
4
8
7
4
6
7
5
4
2
7
2
12
0
3
7
2
2
4
4
5
2
3
6
6
1
2
3
3
6
5
4
8
5
3
4
6
4
7
4
12
7
8
4
4
8
7
5
7
5
3
3
4
1
2
5
4
4
4
3
3
6
3
2
1
2
6
2
5
3
2
4
2
6
2
2
5
4
2
2
1
1
5
4
5
0
6
1
2
3
5
3
5
4
5
5
2
0
2
4
0
1
2
2
4
6
8
3
3
4
0
5
3
4
2
3
6
2
3
5
2
5
5
3
3
5
4
5
4
2
4
3
5
3
4
2
5
3
6
2
2
4
1
4
2
6
5
3
7
3
1
3
3
6
4
5
0
2
2
1
4
4
1
2
5
3
2
1
5
2
2
4
4
4
3
2
2
5
3
1
2
2
4
3
2
5
2
3
2
0
1
2
1
4
3
3
2
5
4
6
3
1
5
4
5
0
3
4
7
3
1
1
1
4
2
2
2
2
2
1
2
4
2
4
4
5
2
2
2
6
7
5
5
2
4
1
0
6
3
5
4
4
5
5
2
3
5
5
4
6
4
4
6
8
8
7
10
5
9
4
8
12
5
7
9
10
12
6
11
7
7
10
12
5
7
2
5
3
1
3
4
2
2
0
2
2
2
2
3
2
1
1
4
1
0
1
2
4
3
0
4
2
2
2
4
3
1
1
2
1
3
4
3
3
3
1
4
3
3
7
4
1
0
4
4
1
1
1
1
2
4
1
3
4
5
3
5
3
8
4
6
6
3
5
6
4
4
7
5
6
2
2
4
3
3
1
1
1
2
1
3
2
4
3
2
3
4
3
4
4
8
4
9
4
2
6
3
2
0
4
1
0
6
1
1
3
2
3
3
2
2
6
3
3
1
0
0
3
4
1
2
7
3
2
0
2
1
6
3
2
1
0
3
3
4
2
2
4
1
1
2
1
3
3
2
4
2
2
3
0
2
2
5
1
1
0
2
1
3
1
1
4
5
2
1
1
3
3
3
4
1
5
0
2
2
7
1
2
1
2
0
0
3
2
4
2
3
3
2
3
4
3
4
3
4
0
3
1
3
0
3
1
1
2
0
2
2
1
2
4
1
3
5
4
2
2
7
2
3
1
5
2
2
0
2
2
1
4
2
0
1
4
2
2
3
3
3
4
5
2
3
2
2
0
2
1
2
0
1
2
4
2
3
0
5
1
1
5
3
2
1
3
5
3
7
1
2
4
4
1
3
2
1
1
1
0
2
3
4
1
2
2
3
5
3
3
2
3
3
3
2
1
0
0
6
2
5
2
1
1
3
5
2
2
2
1
2
2
3
2
2
4
1
2
2
1
3
5
3
3
4
1
1
2
3
5
2
0
3
7
1
4
1
0
1
1
2
3
2
1
0
2
4
3
1
3
4
1
5
1
0
2
1
4
4
5
4
5
4
9
8
7
4
10
5
6
4
4
7
2
2
0
2
1
0
2
4
3
2
2
2
1
0
0
4
2
2
1
1
2
2
0
0
0
4
1
0
2
1
0
0
0
4
1
2
3
2
2
3
4
1
1
1
0
0
3
1
2
1
3
2
1
0
2
3
2
2
3
1
4
0
1
1
3
1
3
2
1
2
3
2
3
4
0
1
6
5
10
13
11
7
9
17
20
21
22
29
27
23
25
15
12
8
8
3
4
4
3
5
1
2
1
1
1
4
0
1
2
3
0
4
3
3
0
0
2
1
2
0
2
1
1
3
5
2
3
0
2
2
1
0
4
3
1
1
5
1
0
3
2
2
3
2
2
3
4
3
1
3
1
0
1
1
2
4
2
1
0
3
1
0
2
1
0
2
4
3
2
1
0
3
1
4
1
2
2
1
0
0
4
1
1
2
3
4
1
4
4
3
3
3
4
1
3
3
1
1
4
1
3
3
0
3
3
1
1
1
1
2
3
2
0
1
0
2
3
2
3
3
1
2
1
1
3
0
4
2
0
1
1
0
2
0
4
1
1
1
0
3
2
2
2
3
1
5
2
1
2
1
3
0
0
2
4
2
1
1
1
4
0
3
1
3
1
1
2
3
2
2
1
4
0
1
2
0
1
3
3
1
1
4
0
5
2
1
8
1
4
0
2
1
1
0
6
1
5
3
3
2
2
4
2
4
2
2
1
8
4
5
7
3
7
3
4
6
6
2
3
4
3
2
1
1
4
0
3
0
1
2
3
0
2
0
3
3
1
1
3
2
1
1
0
2
2
1
4
3
3
3
2
0
2
4
3
3
2
2
2
0
1
7
4
2
1
1
1
1
4
2
2
3
1
1
2
0
1
0
3
1
2
2
4
2
0
3
0
5
5
3
1
0
5
2
0
1
2
1
1
3
4
2
3
3
3
1
3
1
2
2
2
3
1
3
0
1
3
1
3
3
3
4
0
3
2
0
3
2
4
4
4
2
2
0
2
3
1
0
3
0
1
2
1
3
1
2
3
2
1
1
3
1
2
4
1
1
3
1
0
1
2
4
2
3
1
0
1
1
2
1
2
4
2
0
0
3
3
2
4
2
2
2
3
0
1
0
3
3
3
2
0
3
2
1
2
0
1
0
2
3
2
1
1
1
2
0
0
4
1
0
0
2
1
1
2
0
0
2
2
1
5
1
0
1
1
1
4
1
0
1
1
0
1
3
0
6
2
1
0
2
1
2
2
4
6
1
1
5
0
2
2
1
3
3
4
1
2
2
2
1
1
1
1
2
2
2
2
1
4
4
2
0
1
4
0
2
6
2
4
0
2
3
3
2
0
3
2
5
1
1
2
5
5
2
0
1
3
2
2
3
1
2
0
2
2
4
2
2
1
2
1
3
0
3
2
2
2
1
2
1
0
2
3
4
3
1
1
2
3
2
2
2
1
3
2
0
1
1
2
2
2
1
5
2
1
0
1
1
3
2
2
0
3
3
0
2
2
0
2
2
3
3
2
0
2
2
1
2
2
1
2
1
1
3
1
3
0
3
0
1
0
1
0
3
3
0
0
2
3
2
1
1
3
2
2
1
3
0
2
3
0
2
2
1
3
1
1
2
1
1
1
1
2
3
0
2
3
0
5
2
3
3
1
2
0
1
0
1
1
1
2
0
2
0
2
1
3
2
3
0
3
1
0
2
1
3
3
0
0
5
1
2
1
3
0
4
2
0
1
2
3
0
1
3
3
4
3
3
1
1
2
1
1
5
1
1
1
3
2
3
2
0
3
1
0
0
3
2
0
0
2
3
3
1
4
1
2
2
1
1
4
1
1
3
3
2
3
3
0
0
1
1
2
2
1
3
3
0
1
0
0
3
1
1
0
2
1
1
3
2
2
1
3
4
2
3
4
1
2
1
1
0
1
1
0
1
0
0
0
0
0
1
0
1
5
1
3
1
3
0
0
1
0
2
4
1
1
0
0
2
5
0
4
5
1
2
4
2
2
2
3
3
3
3
0
4
1
1
2
1
0
3
0
1
0
0
0
1
1
4
2
2
5
2
2
0
2
1
1
1
0
2
1
1
1
0
3
1
2
4
0
0
5
3
2
4
1
0
2
0
3
1
4
3
4
1
3
1
1
1
0
2
2
2
3
1
0
0
1
1
4
2
1
1
3
2
1
3
1
2
2
2
0
3
0
1
1
2
1
2
0
2
0
0
2
1
2
3
2
1
3
1
1
0
1
2
2
0
1
2
3
3
2
7
0
2
0
2
2
3
6
3
5
3
0
8
6
7
8
3
8
6
7
1
2
6
5
2
4
0
2
2
3
2
1
1
2
4
4
3
0
0
2
0
2
0
2
0
2
1
2
3
2
3
4
4
2
2
4
2
2
2
5
4
4
6
3
2
2
1
0
2
2
1
0
1
3
3
0
1
1
1
1
1
3
1
2
2
0
3
1
1
3
1
1
2
0
0
1
1
0
1
0
0
0
4
1
1
2
1
0
1
4
0
1
2
1
1
2
2
0
0
3
1
0
3
1
4
1
1
1
4
1
1
0
2
1
1
1
2
0
1
2
1
3
0
2
0
4
2
0
1
2
0
1
1
1
2
1
3
2
2
2
1
0
2
1
2
2
1
1
1
1
5
1
1
2
6
2
2
1
2
4
1
1
0
1
1
2
1
1
4
0
1
2
2
0
3
2
1
2
1
5
0
0
0
0
1
0
2
1
1
2
2
3
1
1
0
1
0
0
1
2
4
0
4
2
1
1
3
2
3
1
1
1
2
0
1
1
1
2
0
2
1
3
0
0
1
0
1
2
1
1
2
3
0
1
1
3
5
3
2
1
1
0
0
2
3
3
2
1
0
0
3
2
0
0
0
2
4
4
2
2
5
1
4
4
6
4
6
6
7
9
4
4
6
6
3
10
6
6
0
1
1
1
2
3
2
1
1
1
3
2
1
3
3
1
1
2
4
4
0
2
1
4
2
2
1
2
5
3
1
2
0
4
1
5
1
1
2
1
3
0
1
4
1
1
2
4
4
1
0
3
1
0
1
1
3
3
2
1
1
1
1
1
0
3
1
0
0
1
2
1
3
3
1
0
4
2
1
2
2
1
1
1
2
2
4
3
2
1
4
0
2
4
1
0
1
1
5
1
1
4
1
2
2
1
2
1
2
2
2
0
1
3
3
1
2
1
1
1
1
3
0
1
2
0
2
4
1
1
1
0
2
1
4
3
1
3
1
3
0
1
5
3
2
4
3
2
0
2
1
1
1
1
1
1
2
5
0
1
3
2
2
0
0
1
1
1
1
2
1
1
0
1
1
2
0
0
1
1
0
0
2
2
1
1
4
3
1
3
1
3
0
0
1
1
1
2
2
2
2
1
1
1
0
1
1
1
0
1
0
0
0
2
4
2
2
2
1
0
2
0
2
2
5
3
1
0
1
2
5
1
2
3
3
1
2
2
5
3
4
2
2
2
0
4
1
1
0
1
0
3
2
1
2
1
3
2
2
2
4
3
1
2
4
5
6
1
1
0
2
3
3
2
0
3
3
2
1
0
5
0
2
1
2
2
2
0
4
0
3
1
2
3
0
0
3
3
1
5
1
3
1
3
1
7
1
1
3
1
2
1
1
0
3
4
4
1
2
1
3
0
0
1
1
2
2
2
3
0
0
1
3
1
2
2
2
4
2
2
0
0
1
5
2
1
1
0
1
4
0
2
1
0
1
1
3
4
2
1
1
1
2
0
2
3
1
1
1
0
1
3
2
3
3
2
1
2
2
3
0
1
2
4
2
3
2
4
2
1
3
2
1
3
2
0
2
0
1
4
2
0
1
2
0
3
2
1
0
1
2
4
2
0
1
1
2
0
1
2
2
5
1
2
3
4
2
1
0
1
1
2
0
2
2
2
3
2
3
0
0
1
1
1
1
1
2
2
0
2
1
2
2
3
2
3
1
2
1
3
2
6
2
2
5
3
1
1
1
0
6
1
4
1
0
2
0
2
3
0
1
2
0
1
2
2
0
3
0
2
1
4
1
2
1
4
1
3
1
2
2
0
0
1
1
0
1
1
2
2
3
1
3
0
2
0
2
2
1
2
2
0
0
0
1
2
2
2
1
1
1
6
2
1
1
2
2
2
1
1
0
0
0
1
0
2
3
0
1
3
2
3
0
1
1
2
1
1
2
1
2
3
0
2
2
0
0
1
1
1
1
0
2
1
2
0
3
0
1
2
0
0
2
3
1
0
2
1
1
0
3
0
3
2
0
1
1
0
1
2
1
3
0
1
1
1
3
2
3
1
0
2
2
4
3
0
3
2
1
2
2
0
0
1
1
0
1
1
0
1
0
1
2
0
2
1
1
2
1
0
2
1
0
0
1
1
1
2
3
4
4
2
4
1
2
1
2
2
3
0
1
2
0
1
1
0
0
2
0
0
2
1
1
0
1
1
1
0
1
1
4
2
0
1
1
0
2
1
1
1
1
1
2
0
1
1
0
0
1
1
0
1
2
0
0
1
2
0
0
3
1
1
1
0
0
1
1
2
0
2
2
1
0
0
1
1
1
2
1
2
0
0
0
0
2
0
2
0
2
1
0
0
0
2
1
1
1
1
2
0
0
2
0
0
0
0
2
0
1
0
0
1
0
1
0
1
0
1
1
2
0
4
1
1
1
0
0
0
0
0
1
0
0
0
1
1
0
0
0
0
1
0
1
0
0
0
0
1
0
0
0
1
0
0
1
0
0
1
0
1
0
0
1
0
1
0
2
0
0
1
0
0
1
0
1
1
1
1
0
0
0
0
0
0
0
0
1
0
0
0
0
1
0
0
1
0
1
0
0
0
0
1
0
1
0
1
0
0
0
0
3
0
1
0
0
1
0
0
0
1
0
1
1
0
0
0
0
0
0
0
0
0
1
0
1
0
0
0
1
1
0
0
0
1
1
0
1
0
0
1
1
0
0
1
0
0
2
0
0
0
1
0
2
0
1
0
0
0
1
0
0
0
0
0
0
1
0
0
0
0
0
0
0
1
0
1
1
1
0
1
0
0
0
0
0
1
0
1
0
0
0
0
1
3
0
0
0
0
1
0
0
0
0
1
0
0
0
0
1
1
0
0
0
1
0
1
1
1
0
0
0
1
1
1
0
1
0
0
0
0
0
0
0
1
0
0
2
0
1
0
1
1
3
0
1
0
1
1
0
0
0
0
0
0
2
0
0
1
1
0
0
1
0
0
0
0
0
0
0
0
0
0
0
0
0
0
1
0
1
1
0
0
0
0
1
0
0
0
0
0
0
0
0
1
0
0
0
0
0
1
0
1
0
0
1
0
0
0
1
0
0
0
0
0
0
1
0
0
2
0
0
0
0
0
2
1
0
0
0
2
0
2
1
1
2
6
6
3
6
12
6
18
18
18
27
25
26
26
22
27
27
21
23
17
25
4
9
2
5
2
2
0
0
0
0
0
0
0
0
0
0
0
1
0
2
0
0
1
0
1
0
0
0
2
1
0
0
0
0
1
0
0
0
0
0
0
0
2
0
0
0
0
0
0
0
0
0
0
0
0
0
0
0
0
0
0
0
1
1
0
0
0
0
1
0
0
0
0
0
0
0
0
0
0
0
0
1
0
0
0
1
0
0
1
0
1
0
0
0
0
0
0
0
0
0
0
0
0
0
1
0
0
0
0
0
0
0
1
0
0
0
0
0
0
0
1
0
0
0
0
0
0
0
0
0
0
0
0
0
1
0
0
0
0
1
0
0
0
0
0
0
0
0
0
1
0
0
0
0
0
0
0
0
0
0
0
0
0
0
1
0
0
0
0
0
0
0
0
0
0
0
0
0
0
0
0
0
0
0
0
0
0
0
1
0
0
0
0
0
0
0
1
0
0
0
0
0
0
0
0
1
0
0
0
0
0
0
0
0
0
0
0
0
0
0
0
0
0
0
0
0
1
0
0
0
0
0
0
0
0
0
0
0
0
0
0
0
0
0
0
0
0
1
0
0
0
0
0
1
0
1
0
0
0
0
0
0
0
0
0
0
1
0
0
0
0
0
0
0
0
0
0
0
0
0
0
1
0
0
0
0
0
0
0
0
0
0
0
0
0
0
2
0
0
0
0
0
0
0
0
0
0
0
0
0
0
0
0
0
0
1
0
0
2
1
0
0
0
0
0
0
0
0
0
0
0
1
0
0
0
0
1
0
0
0
0
0
0
0
0
0
0
0
0
0
0
0
0
0
1
0
0
0
0
0
0
0
0
0
0
0
0
0
0
0
0
0
0
0
0
0
0
0
0
0
0
2
0
0
0
0
0
0
0
0
0
0
0
0
0
0
0
0
0
0
0
0
0
0
0
1
0
0
1
1
0
1
1
0
0
0
0
0
0
0
0
0
0
0
0
0
0
1
0
0
0
0
0
0
0
0
0
0
0
1
0
0
0
0
0
1
0
0
0
0
0
1
0
1
1
0
0
0
0
0
0
0
0
0
1
0
0
0
0
0
0
0
0
0
0
0
0
0
0
0
1
0
0
1
0
0
1
1
0
1
0
0
0
0
0
0
0
0
0
0
0
0
0
0
0
0
1
1
1
0
0
1
0
0
0
0
1
0
0
0
0
0
0
0
0
0
0
0
0
0
0
0
0
0
0
0
0
0
0
0
1
0
0
0
1
0
0
0
0
0
0
0
0
0
0
0
0
0
0
0
0
0
0
0
0
0
1
0
0
0
0
0
0
0
1
0
0
0
0
0
0
0
0
1
0
0
0
0
0
0
0
0
0
0
0
0
0
0
0
0
0
0
1
0
1
0
0
0
0
0
0
0
0
0
0
0
0
0
1
0
0
0
0
0
0
0
0
0
1
0
0
0
1
0
0
0
0
0
0
0
0
0
0
0
1
0
1
0
0
1
0
0
0
0
1
1
0
0
0
1
0
0
0
0
0
0
0
0
0
0
0
0
0
0
0
0
0
0
0
1
0
0
0
0
0
0
0
0
0
0
0
0
0
0
0
0
0
0
0
0
0
0
0
1
0
0
0
0
0
0
1
0
0
0
0
0
0
0
0
0
0
0
0
0
0
1
0
0
0
0
0
1
1
0
0
0
0
0
0
0
0
0
0
0
0
0
0
0
0
1
0
0
0
0
0
0
0
0
0
0
0
0
0
2
0
0
2
0
0
0
0
0
0
0
0
0
0
0
0
0
0
0
0
0
0
0
0
0
0
0
0
1
0
0
0
0
0
0
0
0
1
0
0
0
1
1
0
0
0
0
0
0
0
0
0
0
0
0
0
0
1
0
0
0
0
0
0
0
0
0
0
0
0
0
0
0
0
0
0
0
0
0
0
0
0
0
0
0
0
0
1
0
0
0
0
0
0
1
0
1
0
0
0
0
0
0
0
0
0
0
0
0
0
0
0
0
0
0
0
0
0
0
0
0
1
0
0
0
0
0
0
0
0
0
0
0
0
0
0
0
0
1
0
0
0
0
0
1
0
0
0
0
0
0
0
0
0
0
0
0
0
0
0
1
0
0
1
0
0
0
0
1
0
0
0
0
2
1
0
0
0
0
0
0
0
0
0
0
0
0
0
0
0
0
1
0
0
0
0
0
0
0
0
0
0
0
1
0
0
0
0
0
0
0
0
0
0
0
0
0
0
0
0
1
0
0
0
0
0
0
0
0
0
0
0
0
0
0
1
0
0
0
0
0
0
0
0
0
0
0
0
0
0
0
0
0
0
0
0
0
0
0
0
1
0
0
0
0
0
0
0
1
0
0
0
0
0
0
0
0
0
0
0
0
0
0
1
1
0
0
0
0
0
0
0
0
0
0
0
0
0
0
0
0
0
1
0
0
0
$ENER_FIT:
0.349 0.366928 6.40779e-008
$MCA_CAL:
3
0.349 0.366928 6.40779e-008
$PEAKLABELS:
992.378, "I-131"
774.092, "I-131"
217.533, "I-131"
482.330, "I-131"
1734.763, "I-131"
741.862, "I-131"
886.914, "I-131"
1968.400, "I-131"
866.275, "I-131"
1369.668, "I-131"
1102.445, "I-131"
1750.923, "I-131"
1983.624, "Sum Peak"
1765.828, "Sum Peak"
2724.941, "Sum Peak"
3977.009, "K-40 , (Bkgd)"
7115.497, "Th-232(d), (Bkgd)"
184.855, "Au XRF, (Detector)"
419.192, "Backscatter"
572.157, "Compton Edge"
1220.285, "Compton Edge"
$ENDRECORD:
