$SPEC_ID:
PeakEasy Library File: U-Ore, IdentiFinder(NaI), 3.1 kg on contact
$MEAS_TIM:
43366.00000 47245.00000
$DATE_MEA:
7/14/2010 5:28:45 PM
$DATA:
0 1023
0
0
0
0
843552
1409963
1453028
1589947
1756973
1918437
2107572
2279508
2442059
2672385
3001266
3241022
3337671
3439549
3744214
4241600
4936366
5640011
6385532
7505613
9017966
10094031
10158777
9764146
9817220
10561654
11557716
12053746
11412574
9946998
8502895
7690476
7297714
7004741
6404508
5698735
5161439
4864902
4891143
5036927
5206781
5388374
5529930
5653680
5696894
5690828
5634208
5613971
5576291
5550388
5569106
5694630
5917115
6213763
6510711
6731546
6764870
6597292
6263773
5882999
5516123
5230085
5002793
4863569
4754340
4693417
4646665
4649779
4676108
4761344
4872012
5010140
5122011
5190695
5184543
5106594
4957586
4771104
4566613
4372157
4191868
4061568
3967002
3938893
3968117
4084496
4258599
4494714
4738115
4985805
5149111
5204968
5131010
4960863
4681278
4323402
3950427
3610889
3323725
3112779
3002979
3018121
3147147
3384350
3704324
4105180
4518084
4904630
5227821
5445288
5514412
5402748
5148288
4758495
4281944
3757570
3262331
2817874
2439614
2151388
1938595
1789191
1679226
1611829
1561747
1520985
1480919
1447823
1407003
1365507
1321939
1285580
1246522
1209028
1176589
1150075
1124144
1099389
1079019
1065659
1053570
1041075
1031898
1028025
1021862
1014118
1009833
1002328
995854
985636
980341
970892
959444
948335
942276
931776
924649
913669
907495
898460
890407
881266
875703
865032
855595
848521
842803
832602
822166
813680
804514
792996
785671
779407
777959
775645
783725
793507
814660
840672
885189
943093
1016413
1109487
1225060
1353016
1501025
1660726
1828150
1992521
2148117
2285584
2394741
2459378
2479542
2459097
2391985
2278175
2126566
1960502
1777811
1591213
1408520
1244494
1094871
966241
858783
772925
703829
652781
612257
585080
561887
546404
532801
524644
515480
508171
501915
497076
492076
487568
483905
480735
478689
477602
474837
474278
473975
475434
477246
478283
482362
487247
493016
498814
508527
516742
526215
535376
549043
559688
567472
578379
582191
585075
587566
587024
584800
577650
570975
562305
552352
540499
529665
517925
507552
494203
484654
475541
465960
458336
451922
444200
437548
431941
427015
418821
413896
407246
402646
396995
393171
387578
384105
377620
374528
370019
365258
360618
358590
354854
351689
349583
348369
347278
346399
346306
347798
347557
348213
350781
351741
352485
355733
357208
358636
359948
358735
358156
356428
354256
350945
347960
341525
337210
331613
325878
319517
314099
308972
304457
299507
295444
291680
288238
285717
284692
280407
278262
274685
274035
271072
267193
264702
263327
260481
255799
254423
251528
248564
247175
245782
244504
243959
243792
244275
244694
246572
248634
251599
256095
263194
269182
277981
287636
300332
312539
327438
342540
358219
375972
391272
408391
423417
437121
448042
458063
463154
466624
466732
465017
460240
452261
442945
431398
417653
402372
386847
370492
354216
337984
321745
306654
292347
280540
267932
259069
249381
242343
236537
232446
228597
226119
224999
225683
225799
227203
228749
232500
236211
239110
242975
247083
249045
252081
254583
255438
256715
254864
253819
252512
250780
246585
243537
240208
235327
230934
226135
221307
216207
211254
206627
201682
197167
192311
188333
183589
180500
176453
172793
170586
168864
167745
165716
166766
167131
167410
168250
170353
173943
176687
179298
183132
187590
192160
196323
201059
206427
210946
216202
219718
223500
227858
230077
231920
234336
234381
235206
233674
233591
230679
228654
224142
220573
217715
212602
207776
202683
198327
193092
187774
183483
178003
173898
170025
166390
162877
160440
157378
155259
153331
152009
151178
149225
148826
147846
147963
146601
146246
146118
144581
143258
143490
141974
140974
139086
137390
135527
133382
131522
129434
126832
124110
121987
119430
116305
113637
111626
109358
105834
104334
101523
99972
97736
95686
93497
91902
89930
88410
86358
85386
83357
81905
80832
79145
77805
75788
74886
73791
72656
71193
70375
69706
68760
68399
67488
66676
66159
65745
65467
65646
65288
65751
65731
65724
66539
66892
67883
69176
70605
72187
73662
75213
78534
81034
84347
88007
91779
95893
100984
106007
110702
116512
123712
130066
136199
142429
149864
155746
162052
167439
172747
178261
181932
185033
187694
188549
189634
190751
189938
186672
183901
179697
175389
170699
166401
159769
153087
146095
139995
133648
127466
121918
116194
110273
104566
100174
95347
91537
87997
84276
80979
78794
75958
73278
70896
68779
67085
65180
63404
61977
59756
58064
56560
54734
53666
51953
50706
49048
47857
46569
45351
43950
42530
41586
40322
39196
38290
37267
36209
35588
34299
33492
32974
32451
31184
30175
29730
29232
28190
27556
26812
26232
25568
24816
24446
23558
22730
22576
22024
21164
20946
20535
19821
19262
18972
18383
18172
17955
17246
17157
16932
16636
16483
16127
15912
15658
15623
15635
15617
15416
15265
15421
15285
15399
15550
15652
15887
16056
16220
16367
16635
16862
17215
17428
17737
17837
18293
18668
19108
19125
19487
19810
20084
20601
20797
20915
21562
21706
22297
23163
23539
23861
24866
25306
26124
26955
27663
28971
29578
30601
31885
32334
33277
34263
34967
35264
35953
36531
36794
37138
37362
37302
36280
36416
35980
35142
34393
33378
32415
31216
30295
28590
27955
26176
25043
23642
22240
21156
20069
18631
17817
16684
15472
14507
13827
12949
12095
11404
10632
9888
9498
8908
8588
7922
7345
7112
6771
6388
6057
5846
5509
5277
4896
4748
4489
4452
4161
4005
3888
3871
3805
3716
3747
3775
3739
3813
3890
4014
4115
4318
4450
4861
4867
5160
5304
5622
5943
6374
6526
6764
7102
7420
7830
8072
8183
8412
8591
8849
8871
9082
9039
9104
9023
8939
8886
8707
8444
8300
8030
7793
7658
7369
6935
6644
6452
6094
5800
5587
5134
4901
4560
4220
3938
3748
3434
3259
3072
2796
2625
2489
2324
2060
1942
1839
1768
1600
1558
1441
1371
1339
1242
1183
1141
1107
1071
999
932
953
882
893
814
828
795
813
711
729
728
723
700
715
680
643
626
606
675
652
653
691
649
618
620
630
640
580
581
614
573
594
584
592
571
571
510
514
572
588
560
591
527
567
561
553
579
521
549
495
517
516
472
481
479
487
490
462
448
471
458
440
427
410
393
372
424
414
367
351
380
344
352
342
323
332
339
308
309
330
305
297
275
283
294
282
264
281
284
290
274
248
252
279
252
238
267
245
248
234
245
255
260
279
268
249
239
272
238
250
258
247
235
217
238
249
228
246
230
231
223
230
210
222
189
215
217
235
233
245
222
223
225
232
251
240
199
206
225
209
247
202
209
198
190
207
221
207
199
169
172
206
178
172
201
189
179
177
175
178
153
154
164
156
170
151
137
127
124
136
113
125
115
114
107
99
89
87
103
88
86
94
$ENER_FIT:
1.828 3.070173 0.00000e+000
$MCA_CAL:
3
1.828 3.070173 0.00000e+000
$PEAKLABELS:
114.667, "Pb-214"
95.953, "Pb-214"
78.568, "Pb-214"
198.589, "Bi-214"
250.934, "Bi-214"
364.339, "Bi-214"
304.524, "Bi-214"
403.132, "Bi-214"
452.016, "Bi-214"
572.763, "Bi-214"
717.591, "Bi-214"
797.724, "Bi-214"
31.586, "U X-rays"
24.586, "Bi X-rays,Ra-226(d)"
60.380, "Ra-226,U-235"
$ENDRECORD:
