$SPEC_ID:
PeakEasy Library File: Cf-252  GR-130
$MEAS_TIM:
300.00 307.00
$DATE_MEA:
10/25/2002 5:29:46 
$DATA:
1 256
0
0
0
62
1010
2021
3010
4974
5080
5592
7281
5481
4900
4333
4333
4296
4491
3590
3005
2797
2871
2476
2212
1921
1702
1621
1390
1383
1509
1533
1288
1164
1762
2403
2020
1077
569
480
447
421
379
364
372
335
323
307
255
303
272
264
256
261
274
371
439
495
407
295
233
146
137
163
116
126
115
112
125
112
111
109
109
106
101
91
107
93
101
101
86
82
94
76
87
72
84
66
76
65
50
75
56
76
55
82
62
50
61
61
36
55
48
37
51
45
43
39
44
36
36
39
41
31
47
46
66
62
63
64
69
42
34
31
39
25
29
25
23
26
23
23
12
14
13
16
15
21
10
16
19
20
19
10
19
13
14
11
11
13
11
9
13
10
7
5
9
12
9
15
7
11
7
8
12
11
10
10
5
11
11
14
14
16
8
8
11
6
18
8
5
7
8
5
6
8
5
10
5
8
5
5
3
0
4
3
6
2
5
4
14
12
5
8
8
8
8
5
6
5
3
2
1
3
6
5
4
3
4
1
5
1
1
4
4
2
3
3
2
2
2
0
1
2
3
3
3
0
2
3
1
5
4
3
2
2
3
2
3
0
4
1
1
1
0
0
0
0
$ENER_FIT:
-2.289 11.670000 0.007442000000
$MCA_CAL:
3
-2.289 11.670000 0.007442000000
