$SPEC_ID:
PeakEasy Library File: Cf-252, Falcon 5000 (HPGe), 250 uCi @ 74 cm
$MEAS_TIM:
59926.46000 61189.55000
$DATE_MEA:
7-May-2015 4:37:50 PM
$DATA:
0 8191
0
0
0
0
0
0
1
0
2
1
1
6698
86328
98107
102602
103559
103705
102966
102054
101488
100237
99546
98965
97920
98458
98943
98593
100527
101756
101779
100401
101339
101319
103345
104070
106516
109875
108607
103752
101271
100413
99479
98845
98029
97557
96678
96276
94960
95383
94463
94035
93486
92570
91848
91130
90566
90820
90263
90473
92750
96966
102548
102470
96309
91005
89670
88272
86550
85807
86246
86135
84786
82636
81459
80755
80443
79673
79238
79051
78477
78468
77676
77154
76954
76681
76375
76014
75562
75196
75165
74557
74460
73449
73790
72893
72787
73147
72416
71848
71851
72152
71773
71526
70925
71286
71330
70531
70873
70085
70250
69851
69966
70322
70296
70359
69953
69651
69536
69927
69560
69538
69701
69598
69821
69580
69150
69736
69998
70763
70163
70456
70718
70869
70449
71178
71222
71218
71429
71402
72071
71761
72342
72803
73492
74074
74306
76631
78372
80352
82994
81942
78954
78045
77730
77367
77973
78382
78174
79081
78639
79767
80472
80481
80862
81591
82537
83093
83371
83954
84579
84547
85671
85904
86595
87636
88564
88909
89392
90523
91227
91828
92992
93978
94274
95652
97237
98115
97849
96507
95815
97214
99100
100618
100954
100952
101174
101423
102328
102799
104885
106740
110924
119286
128009
127365
120214
117994
122365
136948
151961
147191
130115
119911
115741
115208
114947
113814
113618
112503
112763
112758
114103
114204
114707
115531
116498
116996
117868
117777
118574
119100
119958
120097
122746
125238
131580
138183
140542
136622
130053
126685
126308
127231
129608
129895
127886
123881
122419
121519
121054
121635
122581
123342
125228
125742
125977
125186
124911
124546
124720
125240
125406
125099
126058
128372
128706
127520
127663
130047
129678
129723
129430
130625
132268
132631
130782
129554
128892
128702
128700
129279
130331
129846
130129
132257
133989
137301
136698
136153
136719
136911
134898
133395
131838
132208
131987
131588
131237
130173
130160
130535
131884
132997
133130
132049
132518
133637
132122
132131
131392
131425
131489
132984
134120
134448
133341
132575
131833
132339
132603
133877
133883
132896
131729
132907
134326
135198
136773
137012
135887
133730
132362
132563
133160
132496
130646
130108
131351
132603
133851
134060
133306
131942
130768
130418
129542
128823
129444
132210
133146
133824
133907
133828
131014
130197
129128
128906
129537
127578
127603
128039
129283
129685
129945
129416
127507
127705
127589
126632
125520
125028
126136
127337
127842
125745
124702
125281
126787
127239
127832
127329
125171
127221
130402
133105
134493
132098
128076
127779
129493
132605
131927
131058
126586
124739
122943
123271
123408
122265
121743
119840
118529
119769
120531
122522
124380
122850
119052
117716
117776
116829
117227
116727
116113
114491
114933
115091
117330
119660
120009
118078
116123
115708
115333
114713
112644
111783
112020
113616
113412
114559
113700
112414
110881
110335
111015
111389
111647
111001
111787
113139
116976
121796
121052
118720
113567
111464
108030
107875
107439
108452
110128
110419
109884
107048
105754
106642
107570
108476
108935
109690
108602
106610
104843
103499
103705
103656
103296
100853
99763
98908
98947
97714
98288
98061
98282
100435
103495
106796
106047
103519
100296
98798
96719
95930
95809
96452
98407
97980
96861
95118
94321
95126
94845
95288
93614
94113
92759
92243
91819
90083
89900
90450
92050
93254
93086
91511
90634
90882
90859
90351
88474
87775
88090
88163
89640
89512
89028
88202
87505
87004
85841
85427
84894
84508
85117
86491
87148
87779
89491
90598
90188
88727
88281
92140
97295
96252
92516
87719
84898
82644
82522
81313
81442
80839
80032
80405
80873
81365
82942
85590
85949
87666
89919
91170
90177
87181
82365
78504
76269
75092
74420
73587
73578
73400
73461
73743
74780
76329
75601
74725
74232
74995
75500
75922
75765
74426
72692
71944
71442
71337
72387
72568
72224
71458
72406
73701
76177
78757
82929
83470
80639
77565
74461
71329
69318
68147
67150
67181
66740
66954
65906
66229
66732
67342
67339
67610
69285
71922
73616
71594
68452
65518
63706
63696
63104
63169
62836
63121
62728
62776
62148
61904
61359
61661
61444
61415
61100
61396
62003
61711
60915
59877
60012
60519
62356
63344
63702
62565
61262
59828
58471
57931
57771
59220
60162
60498
60150
59270
57558
56841
56306
55284
54928
54641
54863
54957
55347
55548
56410
56572
55883
55796
56112
57270
57997
57562
55856
56660
58907
62398
64014
62650
61974
63400
63989
61012
56589
53675
52411
52075
50694
51170
51170
50941
51015
51478
51229
51901
51319
51497
51464
51904
52732
54849
57419
58395
56495
53634
52842
51341
50374
49205
48536
48606
48647
48646
48047
47669
47785
48495
49478
48959
47761
46266
44735
44798
45717
48238
51558
54933
53816
49896
46432
44863
44426
43915
43444
43208
42526
42619
42935
42949
43589
43102
42328
42273
42356
41898
41199
40964
41141
41149
41598
42169
41923
42376
42763
43588
43876
45725
47432
49255
48567
45191
42373
40729
40306
40137
39894
40296
40158
40067
39878
40005
41049
43407
45088
45190
43787
43254
42868
42430
41364
40769
40363
39417
38994
38017
37837
37255
36840
36490
36160
36233
37108
37658
38385
39264
39334
38456
37891
37702
36833
36250
36047
35837
36027
35982
36457
36151
36288
36745
36563
36571
36306
36342
36419
35799
35778
35893
37654
38403
37902
37411
37752
38744
39394
38039
36958
37687
39395
41863
43286
43274
42622
41474
40465
38618
36751
35952
35613
35012
34271
33391
33265
34169
34563
34883
35692
37522
38429
40035
40926
40684
38878
37443
36728
35468
34382
32662
31796
32885
34630
36504
36666
34984
32958
31277
30768
30856
30438
30718
30693
30476
30014
29877
30242
31094
31609
31546
30847
30324
30912
31516
32643
32559
32536
31613
31569
31979
33920
34731
34261
32271
30188
29272
28867
29106
29490
29257
28885
27938
27788
28230
28832
29654
29274
29080
28317
27852
27807
27891
28445
29165
30112
30503
31043
32403
34529
35828
35134
32632
30443
29861
30078
30157
29188
28748
29155
30694
32463
33179
32061
30755
31096
32933
34279
34133
31795
29750
28527
27404
26688
26836
26474
27491
27250
26215
25757
25686
25922
26377
26088
25941
25931
26460
27035
27618
27078
26694
26114
26330
26679
27605
29568
29765
29246
27572
25994
25236
24897
24922
24890
25563
25894
25597
25013
25131
26438
28444
30185
30319
29068
27967
28043
28968
29661
29608
30706
32422
31907
29936
27030
24971
24201
23569
23659
23305
23266
23249
23463
23790
24438
25170
28236
31182
33568
32991
31763
31023
31216
30747
28563
26453
24250
23210
23299
22879
23037
22836
22717
23139
23854
24504
24614
24091
23331
22302
22315
22322
22167
22647
22761
23862
24591
25881
26373
25550
25332
25559
24762
23626
22909
22376
22118
22027
21633
21810
22382
23339
24709
25432
24563
23215
22236
22175
22666
23857
23975
23445
22293
21123
20428
21015
20282
20693
20510
20480
21220
21945
22971
23830
23463
22430
21253
20971
21248
20421
20433
20228
19931
19778
19512
20200
20971
21777
22418
23252
24871
28545
31073
30481
27553
24198
21911
20671
20572
20216
20278
20152
19849
20159
20391
20660
20639
20827
20261
20332
20323
19863
19288
19412
19882
21239
23806
26782
27806
25972
23004
20756
19805
19639
19853
21012
21148
20685
19760
19066
18546
17892
18020
18205
18139
17941
17986
17909
18057
18023
17922
17944
18283
17553
18195
18055
18581
18789
18891
19046
19406
20047
20220
20203
19619
18638
18023
17807
17250
17351
17019
16694
16649
16450
16753
17002
17297
17615
17301
17114
16890
16837
17152
17263
17668
18012
17635
17069
16649
16439
15934
15962
16100
16725
16940
17358
18509
19514
21103
21269
20840
20143
18859
18124
17986
17614
17341
17314
17417
17329
17399
16847
16474
16730
16393
16122
16303
16660
17292
17868
18595
19287
19731
19530
18346
17784
17341
17642
18239
19166
19460
19319
18637
17852
17019
16446
15822
15335
15146
15614
15716
15798
15503
15914
15944
16449
16288
16247
15741
15366
15067
14762
14570
14606
14555
14609
14816
14855
15701
15502
15649
15333
15283
15009
15127
15313
15233
15210
14911
14294
14001
14041
14315
14379
14644
14804
15086
15468
15289
15061
15028
15299
15467
15835
16606
16963
17186
16447
16210
16087
16395
15918
15542
15684
16171
16840
16197
15731
14996
14488
14213
13671
13499
13765
14029
14381
14513
14851
15416
16239
16333
15800
15120
14530
13926
14440
14867
15377
15822
15780
15257
14499
14391
14487
14622
14777
15553
16114
16032
15409
14539
13888
13661
13521
13344
13700
13872
14122
14008
14014
14251
14487
15023
15862
16908
16552
15593
14505
13723
13783
13971
13744
13870
13675
13563
13300
13155
13280
13626
13958
14135
14617
15120
15864
15965
15839
15420
15892
16261
16014
14891
13947
13372
13232
13411
14190
15116
16219
16433
15806
14890
14251
13141
12843
12550
12563
13073
13448
13312
13327
13207
13477
13532
14106
14229
13871
13364
12798
12197
12352
12440
13082
13509
14394
16080
17866
18090
16480
14774
13582
13122
12941
13032
13311
13420
12990
12436
12060
11776
11992
11986
12449
12790
13067
13108
12962
12969
12877
12644
12654
12827
12929
12398
12089
12012
12467
12852
13639
14500
16229
17746
19316
20611
21898
22216
21912
20727
19405
17987
16638
16209
15469
14645
14183
13761
13638
13243
13342
13393
12953
13652
13759
13347
12945
12450
12133
12484
13440
13831
13432
13004
12058
11703
11366
11364
11160
11791
11431
11191
11119
11192
11193
11011
10752
10680
10914
10972
11451
11831
12130
12549
12748
12919
12770
12955
13275
14254
14534
14644
13762
12811
11929
11170
11069
10633
10623
10981
11243
11545
12496
13049
13936
13965
14125
13142
12665
12715
12594
12309
11855
11477
11216
10744
10819
10952
11377
12151
13031
13592
13056
12113
11200
10649
10433
10520
10600
10923
10986
11100
11284
11222
11579
11748
11894
11721
10973
10609
10407
10168
10115
10061
10201
10105
10098
10133
10195
10577
10653
10546
10459
10708
10872
10706
10542
10899
10996
11036
10755
10654
10285
9960
10088
10078
10212
10260
10387
10362
10237
10110
10345
10491
10629
10557
10427
10257
10115
10174
9979
10162
9891
10051
9779
10363
10094
10285
10570
10594
10814
10836
10455
9979
9673
9778
9396
9411
9551
9709
10039
10084
10441
11007
11202
11539
11116
10765
10254
10039
9911
9710
9912
9906
10302
10593
10736
10715
10618
10443
10074
9925
10017
10233
10022
9963
9921
9898
9729
9659
9733
9444
9574
9807
10046
10729
11371
11732
11790
11596
11169
10682
10571
10842
10562
10311
9714
9565
9297
9483
9832
10416
11725
12910
13136
12904
11607
11074
10470
10156
9589
9086
8670
8548
8731
8805
9096
9218
9915
10184
10652
11749
12914
13870
13640
12623
11590
10453
10203
9990
10110
10022
10169
10513
10467
10503
10719
10798
11205
11654
12522
12856
12854
11907
11137
10679
10536
10026
9767
9526
9587
9902
10020
10030
10131
10067
10280
10596
11203
11926
12694
12663
12039
10754
10131
9436
9035
8898
8869
8905
9131
9014
9135
9159
9081
9069
8888
8710
8629
8745
8902
9414
10250
10560
10752
10771
10754
10934
11062
10855
10649
10263
10068
9799
9650
9349
9352
9102
8890
8490
8224
7997
8142
8246
8452
8729
9000
8833
8842
8702
8377
8321
8222
8103
8146
8237
8089
8280
8623
8786
9187
9486
9623
9321
9285
8796
8501
8294
8294
7919
8006
8055
8187
8285
8319
8288
8151
8036
8138
7801
7751
7837
7835
7988
8100
8448
8954
9569
10507
11189
11374
10848
10145
9203
8824
8524
8359
8077
8047
7916
7876
7833
7852
7762
7763
8049
8385
8527
8952
8728
8456
8339
7814
7779
7493
7492
7308
7327
7168
7261
7263
7282
7270
7325
7314
7436
7480
7773
7810
7689
7427
7595
7262
7281
7683
8240
8818
8766
8432
8117
8026
7623
7634
7577
7320
7361
7277
7409
7233
7093
7141
7053
7216
7294
7333
7187
7301
7203
7424
7436
7552
8079
8738
9022
8807
8312
7871
7486
7101
6929
6832
6828
6672
6518
6855
6593
6580
6568
6715
6564
6405
6577
6516
6589
6667
6828
7168
7479
7713
7703
7676
7255
7036
6930
6754
6708
6795
6589
6469
6441
6406
6588
6674
6670
6656
6849
6543
6468
6460
6471
6354
6304
6401
6643
6618
6545
6554
6605
6667
6962
6750
6748
6592
6359
6407
6432
6386
6514
6750
6902
7333
7651
7986
7902
7785
7974
7780
7834
7910
7898
7971
7807
8068
8444
8825
8918
8725
8439
8007
7677
7425
7293
7302
7093
7090
7145
6983
7118
7324
7160
7147
7336
7128
7107
7063
7184
7214
7494
7648
7880
7856
8061
8037
7711
7642
7880
7809
7683
7428
7166
7156
7122
7079
6855
6675
6498
6399
6559
6626
6667
6835
6753
6738
6561
6373
6596
6501
6386
6385
6292
6305
6196
6013
6177
6147
6097
6105
6089
6284
6357
6492
6354
6534
6574
6538
6808
7087
7570
8381
9784
11024
11493
10656
9296
7958
7255
6711
6815
6501
6351
6326
6214
6169
6124
6150
6322
6252
6175
6176
6025
5954
5990
6158
6161
6043
6125
5976
5923
5734
5741
5919
5928
6009
6238
6043
5823
5757
5791
5732
5836
5827
6113
6049
6072
6027
5809
5618
5425
5630
5549
5768
6108
6413
6724
6785
6659
6286
5792
5555
5562
5468
5370
5434
5372
5577
5602
5691
5663
5659
5516
5751
5745
5694
5771
5383
5471
5492
5297
5352
5165
5273
5107
5343
5140
5201
5185
5115
5253
5411
5418
5732
5758
5740
5526
5217
5159
5071
5154
4950
5066
5212
5216
5090
5068
5161
5119
5127
5253
5424
5564
5455
5570
5470
5483
5629
5819
6028
6216
6235
6181
6334
6266
6313
6173
5887
5860
5520
5472
5517
5681
5831
6068
6229
6163
6408
6570
6470
6372
5858
5817
5492
5410
5286
5246
5109
5099
5166
4906
5083
5092
5007
5045
4971
5008
4923
4865
4868
4815
4851
4978
4836
4959
4905
4955
4988
5119
5064
5316
5138
5386
5450
5349
5548
5710
5770
5883
5745
5693
6025
6106
6214
5860
5639
5308
4953
5016
4842
4851
5066
5132
5244
5271
5424
5413
5523
5195
4998
4947
4917
4756
4896
4789
4750
4845
4908
4972
5178
5383
5449
5389
5282
4995
4841
4716
4525
4630
4678
4460
4504
4532
4513
4571
4691
4597
4681
4739
4846
4899
4888
4872
4694
4895
4961
4728
4870
4896
4879
4911
4869
4878
4688
4811
4649
4621
4787
4927
5020
5086
4907
4994
4883
4892
5111
5305
5482
5573
5361
5330
5193
4825
4718
4495
4517
4471
4360
4341
4314
4440
4664
4470
4295
4514
4416
4247
4341
4298
4199
4238
4250
4246
4328
4297
4317
4327
4402
4408
4296
4414
4340
4289
4226
4240
4417
4322
4245
4511
4538
4626
4822
4894
4974
4830
4585
4626
4436
4548
4634
4731
4907
5085
5251
5305
5393
5349
5345
5362
5206
5126
5101
5136
5278
5311
5425
5321
5216
5001
4775
4725
4688
4803
4890
5144
5289
5565
5785
6172
6364
6712
7479
9067
10706
12912
13834
13234
11466
9311
7664
6290
5415
4982
4813
4707
4585
4557
4367
4468
4425
4444
4467
4420
4320
4365
4393
4277
4260
4197
4148
4134
4146
4271
4337
4439
4237
4286
4218
4277
4241
4257
4328
4308
4201
4268
4303
4220
4207
4220
4191
4104
4051
4239
4144
4140
4313
4179
4074
4085
4229
4249
4450
4777
5100
5185
5082
5020
4730
4534
4316
4231
4163
4188
4207
4129
4094
4071
4013
3935
3978
3979
3853
4091
4137
4316
4302
4300
4399
4277
4132
4154
4037
3885
3982
3915
3976
3952
4123
3917
4123
4032
3900
4103
4164
4183
4296
4553
5134
5460
5812
5585
5286
4882
4441
4202
4092
3927
3867
3846
3838
3879
3898
3929
4009
3954
4023
4039
4114
4109
4132
4002
4028
4178
4278
4208
4308
4397
4479
4762
4803
4678
4788
4493
4277
4056
3893
3891
3921
3887
3810
3715
3851
3714
3649
3794
3674
3767
3656
3675
3507
3598
3657
3686
3606
3749
3759
3696
3820
3723
3722
3649
3633
3759
3767
3711
3940
3972
3946
3994
3984
4171
4220
4488
4698
5064
5040
5053
4961
4935
4699
4492
4293
4246
3984
4069
3993
3911
3845
3636
3618
3617
3649
3686
3719
3826
3891
3818
3760
3687
3682
3744
3636
3624
3660
3486
3515
3528
3658
3762
3698
3728
3933
4028
3986
3905
3936
3850
3867
3629
3704
3561
3590
3545
3600
3641
3585
3586
3605
3703
3753
3684
3784
3896
3913
3999
3740
3824
3851
3828
3799
3791
3589
3588
3576
3544
3416
3572
3611
3455
3345
3456
3359
3306
3405
3354
3412
3305
3304
3320
3411
3395
3493
3658
3696
3638
3735
3771
3571
3555
3503
3488
3536
3463
3561
3619
3709
3736
3952
3966
4073
3931
3931
3658
3584
3589
3523
3564
3698
3598
3591
3708
3704
3818
3784
3786
3579
3607
3433
3490
3331
3235
3378
3372
3312
3295
3350
3324
3363
3465
3360
3381
3418
3406
3464
3517
3412
3497
3328
3307
3386
3352
3402
3442
3486
3313
3460
3474
3483
3571
3566
3580
3769
3888
4017
4256
4232
4230
4251
3992
3666
3661
3560
3397
3400
3357
3286
3518
3864
3947
4202
4355
4285
4123
4018
3742
3521
3543
3316
3373
3337
3387
3359
3440
3323
3386
3561
3499
3457
3562
3279
3446
3258
3248
3139
3074
3162
3113
3123
3058
3050
3169
2993
3074
3170
3084
3141
3161
3256
3198
3316
3266
3276
3179
3295
3157
3202
3186
3109
3125
3162
3119
3146
3193
3217
3138
3086
3045
3185
3228
3086
3151
3134
3030
3065
3078
3059
3061
2959
3114
3131
3185
3307
3336
3331
3352
3308
3274
3169
3153
3016
2948
2944
3022
2911
2956
3045
2932
3087
3111
3255
3190
3163
3255
3230
3341
3392
3550
3753
3983
4044
3844
3897
3718
3651
3674
3638
3506
3605
3577
3679
3805
3756
3838
3641
3544
3372
3350
3210
3109
3132
3116
3111
3048
3061
2970
2828
2919
2946
2998
3079
2964
3090
3115
3134
3255
3203
3257
3258
3226
3114
3190
3051
3037
3107
2932
2960
3096
2933
2875
2944
3064
2919
3013
3148
3077
3017
3018
3117
3033
2976
2969
2917
2791
3038
2873
2846
2904
2909
2772
2793
2814
2740
2799
2906
2974
2849
2987
3075
3015
3137
3110
3114
3080
3175
3121
3077
3206
3182
3096
3185
3112
3082
3147
3200
3064
3081
3128
2922
2931
2959
3134
3020
2943
2975
3109
3030
2930
2993
2993
2961
2930
2995
3000
2955
2890
3014
2962
3042
2939
3024
3000
3000
3058
2930
2922
2784
2911
2802
2846
2823
2852
2859
2785
2818
2775
2831
2829
2810
2747
2872
2819
2860
2916
2898
2891
2857
2834
3003
2849
2985
2974
3029
2898
2905
2874
2896
2891
2791
2803
2722
2778
2729
2690
2743
2660
2675
2789
2772
2739
2812
2864
2950
2985
3003
3136
3037
2933
2981
2776
2799
2770
2671
2764
2750
2722
2831
2825
2949
2979
2944
2996
3065
2983
2854
2817
2786
2636
2681
2584
2733
2772
2764
2738
2764
2749
2715
2743
2832
2638
2710
2751
2729
2690
2751
2684
2598
2710
2678
2668
2652
2758
2740
2787
2716
2763
2656
2727
2655
2596
2721
2686
2743
2768
2889
2771
2756
2907
3005
3002
3100
3002
3095
3021
3094
3083
3211
3135
2941
2932
2830
2765
2820
2840
2896
2917
3019
3146
3125
3082
2988
3017
2950
2839
2810
2680
2695
2710
2641
2790
2699
2591
2669
2605
2602
2526
2525
2610
2593
2641
2650
2699
2778
2799
2650
2775
2717
2669
2622
2629
2565
2618
2632
2563
2568
2589
2561
2595
2689
2665
2743
2799
2733
2918
3018
3138
3292
3343
3247
3123
3081
2931
2904
2685
2766
2718
2701
2639
2680
2541
2591
2533
2587
2525
2547
2636
2624
2587
2524
2650
2653
2642
2697
2613
2697
2592
2842
3034
3055
3049
3060
2923
2982
2968
2875
2982
3004
2961
2759
2855
2824
2814
2769
2736
2674
2677
2562
2517
2542
2546
2637
2641
2646
2704
2691
2603
2729
2601
2526
2591
2485
2487
2481
2481
2383
2472
2457
2510
2475
2537
2538
2724
2753
2751
2821
2810
2819
2733
2668
2588
2643
2661
2658
2650
2530
2524
2511
2534
2429
2477
2476
2556
2482
2519
2527
2544
2523
2599
2582
2506
2619
2533
2469
2598
2513
2567
2501
2486
2493
2491
2540
2564
2599
2598
2560
2605
2559
2647
2848
3027
3267
3424
3435
3264
3128
2906
2729
2578
2608
2455
2438
2402
2346
2379
2438
2392
2463
2386
2404
2413
2433
2341
2396
2502
2350
2462
2403
2390
2266
2349
2305
2413
2391
2258
2430
2382
2374
2394
2353
2409
2480
2457
2556
2711
2685
2653
2591
2643
2595
2539
2543
2390
2441
2421
2480
2489
2486
2442
2427
2334
2404
2327
2452
2414
2454
2346
2306
2345
2322
2314
2262
2344
2356
2395
2425
2178
2360
2229
2414
2256
2380
2418
2516
2352
2358
2363
2480
2448
2471
2595
2624
2554
2530
2587
2581
2471
2475
2646
2790
2970
3218
3478
3732
3772
3555
3461
3262
3133
3064
3104
3062
3101
2998
2952
2683
2616
2456
2440
2381
2400
2314
2369
2377
2390
2362
2422
2349
2357
2344
2371
2407
2463
2374
2427
2374
2451
2525
2441
2388
2469
2437
2503
2449
2347
2414
2438
2421
2435
2507
2555
2574
2618
2653
2707
2836
2998
2897
2843
2804
2911
2763
2875
2911
2829
2794
2661
2640
2539
2557
2432
2478
2482
2512
2459
2534
2476
2312
2332
2324
2234
2369
2313
2381
2304
2415
2417
2317
2381
2255
2379
2253
2314
2330
2401
2274
2312
2345
2316
2375
2395
2436
2444
2526
2629
2731
2877
2915
3024
2893
2616
2495
2429
2281
2248
2219
2180
2121
2203
2223
2231
2181
2203
2204
2143
2105
2119
2200
2131
2157
2131
2225
2181
2215
2321
2237
2261
2251
2150
2211
2213
2209
2205
2233
2113
2102
2109
2155
2094
2079
1970
2028
2074
2063
2087
2006
2130
2083
2118
2070
2085
2135
2166
2125
2250
2252
2379
2393
2525
2656
2559
2488
2472
2329
2142
2151
2093
2033
2065
2114
2077
2121
2149
2098
2043
2074
2032
2059
2114
2133
2073
2088
1995
2038
2009
2097
2046
2081
2069
1992
2054
2208
2143
2078
2059
2084
2060
2001
2011
2018
2120
1971
2101
2063
2101
2208
2327
2377
2620
2769
2818
2900
2824
2805
2676
2518
2374
2245
2233
2170
2151
2164
2156
2202
2089
2082
2066
2012
1979
2032
1999
1843
1869
1897
1960
1923
2032
1930
1964
1972
2028
1987
1967
2001
2029
2075
1996
2006
1960
2007
2011
2008
2154
2009
2051
1985
2054
2070
1966
2016
2018
2010
2092
2034
2129
2144
2109
2130
2108
2000
1990
1989
1946
1977
1948
1934
2039
2066
1999
2089
2040
2158
2148
2042
2124
2104
2000
2045
1985
1997
2064
2014
1992
1974
2084
2028
2052
2044
1997
2082
2122
2315
2530
2828
2998
3160
3106
2881
2740
2578
2364
2161
2071
1984
1977
1886
1846
1826
1830
1893
1890
1800
1749
1790
1877
1900
1865
1964
1942
1919
1924
1887
1938
1963
1866
1859
1869
1875
1878
1948
1935
1899
1992
1956
1919
1975
1881
1886
1777
1798
1786
1770
1784
1868
1792
1883
1808
1974
1974
2010
1999
2047
1951
1914
1938
1926
1889
1825
1775
1860
1750
1855
1780
1755
1795
1838
1810
1816
1751
1768
1673
1718
1739
1775
1650
1779
1740
1786
1869
1822
1789
1784
1832
1818
1783
1705
1804
1821
1805
1834
1713
1754
1737
1808
1751
1766
1782
1714
1780
1754
1700
1807
1806
1708
1724
1722
1796
1764
1800
1730
1723
1685
1761
1785
1750
1786
1716
1858
1775
1823
1854
1829
1866
1745
1743
1702
1755
1773
1688
1810
1790
1789
1762
1839
1865
1880
1816
1825
1754
1779
1841
1819
1769
1806
1784
1854
1753
1746
1752
1715
1786
1754
1751
1769
1672
1777
1754
1776
1697
1702
1687
1720
1687
1748
1664
1749
1653
1725
1698
1739
1739
1800
1806
1886
1921
1983
1965
1904
2002
1890
1980
1835
1927
1811
1836
1873
1857
1823
1770
1879
1827
1853
1834
1824
1888
1837
1869
1769
1784
1735
1706
1747
1711
1686
1746
1737
1742
1769
1621
1724
1630
1663
1671
1782
1711
1679
1715
1591
1684
1686
1710
1638
1689
1693
1634
1676
1677
1640
1686
1674
1751
1657
1687
1699
1699
1677
1739
1790
1766
1653
1734
1771
1677
1678
1689
1636
1642
1654
1650
1628
1664
1669
1659
1615
1605
1725
1676
1770
1816
1783
1872
1728
1770
1788
1702
1675
1658
1658
1624
1571
1575
1596
1584
1561
1698
1701
1697
1700
1664
1652
1669
1706
1633
1683
1628
1705
1719
1634
1586
1638
1620
1554
1621
1540
1650
1611
1630
1663
1600
1617
1580
1646
1650
1576
1532
1523
1625
1523
1617
1588
1697
1685
1698
1846
1877
1894
1882
1814
1752
1746
1626
1569
1552
1566
1689
1634
1755
1806
1949
1964
2117
2251
2355
2654
2834
2966
3062
3084
3070
2979
2547
2293
2090
1852
1796
1766
1623
1620
1615
1606
1574
1582
1541
1547
1610
1574
1606
1528
1507
1596
1571
1562
1620
1584
1540
1517
1633
1604
1641
1554
1589
1559
1551
1656
1575
1514
1625
1535
1518
1558
1581
1507
1584
1605
1506
1634
1680
1645
1663
1690
1678
1728
1757
1556
1655
1711
1755
1804
1846
1961
2259
2708
3205
4218
5435
6797
8006
8373
8035
7146
5980
4777
3876
3075
2680
2316
2105
1905
1738
1701
1658
1641
1554
1538
1515
1544
1547
1516
1580
1570
1637
1598
1546
1579
1603
1554
1536
1543
1645
1554
1578
1490
1598
1542
1553
1476
1429
1487
1462
1520
1485
1490
1501
1461
1497
1468
1521
1439
1484
1488
1477
1464
1512
1460
1465
1513
1444
1427
1471
1449
1429
1402
1459
1475
1432
1470
1459
1513
1428
1468
1440
1501
1517
1449
1488
1452
1480
1475
1453
1486
1515
1538
1497
1462
1405
1487
1381
1428
1453
1461
1405
1459
1440
1425
1456
1372
1463
1456
1421
1430
1435
1492
1455
1459
1465
1526
1479
1586
1552
1575
1620
1630
1650
1568
1603
1586
1448
1484
1472
1483
1499
1518
1404
1430
1507
1488
1452
1490
1439
1534
1481
1588
1535
1566
1558
1531
1571
1514
1556
1553
1509
1451
1419
1449
1381
1387
1368
1458
1497
1439
1538
1485
1461
1506
1418
1455
1468
1371
1361
1451
1431
1398
1386
1394
1492
1466
1380
1457
1442
1467
1451
1460
1555
1595
1659
1655
1651
1686
1601
1557
1515
1432
1367
1440
1417
1465
1453
1471
1385
1423
1449
1456
1489
1469
1429
1501
1429
1513
1432
1516
1430
1407
1462
1428
1368
1456
1411
1461
1424
1502
1438
1446
1506
1356
1410
1419
1364
1430
1425
1423
1406
1340
1454
1428
1388
1370
1400
1333
1346
1393
1397
1349
1374
1382
1363
1381
1366
1379
1446
1394
1344
1451
1365
1375
1375
1339
1325
1377
1296
1381
1366
1311
1345
1348
1397
1312
1294
1347
1305
1411
1350
1268
1380
1330
1357
1330
1362
1341
1354
1314
1270
1330
1301
1316
1258
1280
1327
1327
1333
1293
1310
1289
1303
1337
1309
1347
1300
1358
1390
1258
1310
1278
1300
1359
1274
1301
1308
1326
1359
1307
1358
1388
1328
1312
1360
1436
1258
1332
1364
1323
1280
1329
1346
1329
1347
1330
1300
1342
1365
1355
1380
1249
1392
1367
1359
1325
1365
1432
1377
1339
1360
1281
1328
1280
1300
1342
1393
1440
1372
1419
1403
1357
1356
1401
1332
1340
1332
1353
1334
1375
1359
1397
1346
1379
1404
1401
1410
1301
1390
1327
1410
1412
1436
1499
1483
1426
1556
1513
1610
1752
2042
2210
2540
2766
2917
2832
2678
2557
2226
1992
1767
1631
1546
1447
1491
1426
1409
1414
1387
1378
1298
1416
1294
1297
1270
1287
1230
1316
1279
1222
1226
1249
1235
1194
1247
1268
1303
1286
1233
1240
1227
1275
1271
1257
1281
1364
1402
1458
1436
1477
1515
1572
1535
1518
1447
1404
1414
1398
1340
1378
1407
1322
1295
1290
1234
1206
1253
1227
1214
1292
1201
1228
1303
1306
1275
1313
1205
1242
1283
1243
1295
1245
1260
1271
1281
1260
1220
1247
1216
1263
1289
1183
1262
1260
1244
1197
1226
1256
1238
1276
1317
1341
1277
1380
1450
1433
1408
1386
1343
1369
1258
1331
1344
1266
1232
1235
1273
1223
1227
1231
1268
1237
1227
1257
1280
1194
1223
1242
1284
1231
1293
1285
1303
1256
1242
1216
1171
1220
1191
1227
1278
1161
1253
1134
1155
1277
1228
1209
1224
1196
1167
1263
1240
1175
1180
1182
1210
1196
1221
1172
1222
1185
1227
1189
1209
1255
1227
1237
1295
1239
1189
1237
1202
1237
1209
1190
1188
1248
1207
1190
1260
1267
1183
1312
1196
1254
1193
1204
1216
1182
1193
1228
1251
1191
1215
1176
1256
1196
1172
1184
1246
1170
1171
1218
1139
1232
1177
1182
1145
1201
1188
1194
1192
1190
1219
1146
1206
1209
1182
1255
1174
1184
1238
1234
1265
1224
1324
1258
1301
1343
1439
1408
1333
1349
1359
1262
1265
1273
1250
1218
1158
1189
1191
1221
1184
1221
1180
1205
1218
1233
1162
1189
1126
1151
1202
1151
1181
1166
1188
1224
1179
1206
1209
1245
1207
1123
1192
1184
1131
1132
1151
1151
1126
1168
1113
1130
1208
1152
1214
1206
1199
1239
1221
1252
1190
1271
1220
1227
1244
1230
1207
1179
1129
1175
1098
1180
1214
1187
1164
1124
1132
1065
1120
1169
1167
1149
1127
1230
1104
1137
1180
1189
1221
1260
1205
1255
1225
1289
1230
1337
1365
1399
1550
1697
1723
1839
2049
2004
2025
1912
1827
1787
1631
1595
1458
1404
1334
1273
1308
1204
1353
1200
1243
1150
1237
1244
1271
1162
1143
1191
1220
1264
1239
1198
1179
1261
1213
1246
1187
1213
1217
1238
1234
1321
1268
1270
1251
1212
1256
1309
1223
1244
1205
1203
1246
1281
1251
1260
1283
1222
1246
1202
1196
1203
1148
1145
1158
1205
1182
1191
1164
1127
1204
1105
1146
1188
1249
1238
1205
1159
1103
1150
1214
1158
1155
1178
1153
1180
1117
1154
1158
1095
1129
1139
1166
1109
1138
1163
1144
1158
1158
1067
1059
1156
1051
1081
1141
1113
1121
1086
1138
1136
1232
1182
1169
1200
1220
1177
1199
1086
1190
1073
1142
1180
1114
1077
1199
1187
1174
1184
1120
1239
1345
1231
1266
1250
1200
1225
1184
1209
1198
1124
1131
1222
1194
1126
1163
1144
1259
1335
1422
1557
1581
1664
1644
1593
1588
1492
1453
1400
1393
1353
1367
1268
1387
1320
1232
1202
1285
1144
1231
1111
1125
1157
1103
1077
1149
1171
1093
1142
1128
1148
1140
1058
1147
1149
1126
1148
1212
1301
1405
1455
1595
1658
1630
1631
1542
1467
1365
1336
1220
1191
1177
1095
1066
1084
1057
1158
1141
1085
1032
1111
1073
1133
1123
1113
1130
1153
1059
1083
1082
1102
1099
1098
1138
1110
1118
1144
1097
1172
1159
1138
1084
1111
1080
1066
1105
1045
1068
1103
1067
1084
1046
1044
1095
1111
1070
1072
1070
1103
1064
1089
1092
1026
1032
1040
1110
1098
1015
1013
1075
1066
1030
1086
1053
1114
1103
1047
1117
1160
1195
1181
1151
1172
1166
1153
1201
1161
1269
1198
1204
1221
1236
1252
1210
1160
1168
1138
1110
1236
1066
1126
1113
1047
1084
1039
1028
1087
1062
1097
1017
1053
1027
1058
1098
1060
1132
1134
1123
1067
1095
1085
1143
1082
1074
1032
1012
1058
1070
1084
1093
1012
1005
1093
1023
1015
1062
1045
1036
1070
1025
1049
1057
1046
1025
1083
1042
1035
1076
1055
1018
1019
1071
1032
1081
1029
1008
1011
1087
1058
1035
1101
1052
1056
1102
1070
1094
1052
1039
1123
1043
1034
1084
1068
1037
1062
1130
1071
1103
1095
1093
1060
1041
1120
1064
1116
1098
1005
1038
1052
1091
1083
1093
1152
1083
1032
1090
1092
1090
1034
1131
1110
1084
1095
1040
1096
1078
1112
1050
1040
1023
1028
1060
1119
1061
1040
1059
1087
1078
1040
1030
1042
1043
1013
1088
1065
1045
1069
984
1042
1030
1005
1013
1060
1037
1002
976
1036
996
1034
987
1079
1071
1037
1064
1031
1063
987
1003
1029
1011
1052
1035
1018
1031
1083
998
1066
1050
1041
1038
1060
1075
1028
1008
1093
1046
1040
1044
1056
1035
998
1024
1059
1054
997
1051
1034
1104
1079
1043
1023
1081
1092
1047
1047
1035
997
1048
1053
1036
1051
1096
1054
1062
1050
1049
1039
1092
1081
1073
1098
1097
1085
1068
1004
1098
1074
1030
1101
1065
994
1015
1029
1044
1004
1038
1048
1021
1058
1050
1042
1060
1049
997
1039
1014
1020
1021
1026
1049
1066
1018
1074
1055
1023
1031
1029
1045
1042
1108
1110
1117
1112
1198
1131
1133
1127
1039
1096
1081
1040
1062
1061
1087
1101
1059
1106
1048
1060
1018
1013
1077
1048
989
1038
1061
1017
1073
1098
1059
1082
1133
1100
1054
1058
1028
1080
1030
1018
1051
1054
997
991
1014
1056
1042
1048
1034
1056
1090
1035
999
1146
1090
1106
1097
1036
1101
1022
1088
1043
1036
1076
1110
1090
1076
1053
1042
1062
1077
1028
1076
1108
1067
1108
1071
1130
1171
1140
1236
1280
1245
1190
1240
1194
1144
1109
1105
1124
1062
1091
1026
1106
1083
1026
1084
1090
1115
1021
1102
1050
1125
1047
1148
1124
1084
1096
1046
1085
1099
1096
1167
1050
1098
1129
1109
1098
1147
1210
1093
1141
1134
1133
1112
1096
1089
1093
1084
1042
1117
1046
1066
1079
1089
1036
1138
1115
1160
1233
1300
1353
1425
1518
1436
1435
1338
1378
1262
1203
1197
1155
1149
1113
1121
1172
1149
1101
1073
1136
1146
1190
1148
1241
1281
1391
1362
1324
1319
1265
1252
1243
1193
1266
1130
1081
1121
1129
1124
1166
1161
1062
1172
1250
1140
1095
1089
1130
1205
1189
1108
1186
1198
1162
1196
1243
1219
1211
1174
1191
1159
1151
1160
1135
1174
1157
1085
1146
1059
1101
1092
1129
1110
982
1050
1023
1024
1123
1111
1089
1079
1025
1082
1067
1047
1147
1039
1037
1108
1104
1002
1106
1084
1076
1092
1079
1097
1063
1033
1125
1063
1067
1088
1102
1058
1047
1039
1093
1075
1133
1073
1023
1017
1052
1081
1009
1067
1070
1082
1017
1009
977
1044
1051
1065
1049
1046
1061
1075
1105
982
1056
1058
1051
1023
1002
976
953
951
899
954
909
939
931
914
907
944
976
966
980
931
961
1012
992
1076
930
995
936
976
923
928
956
911
898
934
902
907
899
953
925
868
857
903
917
903
920
888
962
946
971
1002
1015
1064
1012
1034
999
994
961
964
878
909
920
924
852
865
865
901
915
852
888
854
887
821
877
895
864
908
886
883
878
884
875
883
895
860
850
852
925
849
894
902
868
860
868
806
954
864
963
895
933
969
913
929
864
940
887
921
919
870
895
813
885
834
898
857
873
874
841
863
825
869
826
922
852
838
831
893
870
813
803
805
799
836
843
832
829
850
811
835
795
871
841
787
838
782
847
800
803
818
794
805
844
777
824
893
831
774
790
784
814
812
829
885
836
826
806
882
842
837
833
850
787
826
803
789
799
784
772
773
806
822
799
794
754
768
828
798
781
805
760
753
806
784
787
747
767
790
789
785
757
781
808
739
707
806
781
794
774
784
767
708
766
743
790
764
729
702
813
789
773
718
770
716
803
796
831
818
753
793
771
767
719
741
751
786
743
713
753
746
760
702
679
682
743
750
747
746
709
724
769
746
707
764
730
751
724
699
750
732
656
711
708
737
727
729
722
730
725
765
720
736
753
737
697
732
689
752
744
710
689
724
706
752
720
683
719
709
721
725
775
772
738
741
789
759
729
797
799
751
814
791
795
774
743
778
718
682
686
639
685
668
635
675
693
712
703
658
786
681
750
692
687
725
700
712
719
723
748
719
749
697
683
674
662
666
678
656
635
678
686
648
660
718
652
657
669
645
661
629
654
650
634
652
701
644
651
656
690
699
673
662
657
589
586
631
675
629
671
609
640
633
655
691
633
647
670
623
645
658
596
576
656
524
612
583
602
615
627
608
580
575
646
631
601
608
618
612
613
633
646
635
575
620
586
598
582
640
599
616
578
584
603
580
555
584
571
600
595
604
578
605
609
590
584
599
593
584
599
579
593
615
595
617
670
619
585
568
614
623
645
641
621
646
670
629
635
670
614
649
583
600
610
585
615
615
595
571
577
577
558
564
601
550
550
573
587
559
626
604
609
580
639
629
601
559
598
582
582
539
575
598
571
618
558
572
577
617
569
545
621
570
584
579
601
569
595
616
601
575
593
613
593
620
590
565
557
590
521
551
587
597
617
602
564
585
597
564
573
603
568
539
571
623
598
664
629
598
593
601
651
637
640
663
611
639
601
626
580
591
614
610
601
581
591
546
580
600
586
533
579
591
557
577
542
594
595
544
571
500
557
543
537
563
593
517
561
546
563
562
586
563
593
541
639
617
635
653
728
716
773
721
739
718
636
650
698
614
688
648
600
610
626
590
606
614
618
612
606
619
629
621
570
549
597
608
627
633
612
550
575
609
618
625
744
725
722
762
734
781
798
877
936
1038
1278
1694
2313
3290
4566
5999
7711
9115
10314
10653
10618
9588
8590
7131
5666
4293
3420
2606
2102
1541
1246
1000
791
753
627
628
594
544
509
527
569
557
525
560
505
524
531
502
534
532
518
493
536
547
493
606
554
582
615
583
622
627
720
639
708
699
652
642
646
597
571
578
582
535
534
550
538
550
490
529
528
516
520
523
531
545
554
536
556
499
556
571
506
502
521
490
499
528
588
535
526
518
524
547
499
524
561
545
533
488
518
552
461
552
538
478
529
541
497
488
504
520
534
502
497
504
532
508
505
475
521
487
510
506
478
540
548
545
469
549
548
511
513
491
527
542
498
559
528
503
525
512
521
508
506
527
567
532
566
535
585
515
550
548
528
460
529
491
525
503
527
537
514
509
504
511
516
558
518
500
520
570
487
518
501
489
517
518
446
492
470
475
491
509
475
543
536
540
543
511
509
526
570
507
523
563
543
505
491
539
489
529
538
487
522
508
466
528
467
536
542
459
504
470
499
465
513
495
542
510
465
448
461
470
481
478
476
464
500
509
495
480
462
432
464
465
492
482
493
501
480
489
465
453
451
498
479
457
513
461
475
506
514
510
518
506
506
499
493
520
473
461
484
546
454
443
474
444
472
500
492
475
456
455
493
482
473
511
520
531
523
562
522
524
535
550
506
512
491
548
540
504
490
520
532
509
516
503
497
457
453
495
452
481
496
517
454
535
521
539
501
515
517
552
461
511
513
493
466
492
477
506
473
419
506
447
483
441
496
499
444
511
534
454
521
463
451
449
444
487
461
481
499
502
482
480
416
474
461
448
478
471
480
452
461
529
480
514
481
512
458
483
504
518
469
454
493
515
492
490
474
486
481
486
500
454
495
440
483
458
512
484
480
483
476
455
462
468
498
446
467
475
489
455
465
466
445
450
476
429
431
488
471
467
484
440
457
432
470
458
445
457
457
482
452
418
431
447
455
444
474
455
461
464
469
433
444
433
467
489
495
481
460
484
466
417
456
464
477
490
463
452
466
479
437
485
456
461
463
471
457
445
452
480
444
446
430
443
436
414
437
446
456
446
451
432
446
465
470
474
448
450
414
474
449
441
427
486
440
487
478
454
428
432
463
472
495
464
488
501
469
461
520
542
555
548
516
531
530
550
498
484
503
468
498
422
434
450
445
445
483
404
429
423
439
405
451
407
441
457
436
457
426
414
423
438
438
427
431
435
439
438
442
414
430
431
462
437
407
403
438
407
454
424
458
462
466
437
427
424
397
427
432
437
457
457
452
430
417
441
468
397
425
385
420
435
388
410
417
404
396
421
413
394
449
413
436
444
444
441
381
434
454
449
406
422
419
469
444
447
463
457
444
403
408
429
403
418
451
421
418
412
409
434
435
419
409
397
414
403
413
397
417
416
413
417
418
402
416
396
445
425
451
411
419
420
406
430
404
425
389
435
455
423
460
424
446
458
447
433
425
398
415
401
418
393
432
411
378
415
436
373
395
419
381
392
382
403
389
405
363
367
401
372
399
392
399
426
438
423
428
424
396
392
385
402
395
403
388
390
394
416
424
440
410
401
398
386
412
429
467
388
412
395
452
417
418
402
425
400
378
404
385
381
407
408
380
370
389
414
408
412
427
409
369
410
396
389
365
429
443
417
425
434
409
428
429
385
387
398
388
370
386
375
389
444
386
378
374
392
378
377
409
397
394
416
354
407
388
381
402
438
405
364
393
401
391
404
382
382
368
376
379
401
382
391
395
372
418
383
354
361
377
381
402
403
404
380
371
375
389
388
371
364
383
372
361
342
404
363
365
395
406
381
352
392
393
357
373
409
358
375
409
387
377
381
381
378
412
389
381
382
404
381
369
363
357
345
380
391
393
374
408
358
416
392
399
389
418
385
357
378
372
398
436
376
420
430
436
424
431
453
427
404
398
402
410
438
371
398
357
381
373
370
362
390
394
360
405
365
373
368
418
379
402
357
357
390
332
379
400
375
388
407
383
353
369
369
376
372
383
363
382
385
409
382
369
345
374
379
402
385
368
378
405
415
425
447
452
415
451
431
402
416
427
402
406
398
361
358
369
371
373
386
368
358
368
351
395
353
371
373
390
356
367
379
356
363
388
346
340
380
361
354
347
354
325
364
346
344
351
333
346
377
307
337
339
349
367
355
347
341
385
318
361
335
342
352
363
364
321
344
352
355
364
347
387
355
334
374
372
387
370
368
368
351
346
387
364
376
372
376
398
358
346
355
353
350
324
300
342
372
336
378
357
337
388
341
348
340
338
354
331
343
336
324
340
361
336
321
352
316
307
379
321
323
350
338
333
299
310
321
317
306
336
333
363
337
362
314
319
339
379
353
342
338
332
344
363
342
333
345
352
344
316
336
351
350
349
353
330
299
376
365
353
338
368
341
336
361
314
334
347
356
348
344
306
346
312
323
332
332
325
357
351
378
336
319
344
335
321
372
332
340
336
349
335
317
358
364
365
385
444
510
545
647
759
883
956
1027
1016
1080
999
879
822
696
597
553
501
443
396
417
373
355
356
333
350
324
323
337
307
327
325
373
352
304
335
327
331
323
350
299
369
346
299
335
329
287
336
330
327
301
334
319
320
327
317
320
324
337
305
348
331
312
361
328
343
302
320
324
353
351
359
345
334
351
364
364
370
380
389
375
365
341
356
347
374
369
320
319
291
313
323
302
293
350
317
294
298
314
313
331
273
292
308
298
310
297
301
297
292
317
294
291
318
327
306
351
266
314
301
316
311
302
307
310
275
308
342
317
314
301
301
335
321
302
304
326
298
332
295
347
365
321
324
331
374
356
356
346
320
354
312
356
327
291
304
316
317
319
321
316
315
303
313
321
302
312
272
330
320
316
322
323
319
296
290
317
329
294
341
324
322
322
286
293
338
335
309
319
305
307
324
312
305
306
313
308
329
315
330
312
280
290
299
303
310
332
330
283
304
257
339
317
332
297
286
289
300
291
324
319
280
292
309
304
312
306
296
279
301
306
307
296
287
313
301
295
283
298
302
286
294
316
335
332
338
299
325
326
311
344
353
349
342
370
332
347
326
326
330
312
297
299
299
316
285
292
295
295
272
331
290
272
316
298
292
291
306
312
268
281
277
295
270
302
268
288
287
289
310
282
294
308
347
317
326
326
305
301
313
285
268
277
299
281
306
269
310
311
351
302
279
287
290
293
294
283
316
281
284
297
290
295
275
263
288
303
296
260
275
254
300
293
283
294
278
272
266
303
283
259
287
295
292
274
283
287
254
293
270
253
308
301
272
298
288
247
286
273
307
317
284
285
265
297
299
270
289
260
310
280
241
304
283
236
304
281
238
275
270
276
244
273
312
303
268
277
283
269
300
297
285
288
276
329
265
307
292
303
285
286
325
299
303
318
284
322
268
262
264
290
299
325
309
280
270
294
311
277
309
282
265
271
288
270
252
286
261
234
256
273
276
286
263
274
271
258
260
235
245
297
290
264
270
257
261
290
270
240
264
299
299
290
285
277
257
270
329
278
249
268
285
285
280
292
317
316
291
305
280
243
251
271
297
266
260
286
253
257
276
275
279
284
239
270
262
272
257
277
286
283
266
322
344
330
369
382
381
377
378
342
352
353
353
312
301
304
284
304
263
287
297
275
290
262
296
248
265
258
249
291
246
281
257
313
263
291
246
253
287
265
286
273
279
262
274
267
256
305
274
251
255
246
245
251
254
288
283
264
243
244
257
291
287
252
282
260
244
255
269
283
235
273
275
265
280
281
286
255
236
247
253
255
253
259
263
252
257
252
260
256
262
270
254
282
241
272
287
280
260
253
241
252
250
223
248
243
258
274
262
268
296
253
260
291
246
283
289
244
240
274
244
250
259
235
262
262
268
258
253
264
265
279
266
264
241
275
240
237
277
237
249
245
256
255
266
271
284
260
269
246
248
266
274
280
266
246
259
255
296
240
271
278
285
262
232
255
239
267
260
279
263
236
264
283
258
220
255
240
256
248
270
245
237
280
228
266
228
238
263
226
228
262
253
243
242
249
257
232
220
251
256
254
233
263
222
236
255
244
280
278
264
307
309
326
344
309
295
328
301
325
296
293
310
285
273
255
254
256
266
230
252
246
261
254
248
241
240
249
262
248
256
242
235
241
246
233
234
250
247
253
259
243
269
254
271
239
243
250
259
259
227
254
246
269
233
235
248
222
239
236
219
241
236
254
239
224
252
244
218
240
223
235
258
252
251
236
239
226
213
226
247
251
232
258
260
224
239
219
232
268
220
240
236
223
258
244
264
223
234
233
245
244
226
249
223
215
260
240
237
237
270
231
237
229
210
241
219
215
233
231
211
214
227
247
230
248
241
225
232
285
225
255
248
223
248
218
266
246
219
217
226
245
235
201
237
239
242
259
264
264
263
244
239
266
235
264
235
262
265
240
232
255
260
236
241
241
227
216
250
231
240
228
255
228
238
229
250
264
228
226
259
227
249
241
228
238
244
239
242
221
212
207
234
224
204
207
250
223
257
206
223
232
217
246
228
214
218
215
212
226
244
256
234
201
213
235
$ENER_FIT:
-0.077 0.359191 -1.08348e-008 -3.53137e-012 0.00000e+000
$MCA_CAL:
5
-0.077 0.359191 -1.08348e-008 -3.53137e-012 0.00000e+000
$PEAKLABELS:
209.286, "Pb XRF"
236.771, "Pb XRF"
243.076, "Pb XRF"
203.473, "Pb XRF"
927.414, "Cf-249"
1081.331, "Cf-249"
1422.931, "Ann. Rad."
4955.003, "Al-28"
5040.232, "Mn-56"
5885.259, "Mn-56"
61.491, "Ag XRF, detector"
69.903, "Ag XRF, detector"
36.286, "Ag XRF, (Ge Escape)"
28.245, "Ag XRF, (Ge Escape)"
7284.292, "Th-232 (d), (bkgd)"
4068.250, "K-40, (bkgd)"
2358.116, "Fe(n,n')"
6193.407, "H(n,g)"
4768.470, "H(n,g) S. E."
3344.790, "H(n,g) D. E."
4445.509, "La-140, FP"
3921.299, "Fe(n,n')"
2016.803, "Zr-95, FP"
980.634, "Fe(n,g)"
695.759, "Xe-135, FP"
720.301, "Xe-138, FP"
1141.234, "Cs-138, FP"
1209.346, "Xe-138, FP"
1288.786, "Cs-138, FP"
1785.795, "La-142, FP"
1930.061, "Fe(n,g)"
2132.974, "Nb-95, FP"
2492.655, "La-142, FP"
2812.562, "Cs-138, La-142"
2824.028, "Al(n,n')"
3150.476, "I-135, FP"
3176.608, "Fe(n,g)"
3448.255, "Fe(n,n')"
3510.221, "I-135, Fe(n,g)"
3997.522, "Cs-138, FP"
4491.516, "Fe(n,g)"
4671.899, "I-135, FP"
4894.295, "La-142, FP"
4924.230, "Xe-138, FP"
4989.945, "I-135, FP"
5295.021, "La-142, FP"
5584.361, "La-142, FP"
5613.823, "Xe-138, FP"
6679.838, "La-142, FP"
7083.399, "La-142, FP"
7353.495, "Cs-138, FP"
$ENDRECORD:
