$SPEC_ID:
PeakEasy Library File: Cf-252, Interceptor (CZT), 250 uCi @ 69 cm
$MEAS_TIM:
63315.50000 64222.10000
$DATE_MEA:
29-Apr-2006 07:30:06
$DATA:
0 1023
0
0
0
0
0
0
0
0
0
0
0
0
0
1927
3046
2918
2977
2888
2864
2963
2843
2883
2816
2811
2772
2783
2632
2879
2913
2973
3071
3360
3417
3471
3649
3764
3998
4364
4387
4782
5000
5243
5734
5823
6132
6607
6697
7327
7456
7579
7695
7868
7901
7991
7974
8037
8261
8129
8405
8242
8390
8411
8428
8385
8481
8534
8481
8544
8309
8281
8252
8114
8257
8194
8069
7951
7932
7851
7865
7849
7698
7672
7483
7614
7454
7139
7147
7262
6893
6945
7016
6728
6719
6620
6408
6322
6334
6093
5999
5854
5814
5775
5761
5598
5501
5353
5344
5140
5085
5068
4778
4688
4645
4594
4554
4367
4201
4195
4095
3965
3932
3885
3763
3709
3619
3590
3526
3431
3424
3388
3310
3084
3104
3065
2890
2983
2908
2701
2698
2722
2644
2570
2587
2517
2396
2378
2332
2296
2202
2112
2127
2100
1956
2002
1951
1934
1919
1883
1979
1763
1859
1709
1759
1745
1738
1524
1571
1487
1463
1510
1504
1361
1375
1336
1388
1373
1315
1339
1255
1235
1227
1178
1181
1208
1161
1126
1111
1004
1106
1092
1039
1049
1032
1006
1002
1012
969
1000
1001
974
900
912
916
864
868
847
816
816
819
805
755
772
734
759
734
747
762
738
730
705
694
736
698
661
683
623
695
662
633
674
631
686
664
586
637
622
564
617
640
602
589
603
506
572
561
546
509
566
479
524
497
509
450
464
459
484
482
462
463
468
434
445
450
448
442
410
436
411
395
411
389
393
395
345
334
360
382
373
361
381
355
337
352
355
380
340
355
351
307
326
342
307
323
315
333
311
318
305
323
294
297
294
279
296
303
301
306
287
300
324
295
322
308
306
291
293
320
308
303
300
300
290
304
291
286
267
271
243
246
258
259
272
226
257
258
259
267
272
262
259
256
259
268
249
252
230
272
212
217
214
240
211
229
232
238
210
204
216
242
228
232
240
238
244
241
237
232
280
260
263
310
301
258
253
247
279
220
226
175
200
194
189
186
184
174
191
185
166
159
159
135
173
142
151
159
122
161
156
179
126
143
154
163
148
146
137
139
144
146
156
145
144
162
130
145
152
147
123
135
149
133
146
125
157
141
127
139
138
130
131
140
140
143
136
165
132
150
128
128
117
119
126
120
114
117
109
109
125
128
105
102
111
115
99
115
106
95
102
96
114
121
97
109
110
128
103
94
106
90
105
104
113
110
116
123
114
105
101
89
94
105
128
100
102
100
95
112
93
103
103
108
105
90
97
98
95
68
100
101
113
91
95
95
85
87
105
96
80
104
110
90
87
79
90
85
77
89
80
94
90
74
85
77
89
82
81
91
77
76
65
85
75
80
81
85
75
78
94
73
80
74
67
70
76
83
64
78
67
73
76
64
80
87
85
68
71
71
62
78
79
71
89
81
82
79
81
68
78
65
62
71
86
90
62
69
66
65
67
73
70
67
57
60
65
66
69
53
70
75
80
69
68
71
55
73
60
65
59
79
60
62
57
62
53
52
70
59
55
66
72
50
50
72
72
57
56
66
57
63
53
72
67
59
66
63
72
58
57
54
59
55
66
52
73
70
58
63
56
58
59
50
79
53
68
52
53
46
48
61
61
67
53
49
45
53
49
55
50
37
59
62
50
68
55
50
44
53
51
54
62
54
61
50
72
54
48
55
55
46
48
46
54
61
45
51
45
46
51
41
37
40
43
57
51
40
52
48
44
50
35
49
58
36
39
58
48
56
46
39
42
48
54
45
49
42
47
46
48
55
37
40
48
50
45
54
60
51
41
37
42
42
41
51
46
56
43
40
39
53
34
41
44
31
47
42
44
50
39
43
40
50
44
45
39
35
44
43
41
32
31
44
35
37
43
43
38
42
47
44
53
42
41
42
43
36
42
48
40
44
42
37
42
42
47
48
49
41
54
40
42
49
32
43
35
38
58
49
38
42
43
44
48
50
29
50
42
46
39
48
49
39
35
40
40
51
42
47
33
41
30
43
44
28
40
45
35
18
42
43
38
40
32
36
35
34
30
38
33
34
31
33
22
33
34
31
32
32
44
37
35
32
29
39
35
39
21
23
43
40
36
24
27
30
55
42
33
32
41
36
27
47
37
46
44
34
40
37
35
34
41
30
38
31
27
31
26
23
34
31
23
25
25
32
33
38
32
22
33
37
24
32
26
25
24
26
34
22
29
32
26
31
38
36
30
29
20
27
22
33
24
18
32
25
32
26
20
35
12
22
24
25
32
39
23
24
37
20
21
29
24
20
23
20
35
23
23
22
28
20
34
30
23
27
25
32
30
28
33
23
37
28
27
27
30
25
18
29
27
24
45
22
22
31
35
26
24
23
26
36
24
30
32
30
36
25
16
28
24
24
29
21
22
31
18
29
17
27
24
25
23
35
17
18
27
27
27
15
24
30
30
28
24
25
32
28
33
21
20
30
27
28
22
19
20
$ENER_FIT:
0.000 1.500000 0.00000e+000
$MCA_CAL:
3
0.000 1.500000 0.00000e+000
$ENDRECORD:
