$SPEC_ID:
PeakEasy Library File: Cf-252 HPGe 32k channels
$MEAS_TIM:
900.00000 994.58000
$DATE_MEA:
2/22/1996 9:50:33
$DATA:
0 16383
0
0
0
0
0
0
0
0
0
0
0
0
0
0
0
0
0
0
0
0
0
0
0
0
0
0
0
0
0
0
0
0
0
0
0
0
0
0
0
0
0
0
0
0
0
0
0
0
0
0
0
0
0
0
0
0
0
0
0
0
0
0
0
0
0
0
0
0
0
0
0
0
0
0
0
0
0
0
0
0
0
0
0
0
0
0
0
0
0
0
0
0
0
0
0
0
0
0
0
0
0
0
0
0
0
0
0
0
0
0
0
0
0
0
0
0
0
0
0
0
0
0
0
0
0
0
0
0
0
0
0
0
0
0
16
59
278
1283
2680
2750
2946
3013
2728
2527
2606
2625
2762
2908
2893
2772
2885
2928
2990
2900
2921
3031
2933
3104
3224
3286
3145
3080
3037
3018
3384
4000
5657
5163
3416
3183
3233
3194
3135
3085
3130
3058
3229
3057
3117
2999
2921
3066
3005
3119
3043
3162
3255
3667
3403
3239
3419
3328
3175
3233
3195
3006
3179
3489
3272
3120
3052
3013
3052
3214
3251
3149
3104
2950
3055
3184
3024
3007
3029
3153
3294
3775
3597
3084
3016
3263
3228
3054
3151
3208
3178
3103
3058
2918
2910
2818
2834
2976
3413
3304
3042
2832
2895
2899
2865
2883
2908
2904
2806
2706
2802
2984
2761
2892
2677
2748
2831
2784
2729
2693
2614
2821
2806
3116
3032
3272
3351
3010
2730
2613
2694
2608
2807
2889
3121
3207
2981
2495
2393
2330
2509
2670
2682
2620
2612
2606
2556
2599
2600
2488
2643
3106
3306
2935
2607
2369
2296
2381
2371
2463
2598
2914
2580
2281
2217
2356
2293
2308
2185
2252
2292
2305
2218
2357
2506
2353
2264
2193
2284
2324
2347
2123
2047
2067
2084
2223
2086
2178
2257
2238
2674
2699
2877
2585
2219
2024
2037
2039
2145
2428
2604
2497
2618
2467
2211
2031
1960
1981
1993
1989
2130
1954
1854
2187
2604
2193
1828
1909
1755
1784
1907
1820
1750
1801
1734
1841
1763
1926
1987
2330
2157
1884
1750
1858
1711
1833
2120
2112
2052
1919
1804
1732
1693
1590
1640
1687
1798
1834
1725
1693
1577
1670
1643
1702
1718
1754
1580
1742
1816
1872
1960
1831
1930
2240
2141
1957
1756
1710
1637
1504
1663
1964
2138
2152
1935
1730
1574
1736
1922
1671
1419
1495
1527
1432
1507
1648
1498
1610
1703
1602
1672
1805
1732
1438
1454
1440
1415
1504
1538
1398
1370
1438
1535
1621
1861
1883
1605
1602
1528
1628
1816
1903
2076
2179
1747
1426
1442
1543
1390
1383
1306
1423
1419
1403
1403
1508
1660
1629
1601
1549
1471
1278
1338
1631
1689
1579
1588
1658
1695
1441
1208
1153
1261
1222
1358
1809
2068
1907
1909
1508
1227
1271
1257
1255
1356
1343
1225
1252
1266
1516
1621
1580
1410
1335
1248
1216
1383
1846
2136
1995
1594
1324
1137
1135
1238
1385
1539
1434
1352
1335
1218
1030
1069
1166
1372
1906
2242
1641
1167
1090
1223
1351
1538
1436
1191
1074
1147
1445
1752
1415
1211
1181
1233
1119
1073
1018
1018
1026
1003
990
1022
1064
1124
1129
1220
1181
1052
1040
1166
1829
1940
1352
1031
958
951
1039
996
902
876
952
1033
1279
1352
1187
1091
927
1040
980
1023
912
942
1068
1195
1238
1074
995
1197
1202
1091
944
840
860
893
914
956
921
870
815
879
919
905
949
859
863
867
775
796
870
938
1038
1033
1023
990
1089
1008
989
944
1006
1054
929
774
842
833
904
953
1020
888
821
913
948
861
858
924
1059
899
846
795
765
810
862
967
1099
950
785
866
848
786
807
856
907
1079
1040
1002
975
738
870
1013
1053
944
795
800
777
811
827
904
845
768
752
792
999
1225
1073
787
770
803
737
711
740
777
901
798
805
852
713
752
894
1227
1701
2050
1946
1609
1158
1046
908
852
843
694
693
737
861
925
814
749
702
714
726
680
662
664
725
837
873
915
968
1048
852
646
646
688
814
963
963
940
858
802
763
689
787
979
869
697
631
724
712
781
816
816
616
661
623
656
642
696
715
701
797
735
779
729
706
818
925
804
719
704
664
647
678
686
711
750
807
759
673
675
676
722
826
820
775
695
725
724
783
828
770
703
731
657
714
648
687
810
834
816
762
794
759
700
662
740
976
1036
802
777
859
790
633
634
726
791
775
755
753
798
907
938
968
1104
1141
1132
1007
856
859
836
877
883
833
955
895
856
684
775
783
785
776
703
692
792
936
928
957
922
840
789
785
698
649
623
703
713
685
593
582
586
593
676
729
798
679
592
615
578
605
640
587
614
561
651
691
857
885
792
618
617
598
590
582
585
649
647
612
556
550
576
536
541
531
559
534
553
564
562
681
694
540
632
819
907
737
587
479
525
520
533
649
664
584
532
472
476
470
451
477
490
465
498
531
646
546
506
484
435
484
516
466
484
433
465
459
480
458
494
473
507
451
451
542
688
661
640
616
619
697
778
755
609
644
580
572
582
599
541
596
564
610
627
646
635
640
564
524
568
526
519
545
534
522
542
524
512
463
486
466
480
472
501
611
927
1546
1684
1275
783
524
536
492
476
449
504
452
480
462
497
405
428
452
449
443
422
443
462
463
423
378
432
463
540
432
404
394
378
394
433
424
406
387
394
369
400
374
396
374
442
599
619
459
380
323
395
371
363
370
433
391
414
447
484
527
521
385
428
387
444
468
553
461
446
411
363
387
368
413
372
333
368
373
323
360
344
349
394
383
368
338
368
404
389
340
344
384
373
403
429
364
371
380
355
353
386
408
385
367
342
309
329
320
328
360
385
375
374
353
334
358
338
353
335
356
376
353
400
471
422
351
351
342
298
306
308
328
310
282
328
301
328
298
346
334
296
339
318
321
372
350
324
331
353
393
429
464
453
458
460
482
456
371
426
440
517
522
598
843
1364
1644
1037
593
394
410
417
390
375
372
320
320
364
320
338
347
391
350
324
369
337
323
304
339
319
312
316
313
350
353
349
310
321
357
414
654
751
515
419
396
333
289
272
307
257
316
300
307
307
421
531
447
347
291
259
283
336
296
315
317
276
321
305
347
421
445
525
480
372
309
258
270
282
291
255
280
277
326
270
271
254
293
293
313
278
334
404
420
372
300
313
293
274
261
238
254
298
299
264
277
239
257
241
255
310
309
283
252
267
255
253
251
246
279
291
311
271
237
272
276
267
261
223
225
205
209
253
243
270
267
296
285
212
258
291
281
287
283
249
264
246
293
274
284
277
237
238
195
256
248
247
239
239
260
245
251
235
254
230
280
276
294
329
330
280
251
241
239
309
354
369
284
227
233
234
235
246
264
258
232
255
195
215
243
230
212
184
225
246
215
234
226
248
243
249
240
249
365
539
580
424
253
228
239
228
253
272
253
417
699
803
573
330
214
276
310
352
332
300
276
278
292
329
360
264
245
235
233
217
173
221
225
235
267
225
210
197
212
215
211
198
229
234
235
205
222
208
191
170
190
220
214
167
212
241
261
235
248
261
266
258
261
280
261
240
242
241
281
281
236
241
255
270
233
256
257
240
213
233
227
236
253
220
251
227
239
235
256
268
267
216
217
195
218
187
179
194
215
244
217
244
238
216
196
192
206
210
244
253
227
212
188
198
179
170
203
210
210
209
194
184
220
185
207
195
185
187
189
211
205
238
221
240
230
260
221
188
215
198
242
267
221
197
198
218
197
185
189
172
172
220
189
186
196
207
193
176
190
247
196
225
256
249
232
224
212
194
175
206
193
165
186
181
209
196
192
214
241
232
254
247
235
206
198
226
187
191
210
187
203
182
217
189
198
173
167
173
184
219
210
199
202
175
210
173
161
175
204
184
212
177
183
179
157
185
166
186
174
176
158
160
170
190
172
174
187
189
159
157
170
184
194
165
168
168
164
164
169
178
156
162
197
225
209
197
176
172
196
176
161
186
156
172
167
171
149
166
166
156
183
163
173
161
196
194
179
163
158
151
148
170
183
220
196
235
200
195
169
176
173
184
175
196
203
190
194
200
194
194
160
184
211
222
249
230
258
269
218
233
229
209
224
190
199
178
173
163
190
203
172
174
180
175
181
172
183
186
194
287
310
249
182
175
146
154
135
163
174
168
191
168
180
167
183
152
157
149
162
140
160
139
131
158
169
158
151
174
219
224
212
192
166
137
140
168
127
157
136
144
149
132
141
141
206
264
545
1033
1139
728
306
179
194
234
261
229
181
166
160
179
156
145
121
137
130
137
131
130
129
135
152
140
122
118
130
142
153
133
148
144
144
157
153
142
148
148
139
163
148
141
158
138
135
148
122
145
147
192
261
301
218
163
154
132
133
119
117
128
145
156
147
133
124
149
126
126
162
124
122
119
121
122
148
130
151
158
148
132
114
143
137
115
117
111
116
97
126
123
107
140
129
114
118
143
108
145
116
103
132
121
102
130
140
144
127
121
139
121
138
116
139
127
127
121
126
149
156
132
115
135
127
120
110
124
129
128
102
121
130
110
107
105
124
141
138
119
137
136
147
132
118
146
163
141
114
133
134
139
131
104
122
121
117
130
113
117
120
105
104
148
132
139
140
147
121
136
115
116
112
108
113
94
128
127
143
154
140
114
103
130
116
118
115
120
117
124
112
116
115
113
114
109
112
92
132
110
112
118
121
122
145
138
125
114
102
109
124
152
127
187
259
303
266
183
114
118
130
106
122
126
118
102
138
113
111
133
94
111
109
110
111
126
109
112
124
114
112
123
108
114
114
167
268
627
844
807
454
218
118
108
106
123
104
104
112
132
127
113
117
106
116
117
98
106
115
113
89
93
103
88
84
109
99
95
112
98
92
105
100
116
101
123
116
123
111
122
117
123
97
129
116
109
115
99
104
103
119
113
111
106
125
109
110
117
89
109
108
122
110
113
131
127
118
100
78
99
101
95
107
111
98
91
111
96
71
85
96
102
116
126
150
124
82
93
118
105
109
107
105
101
91
95
77
115
91
93
116
111
87
88
77
103
99
106
95
91
99
103
110
110
93
110
68
104
97
83
111
79
87
105
92
106
87
84
92
107
83
88
84
94
84
103
81
83
82
80
83
95
97
66
79
85
92
96
88
70
84
110
99
89
80
87
81
91
81
85
83
102
117
109
89
96
96
93
103
87
108
103
97
103
96
154
222
301
403
282
169
95
82
105
85
74
74
79
83
91
91
79
121
142
207
157
127
105
107
93
104
134
109
103
84
82
71
82
76
95
81
73
77
83
82
99
75
77
58
84
71
91
88
94
96
108
97
94
95
63
79
74
71
88
84
70
80
84
84
71
66
61
65
91
81
74
76
84
93
86
72
69
72
69
74
86
83
80
73
84
67
90
71
81
93
92
89
59
67
62
71
88
77
79
82
68
76
76
63
84
87
72
84
89
102
106
106
94
83
80
87
75
90
82
81
61
85
66
65
60
84
91
79
76
62
78
88
80
81
84
70
83
78
83
88
77
91
63
78
64
63
65
78
77
105
85
81
72
80
77
72
72
92
91
88
79
82
91
82
76
95
76
91
82
78
87
89
103
91
104
96
79
69
105
101
111
82
79
62
81
72
73
93
71
74
91
74
62
78
73
69
88
63
82
71
73
66
65
68
80
96
80
79
74
76
62
75
76
62
81
94
92
78
66
74
72
80
84
95
126
131
146
104
116
87
108
102
101
70
82
79
84
58
71
68
65
67
82
69
81
104
82
73
67
89
67
75
57
79
72
82
79
66
62
62
61
73
76
57
68
80
62
66
72
75
57
62
62
70
63
62
75
56
72
75
58
73
84
70
87
81
94
84
61
95
75
72
64
66
54
58
67
68
76
63
75
76
81
61
71
65
62
63
57
68
55
68
66
74
70
58
67
60
54
68
63
73
57
61
65
84
74
61
56
72
50
63
60
69
69
79
83
82
66
77
64
65
70
50
65
53
71
52
79
69
60
71
56
53
54
58
50
62
43
61
55
59
63
66
40
50
45
67
58
63
54
58
55
58
47
65
65
70
56
68
67
69
69
75
44
59
56
63
62
60
69
64
67
82
60
60
57
56
61
59
61
60
52
63
52
54
68
82
87
58
67
73
48
66
64
57
58
69
58
65
65
57
50
47
60
50
38
58
63
70
58
70
75
66
63
53
63
60
66
64
68
59
62
65
78
78
64
64
57
51
56
69
60
69
60
66
71
60
56
50
77
69
66
56
62
52
58
59
63
63
58
68
49
50
43
64
63
53
57
66
51
69
63
44
50
55
55
51
55
58
66
71
66
62
53
68
68
64
62
67
71
59
51
61
64
54
61
56
52
53
53
56
53
50
49
57
48
43
56
47
45
54
61
69
61
48
42
50
57
57
56
53
58
66
64
81
59
43
63
70
48
54
64
48
65
61
40
55
48
63
57
60
53
67
57
59
59
64
76
70
65
77
55
56
62
55
61
57
38
53
56
49
40
57
52
50
44
62
60
75
73
66
69
58
70
56
59
44
46
62
51
49
58
42
58
49
58
49
61
47
47
40
59
38
61
54
46
64
48
55
61
56
61
65
61
54
55
54
42
55
50
43
51
44
38
40
54
50
40
45
50
47
54
43
44
49
60
44
58
56
47
50
54
45
43
63
56
48
42
57
50
44
45
58
42
54
43
58
41
48
36
50
42
57
56
46
51
53
59
50
45
58
60
51
62
60
56
44
67
50
53
56
54
51
59
67
60
60
61
54
49
55
43
55
59
39
68
55
41
47
48
45
56
48
42
44
48
43
46
59
47
67
47
35
40
52
47
34
53
40
43
47
47
37
46
47
47
41
41
42
47
43
40
48
49
51
39
42
48
44
58
47
49
41
40
55
46
41
55
46
39
45
46
45
51
50
51
42
47
55
42
35
49
44
46
49
55
50
42
42
49
55
49
47
60
49
38
49
54
49
48
42
45
50
42
53
45
54
63
51
35
46
43
40
43
47
57
37
50
54
45
41
44
33
44
49
43
61
60
74
54
64
38
52
64
66
66
61
55
57
53
56
63
60
64
73
80
70
49
44
40
50
61
92
107
97
65
54
36
52
52
42
45
50
32
33
31
44
47
46
47
29
41
50
48
61
63
56
46
37
49
37
56
53
33
46
44
43
43
36
51
40
42
42
44
46
51
46
37
42
35
32
38
35
32
49
45
42
30
43
43
38
34
37
36
33
44
40
55
38
51
50
35
48
40
47
43
43
53
46
39
42
40
46
50
59
44
35
35
47
41
51
37
36
43
47
42
31
52
39
36
36
32
27
40
37
32
35
31
49
36
40
50
32
41
34
50
40
57
47
36
41
40
37
38
34
34
44
35
30
34
39
32
46
37
38
34
44
41
39
39
38
35
27
42
43
50
47
39
43
28
35
41
31
35
37
35
30
26
34
42
33
35
37
38
38
48
38
37
43
32
40
38
34
31
41
39
41
30
29
37
37
35
35
32
42
35
47
24
36
31
42
34
41
26
37
29
32
41
31
47
34
27
37
32
35
33
30
49
32
43
32
29
33
30
37
35
27
27
38
31
35
41
23
24
31
35
39
32
34
39
37
33
43
46
58
59
42
31
25
29
28
40
30
30
33
25
38
31
44
29
37
39
37
32
34
41
38
36
33
24
38
43
47
41
41
32
41
33
24
34
34
35
39
38
30
41
42
41
39
33
37
49
21
39
29
40
34
22
36
32
40
35
25
30
30
27
37
29
38
39
39
43
38
32
30
28
22
25
24
29
33
41
39
35
44
42
26
22
38
29
17
27
32
23
36
38
31
28
22
35
33
36
38
33
22
41
38
34
31
34
29
29
33
35
44
29
33
31
30
25
40
41
30
30
28
36
23
30
38
31
35
29
33
29
30
34
42
26
29
30
33
26
27
32
37
22
32
25
21
31
37
28
30
39
24
25
21
35
26
31
22
25
30
35
27
33
34
41
37
37
33
34
30
33
26
18
46
22
41
23
21
25
26
39
28
34
36
39
21
24
28
22
24
23
28
25
52
44
52
28
32
29
28
28
24
22
24
27
21
32
34
32
23
24
29
21
32
32
32
30
25
36
20
39
27
44
37
29
22
32
24
20
38
36
23
36
26
35
36
23
26
24
16
36
23
28
23
24
22
30
28
23
26
15
29
25
25
21
29
25
23
23
25
21
24
24
30
22
28
33
29
44
42
37
35
27
32
32
31
28
32
19
24
21
24
36
28
29
42
59
81
157
158
152
99
54
35
33
31
27
26
24
19
15
24
25
38
20
17
18
25
24
30
29
24
19
30
29
19
21
24
26
26
28
27
40
37
32
20
21
24
13
22
19
23
26
23
28
16
23
20
29
21
25
21
32
16
18
27
24
28
25
21
26
27
29
29
31
29
29
25
26
17
26
31
21
29
26
26
25
19
20
28
27
33
28
31
23
20
23
27
19
19
13
29
18
15
31
33
32
20
27
26
17
32
21
20
18
25
25
24
32
23
21
25
18
30
31
26
23
28
20
14
17
19
26
16
27
28
26
25
28
18
13
14
15
24
32
18
12
19
16
27
24
19
28
27
18
19
15
19
12
23
17
20
14
24
10
17
22
23
31
25
14
20
18
29
21
27
28
31
44
27
30
15
18
28
22
17
34
22
24
16
26
15
31
22
21
17
21
28
28
18
23
15
26
25
18
31
13
18
30
22
27
19
18
19
22
28
19
23
23
32
22
17
15
23
28
22
21
25
29
20
16
22
20
19
30
17
21
22
26
27
22
32
23
33
29
32
23
22
23
19
23
21
17
17
22
20
25
17
19
17
23
20
18
19
14
17
15
21
14
21
12
16
20
11
17
25
12
20
24
22
15
22
20
21
12
20
14
15
19
27
22
20
26
18
16
11
24
20
15
19
23
16
22
19
23
17
12
23
29
16
16
20
19
22
20
22
23
17
18
18
20
16
17
17
17
15
24
17
17
18
9
23
21
24
16
18
23
21
19
13
17
26
23
24
18
20
17
19
18
22
20
17
18
18
13
21
11
17
19
20
16
22
22
19
21
27
13
16
16
18
16
17
19
21
11
11
22
10
10
21
11
16
18
35
17
22
17
22
21
16
21
9
25
14
19
13
14
14
20
20
11
19
20
17
21
21
12
10
20
23
23
18
22
20
11
10
14
17
15
17
14
25
16
16
18
13
16
12
27
19
15
22
17
10
16
18
14
15
12
13
12
13
17
13
21
26
22
16
23
29
19
15
16
23
9
12
14
17
21
20
10
8
16
12
14
18
19
17
21
15
24
24
20
19
13
14
16
14
11
11
17
23
18
14
23
19
21
15
21
14
11
16
13
17
10
14
19
14
16
19
15
16
18
17
17
12
12
14
16
13
20
13
24
14
15
17
16
20
17
20
14
17
21
21
18
19
17
17
16
15
22
15
20
20
18
20
17
11
17
22
18
16
20
16
12
18
13
10
15
16
11
19
16
15
14
17
13
15
11
14
30
11
18
12
8
15
16
18
16
12
13
14
14
22
10
19
16
16
15
15
21
11
17
16
21
13
12
21
9
20
21
21
11
17
18
16
18
11
14
13
13
9
10
20
15
14
24
12
12
16
16
13
16
15
15
14
18
11
9
17
13
10
8
12
12
10
9
12
11
9
17
11
16
16
18
8
13
15
19
20
15
9
18
8
12
14
9
13
15
15
14
11
20
23
13
13
16
9
18
14
10
8
21
11
14
12
18
21
12
18
17
11
16
8
13
17
21
10
11
14
15
13
8
9
14
11
15
14
10
21
11
9
20
20
7
11
13
13
16
9
7
9
14
6
11
13
15
11
11
12
19
13
14
12
8
10
22
9
10
16
9
17
18
12
18
17
13
13
12
11
8
13
13
17
16
9
14
14
8
11
10
19
23
8
15
14
16
16
15
10
8
15
12
19
8
13
14
7
20
10
21
16
9
11
16
13
8
20
29
14
18
13
10
11
11
12
15
15
13
6
15
13
21
10
17
10
14
16
12
6
12
14
10
13
12
10
5
14
12
15
13
15
21
19
18
16
14
10
13
11
17
8
16
5
8
10
14
13
9
12
8
9
19
19
14
13
12
11
10
12
11
12
6
9
11
21
13
11
15
13
8
11
9
9
15
10
7
14
8
9
15
13
7
11
11
17
12
12
14
7
10
14
14
21
17
17
20
11
14
15
7
16
11
11
10
9
12
8
12
7
7
14
16
10
8
15
8
7
12
12
9
8
12
12
13
13
13
10
16
10
16
15
19
11
11
7
11
10
13
13
6
11
9
14
14
5
6
17
8
11
8
13
9
11
15
13
11
11
10
10
12
7
11
8
15
11
7
8
12
9
14
18
17
12
14
15
15
6
16
12
8
9
10
8
7
11
7
7
5
8
9
12
10
7
11
13
16
9
8
9
11
8
7
7
10
16
15
9
9
7
6
13
8
14
10
9
7
7
8
11
11
8
14
6
14
12
6
6
10
12
10
9
7
4
7
13
7
9
8
12
13
16
8
12
8
13
8
11
15
14
10
8
14
14
10
9
11
8
7
11
14
4
14
9
6
4
11
14
7
7
10
13
4
10
12
10
10
10
11
10
5
12
22
10
14
19
9
6
8
16
13
9
8
10
16
8
11
7
9
6
12
10
12
12
9
9
16
9
17
10
6
10
13
14
9
7
13
10
9
14
10
8
11
10
7
2
8
11
10
12
9
10
11
8
8
10
9
15
11
10
10
8
12
7
7
12
10
12
8
10
14
10
9
11
6
11
11
9
9
9
8
13
11
11
13
6
6
13
10
7
7
10
9
8
11
10
14
7
4
3
10
12
12
18
10
10
12
8
7
11
12
13
10
8
8
8
6
15
9
9
12
11
7
8
7
4
7
9
8
11
6
10
11
11
11
10
5
9
8
7
10
8
11
13
10
13
11
8
7
12
2
8
5
10
5
4
2
13
10
8
8
16
9
5
8
8
9
9
7
12
10
3
12
14
12
5
6
12
8
12
12
7
11
16
15
15
13
11
9
8
10
7
13
6
10
8
6
8
15
11
10
15
11
8
12
9
14
7
8
6
5
4
11
8
9
6
8
9
10
4
10
13
5
9
7
8
10
10
8
8
4
10
11
11
7
9
16
8
9
5
10
6
5
9
11
5
5
10
15
4
11
10
11
7
3
9
13
11
6
10
7
8
4
8
7
14
10
5
10
10
11
8
11
11
5
5
7
10
8
6
10
10
9
14
6
9
7
6
9
12
9
5
6
5
9
8
8
8
7
8
8
8
7
3
5
14
10
13
10
6
9
9
8
7
5
13
5
9
7
6
5
11
3
10
4
11
11
6
3
6
3
10
10
9
7
11
8
2
10
9
8
7
5
7
9
12
7
9
4
7
7
7
3
5
4
7
3
6
6
11
8
8
12
9
12
7
6
13
4
5
3
11
9
7
6
2
5
4
12
4
6
16
8
7
9
6
6
11
7
15
10
4
15
5
12
5
2
2
2
6
7
9
6
7
8
10
6
4
14
9
10
4
13
11
7
7
11
10
11
8
11
4
7
5
5
10
5
6
4
8
8
4
9
7
11
8
4
7
9
9
10
5
8
7
10
3
1
10
5
4
4
8
5
10
4
8
8
5
7
7
11
2
11
9
9
5
4
5
8
8
4
5
8
9
7
10
6
6
5
11
7
5
5
7
6
7
9
7
7
11
7
8
9
10
5
6
2
10
8
11
6
5
10
11
7
8
9
14
4
4
6
6
6
12
6
6
10
11
7
6
8
3
13
3
6
13
4
8
6
7
11
10
14
4
7
4
4
8
6
17
2
11
8
4
8
9
7
5
11
9
7
4
4
9
4
8
5
4
5
4
3
5
8
9
6
8
8
3
7
4
5
9
9
12
6
8
8
9
6
14
4
10
6
5
7
8
4
6
6
1
7
8
12
13
12
8
4
12
4
9
5
8
5
4
7
10
10
9
5
3
11
5
7
3
7
8
8
10
2
5
7
11
3
10
4
6
4
4
8
3
12
8
8
9
4
8
5
4
6
4
9
12
6
10
8
9
4
8
7
2
10
9
8
7
5
4
6
9
5
8
8
6
5
8
10
3
8
4
3
7
12
11
14
6
6
7
5
5
0
9
10
9
3
4
7
5
6
4
6
4
1
6
3
4
3
10
8
5
7
4
3
9
6
11
9
6
4
3
6
6
6
7
9
6
6
5
8
6
10
12
4
6
8
7
3
6
5
14
3
4
10
10
7
3
4
12
6
6
4
3
10
7
3
3
9
4
3
4
6
3
4
2
8
12
9
5
4
5
6
6
8
4
5
3
7
8
9
5
7
5
7
3
8
6
7
4
6
3
9
5
8
4
4
12
3
3
6
8
9
2
6
7
1
4
0
4
8
5
10
4
3
4
5
3
11
6
3
3
3
7
5
7
4
3
3
4
3
8
5
6
4
1
7
4
6
3
5
4
4
4
5
5
6
4
5
6
7
5
10
9
12
6
2
9
2
5
6
7
9
8
3
7
4
7
13
5
2
8
8
6
9
6
3
6
1
6
8
5
8
7
3
5
3
6
3
6
5
5
6
3
3
3
3
7
4
13
8
2
8
7
3
4
6
3
5
10
3
7
9
1
11
4
3
4
4
4
8
3
4
4
6
6
3
5
3
6
6
5
2
7
3
3
9
5
4
8
10
7
4
9
7
7
8
8
3
2
9
2
3
5
7
6
7
5
8
5
1
4
4
8
7
7
3
3
5
3
5
4
5
4
4
6
1
7
8
5
6
7
6
7
5
6
3
5
9
7
1
2
6
5
6
4
3
3
8
1
5
2
5
10
7
6
6
3
2
8
7
4
4
2
3
3
4
4
7
5
9
5
7
4
4
10
4
1
8
6
5
5
3
8
3
1
5
5
4
2
5
4
0
6
5
7
11
4
5
5
8
4
7
2
5
4
8
7
4
2
6
2
4
3
6
3
5
5
8
2
4
0
5
4
6
3
3
9
5
7
8
4
2
6
4
4
2
6
6
7
2
3
6
4
8
2
7
6
3
3
5
10
5
9
5
7
8
4
9
8
2
4
7
2
4
7
5
3
3
9
9
4
4
3
6
7
6
3
6
2
9
6
5
4
6
11
3
9
2
4
6
1
3
7
2
5
4
3
2
5
4
7
3
4
7
4
3
5
2
4
1
3
5
1
6
4
2
7
6
5
5
7
7
5
6
3
1
3
3
4
5
2
3
4
1
4
5
4
6
5
3
7
2
2
7
4
7
6
0
7
2
5
2
11
5
4
2
4
6
4
5
2
5
4
5
3
6
4
3
3
5
2
2
3
2
7
6
5
8
4
3
4
4
2
3
6
2
1
6
2
7
6
4
3
3
4
7
6
5
1
2
1
0
7
3
5
4
4
8
5
4
5
6
4
5
2
4
6
7
3
5
2
2
3
2
4
4
7
8
0
5
2
2
3
3
4
4
7
4
0
9
5
7
6
4
3
7
3
2
5
4
6
2
3
3
3
6
4
5
1
8
4
3
2
6
5
2
5
7
6
1
5
3
8
6
3
5
4
7
5
10
3
5
5
5
3
3
4
3
4
1
7
3
6
5
6
2
6
7
5
5
5
6
4
4
3
3
5
3
1
4
4
1
5
3
6
8
5
3
6
2
4
4
5
4
6
1
4
8
2
6
3
5
3
4
5
5
7
6
7
5
5
2
3
3
10
3
2
4
1
3
7
4
4
3
2
1
5
6
7
4
9
5
9
6
3
8
5
6
3
1
5
4
3
3
3
1
4
3
4
4
1
4
5
4
3
4
1
5
2
4
6
3
2
3
3
4
4
4
2
6
3
3
3
4
6
3
4
3
5
2
2
0
3
5
6
6
1
4
2
7
4
4
1
4
3
1
4
3
8
3
1
3
5
5
2
6
4
5
6
5
5
3
4
1
4
4
8
4
3
5
3
2
4
4
9
2
3
0
5
2
3
2
4
4
1
5
1
2
6
4
4
1
3
3
4
2
4
5
4
4
4
5
5
2
5
1
6
3
1
4
1
4
7
5
2
3
7
9
2
2
3
1
1
0
5
2
1
2
4
3
0
4
2
3
5
1
3
4
3
5
6
1
0
5
2
6
4
2
5
2
1
4
4
4
7
2
5
4
1
2
3
7
2
5
0
4
1
3
3
5
6
2
3
2
4
5
5
3
5
4
4
5
1
1
9
7
3
4
2
6
6
4
5
6
3
2
4
4
1
2
4
4
2
6
6
4
4
5
5
2
3
3
2
3
1
5
2
3
7
6
1
3
1
2
6
1
3
1
2
1
3
1
3
5
4
4
3
6
2
4
4
0
6
1
2
2
4
2
3
1
4
5
1
2
0
3
3
2
2
0
1
4
5
5
6
4
2
2
0
1
4
3
5
4
1
6
1
2
3
2
5
7
6
2
2
2
5
4
8
5
3
0
4
2
5
2
3
2
2
1
7
2
4
5
1
0
4
3
3
4
2
2
4
3
5
5
5
5
2
2
0
1
4
1
1
3
1
1
3
2
7
4
3
6
0
4
4
0
2
0
2
1
9
1
5
3
5
2
2
3
2
2
4
1
4
3
5
6
7
3
2
5
5
4
5
6
5
1
4
2
6
4
2
3
6
2
1
2
2
6
1
4
4
3
5
1
4
3
7
2
5
3
3
3
4
4
5
1
2
3
2
3
1
4
5
3
1
3
2
1
3
3
3
5
4
7
3
6
3
2
8
1
8
5
4
2
3
0
7
4
1
3
3
2
3
6
1
3
2
4
6
4
7
2
3
6
3
4
2
3
4
5
2
5
3
2
0
3
2
8
1
0
4
6
4
0
2
3
3
4
3
3
1
1
0
3
3
0
2
3
2
3
3
1
8
5
3
2
3
1
1
4
3
3
3
3
8
1
1
2
2
2
2
2
4
2
5
4
4
4
2
4
3
1
3
1
5
6
1
6
3
1
2
0
3
3
1
4
3
1
3
2
5
3
2
4
2
4
4
1
1
3
3
3
3
2
1
7
3
2
5
6
4
0
4
2
4
4
4
4
3
3
3
1
2
10
1
3
3
4
2
6
1
3
3
2
2
2
3
1
4
3
2
0
3
3
6
4
3
5
1
4
2
1
2
1
0
7
3
3
3
3
5
5
2
3
6
3
2
1
1
4
4
1
4
4
3
3
3
6
6
2
4
3
5
4
3
5
1
3
3
2
6
4
4
1
6
4
1
3
1
4
1
5
1
5
3
1
1
2
3
3
0
2
1
2
0
2
4
4
2
6
5
2
0
4
2
1
1
2
1
0
2
4
1
5
6
3
3
3
4
4
2
3
1
3
1
1
4
4
3
1
1
1
4
1
3
3
3
3
1
3
5
2
0
5
2
4
3
5
5
3
2
2
6
2
0
4
1
0
2
2
1
4
1
3
3
3
0
2
1
7
6
2
2
3
0
2
2
2
3
6
3
2
4
2
0
3
0
3
4
1
0
3
0
0
3
3
3
3
4
2
2
0
1
4
2
2
2
0
2
5
0
3
2
5
2
4
3
4
2
0
4
2
3
1
5
3
2
5
2
2
2
2
2
7
5
0
1
3
3
1
4
4
4
5
1
3
0
3
4
1
0
3
1
2
1
3
5
1
1
5
4
2
3
0
3
2
4
6
2
1
2
1
1
2
3
3
4
0
2
3
4
1
3
1
8
6
4
2
2
0
2
1
1
2
1
5
4
2
3
2
2
1
3
6
5
2
3
5
4
2
6
2
3
1
2
2
4
4
2
4
1
1
2
1
1
6
4
3
0
5
2
3
3
5
2
2
2
4
0
2
1
4
3
0
3
4
1
3
3
0
2
3
3
2
1
2
1
4
3
2
3
3
3
1
2
2
5
1
2
0
2
0
1
2
4
4
5
6
5
6
2
4
3
1
1
0
3
5
2
4
3
3
4
2
2
4
4
2
4
3
6
1
7
5
6
2
3
5
1
2
6
1
2
3
1
3
2
1
1
4
4
0
4
2
6
4
1
3
6
4
2
4
5
0
1
1
4
0
2
4
7
1
2
0
1
3
3
3
3
1
5
1
0
0
2
3
2
7
0
2
5
2
2
0
1
1
5
3
4
5
2
2
3
2
2
4
2
2
1
1
1
0
1
4
1
5
4
1
4
1
4
5
3
3
4
3
6
2
2
3
0
1
2
1
2
1
2
5
1
2
2
1
3
3
2
4
6
4
3
1
3
3
2
3
1
3
2
2
2
1
2
3
0
0
0
5
3
0
2
1
1
4
1
1
2
4
4
2
0
2
2
0
2
0
1
5
3
4
3
6
5
1
4
2
3
3
3
2
3
1
6
2
2
0
2
2
4
3
6
3
4
1
2
0
2
2
1
3
1
1
2
3
3
2
1
3
1
4
0
4
2
4
2
1
3
5
0
2
0
3
1
2
2
1
2
2
1
3
4
3
6
2
4
2
1
0
4
2
0
3
3
6
3
3
2
6
2
4
1
2
1
1
2
4
3
0
1
2
0
3
6
5
5
0
2
1
1
1
2
0
3
2
1
1
4
1
1
5
5
4
6
4
5
1
4
0
3
2
3
4
1
2
8
3
5
5
4
6
2
5
3
2
0
2
3
4
4
3
1
2
1
5
1
1
3
1
3
1
1
3
2
1
0
3
1
1
1
5
5
1
2
2
3
2
4
3
2
1
4
3
2
3
2
1
2
3
4
1
3
3
6
2
4
3
0
4
0
2
3
0
1
0
1
2
3
2
1
2
3
2
5
1
1
4
0
3
0
1
4
0
1
3
4
4
2
2
2
1
4
1
1
1
2
0
8
2
1
1
3
2
2
3
2
2
2
3
1
2
3
3
1
2
3
1
5
4
1
5
0
2
3
3
1
1
0
1
2
4
0
4
4
3
2
4
5
2
1
3
1
0
3
2
1
4
4
6
2
1
1
2
1
2
3
1
3
3
2
1
3
3
3
4
6
1
3
3
3
1
5
1
3
5
3
1
3
4
0
3
2
5
3
4
4
2
2
0
2
1
4
1
3
0
2
3
1
2
2
3
0
2
0
5
0
2
1
1
4
6
4
2
3
4
2
3
2
1
4
2
2
4
1
0
4
3
1
1
1
0
5
1
1
1
4
1
4
1
5
2
2
6
2
2
4
2
0
2
1
2
4
5
1
3
4
4
2
3
1
2
1
4
2
0
1
2
3
2
1
3
3
3
1
3
2
6
1
1
1
0
1
1
1
2
2
4
2
1
3
2
2
1
1
2
1
1
4
1
0
2
1
0
2
2
1
1
0
2
2
1
3
0
2
2
2
2
1
2
1
0
0
1
2
3
2
2
1
3
6
1
2
2
5
1
2
1
1
2
3
2
4
0
1
6
2
1
0
2
3
3
0
1
2
3
2
4
3
0
1
3
4
2
5
2
1
1
3
1
4
3
1
1
2
2
2
1
3
2
1
3
1
4
2
2
6
6
5
3
2
2
1
2
1
0
2
4
1
2
2
4
4
0
5
1
1
3
2
2
1
2
1
1
3
0
0
2
4
2
1
2
0
1
3
2
4
3
3
0
2
2
1
1
4
1
1
3
1
0
3
4
0
4
1
2
3
1
2
2
1
3
2
0
1
2
3
3
2
0
1
4
2
3
1
4
6
3
1
0
6
2
1
4
2
1
0
3
2
1
3
2
3
2
3
2
3
3
0
3
3
1
0
3
6
3
1
1
2
1
2
6
5
3
2
3
1
2
3
3
2
1
3
2
4
1
2
2
2
0
3
1
4
2
3
1
0
1
3
2
6
2
1
5
0
3
1
0
1
5
2
1
2
2
0
2
2
4
0
1
3
5
2
3
5
3
2
1
2
4
4
0
1
3
1
2
1
3
2
0
3
1
6
1
2
0
3
1
2
1
2
1
1
1
1
1
5
2
2
0
1
0
2
3
2
0
1
1
1
3
2
3
0
2
4
0
1
3
2
2
2
0
1
1
3
1
2
5
3
3
3
1
2
1
0
1
3
3
1
1
2
6
3
5
4
3
1
0
3
0
1
1
4
4
2
2
1
3
4
2
4
1
3
1
3
2
2
2
1
2
3
0
3
5
1
1
2
0
2
0
0
2
2
0
5
3
3
3
3
3
3
5
4
1
5
3
1
3
5
4
5
0
1
2
1
1
2
0
3
1
2
6
0
4
1
2
2
3
4
0
0
2
1
1
3
0
2
1
0
2
3
2
1
3
0
1
3
0
0
2
1
2
2
3
1
3
1
1
4
4
2
1
0
1
4
4
2
3
5
0
5
0
1
2
4
1
3
1
0
2
1
0
2
0
1
4
2
0
0
7
4
0
1
1
1
4
3
4
2
2
3
1
4
0
2
1
0
0
1
2
1
1
3
2
1
1
1
5
3
3
0
4
4
1
2
2
2
2
6
2
3
5
2
3
1
2
1
3
1
3
5
0
1
4
2
1
1
2
1
3
4
3
2
2
1
1
1
1
3
5
1
1
1
2
0
2
1
2
1
0
2
1
1
2
0
4
3
3
1
2
3
2
5
1
1
5
2
5
0
1
1
1
0
1
0
2
0
3
4
1
2
2
1
1
2
2
0
1
2
1
2
4
3
2
2
1
1
1
1
2
1
0
4
0
2
2
2
4
4
1
0
0
1
6
3
0
1
2
0
0
4
2
1
1
2
0
3
2
2
2
2
3
4
1
2
1
2
2
0
2
2
3
1
2
7
3
0
2
2
2
2
1
5
1
3
2
4
5
1
1
3
1
0
2
1
0
1
3
1
0
1
2
1
3
0
1
4
3
3
2
3
1
0
1
0
1
5
1
2
1
1
1
0
2
2
2
2
4
0
3
1
3
0
3
2
3
2
3
1
1
2
5
2
3
4
4
1
1
2
1
1
1
2
1
1
2
0
1
0
1
5
0
0
1
2
1
4
3
2
1
2
3
2
1
2
1
2
3
1
0
0
3
4
2
4
0
1
2
2
8
1
0
4
2
1
1
1
0
1
1
3
1
2
1
1
1
2
3
1
0
3
1
0
2
0
1
3
2
2
1
1
2
2
1
3
2
2
0
1
1
1
1
2
3
2
1
0
1
1
0
2
2
2
1
1
0
3
2
1
3
1
0
2
0
0
1
2
1
2
1
0
1
1
2
0
1
0
2
1
5
1
0
3
0
1
0
1
0
1
1
1
0
2
5
2
2
1
3
4
4
3
0
0
0
1
1
2
2
2
0
1
2
1
0
0
2
4
0
2
1
0
1
3
3
2
1
2
1
1
1
0
2
2
0
0
3
3
3
2
2
1
1
2
4
3
4
2
2
3
0
1
4
0
3
1
4
2
3
1
1
0
0
1
2
0
3
0
2
2
2
4
1
1
1
1
1
2
2
0
0
2
1
2
1
1
1
1
0
2
4
1
2
2
2
0
3
4
0
2
0
3
2
1
1
1
1
0
2
2
2
0
1
2
3
1
1
1
0
3
1
0
0
1
6
1
4
1
3
2
6
2
2
2
1
0
0
1
1
3
2
4
2
0
4
2
1
1
2
2
2
3
2
0
2
0
1
0
0
3
4
1
2
2
3
1
1
0
3
2
1
2
2
0
0
3
2
0
0
1
3
1
0
0
0
2
2
4
2
1
0
2
0
2
2
4
3
1
1
2
0
2
1
3
4
0
3
4
0
1
2
0
1
3
1
0
0
2
1
3
4
1
3
1
1
0
2
0
1
1
0
1
7
0
2
1
1
3
1
4
1
1
0
1
1
1
3
0
3
3
1
1
2
2
3
2
1
1
0
2
1
1
0
1
1
0
1
0
2
5
2
0
0
1
0
2
1
0
0
1
1
1
1
1
2
0
3
2
2
1
0
1
1
2
1
0
0
3
2
1
0
3
4
2
1
3
2
0
1
1
3
4
1
1
2
2
2
1
3
1
2
1
1
1
0
2
1
0
3
0
0
2
1
2
1
3
1
1
3
3
0
2
4
0
1
3
3
0
1
0
2
2
2
0
5
1
0
2
0
1
1
2
1
1
4
1
0
2
3
1
2
0
1
1
3
4
1
0
0
2
3
1
2
1
0
0
1
2
4
2
0
0
3
0
4
2
3
1
1
1
3
3
0
0
1
0
0
0
0
0
1
1
1
1
3
0
3
2
0
2
2
1
2
1
2
5
1
2
3
1
4
1
2
6
0
1
0
2
0
0
2
4
3
1
3
0
2
2
0
2
3
2
0
2
0
0
4
1
1
1
3
0
2
5
0
2
1
1
1
1
2
0
2
1
2
0
3
2
0
1
1
0
0
0
3
2
2
1
1
2
2
0
0
2
2
0
0
1
2
1
1
0
0
0
2
0
0
3
0
1
1
3
1
3
3
0
1
2
3
4
2
1
0
1
2
4
2
1
1
3
1
2
3
1
2
3
5
0
1
2
1
2
2
0
2
1
1
1
0
1
0
1
1
2
2
1
1
2
0
1
3
2
2
1
1
0
3
2
1
0
0
1
1
4
1
2
6
4
0
1
3
3
1
2
2
2
3
2
2
0
1
4
2
1
1
0
1
1
0
0
2
3
0
0
2
1
2
2
2
1
2
1
1
0
1
3
1
3
3
1
2
0
2
2
1
1
2
4
4
2
0
0
5
1
1
1
0
2
2
1
1
0
3
1
4
1
1
2
0
0
1
0
2
1
2
2
4
1
2
0
1
2
2
1
1
0
1
2
1
1
1
0
1
1
1
2
0
1
1
5
3
1
0
3
2
2
4
2
0
2
2
1
0
3
2
0
1
1
1
3
1
2
3
0
2
2
2
2
1
0
2
3
0
3
2
1
1
1
1
3
0
2
2
1
1
2
0
3
2
2
0
0
3
0
1
2
3
0
2
0
1
1
0
0
0
2
4
0
0
1
2
3
1
1
2
1
0
2
2
0
1
0
1
3
2
0
1
2
2
1
2
0
3
1
0
0
0
0
0
1
0
0
2
1
0
2
1
1
1
0
0
2
0
0
4
2
1
0
0
0
1
2
0
0
1
0
0
2
2
0
1
2
0
0
1
1
1
1
0
2
1
1
2
1
2
4
4
2
2
1
2
0
3
2
2
3
2
0
2
2
1
1
0
1
1
0
2
3
1
1
3
0
2
0
1
0
0
2
0
1
1
2
0
2
1
0
0
2
0
3
1
2
1
1
1
1
0
2
0
0
2
0
1
1
2
1
0
1
1
1
0
2
0
2
2
1
0
1
3
1
1
0
1
2
1
1
1
0
1
1
1
1
0
0
1
0
3
0
5
0
0
1
2
3
5
3
1
2
1
1
1
1
0
4
7
0
1
1
1
2
2
0
6
0
0
1
0
2
1
0
2
0
2
1
3
1
1
0
2
1
2
0
1
0
0
1
1
2
0
1
2
0
2
1
0
0
1
2
2
0
3
1
1
0
1
2
1
1
0
3
0
1
1
2
1
1
1
1
1
1
2
0
2
1
3
1
1
0
1
1
0
0
2
2
0
3
3
3
1
0
3
3
5
1
1
3
4
0
1
0
1
0
1
0
0
3
0
1
1
1
1
1
1
1
1
2
0
2
1
0
1
0
1
1
2
1
0
0
2
0
1
2
1
1
1
1
1
1
0
2
2
1
0
2
0
2
2
0
1
2
0
1
2
0
2
3
1
1
0
0
3
2
2
1
0
1
0
0
0
0
3
3
1
0
1
1
1
5
1
0
2
2
4
3
2
2
1
1
1
4
0
1
1
2
3
1
0
1
2
1
1
1
0
0
3
2
3
3
2
1
1
2
3
0
0
2
1
0
2
2
1
3
0
2
1
2
5
0
1
3
2
1
2
2
2
1
2
0
2
2
1
0
1
1
3
0
1
1
0
1
0
2
3
1
1
2
4
0
1
0
3
2
1
1
0
1
2
2
2
2
0
1
1
0
0
1
1
0
0
2
4
0
2
1
0
3
0
2
1
0
0
2
2
3
0
1
2
2
0
0
2
2
0
2
1
0
2
1
1
1
0
0
0
0
1
1
1
1
3
1
2
2
0
1
2
3
2
2
0
1
1
1
0
0
1
4
2
1
2
1
1
1
1
2
2
2
2
1
0
0
1
0
1
2
2
1
0
1
1
1
0
1
2
2
1
1
0
1
1
2
1
2
2
0
1
1
0
2
2
2
0
4
0
0
2
1
2
1
1
2
2
4
4
3
4
1
0
0
0
2
1
0
1
1
0
2
1
1
0
3
2
1
0
0
2
1
1
1
0
1
1
1
1
1
1
3
0
0
0
2
2
1
0
0
2
1
3
1
1
1
1
1
0
2
0
1
0
3
2
0
3
0
0
0
1
1
0
1
1
2
2
2
2
0
0
2
1
0
0
2
0
1
0
0
0
0
0
0
1
0
1
2
1
0
1
1
0
1
1
0
3
3
0
1
0
4
2
0
0
0
1
0
1
0
0
1
1
0
1
3
0
0
0
0
1
0
1
0
0
0
1
1
1
1
2
1
0
2
0
2
0
3
0
3
1
2
1
1
2
0
0
2
0
0
0
1
1
2
0
0
0
2
1
4
0
2
0
1
1
1
0
1
0
2
1
3
1
0
1
6
2
5
1
0
6
1
2
5
2
0
0
0
1
2
2
0
0
1
1
2
1
0
0
1
0
0
1
1
2
1
2
1
0
0
1
0
1
0
0
1
0
0
0
0
0
0
4
2
0
1
1
1
1
1
3
1
0
0
1
0
1
2
2
2
0
1
0
1
1
1
0
0
0
0
1
2
1
0
3
1
0
1
1
1
0
2
0
3
0
1
0
1
0
0
0
4
1
0
0
1
0
1
0
0
0
1
0
0
3
2
0
0
1
0
1
0
0
2
1
1
0
0
1
0
1
4
0
4
0
0
0
1
0
1
2
0
0
0
0
1
1
0
0
2
0
1
0
0
1
1
0
0
0
0
0
1
1
0
0
0
1
0
2
1
0
1
0
0
1
0
1
1
0
0
1
0
1
0
0
1
0
2
0
0
1
0
1
0
2
0
1
1
1
0
0
0
1
1
2
0
0
0
1
1
0
1
0
0
0
1
0
0
0
0
0
0
0
0
1
1
0
1
0
0
0
0
0
0
2
0
1
1
1
0
0
0
1
0
0
0
2
1
0
0
0
0
0
0
0
0
0
1
0
0
1
1
0
0
0
0
1
0
0
3
1
0
1
1
0
1
1
0
1
0
0
0
0
1
0
0
2
1
1
0
5
2
3
4
4
2
7
5
2
2
0
0
4
0
1
1
1
1
1
3
1
1
0
3
1
2
3
2
2
3
0
1
2
1
0
1
1
0
1
0
0
0
1
2
2
0
0
0
2
1
0
0
0
1
0
0
0
0
0
1
0
0
3
0
1
0
1
2
0
0
0
1
1
0
2
1
1
1
0
1
0
1
0
1
1
0
0
0
0
1
0
1
0
0
0
0
1
0
0
1
0
0
1
1
1
2
0
2
0
1
1
0
0
0
0
0
0
1
0
0
1
5
0
2
1
0
1
0
0
2
0
0
1
1
1
0
1
0
1
1
1
1
0
2
0
1
1
0
3
0
2
1
1
1
1
0
0
1
0
0
0
0
0
1
2
1
1
0
0
1
0
0
0
0
1
1
0
0
3
1
0
1
0
0
1
0
0
1
0
1
0
1
0
0
0
0
0
0
1
0
1
0
0
0
0
0
0
0
1
0
1
2
1
1
0
0
2
0
0
1
0
0
1
0
1
0
1
0
1
0
0
0
2
0
0
1
3
1
1
1
1
0
0
1
3
0
0
0
0
0
0
0
0
0
0
1
0
0
0
0
0
0
1
0
0
0
0
0
0
0
1
1
1
1
3
1
1
1
0
1
1
0
0
0
2
1
3
1
0
1
0
0
2
1
1
0
1
0
2
0
2
0
0
0
1
1
0
0
1
0
0
2
1
1
0
0
0
0
0
1
1
0
0
0
0
0
3
0
1
1
1
1
0
0
1
0
2
0
1
0
0
0
0
1
0
1
0
1
0
0
0
0
1
1
0
0
0
0
1
0
0
1
0
1
0
1
1
2
1
1
1
0
0
0
1
1
0
0
0
1
0
0
1
1
1
0
0
1
1
0
0
1
0
0
1
0
3
1
0
0
1
1
0
0
0
0
0
1
0
0
2
0
0
0
0
0
1
2
0
1
0
0
0
0
1
0
1
1
0
0
1
0
2
1
0
1
1
1
0
0
1
0
1
1
1
0
0
1
0
1
0
0
0
1
0
2
0
2
1
0
0
1
1
1
0
1
2
1
0
0
1
0
1
0
0
1
0
0
0
0
1
1
1
0
0
2
0
0
0
0
0
0
0
0
0
1
1
0
3
0
0
0
1
0
1
0
0
0
0
0
0
1
0
2
0
0
0
0
0
1
0
0
0
0
1
1
0
1
1
0
0
0
0
0
0
0
1
1
1
1
0
1
1
0
1
1
2
0
1
1
0
0
0
0
0
0
0
1
1
0
0
0
0
0
0
0
1
1
2
0
0
0
2
1
2
2
0
0
0
1
0
0
0
0
0
0
0
1
0
0
1
1
0
0
0
2
1
0
0
0
0
0
2
1
0
1
0
0
1
1
1
0
0
0
0
0
1
0
1
0
0
1
0
3
0
1
2
0
0
1
0
1
0
0
1
0
1
2
0
1
0
0
1
0
0
0
0
2
0
0
0
3
1
0
1
0
1
1
0
2
0
1
0
0
2
0
1
1
3
0
0
1
3
0
0
0
2
0
0
1
0
0
2
0
1
0
0
2
0
0
1
0
1
0
0
0
0
0
2
3
2
0
0
0
0
2
0
0
0
2
0
0
2
1
0
1
0
1
1
0
0
0
0
0
1
1
0
0
1
0
1
0
1
0
0
0
1
2
0
0
0
0
0
0
1
1
0
0
0
0
0
0
1
1
0
0
0
0
0
1
0
2
0
1
0
1
1
0
0
0
0
0
0
1
0
1
2
2
1
0
0
0
0
0
1
1
0
0
1
0
0
2
1
0
1
0
0
0
0
0
0
0
0
1
0
0
0
1
1
0
0
1
0
0
1
0
1
0
0
0
1
0
0
1
0
1
1
1
1
0
1
0
0
1
1
0
0
0
0
1
0
0
1
0
1
1
0
2
0
0
0
1
0
1
0
0
1
1
0
0
1
2
0
0
0
0
0
0
0
1
0
0
0
2
0
1
0
0
1
0
1
1
0
0
0
1
0
1
0
0
0
0
1
1
2
1
1
0
1
0
0
1
0
0
0
1
1
1
1
0
1
1
0
0
1
0
0
0
0
0
0
0
1
0
2
1
1
1
0
1
1
1
2
0
1
0
0
1
0
0
0
0
0
2
1
1
0
0
1
3
0
0
0
0
1
1
0
0
0
0
0
1
1
0
1
1
2
0
1
0
0
1
1
0
0
0
0
0
0
0
0
1
0
1
1
1
0
2
1
0
1
0
0
1
0
0
2
2
0
0
1
0
0
0
0
0
0
0
1
0
0
0
2
0
0
0
0
0
0
0
0
1
0
0
3
0
0
0
0
0
0
0
0
0
0
2
0
1
0
0
0
0
0
1
2
0
2
0
1
1
0
0
1
0
0
0
1
1
0
0
0
1
0
0
0
0
0
0
1
0
0
0
0
1
1
0
1
0
2
1
0
1
1
1
1
1
0
0
0
0
0
0
1
0
0
0
1
1
0
0
1
0
0
0
0
2
0
0
1
0
1
1
0
0
0
1
0
0
1
0
1
0
0
1
2
0
1
1
0
0
1
0
1
0
1
2
0
0
0
0
2
0
0
1
0
0
0
0
0
0
0
0
0
0
0
0
0
0
0
1
0
0
0
0
1
2
0
0
1
0
0
0
0
2
1
0
1
0
0
0
0
1
0
0
0
2
1
1
0
1
3
0
0
0
1
0
0
0
2
2
1
1
0
0
0
0
0
0
0
0
0
0
0
1
1
0
0
0
0
0
0
0
1
2
1
1
0
0
0
1
0
0
0
1
1
0
1
0
1
0
3
1
0
2
1
0
0
1
0
1
0
1
0
0
0
0
1
0
0
0
1
0
2
0
1
0
1
1
1
2
0
1
0
0
0
0
0
0
0
0
0
0
0
0
0
1
0
0
0
2
0
1
0
1
0
0
0
0
0
1
0
0
0
1
0
0
0
0
1
0
0
1
0
0
1
0
0
1
0
0
0
1
0
0
1
1
0
0
0
0
0
0
0
0
0
0
0
1
1
0
0
1
0
1
0
0
0
0
0
1
0
0
0
0
0
2
0
0
0
1
1
0
0
0
0
0
0
0
0
0
0
0
1
0
0
0
0
0
1
1
0
0
0
0
0
0
0
0
0
0
0
1
0
0
0
1
0
1
1
1
0
0
1
0
1
2
0
0
0
1
0
0
0
0
0
0
0
0
1
1
0
0
0
1
1
0
0
0
1
1
0
1
2
0
1
0
2
0
0
0
1
0
0
0
0
0
0
1
0
0
0
0
0
1
0
1
1
0
0
0
1
0
0
0
1
0
0
0
1
0
0
1
0
1
0
0
1
0
0
0
0
1
0
0
1
2
0
0
0
1
0
1
0
1
0
0
0
0
0
0
1
0
1
0
0
0
1
0
1
1
1
0
0
0
0
1
0
1
0
0
0
0
0
0
1
0
2
2
0
0
0
0
0
0
0
0
0
0
0
1
1
0
2
0
0
0
0
1
0
0
0
1
0
0
0
0
0
0
0
1
0
0
0
0
1
0
1
1
1
0
0
0
0
0
1
1
0
1
0
0
1
0
0
0
1
0
0
0
0
0
0
0
1
0
0
1
0
1
1
0
0
0
0
0
0
0
0
0
0
0
0
0
0
0
1
1
0
0
1
0
0
0
0
0
0
0
0
0
0
0
0
1
1
0
0
0
1
0
1
0
0
0
0
0
2
1
0
0
0
0
0
1
0
0
0
0
0
0
1
0
1
0
0
1
0
0
1
0
0
0
0
0
1
0
1
0
1
1
0
0
0
0
0
1
0
0
0
0
0
0
0
0
0
0
1
0
0
0
1
1
0
0
0
0
1
0
0
0
0
0
1
0
1
0
0
0
0
0
0
0
0
0
0
1
0
1
0
0
0
0
0
0
1
1
0
0
0
0
1
0
0
0
0
0
0
0
0
3
0
0
1
2
0
0
0
1
0
0
1
0
0
0
0
0
0
1
0
0
0
1
0
1
0
1
0
0
0
0
0
0
0
0
1
0
0
1
1
0
0
0
2
0
0
0
0
1
0
1
0
0
1
0
1
0
1
0
2
0
1
1
0
1
0
0
0
0
0
0
0
1
0
0
0
1
0
0
1
0
0
0
1
1
1
0
0
0
0
0
0
0
0
0
0
0
0
0
0
0
1
1
0
0
1
0
1
1
0
0
0
0
0
1
0
1
0
2
0
0
1
0
1
0
0
0
0
2
1
1
0
1
1
1
0
0
0
0
1
0
1
0
0
0
0
1
0
1
0
0
0
0
0
1
0
0
0
0
0
0
0
1
0
0
0
0
1
0
0
0
1
0
1
0
0
0
0
1
0
0
0
0
0
0
1
0
0
0
0
0
0
1
0
1
0
0
1
0
0
1
0
0
0
0
0
1
0
1
0
0
0
0
0
0
1
1
0
1
0
0
0
0
0
0
0
0
0
0
0
0
0
1
0
0
0
0
1
0
0
0
0
0
1
0
0
0
0
0
0
0
1
1
0
0
0
0
0
0
1
1
0
1
0
0
0
0
0
1
0
0
1
0
0
0
1
0
0
0
0
0
0
0
0
0
0
0
0
0
0
1
0
1
0
0
1
0
1
0
0
2
0
0
0
0
2
0
0
0
1
0
0
1
0
1
0
0
0
0
1
1
0
0
0
0
0
0
1
0
0
1
0
1
0
1
0
0
0
2
0
0
0
0
0
0
0
2
0
1
0
0
0
1
0
1
0
1
0
0
0
1
0
0
1
0
1
0
0
0
0
1
0
1
0
0
0
3
1
1
1
0
0
0
0
0
0
0
0
0
1
0
0
0
0
0
0
0
0
1
1
0
0
0
0
0
0
0
0
0
0
0
0
0
0
1
0
0
0
0
0
0
2
1
0
0
0
0
0
1
0
1
0
0
1
0
0
1
0
0
2
0
0
0
0
0
2
1
0
0
1
0
0
0
1
0
0
0
1
1
0
0
2
0
2
0
1
0
0
1
0
0
0
0
0
1
0
0
0
0
1
1
0
1
0
0
0
2
0
0
0
0
0
0
0
2
0
0
0
0
0
0
0
0
0
0
0
1
1
2
0
0
0
0
0
0
0
0
0
0
0
0
0
0
0
0
0
0
1
0
0
0
0
0
0
0
1
1
0
0
0
1
0
1
0
0
0
0
1
0
0
0
0
0
1
0
0
0
1
0
0
0
0
0
1
0
0
0
0
1
0
0
0
0
0
1
0
0
0
0
0
0
1
0
0
0
0
1
0
1
1
0
0
0
0
0
2
0
0
0
0
1
2
0
0
0
0
1
0
0
0
0
0
0
1
1
0
0
0
0
0
0
0
1
0
0
0
0
0
0
0
0
0
0
0
0
0
0
1
0
0
0
0
0
0
0
0
1
0
0
0
0
0
0
0
0
0
1
1
1
0
0
0
0
0
0
0
0
0
0
0
0
0
0
1
2
0
0
0
0
0
1
0
0
1
0
0
0
1
0
0
0
0
0
0
1
0
0
0
0
0
0
0
0
0
1
0
0
1
0
0
1
1
0
0
2
0
0
0
0
0
0
0
0
0
0
0
0
0
0
0
0
0
1
0
0
0
0
0
0
0
2
0
0
0
0
0
0
0
0
0
0
2
0
1
0
0
0
0
0
0
0
0
0
0
0
1
0
0
0
0
0
0
0
0
0
0
0
0
0
0
0
0
1
0
0
0
0
0
0
0
0
0
0
0
0
0
0
0
0
0
0
0
0
1
0
0
0
0
1
1
0
0
0
0
1
1
0
0
0
1
0
0
0
0
0
0
1
0
0
1
1
0
0
0
0
0
0
0
0
0
0
1
0
0
1
0
0
0
0
0
0
0
0
0
0
1
0
0
1
0
0
0
1
0
1
0
0
0
1
0
0
0
1
0
1
1
0
0
0
0
0
0
0
0
0
0
0
0
0
1
0
0
0
1
0
0
1
0
0
0
0
0
0
0
0
0
0
0
0
0
0
0
0
0
2
0
0
0
1
0
0
1
1
0
1
0
0
0
0
0
0
0
0
1
0
0
0
0
0
0
0
0
0
1
0
0
0
0
0
0
0
0
0
0
0
0
0
0
0
0
0
0
0
0
0
0
0
1
0
0
1
1
0
0
0
0
0
1
0
1
1
1
0
0
0
0
0
0
0
0
0
0
0
1
0
0
0
0
0
0
0
1
0
0
0
0
0
0
0
0
0
0
0
0
0
0
0
0
0
0
0
0
0
0
1
0
0
0
0
0
0
0
0
0
0
2
0
0
0
1
0
0
0
0
0
0
0
0
0
0
0
0
0
0
0
0
0
0
0
0
0
0
0
0
0
0
0
0
0
0
0
0
0
0
0
1
0
0
0
0
0
0
0
0
1
0
0
0
0
0
1
0
0
0
0
0
0
0
0
0
0
0
0
0
0
0
0
1
0
0
0
0
0
1
0
0
0
0
0
0
0
0
0
1
1
0
1
0
0
0
0
0
1
0
0
0
0
0
0
0
0
0
1
0
0
0
1
0
0
1
0
0
0
0
1
0
0
0
1
0
0
0
0
0
0
0
0
0
1
1
1
0
0
0
0
0
0
1
0
1
0
0
0
1
0
0
0
0
0
0
0
0
0
0
0
0
0
0
1
0
0
0
0
0
1
0
0
0
0
0
0
0
0
0
0
0
1
0
0
0
0
0
0
0
1
0
0
0
0
0
0
0
1
1
0
1
0
0
0
0
0
1
0
0
0
0
1
0
1
0
0
0
1
1
1
0
0
0
1
0
0
1
0
0
0
0
0
0
0
1
0
0
1
0
0
0
0
0
0
0
0
0
0
0
0
0
0
0
0
0
0
0
0
0
0
0
0
0
0
1
0
0
0
0
0
0
0
0
1
0
0
0
1
0
0
1
0
0
1
0
0
0
0
0
0
0
0
0
0
0
0
0
1
0
0
0
0
1
0
0
0
0
1
0
0
0
0
0
0
0
0
0
0
0
0
0
0
1
0
0
0
0
0
0
0
0
0
0
1
0
1
0
0
0
0
0
0
0
0
0
1
0
0
0
0
0
1
0
0
0
0
0
0
0
0
0
0
0
0
0
0
0
0
0
0
0
0
0
0
0
0
0
0
0
0
0
0
0
0
0
0
0
0
0
0
1
0
0
0
0
1
0
0
0
0
0
0
1
0
0
0
0
0
0
0
0
0
0
0
0
0
0
0
0
0
0
0
0
0
0
0
0
0
0
1
0
0
0
0
0
0
1
0
0
0
0
1
0
0
1
0
0
0
0
0
0
0
0
0
0
0
0
0
1
0
0
0
0
0
0
0
1
0
0
0
0
0
0
0
0
0
0
0
0
0
1
0
0
0
0
0
0
1
1
0
0
0
0
0
0
0
1
1
0
0
1
1
0
1
0
1
1
0
0
0
0
0
0
0
0
1
0
0
0
0
0
0
1
0
0
0
0
0
0
1
0
0
0
0
0
0
1
0
0
0
0
0
0
0
0
0
0
0
0
0
0
0
0
0
0
1
0
1
1
1
0
0
0
0
0
0
0
0
0
0
0
0
0
0
1
0
0
0
0
0
0
0
0
0
0
0
0
0
0
0
1
0
0
0
1
0
0
0
0
0
0
0
0
0
0
0
0
0
0
0
0
0
0
0
1
0
0
0
0
0
0
0
1
1
1
1
1
0
1
0
0
0
1
0
0
0
0
0
1
0
0
0
0
0
0
0
1
0
0
1
0
0
0
1
0
0
0
0
0
0
0
0
0
0
0
0
0
0
0
0
0
0
0
0
0
0
0
0
0
0
0
0
0
0
0
0
0
0
0
0
0
0
0
0
0
0
0
1
0
1
0
1
0
0
1
0
1
0
0
0
0
0
0
0
0
0
0
0
0
0
0
0
0
0
0
0
0
0
0
1
0
0
0
0
0
0
0
0
1
0
0
0
0
0
0
0
0
0
0
0
0
0
0
1
0
1
0
0
0
0
1
0
0
1
0
0
0
1
0
0
0
0
0
0
0
0
0
0
0
1
0
0
0
0
0
0
0
0
0
0
1
0
0
0
0
0
0
0
0
0
0
0
0
0
0
0
0
0
0
0
0
0
0
0
1
0
0
0
0
0
0
0
0
0
0
0
1
0
0
0
0
0
0
0
0
0
0
0
0
0
0
0
0
1
1
0
0
0
0
0
0
0
0
0
0
0
0
0
0
0
0
0
0
0
0
1
0
1
0
0
0
0
0
1
0
0
0
0
0
0
0
0
0
0
0
0
0
0
0
0
0
0
0
0
0
0
0
0
0
0
0
0
0
0
0
0
0
0
0
0
1
0
0
0
0
0
0
0
0
0
0
0
0
0
0
0
0
0
0
0
0
0
0
0
0
0
0
0
0
0
0
0
0
0
0
0
0
0
0
0
1
0
0
0
1
0
0
0
0
0
0
0
0
0
0
0
0
0
0
0
0
0
0
0
0
1
0
0
1
1
0
0
0
0
0
0
0
0
0
0
1
0
1
0
0
0
0
0
1
0
0
1
1
1
1
0
0
0
0
0
0
0
0
1
0
0
0
0
0
0
0
0
1
0
0
0
0
0
0
0
0
0
0
0
0
0
0
0
0
0
0
0
0
0
0
0
0
0
0
0
0
0
0
0
0
1
0
0
0
0
0
0
0
1
0
0
0
0
0
0
0
0
1
0
0
0
0
2
0
0
0
0
0
0
0
0
0
0
0
0
0
0
0
0
0
0
0
0
0
0
0
0
0
0
0
0
0
0
0
0
0
0
0
0
0
0
0
0
0
0
0
0
0
0
0
0
0
0
1
0
0
0
0
0
0
0
0
0
0
0
1
0
0
0
0
0
0
0
0
0
0
0
0
0
0
0
0
0
0
1
0
0
0
0
0
0
0
0
0
0
0
0
0
0
1
1
0
0
0
0
0
0
0
0
0
0
0
0
0
1
0
0
0
0
0
0
0
0
1
0
0
1
0
0
0
0
0
1
0
0
0
0
0
0
0
0
0
1
0
1
0
0
0
0
0
0
0
0
0
0
0
0
0
0
0
0
0
0
0
0
0
0
0
0
0
0
0
0
1
0
0
1
0
0
0
0
0
0
0
0
0
0
0
0
0
0
0
0
0
0
0
0
0
0
0
0
0
0
0
0
0
0
0
0
1
0
0
0
1
0
0
0
0
0
0
0
0
0
0
0
2
0
0
0
1
0
2
1
0
0
0
0
0
1
0
0
1
1
0
0
0
0
1
0
0
0
0
0
0
1
0
0
0
0
0
0
0
0
0
0
0
0
0
0
0
0
0
0
0
0
0
0
1
0
1
1
0
0
0
0
0
0
0
0
0
0
0
0
0
0
0
0
0
0
0
1
0
0
0
0
1
0
0
1
0
1
0
0
0
0
1
0
0
0
0
0
0
0
0
0
0
0
0
0
0
0
0
0
0
1
0
0
0
0
0
0
0
0
0
0
0
0
0
0
0
0
0
0
0
0
0
0
0
0
0
0
0
0
0
0
0
0
0
0
0
0
0
0
0
0
0
0
0
0
0
0
0
0
0
0
0
1
0
0
0
0
0
0
0
0
0
0
0
0
0
0
0
0
0
0
0
0
0
0
0
0
0
0
0
0
0
0
0
0
0
0
0
0
0
0
0
0
0
0
0
0
0
0
0
1
0
0
0
1
0
1
1
0
0
0
0
0
2
0
0
0
0
0
0
0
0
0
0
0
0
0
0
0
0
0
0
0
0
0
0
0
0
0
1
0
0
0
0
0
0
0
0
0
0
0
1
0
1
0
0
0
0
0
0
0
0
0
0
0
0
0
0
1
0
0
1
1
0
0
0
0
0
0
0
1
0
0
0
0
0
0
1
0
0
0
1
0
0
0
0
0
0
0
0
0
0
0
0
0
0
0
0
0
0
0
0
0
0
0
0
0
0
0
0
0
0
0
0
0
0
0
0
0
0
0
0
0
0
0
0
0
0
0
0
0
0
0
0
0
0
0
0
0
0
0
0
0
0
0
0
0
0
0
0
0
0
1
0
0
0
0
0
0
0
0
0
0
0
0
0
0
0
0
0
0
0
1
0
0
0
0
0
0
1
0
0
0
0
0
0
0
0
0
0
0
0
1
0
0
0
0
0
0
0
0
0
0
0
2
0
0
0
0
0
0
0
1
1
1
0
0
0
0
0
0
0
1
0
0
0
0
0
0
0
0
0
0
0
0
0
0
0
0
0
0
0
0
0
0
0
0
0
0
0
1
0
0
0
1
0
1
0
0
0
0
0
0
0
0
0
0
0
0
0
0
0
0
0
0
0
0
0
0
0
0
0
0
0
0
0
0
0
0
0
0
0
0
0
0
1
0
0
0
0
0
1
1
0
0
0
0
0
0
0
0
0
0
1
0
0
0
0
0
0
0
0
0
1
0
1
0
0
0
1
0
0
0
0
0
0
0
0
1
0
1
0
0
0
0
0
0
0
0
1
0
0
0
0
0
0
0
0
0
0
0
0
0
0
0
0
0
0
0
0
0
0
0
0
0
0
0
0
0
0
0
1
0
0
0
0
1
1
0
0
0
0
0
0
0
0
0
1
0
0
0
0
0
1
0
0
0
0
0
0
0
0
0
0
0
0
0
0
0
0
0
0
0
0
0
0
0
0
0
0
0
0
0
0
0
1
0
0
0
0
0
0
0
0
1
0
1
0
1
0
0
1
0
0
0
0
0
0
0
0
0
0
0
0
0
0
0
0
0
0
0
0
0
0
0
1
0
0
0
0
0
0
0
0
0
0
0
0
0
0
0
0
1
0
1
0
0
0
0
0
0
0
1
0
0
0
0
0
0
0
0
0
0
0
0
0
0
0
0
1
0
0
0
0
0
0
0
0
0
0
0
0
0
1
1
0
1
0
1
0
0
0
0
0
0
0
0
0
0
0
0
0
0
0
0
0
0
0
1
0
0
0
0
0
0
0
1
0
0
0
0
0
0
0
0
0
0
0
0
0
0
0
0
0
0
0
0
0
0
0
0
0
0
0
0
0
0
0
0
0
1
0
0
1
0
0
0
0
0
0
0
0
0
0
0
0
0
0
0
0
0
0
0
0
0
0
0
0
0
0
0
0
0
0
0
0
0
0
0
0
0
0
0
0
0
0
0
0
0
0
0
0
0
0
0
0
0
0
0
0
0
0
0
0
0
0
1
0
0
0
0
0
0
0
0
0
0
0
0
0
0
0
0
0
0
0
0
1
0
1
0
0
0
0
0
0
0
0
0
0
0
0
0
0
0
0
0
0
0
0
0
1
0
0
0
0
0
0
0
0
0
0
2
0
0
1
0
0
0
0
0
0
0
0
0
1
0
0
0
0
1
0
0
1
0
0
0
0
0
0
0
0
0
0
0
0
0
0
1
0
0
0
0
0
0
0
0
0
0
0
0
0
0
0
0
0
0
0
0
0
0
0
0
0
0
0
0
0
0
0
0
1
0
0
0
0
1
0
0
0
0
0
1
0
0
1
0
0
0
0
0
0
0
0
0
0
0
0
0
0
0
0
0
0
0
0
0
0
0
0
0
0
0
0
0
0
0
0
0
0
0
0
0
1
0
0
0
0
0
1
1
1
0
0
0
0
1
0
0
0
0
0
0
0
0
0
0
0
0
0
0
0
0
0
0
0
0
0
0
0
0
0
0
0
0
0
0
0
0
0
0
0
0
0
0
0
0
0
0
0
0
0
0
1
0
0
1
0
0
0
0
0
0
0
0
0
0
0
1
0
0
0
0
0
0
0
0
0
0
0
0
0
0
0
0
0
0
0
0
0
0
0
0
0
0
0
0
0
0
0
0
0
0
0
0
0
1
0
1
0
0
0
0
0
0
0
0
0
0
0
1
0
0
0
0
0
0
0
0
1
0
0
0
0
0
0
0
1
0
0
1
0
0
0
0
0
0
0
1
0
0
0
0
0
0
0
0
0
0
0
0
0
0
0
0
0
0
0
0
0
0
0
0
0
0
0
0
0
0
0
0
0
0
0
0
0
0
0
0
0
0
0
1
0
0
0
0
0
0
0
0
0
0
0
0
0
0
0
0
0
0
1
0
0
0
0
0
0
0
0
0
0
0
0
0
0
0
0
1
0
0
0
1
0
0
0
0
0
0
0
0
0
0
0
0
0
0
0
0
0
1
0
0
0
0
0
0
0
0
0
0
0
0
0
0
0
0
0
0
0
0
1
0
1
0
0
0
0
0
0
0
0
0
0
0
0
0
0
0
0
0
0
0
0
0
0
0
0
1
0
0
0
0
0
0
0
0
0
0
0
0
0
0
0
0
0
0
0
0
0
0
0
0
0
0
0
0
1
0
0
1
0
0
0
0
2
0
0
0
0
0
0
0
0
0
0
0
0
0
0
0
0
0
0
0
0
0
0
0
0
0
0
0
1
0
0
0
0
0
0
0
0
0
0
0
0
0
0
0
0
0
0
1
0
0
0
0
0
0
0
0
0
0
0
0
0
0
0
0
0
0
0
0
0
0
0
0
0
0
0
0
0
0
0
0
0
0
0
0
0
0
0
0
0
0
0
0
0
0
0
0
0
0
0
0
0
0
0
0
0
0
0
0
0
0
0
0
0
0
0
0
0
0
0
1
0
0
0
0
0
0
0
1
0
0
0
0
0
0
0
0
0
0
0
1
0
0
0
0
1
1
0
0
0
0
0
0
0
0
0
0
0
0
0
0
0
0
0
0
0
0
0
0
0
0
0
0
0
0
0
0
0
0
0
1
0
0
0
0
0
0
0
0
0
0
1
0
0
0
1
0
0
0
0
1
0
0
0
0
0
0
0
1
0
0
0
1
0
0
0
0
0
0
1
0
0
0
0
0
0
0
0
0
0
0
0
0
0
0
1
0
0
0
0
0
0
0
1
0
1
0
0
1
0
0
0
0
0
0
0
0
0
0
1
0
0
0
0
0
0
0
0
0
0
0
0
0
0
0
0
0
0
0
0
1
0
1
0
0
1
0
0
0
0
0
0
0
0
0
0
0
0
0
0
0
1
0
0
0
0
0
0
0
0
0
1
0
0
0
0
0
0
0
0
0
0
1
0
0
0
0
0
0
0
0
0
1
0
0
0
0
0
0
0
0
0
0
0
0
0
0
0
0
0
0
0
0
0
0
0
0
0
0
0
0
0
0
0
0
0
0
0
1
0
0
0
0
0
1
0
0
0
0
0
0
0
0
0
0
0
0
0
0
0
0
0
0
0
0
0
0
0
0
0
1
0
0
0
0
0
0
0
0
0
0
0
0
0
0
0
0
0
0
0
0
0
0
0
0
0
0
0
0
1
0
0
0
0
0
0
0
0
0
0
0
0
0
0
0
1
0
0
0
0
0
0
0
0
0
0
0
0
0
0
0
0
0
0
0
0
0
0
0
0
0
1
0
0
0
0
0
0
0
0
0
0
0
0
0
0
0
0
0
0
0
0
0
0
0
0
0
0
0
0
0
0
0
0
0
0
0
0
0
0
0
0
0
0
0
0
0
0
0
0
0
0
0
0
0
0
0
2
0
0
0
0
0
0
0
0
0
0
0
1
0
0
0
1
1
1
1
1
1
2
0
0
0
1
0
1
1
0
0
0
0
1
1
0
1
0
0
1
1
0
0
0
0
1
0
0
1
0
0
1
1
0
0
0
0
1
1
1
0
1
1
0
0
1
0
0
0
0
0
0
0
1
2
0
0
0
0
1
1
0
1
0
0
0
0
1
0
1
0
0
0
0
1
0
0
2
0
0
0
0
0
0
1
0
0
0
0
0
0
1
0
1
0
0
0
0
0
1
0
0
0
0
0
0
2
0
0
0
0
0
0
0
0
0
0
0
0
0
0
0
1
1
3
0
1
1
0
0
1
2
0
0
1
2
0
1
0
0
0
1
0
0
0
0
0
1
0
0
0
0
0
2
0
0
0
0
0
0
0
1
0
0
0
1
0
0
0
1
0
0
0
0
0
1
0
0
0
0
0
0
0
0
0
0
0
0
0
0
0
0
1
0
0
0
0
0
0
0
0
0
0
0
0
1
0
0
0
0
1
0
0
0
0
0
0
0
1
0
1
0
0
0
0
1
0
1
0
0
1
0
0
$ENER_FIT:
-5.292 0.758958 -2.71826e-006 6.04868e-010 -3.77134e-014
$MCA_CAL:
5
-5.292 0.758958 -2.71826e-006 6.04868e-010 -3.77134e-014
$PEAKLABELS:
166.295, "Pm-147"
347.758, "Xe-138"
519.765, "Cf-249"
445.906, "Cf-249"
963.781, "Eu-154"
1692.662, "Eu-154"
881.817, "Cs-137"
1335.787, "Eu-154"
1161.812, "Eu-154"
1324.669, "Eu-154"
1342.359, "Cs-138"
2347.113, "Xe-138"
2675.540, "Xe-138"
3502.794, "Cs-138"
10144.744, "Fe(n,g)"
10122.395, "Fe(n,g)"
3469.052, "Th-232(d),(Bkgd)"
1939.302, "K-40,(Bkgd)"
1126.718, "Fe(n,n')"
2118.825, "La-140(FP)"
1644.862, "Fe(n,n')"
1869.623, "Fe(n,n')"
2950.053, "H(n,g)"
926.860, "Fast Neutrons,(Detector)"
$ENDRECORD:
