$SPEC_ID:
PeakEasy Library File: Cf-252, Detective EX-100 (HPGe), 250 uCi @ 93 cm
$MEAS_TIM:
57524.54000 61650.52000
$DATE_MEA:
7-May-2015 4:31:27 PM
$DATA:
0 8191
0
0
0
1
0
3
1
2
4
2
1
4
7
6
10
16
9
16
11
14
30
40
35
42
35
40
48
54
59
85
96
96
108
125
142
190
251
327
493
2426
53289
110099
110948
109158
107297
105737
103758
102628
101340
99859
98834
96365
95400
94500
93406
92047
91261
89941
89805
88069
87342
87032
86344
87850
87724
86975
84241
82464
81385
80540
79950
79252
78208
77809
77067
76300
75746
75178
75048
74639
74254
72825
73002
72838
71491
71312
70391
70462
70140
69893
69307
69160
68344
68504
68120
67559
67168
66814
66670
66404
66024
65319
65506
65511
64838
64715
64074
64192
63818
63467
63146
62934
62914
62645
62170
61879
61714
61562
61818
61376
61574
61450
61115
61048
61230
60199
60671
60584
60544
60593
59975
60224
60159
60156
60134
60486
60708
60263
60184
60269
60286
61269
61758
63463
64011
65021
65127
64332
63752
63135
62820
62815
63291
63555
63712
64522
64147
64879
65442
65218
65993
66141
66732
67456
67814
68016
68400
68885
69789
70013
70547
70993
71823
72036
72688
73801
74382
75190
75685
78013
82481
88696
96518
99155
97122
95069
100307
110563
115689
110200
99785
91500
88769
88917
89157
88772
88696
89557
90084
91482
90997
91929
92477
94328
96182
97433
96747
96525
96333
98750
102224
106315
110238
111671
108224
104203
102480
103425
105182
106184
106293
104378
101997
101716
101814
101853
101963
103009
103305
104395
105925
106800
107780
108983
108385
108426
108721
109424
109961
110953
111240
110676
111666
111228
112306
112438
114212
115884
116730
117421
116900
117073
117649
117481
117548
118135
119062
119806
120816
121744
122121
121506
123262
122931
124432
124363
125388
126282
126334
126214
124716
125093
124845
125066
125439
125627
126712
127198
128504
130467
131910
133153
132941
132669
132585
132159
130752
130035
130064
130380
130510
129987
129920
130039
130497
131785
131903
132521
132444
132843
132325
132365
131857
132066
131968
132724
133775
134827
134279
134126
133920
134197
134200
134253
134569
135035
134580
134810
135613
136432
137826
138585
137070
136211
135325
135676
135328
135288
133554
132937
133785
135698
136546
136531
136541
135735
134876
133890
133187
132909
133606
134514
136299
136779
137567
136754
135462
134219
133328
133032
133630
133738
133764
133374
134146
134484
134215
133405
133355
132661
131536
131965
130955
131505
132035
132732
131588
130472
130511
130974
132283
131357
131448
130898
131872
133815
136189
137550
136430
134315
135482
139398
142498
142789
139012
133960
130409
129071
127816
129127
129433
127584
126448
125149
125992
127953
129575
130065
129070
126431
124888
123982
123313
124519
123005
122471
121728
121100
123818
124911
126033
125718
124499
122895
121982
121754
120715
119397
118862
119705
120788
121284
120186
119867
118669
117853
117484
118370
117963
118351
118813
121083
124198
127020
128570
125940
121713
118033
115922
114337
114299
116016
116737
117357
117366
115275
113754
114491
114594
115249
116619
116092
115684
113829
112987
110805
110411
110984
109798
108742
107402
106675
105659
105402
105370
106275
107641
110297
113473
114785
113219
110638
107503
106376
104644
104247
105926
106879
108131
107012
105235
104486
103028
103655
103355
103235
102432
101867
101101
99703
99242
99059
98864
100243
101829
101743
100779
100542
100120
100144
98919
98117
97179
97780
97571
98931
99269
99192
98284
97545
96541
95462
94199
94114
94033
94597
95511
96177
98332
99008
98979
97944
97900
99891
103347
105122
103147
98370
94642
92237
91432
89915
89838
89632
88839
88408
88582
90669
92271
95256
97524
101155
104228
104342
101696
97942
92093
87565
84904
83897
83617
82899
82345
82534
83263
83677
84430
85939
85444
84529
83382
84035
84694
85019
83879
82861
81148
80529
80573
80822
81232
81271
80886
80934
81995
84567
87340
91248
93164
91502
88580
84922
81695
78337
76885
76375
75777
75773
75500
75205
74993
75434
76042
76050
77242
78776
81446
82849
81182
78250
74862
72981
72182
71958
71300
71475
71364
71568
70885
70959
70950
70957
70921
71015
70235
70541
71071
71036
70630
69569
68829
69338
70985
72341
73780
72804
71616
69360
67967
66643
67114
67243
68159
69788
70047
68772
67913
66441
65166
63847
63393
63170
63447
63474
63656
64288
64800
65071
65194
65363
66427
68092
68651
68265
66302
66060
68537
71624
73748
73229
73412
74039
72963
69230
65345
61649
60236
59290
59287
59276
58967
59254
60012
60029
60131
60289
59531
59552
59067
60511
63055
65373
66520
66457
64285
61702
59607
58870
57704
57167
57718
57309
57291
57167
56572
56180
56515
57466
57158
55471
54269
53184
52210
53702
56826
61236
63539
62368
58801
55189
53064
52008
51681
51516
50803
50553
50410
50911
51528
51441
51064
50653
50351
49672
49452
48437
48348
48906
49290
49197
49271
49530
50086
50739
51382
53289
55717
57465
58088
55981
51790
48688
47976
47198
47458
47362
47447
47146
47046
47795
49488
51166
52930
53413
52801
52078
51090
50296
49832
48953
48300
47052
46028
45784
44712
44415
43616
43316
43199
43795
44257
45522
46251
47008
46803
46251
45265
44736
44242
43671
42912
43095
43112
42826
43497
43645
44006
43816
43780
43541
43603
43742
43455
42743
43378
44081
44968
45427
45289
45423
45935
46317
45791
45081
45152
46584
50353
52023
53118
52023
50398
48694
47246
45106
43292
42391
41404
40999
40286
40135
40324
41298
42030
43478
45036
46827
48695
48805
48429
46568
44649
43291
41550
39643
38400
38589
40049
42574
43913
43240
41688
38996
37264
36975
36742
36828
37279
37050
36539
36466
36452
36898
38265
38536
37744
37282
37193
38385
38968
39712
39250
38484
38459
39491
41300
42019
41469
39313
37218
35466
35477
35740
35794
35845
34829
34369
34130
34494
35063
35763
35118
34899
34177
33907
33547
34038
35093
35559
37144
37783
39552
41843
43723
43809
41674
38843
36691
36144
35911
35572
35271
35476
36759
38843
39868
39532
38438
38254
39720
41428
41240
39593
37037
34986
33300
32062
32435
32532
33141
33294
32196
31625
31593
32100
32429
32204
32263
32077
32661
33167
33483
33016
32426
31954
32286
33257
34832
36521
36671
35265
33472
31640
29990
30012
30488
31104
31492
31421
30903
31122
31745
34090
36255
37177
36442
34977
33938
34871
36275
37858
39756
41312
41374
39158
34674
31338
29714
28544
28293
28259
28078
28283
28719
29065
30025
31963
35421
39161
41004
40972
39548
38692
38419
36833
34252
31389
28945
27994
27598
27376
27540
27910
28190
29111
29599
30356
29974
29463
28193
27393
27101
26934
27326
28109
28978
30022
31652
32151
32785
32218
31539
30706
29147
28225
27171
27028
26833
26572
26927
28018
29329
30792
31382
30539
28730
27440
27520
28560
29318
29486
28588
27014
25903
25292
25253
25073
25245
25520
26133
26519
27871
28923
29420
28490
27283
26406
25720
25325
25101
24715
24502
24191
24043
24429
24976
26264
27191
28996
31587
35167
38157
38608
35947
31287
27580
25296
24703
23988
24676
24829
24810
25165
25217
25397
25271
25734
25316
25282
24883
24051
23458
23623
24787
27824
31270
34254
34298
32021
28486
25257
24146
24258
25275
25984
26203
25644
24280
23259
22529
22147
22154
22473
22506
22516
22483
22232
22373
22374
22004
22161
22006
22294
22617
23037
23372
23655
23875
24437
25165
25428
25553
24981
23520
23084
22500
21747
21690
21486
20711
20910
20699
20991
21381
21873
21801
21764
21493
21279
21152
21737
21861
22281
22726
22102
21209
20711
19911
19655
19938
20320
20625
21419
22320
23476
25421
26443
26961
25785
24407
23282
22099
21789
21603
21551
21657
21995
21477
21285
20903
20356
20161
20282
20123
20721
21343
22522
23639
25263
25043
24781
23570
22318
21508
21766
22720
24149
24737
24402
23931
22161
21102
20132
19266
18870
19007
18952
19814
19692
19652
19959
20161
20518
20377
20292
19675
19391
18453
18177
18171
18213
18613
18602
18863
19289
19808
20014
19771
19372
19095
18983
19200
19110
19412
18504
17905
17655
17583
17778
18100
18725
18617
19005
19441
19197
19108
19250
19318
19630
20297
21084
21694
21701
21276
20957
20790
20292
20063
19898
20246
21092
20831
20584
19599
18776
17919
17488
17150
17113
17392
17966
18099
18782
19616
20265
20592
20630
19663
18685
18089
17878
18494
19240
20100
19901
19538
18782
18414
17907
18529
18723
19547
20246
20703
19854
19072
17981
17090
17064
17181
17636
17693
17861
17929
18250
18562
19018
19961
20955
21844
21262
20273
18696
17823
17552
17636
18000
18087
17621
17334
17341
17178
17170
17680
18025
18609
19651
20324
20765
20796
20712
21067
21166
20353
19203
17931
16971
16633
16662
17936
19242
20373
20961
20732
19347
17928
16730
16058
15825
15768
16337
16565
16565
16754
17024
17164
17573
18159
18149
17356
16716
15818
15119
15451
15209
16314
17451
19311
21896
23107
22622
21035
18608
16771
16362
16492
17099
17579
17246
16934
15907
15025
14870
15013
15637
16048
16724
16900
16713
16779
16223
16103
16083
16142
16013
15676
15168
15189
15412
16016
17190
19220
21470
23672
26065
28828
30461
31458
30943
29171
26659
23814
22127
20613
19782
18865
17898
17309
17022
16855
16093
15794
15418
15067
15228
14793
15095
15091
15430
16350
17024
17392
17237
16420
15122
14582
14516
14497
14793
14625
14547
14196
13954
13886
13976
13693
13556
13745
14224
14387
15170
15307
15920
16286
16543
16272
16951
17370
18511
19030
18965
17724
16355
14886
14217
13553
13373
13319
13797
14412
15236
16228
17284
17908
18387
17638
17274
16257
15926
16175
15459
15109
14441
14013
13691
13773
14521
15285
16389
17245
17264
16509
15479
13876
13493
12940
13360
13576
13909
14106
14322
14518
14783
15110
14976
14892
14401
13710
13205
12721
12823
12738
12608
12672
12724
12801
13154
13433
13581
13819
13844
13771
13797
13808
13966
13943
13801
13980
13711
13383
12925
12797
12813
12674
13032
13321
13353
13339
13141
13054
13349
13288
13692
13437
13427
13333
12839
12716
12956
12822
13048
13011
13146
13215
13319
13689
13701
13926
13906
13704
13117
12706
12505
12319
12320
12231
12388
12850
13426
13866
14548
15060
15238
14721
13957
13406
12841
12331
12653
12717
12969
13320
13991
14353
14235
13792
13425
12857
12956
12921
12756
13054
12800
12945
12597
12420
12281
12220
12407
12604
13182
13940
15229
16006
16605
16482
15727
14961
14299
13922
13837
13403
12789
12141
11648
12078
12621
13814
15748
17133
17654
17197
15559
14319
13416
12678
12116
11640
11106
10741
10651
11130
11561
12029
12870
13499
14761
16323
18400
19102
18835
17199
15516
13849
12948
12990
13200
13680
13751
14011
14296
14615
14790
15351
15819
16756
17508
17398
16823
15878
14683
14080
13109
13160
12772
13056
13050
13220
13567
13566
13529
13851
14672
16059
17538
18816
19281
18118
16136
13987
12551
11802
11583
11560
11772
12125
12117
12044
12010
11936
11955
11558
11628
11500
11355
11875
12912
13898
14610
14682
14749
14590
14526
14651
14312
13799
13443
12908
12712
12357
12173
12026
11595
11059
10791
10674
10559
10747
11138
11498
11739
11812
11528
11377
11124
10763
10843
10710
10282
10692
10577
10877
11248
11682
12303
12417
12523
12259
12146
11367
11123
10721
10513
10342
10549
10486
10891
10772
10851
10733
10681
10407
10148
10120
9753
9800
10203
10151
11005
11350
12622
13761
14937
15703
14986
13837
12664
11511
11036
10665
10762
10412
10311
10343
10188
10050
10124
10266
10513
10792
11164
11505
11628
11321
10986
10417
9955
9553
9485
9455
9410
9431
9444
9338
9521
9774
9520
9921
9691
9971
9875
10031
9903
9765
9843
9622
9891
10273
10993
11519
11593
10999
10518
10068
10108
9909
10008
10103
10303
10362
10038
9762
9661
9473
9331
9321
9345
9363
9247
9247
9501
9617
10105
10772
11592
11997
11994
11210
10195
9606
9150
8732
8552
8698
8691
8834
8518
8612
8850
8705
8293
8388
8564
8450
8523
8478
8778
9127
9670
9992
10032
10374
9888
9567
9112
8771
8736
8831
8744
8482
8563
8492
8727
8664
8787
8932
8800
8725
8577
8355
8358
8261
8483
8331
8460
8521
8584
8565
8538
8608
8908
8870
8894
8611
8414
8193
8340
8192
8671
8981
9500
9742
10049
10393
10542
10289
10495
10432
10416
10462
10389
10513
10490
10990
11541
11651
12093
11442
10601
10322
9387
9475
9259
9081
8860
8960
8917
8983
9003
9213
8965
8914
8828
9064
8847
9098
9211
9401
9737
10140
10362
10538
10438
10454
10411
10552
10501
10096
9886
9600
9248
9218
9009
8988
8784
8664
8282
8451
8594
8910
8957
8985
8916
8624
8508
8410
8345
8272
8255
8210
8026
8040
7981
8064
8026
8076
8112
8203
8342
8297
8341
8642
8472
8554
8851
9248
10047
11314
13253
15099
16064
15363
13667
11398
9710
8957
8457
8570
8489
8589
8218
8038
8053
8103
8480
8391
8364
8189
7821
7923
7686
7947
8101
8104
7872
7793
7745
7621
7467
7786
7989
8091
8101
7936
7820
7671
7686
7648
7759
7823
8187
7990
7815
7742
7412
7104
7114
7277
7611
7977
8622
9065
9102
9100
8675
7856
7416
7061
6977
7064
6956
7138
7278
7320
7398
7718
7402
7451
7508
7514
7395
7441
7358
7097
6922
7102
6961
7149
6931
6760
6920
6900
6692
6780
6878
6919
7153
7258
7503
7524
7430
7127
6739
6678
6667
6560
6707
6648
6643
6713
6481
6614
6664
6743
6878
6883
7181
7411
7335
7229
7285
7659
7718
8209
8449
8398
8657
8514
8513
8266
8229
8119
7819
7389
7267
7260
7508
7827
8154
8399
8506
8630
8669
8749
8440
7896
7439
7038
6962
6917
6737
6620
6493
6635
6739
6653
6547
6527
6527
6409
6453
6391
6515
6312
6473
6348
6337
6419
6352
6559
6587
6569
6582
6682
6924
6819
6822
6813
6838
6797
6871
6895
6770
6917
7144
7093
7002
7070
6828
6676
6226
6349
6272
6347
6535
6784
6956
7151
7164
7129
7123
7002
6781
6713
6511
6319
6339
6131
6254
6458
6746
6798
7035
7346
7125
7066
6810
6425
6152
5981
5925
5989
5879
5937
5958
5975
5894
6085
6123
6056
6450
6395
6500
6511
6689
6446
6535
6401
6393
6477
6369
6534
6613
6657
6426
6441
6269
6264
6354
6237
6405
6557
6466
6375
6417
6384
6622
6995
7317
7394
7519
7302
7049
6637
6506
5962
5931
5751
5672
5700
5829
5790
5852
5805
5942
5726
5618
5587
5502
5464
5473
5496
5349
5581
5653
5599
5528
5624
5741
5820
5897
5697
5804
5608
5628
5739
5694
5726
5787
6002
6205
6417
6563
6766
6593
6551
6277
5977
6071
6147
6454
6533
6837
7134
7277
7502
7518
7635
7595
7378
6974
6946
6879
7201
7492
7409
7359
7181
7061
6836
6540
6505
6546
6701
6913
7213
7738
8072
8583
9184
9894
11015
13168
16248
18894
20985
20734
18383
14304
10885
8240
6934
6239
6217
5972
5970
6023
5927
5945
5878
6026
5960
5878
5823
5889
5826
5667
5640
5633
5520
5687
5537
5773
5686
5861
5914
5706
5703
5654
5730
5746
5772
5866
5861
5857
5741
5663
5552
5575
5520
5482
5434
5633
5728
5666
5508
5328
5384
5412
5656
6132
6423
6846
7282
7250
6783
6542
6166
5762
5617
5668
5522
5477
5444
5500
5313
5290
5160
5236
5286
5400
5484
5412
5802
5813
5808
5770
5621
5544
5423
5430
5174
5320
5205
5281
5176
5318
5222
5406
5267
5101
5310
5547
5709
6187
6893
7768
8096
7991
7598
6773
6176
5432
5222
5011
5026
5004
5048
5238
5279
5263
5269
5243
5343
5290
5417
5339
5385
5482
5497
5388
5612
5662
5783
5911
6239
6330
6621
6616
6378
5919
5529
5312
5201
5126
5180
5173
4947
4982
4763
4803
4751
4859
4748
4821
4802
4750
4711
4716
4797
4826
4944
4997
4949
4919
5053
4850
4800
4966
4918
4974
4918
5154
5198
5313
5361
5482
5686
6141
6335
7153
7603
7749
7550
7235
6880
6271
6073
5572
5404
5340
5185
5108
5047
4888
4803
4782
4767
4808
4686
4884
5016
5148
5058
5034
4825
4825
4718
4691
4469
4592
4586
4741
4648
4786
4712
4955
5213
5285
5426
5475
5197
5122
4998
4805
4837
4681
4708
4656
4691
4679
4629
4617
4591
4728
4886
5049
5117
5148
5221
5198
5361
5233
5238
5255
5018
5014
4876
4669
4606
4631
4533
4536
4605
4536
4441
4390
4389
4386
4375
4441
4387
4393
4428
4458
4522
4786
4876
4960
5034
5030
4997
4802
4584
4491
4530
4555
4714
4707
4815
4825
5048
5137
5271
5385
5439
5204
4909
4883
4649
4625
4585
4601
4725
4931
5044
5006
5009
4928
5017
4977
4815
4584
4508
4343
4329
4314
4379
4404
4362
4544
4388
4494
4506
4513
4576
4443
4487
4555
4749
4467
4475
4517
4585
4637
4559
4728
4771
4803
4556
4592
4747
4679
4854
4915
5180
5523
5777
6079
6358
6260
6228
5761
5151
4707
4533
4204
4370
4343
4548
4704
5106
5567
5745
5935
5920
5667
5170
4948
4693
4473
4476
4443
4595
4485
4441
4495
4523
4602
4744
4784
4798
4564
4610
4314
4185
4061
4083
4040
4034
4141
4124
3991
3936
4158
4090
4231
4082
4197
4058
4179
4208
4218
4168
4288
4095
4257
4273
4104
4149
4137
4097
4080
4226
4038
4176
4138
4073
4062
4107
3949
4236
4175
4036
3966
4040
4078
3977
4013
4044
4022
4096
4086
4197
4460
4498
4612
4506
4482
4358
4166
4085
4095
4043
3929
3925
4005
4065
3971
3980
4242
4283
4383
4433
4370
4312
4487
4785
4881
5169
5579
5749
5628
5197
5172
4927
4864
4844
4884
4884
4945
5025
5422
5550
5365
5251
4858
4567
4357
4174
4083
4016
4044
4012
3910
4022
4052
3921
3859
3921
4010
3843
4148
4196
4306
4390
4422
4401
4329
4323
4170
4088
4134
3939
3951
3978
3970
3905
3915
3853
3972
3877
3982
4032
4073
4085
4052
3975
3842
3890
3806
3842
3873
3813
3917
3775
3771
3656
3796
3731
3598
3649
3665
3815
3786
3884
4074
3982
3976
4157
4260
4364
4285
4230
4263
4304
4176
4268
4222
4310
4306
4383
4338
4227
4165
4218
4109
4016
4086
4004
4034
4157
4093
4074
4196
4146
4075
3980
4036
4118
3991
4045
3928
3921
4103
3986
4115
4076
3988
4051
3999
3952
4071
4049
3842
3852
3773
3676
3819
3894
3774
3927
3956
3937
3844
3959
3811
3756
3787
3905
3876
3856
3829
3834
3818
3916
3942
4021
3826
4029
4005
4050
4063
3900
3914
3800
3748
3789
3698
3583
3550
3571
3691
3578
3727
3612
3712
3699
3826
3867
3976
3985
4111
4169
4072
4082
3912
3717
3633
3649
3627
3595
3582
3656
3736
3869
3938
3997
4046
4099
4207
3987
3857
3666
3651
3618
3637
3552
3610
3663
3648
3655
3657
3629
3652
3520
3578
3580
3622
3663
3678
3592
3586
3418
3520
3553
3683
3722
3630
3672
3764
3748
3550
3562
3646
3521
3656
3693
3634
3682
3825
3736
3816
3873
4163
4206
4269
4259
4332
4309
4291
4304
4289
4392
4287
4120
4018
3828
3605
3824
3962
4064
4275
4381
4272
4331
4355
4150
4034
3846
3629
3646
3665
3667
3598
3671
3576
3583
3487
3567
3553
3469
3497
3608
3528
3509
3622
3683
3779
3817
3766
3731
3615
3517
3562
3518
3534
3425
3591
3492
3384
3478
3466
3532
3585
3654
3819
3872
4061
4202
4325
4749
4938
5054
4909
4772
4295
3935
3801
3697
3707
3665
3651
3498
3521
3485
3477
3337
3401
3466
3486
3446
3521
3434
3356
3449
3651
3585
3561
3694
3681
3823
4003
4119
4137
4247
4062
4080
4063
4129
4059
4014
4095
3892
3761
3798
3694
3805
3630
3674
3445
3519
3507
3558
3702
3721
3622
3763
3703
3588
3677
3466
3589
3561
3386
3409
3347
3340
3310
3217
3270
3246
3347
3374
3460
3714
3857
3778
3869
3882
3819
3678
3726
3660
3547
3683
3551
3464
3398
3324
3372
3274
3267
3336
3429
3466
3445
3424
3447
3610
3520
3418
3495
3534
3501
3543
3480
3343
3344
3376
3357
3388
3363
3390
3445
3435
3349
3361
3227
3200
3230
3236
3353
3486
3521
3601
3595
3492
3457
3393
3298
3226
3190
3224
3286
3153
3167
3160
3299
3238
3165
3283
3221
3226
3231
3215
3211
3204
3278
3129
3162
3140
3109
3136
3070
3107
3236
3204
3171
3263
3178
3319
3256
3403
3360
3560
3638
3661
3810
3652
3471
3461
3288
3377
3288
3350
3358
3294
3382
3302
3312
3171
3203
3187
3180
3138
3214
3254
3143
3153
3102
3074
3061
3082
3158
3066
3151
3054
2989
3044
3129
3169
3186
3256
3242
3292
3311
3343
3264
3224
3368
3518
3586
3746
3570
3545
3497
3575
3496
3589
3660
3830
4029
4125
4330
4198
4208
4155
4080
4130
4320
4296
4450
4442
4196
3878
3716
3407
3330
3256
3236
3215
3264
3244
3315
3224
3397
3264
3331
3347
3168
3275
3204
3285
3270
3275
3270
3256
3463
3433
3324
3422
3333
3258
3326
3399
3402
3408
3486
3572
3740
3737
3800
3878
3960
3999
4066
4086
4105
3922
3897
3974
3935
3974
3887
3771
3661
3589
3512
3351
3443
3406
3499
3534
3418
3367
3383
3143
3230
3201
3213
3261
3237
3204
3204
3167
3241
3183
3160
3171
3240
3180
3167
3079
3132
3232
3139
3279
3246
3397
3459
3493
3825
4019
4311
4505
4510
4114
4040
3492
3261
3138
3096
2945
3032
2861
3004
3026
2876
2915
3060
2909
2936
2881
2902
2960
2913
2873
2935
2985
3140
2972
3067
3117
3111
3107
3033
3017
2906
3020
2993
2919
2909
2835
2825
2731
2796
2746
2822
2842
2766
2765
2726
2812
2812
2890
2792
2877
2873
3047
2988
3078
3003
3250
3487
3641
3774
3640
3666
3435
3158
3062
2927
2847
2814
2839
2815
2780
2825
2788
2891
2844
2782
2846
2778
2746
2779
2774
2743
2780
2730
2768
2864
2708
2780
2866
2741
2779
2812
2863
2861
2857
2830
2856
2728
2560
2747
2753
2643
2925
2919
3036
3204
3422
3592
3801
4088
4118
4127
4040
3780
3433
3224
3137
2934
3001
2884
3035
2951
2903
2942
2803
2672
2727
2656
2553
2515
2555
2590
2620
2649
2650
2633
2729
2621
2686
2770
2722
2749
2781
2721
2569
2743
2696
2771
2887
2878
2837
2801
2898
2901
2805
2888
2793
2786
2732
2792
2855
2906
2856
2911
3033
3014
3043
2867
2799
2682
2705
2611
2715
2679
2708
2781
2832
2861
2896
2860
2809
2924
2775
2831
2704
2664
2680
2636
2662
2665
2681
2861
2805
2769
2838
2832
2918
3094
3106
3359
3826
4048
4409
4740
4527
4146
3773
3319
2900
2696
2606
2548
2533
2481
2589
2474
2480
2582
2538
2491
2475
2521
2605
2581
2621
2619
2705
2633
2579
2470
2517
2529
2571
2476
2501
2575
2642
2481
2582
2600
2702
2653
2621
2555
2510
2414
2457
2474
2442
2428
2396
2520
2483
2542
2598
2729
2820
2817
2709
2751
2589
2607
2586
2462
2314
2420
2463
2427
2318
2373
2376
2351
2315
2345
2299
2311
2307
2349
2180
2383
2333
2311
2386
2366
2431
2473
2333
2375
2400
2446
2462
2488
2449
2409
2428
2410
2281
2284
2351
2351
2329
2346
2266
2254
2350
2279
2311
2285
2399
2314
2406
2439
2323
2281
2316
2316
2345
2303
2365
2363
2395
2440
2413
2398
2377
2434
2463
2419
2365
2368
2452
2361
2382
2366
2413
2425
2387
2504
2445
2545
2561
2608
2496
2467
2500
2372
2335
2265
2426
2434
2445
2445
2455
2447
2267
2396
2423
2293
2293
2287
2325
2239
2271
2340
2282
2290
2317
2240
2310
2248
2138
2328
2384
2390
2414
2505
2551
2710
2742
2849
2908
2924
2840
2761
2761
2619
2592
2515
2606
2491
2499
2424
2494
2505
2561
2559
2610
2662
2554
2438
2409
2530
2332
2303
2431
2336
2323
2422
2405
2407
2269
2274
2309
2265
2238
2301
2224
2297
2324
2305
2249
2328
2234
2268
2159
2235
2254
2166
2171
2272
2122
2292
2288
2298
2338
2222
2301
2366
2281
2389
2343
2320
2295
2344
2377
2341
2275
2314
2239
2239
2254
2098
2144
2221
2200
2298
2120
2257
2343
2382
2553
2529
2621
2710
2662
2525
2358
2291
2154
2039
2108
2234
2207
2139
2187
2285
2268
2300
2339
2341
2212
2333
2252
2293
2147
2142
2279
2167
2190
2152
2211
2164
2197
2234
2220
2215
2158
2179
2201
2117
2213
2251
2190
2173
2097
2013
2084
2187
2160
2136
2113
2200
2266
2402
2387
2477
2514
2565
2508
2352
2335
2248
2173
2256
2091
2213
2367
2555
2574
2708
2834
3063
3371
3680
3965
4241
4589
4580
4812
4653
4338
3612
3201
2698
2425
2234
2108
2114
2085
2123
2225
1999
2164
2098
2120
2054
2091
2100
2083
2068
2131
2101
2146
2135
2163
2116
2163
2145
2100
2045
2175
2031
2148
2120
2036
2089
2003
2009
2133
2108
2069
2072
2270
2174
2295
2191
2228
2332
2317
2326
2397
2376
2359
2318
2360
2426
2475
2856
3193
3685
4234
5350
6801
9014
11711
14548
16672
17719
16884
14471
11485
8092
5455
3867
3161
2809
2639
2474
2431
2207
2216
2169
2114
2009
2050
2030
2090
2128
2199
2169
2257
2173
2167
2123
2088
2169
2128
2149
2123
2144
2104
2049
2009
2026
2027
1946
1969
1964
2022
1983
2013
1992
1994
2038
1914
1949
2006
1932
2034
1941
1862
1964
1868
1972
1955
1975
1975
1910
1946
1975
1952
1933
1914
1878
1949
1934
1927
1932
1927
1966
2003
1891
1998
1955
1987
1968
2102
1984
2079
1959
2015
2000
1964
1938
1937
1896
1972
1975
1900
1955
1897
1954
1932
2063
2017
2019
2026
1967
1889
1939
1915
2042
1918
1997
2112
2077
2158
2126
2247
2227
2163
2257
2154
2105
2099
2049
2009
1967
2054
1911
1971
1983
2008
1879
2005
1903
2062
2108
2077
2271
2154
2230
2170
2201
2147
2077
1986
2076
1919
1973
2004
1891
1981
1873
1991
1941
1974
2045
2015
1977
1983
1947
1894
1867
1902
1886
1855
1893
1879
1859
1860
1955
1908
1948
1952
1923
1899
2059
2082
2178
2205
2232
2298
2255
2247
2032
1940
1899
1815
1834
1901
1892
1907
1918
1932
1921
1968
1942
1901
1972
1866
2001
1988
1992
1954
2009
1943
1904
1987
1970
1992
1917
1909
2006
2031
1986
1955
2019
1931
1877
1842
1895
1907
1867
1873
1849
1875
1889
1832
1939
1870
1824
1934
1760
1827
1879
1963
1908
1856
1910
1974
1780
1957
1896
1783
1843
1822
1816
1794
1822
1789
1816
1897
1792
1756
1823
1816
1811
1749
1722
1765
1801
1725
1752
1753
1832
1815
1837
1816
1885
1811
1882
1844
1861
1720
1760
1748
1789
1760
1725
1800
1841
1680
1691
1769
1750
1746
1763
1798
1673
1721
1837
1723
1740
1685
1767
1739
1807
1751
1693
1736
1794
1766
1824
1800
1823
1891
1804
1810
1824
1724
1733
1779
1757
1782
1766
1733
1760
1677
1725
1802
1799
1790
1812
1853
1784
1738
1725
1798
1721
1763
1755
1749
1678
1785
1778
1789
1720
1702
1883
1940
1913
1940
1930
1926
1759
1812
1810
1785
1731
1799
1760
1782
1926
1904
1937
1909
1979
1884
1912
1924
1865
1982
1921
1833
1889
1954
1992
2079
2195
2262
2512
2705
3097
3634
4193
4378
4739
4462
4260
3649
3114
2482
2198
1960
1868
1871
1792
1723
1749
1688
1807
1666
1675
1715
1612
1634
1745
1622
1736
1656
1725
1725
1658
1676
1617
1654
1730
1610
1709
1732
1667
1680
1642
1711
1791
1824
1889
1908
1972
2057
2151
2148
2219
2190
2157
2103
1971
1866
1803
1802
1786
1797
1738
1700
1733
1715
1620
1664
1761
1650
1734
1750
1767
1768
1669
1792
1644
1687
1719
1647
1788
1817
1665
1675
1742
1716
1703
1672
1640
1624
1597
1659
1707
1663
1698
1777
1706
1697
1749
1737
1831
1845
1887
1912
1963
1854
1853
1918
1878
1773
1763
1758
1705
1738
1672
1654
1676
1632
1664
1571
1695
1722
1683
1671
1699
1647
1686
1664
1636
1638
1658
1645
1730
1612
1612
1672
1734
1635
1626
1648
1584
1570
1593
1662
1610
1544
1597
1548
1598
1601
1646
1579
1609
1643
1601
1585
1548
1557
1584
1637
1583
1591
1591
1559
1557
1607
1547
1526
1621
1631
1590
1585
1630
1556
1582
1586
1573
1566
1628
1617
1635
1616
1695
1796
1769
1753
1710
1636
1618
1587
1491
1591
1551
1570
1564
1557
1589
1536
1631
1611
1626
1559
1616
1638
1628
1582
1577
1581
1591
1543
1584
1568
1608
1582
1581
1728
1710
1632
1659
1581
1770
1687
1781
1709
1838
1835
1845
1921
1933
1838
1882
1793
1837
1737
1718
1674
1714
1629
1598
1534
1633
1688
1660
1572
1661
1623
1666
1522
1602
1571
1504
1575
1515
1541
1564
1537
1524
1544
1582
1504
1565
1484
1560
1455
1549
1639
1597
1573
1577
1530
1570
1578
1641
1589
1537
1613
1641
1703
1718
1730
1702
1676
1711
1677
1587
1640
1593
1608
1574
1636
1606
1521
1590
1598
1558
1613
1602
1512
1526
1555
1561
1567
1616
1498
1573
1621
1632
1668
1694
1706
1663
1675
1791
1755
1876
1932
1983
2150
2276
2396
2597
2771
2769
2870
2719
2675
2555
2401
2155
2015
1934
1771
1747
1762
1661
1606
1572
1577
1532
1560
1635
1568
1655
1577
1519
1634
1564
1589
1716
1595
1714
1687
1674
1694
1721
1714
1848
1751
1759
1791
1824
1873
1702
1752
1756
1782
1615
1790
1758
1698
1797
1858
1757
1746
1755
1663
1635
1502
1547
1559
1508
1467
1527
1520
1602
1595
1614
1601
1600
1575
1639
1637
1604
1620
1635
1623
1536
1543
1584
1539
1511
1579
1569
1569
1664
1590
1554
1511
1516
1501
1557
1558
1570
1472
1456
1503
1474
1540
1534
1512
1548
1526
1508
1578
1474
1602
1564
1668
1631
1696
1597
1652
1624
1573
1508
1516
1441
1494
1525
1565
1581
1600
1642
1601
1748
1807
1721
1678
1609
1643
1603
1630
1572
1562
1572
1590
1596
1588
1649
1654
1796
1926
2151
2319
2536
2668
2797
2876
2725
2508
2193
2017
1924
1857
1859
1906
1905
1853
1779
1659
1614
1544
1506
1462
1435
1544
1521
1503
1470
1466
1544
1568
1519
1558
1541
1556
1596
1629
1652
1731
1762
1918
2131
2282
2511
2593
2511
2453
2333
2111
1945
1791
1622
1524
1494
1472
1511
1427
1420
1424
1446
1498
1433
1478
1380
1404
1458
1490
1537
1469
1428
1531
1445
1442
1485
1483
1491
1581
1525
1569
1559
1601
1530
1481
1506
1388
1414
1516
1497
1480
1410
1404
1382
1412
1478
1433
1408
1466
1449
1432
1497
1521
1388
1483
1407
1407
1489
1416
1405
1488
1505
1476
1466
1419
1434
1488
1453
1485
1526
1637
1645
1601
1652
1606
1642
1576
1678
1621
1649
1657
1645
1672
1755
1674
1669
1732
1634
1670
1555
1591
1501
1532
1528
1435
1472
1397
1464
1453
1401
1432
1462
1438
1537
1418
1410
1509
1507
1505
1522
1520
1507
1525
1488
1533
1459
1423
1444
1445
1387
1454
1439
1422
1529
1411
1391
1403
1409
1401
1353
1373
1395
1456
1384
1359
1412
1428
1381
1458
1400
1462
1417
1399
1462
1451
1483
1405
1487
1454
1385
1493
1486
1474
1527
1430
1463
1438
1413
1474
1468
1427
1469
1406
1491
1468
1514
1505
1480
1439
1464
1457
1427
1439
1431
1428
1493
1426
1497
1474
1448
1495
1492
1513
1555
1559
1533
1533
1482
1517
1504
1461
1464
1473
1482
1498
1502
1490
1470
1494
1393
1545
1496
1471
1486
1377
1367
1375
1355
1410
1438
1434
1362
1397
1426
1461
1441
1341
1485
1398
1422
1462
1342
1376
1393
1427
1458
1446
1416
1438
1401
1368
1365
1401
1391
1455
1347
1324
1420
1371
1394
1442
1356
1400
1449
1340
1419
1368
1411
1421
1407
1485
1416
1463
1392
1414
1469
1455
1440
1395
1406
1415
1376
1441
1455
1408
1428
1468
1380
1456
1405
1365
1394
1428
1412
1426
1468
1363
1389
1414
1391
1418
1423
1454
1478
1440
1502
1516
1465
1424
1507
1411
1442
1374
1438
1435
1388
1446
1405
1434
1375
1395
1384
1383
1449
1385
1426
1411
1426
1352
1395
1354
1431
1381
1450
1461
1413
1430
1436
1379
1293
1404
1445
1367
1416
1500
1441
1513
1394
1543
1558
1615
1537
1508
1563
1486
1487
1398
1429
1431
1526
1411
1460
1422
1411
1447
1431
1474
1329
1461
1424
1378
1370
1429
1403
1415
1452
1424
1450
1491
1439
1443
1382
1424
1441
1370
1398
1409
1332
1418
1472
1384
1415
1466
1394
1387
1349
1511
1441
1443
1463
1484
1420
1520
1471
1487
1424
1468
1382
1488
1398
1367
1426
1415
1480
1420
1406
1493
1512
1511
1522
1518
1519
1537
1639
1643
1698
1659
1706
1694
1592
1581
1505
1541
1416
1465
1455
1479
1452
1456
1467
1459
1441
1441
1454
1463
1430
1414
1418
1478
1456
1478
1391
1496
1445
1470
1431
1412
1498
1554
1540
1573
1607
1572
1532
1538
1561
1566
1487
1456
1499
1508
1504
1394
1483
1424
1443
1403
1488
1455
1450
1441
1402
1581
1520
1609
1558
1566
1578
1598
1523
1604
1455
1528
1412
1494
1496
1442
1528
1429
1470
1469
1487
1493
1486
1518
1515
1493
1543
1532
1471
1597
1488
1540
1449
1414
1527
1469
1433
1460
1508
1428
1500
1523
1517
1571
1528
1587
1626
1530
1557
1578
1568
1584
1534
1670
1647
1641
1734
1693
1681
1617
1607
1519
1499
1386
1426
1494
1443
1390
1435
1468
1459
1370
1437
1393
1404
1443
1335
1397
1423
1472
1466
1445
1415
1408
1404
1475
1478
1515
1472
1458
1454
1456
1451
1480
1407
1479
1450
1475
1397
1412
1469
1367
1394
1412
1368
1393
1359
1417
1406
1384
1438
1368
1384
1398
1325
1299
1329
1338
1365
1432
1353
1318
1383
1429
1362
1377
1354
1369
1431
1411
1449
1464
1399
1470
1480
1383
1403
1322
1296
1214
1292
1237
1345
1322
1268
1278
1349
1343
1370
1291
1382
1398
1394
1407
1299
1352
1276
1223
1260
1274
1322
1239
1296
1311
1292
1312
1272
1288
1259
1258
1230
1252
1286
1288
1277
1295
1338
1306
1356
1433
1454
1468
1553
1458
1478
1366
1358
1368
1244
1178
1217
1259
1134
1174
1214
1176
1224
1204
1215
1196
1224
1231
1187
1268
1229
1135
1202
1214
1215
1253
1187
1190
1269
1207
1200
1289
1186
1223
1144
1231
1208
1215
1273
1373
1296
1281
1296
1311
1329
1314
1287
1295
1314
1268
1228
1167
1269
1203
1223
1172
1155
1138
1185
1161
1242
1177
1126
1184
1223
1186
1228
1124
1065
1143
1137
1176
1145
1159
1074
1188
1159
1150
1096
1184
1147
1152
1135
1141
1080
1144
1151
1140
1126
1104
1157
1172
1089
1058
1155
1165
1153
1124
1113
1126
1146
1167
1166
1119
1177
1136
1198
1179
1174
1152
1242
1225
1137
1217
1175
1173
1096
1064
1072
1071
1102
1069
1122
1122
1108
1087
1129
1113
1054
1107
1105
1094
1164
1137
1104
1105
1072
1047
1088
1151
1142
1075
1051
1085
1037
1029
1086
1033
1056
1058
1031
1030
1031
1017
1041
1112
1068
1083
1128
1083
1087
1084
1063
1054
1071
1071
1104
1089
1062
1178
1104
1167
1080
1036
1088
1039
1077
1052
1032
1065
1009
994
967
998
1011
979
1030
1041
1040
1021
1014
1092
1030
1028
1051
1087
1024
1060
1041
1005
1027
1008
1040
1068
1009
1042
1091
1021
1032
1086
988
1018
1064
1122
1021
1066
1016
1011
974
1023
981
1046
1038
1013
987
994
1008
1090
1054
1023
1120
1050
1064
1139
1160
1204
1168
1232
1199
1190
1152
1169
1122
1073
1112
1075
1027
944
1091
998
973
943
975
991
1041
914
1007
1038
995
1078
963
1068
1075
1046
998
1060
1042
992
1008
982
1032
933
919
999
941
884
948
952
935
962
986
951
976
943
936
899
876
874
886
838
906
887
926
943
990
940
876
950
972
952
904
899
932
924
934
866
897
925
871
867
932
870
869
844
879
905
868
898
851
909
840
846
866
817
922
906
874
871
915
845
874
874
910
890
884
879
868
885
875
882
909
842
887
841
868
826
901
871
873
899
843
865
827
866
825
872
858
871
872
873
852
851
817
886
850
858
890
867
811
880
897
801
839
836
842
908
819
857
907
877
905
924
937
848
908
869
877
869
799
866
854
848
866
817
916
883
861
818
801
851
840
818
875
864
847
898
904
910
876
871
891
863
853
837
824
828
825
856
880
798
838
835
883
834
825
835
792
863
818
789
854
849
922
806
826
877
845
846
867
874
824
814
808
770
841
817
824
897
804
841
892
843
852
805
831
898
855
863
853
880
880
918
859
864
910
919
944
930
893
914
921
903
931
874
876
851
847
824
873
862
810
900
806
878
804
813
792
809
843
819
824
815
863
807
823
818
792
833
751
794
765
808
798
788
830
838
893
876
1016
992
1014
1158
1160
1158
1209
1177
1093
1099
963
974
918
953
905
918
989
867
873
884
916
907
897
924
888
892
939
933
921
940
913
891
934
976
959
963
986
979
1100
1180
1185
1342
1460
1581
1830
2076
2501
2845
3355
4117
5049
6493
8142
10534
12999
15681
17800
19473
19701
18321
15933
12555
9204
6291
4162
2514
1626
1123
976
820
830
726
779
755
737
699
768
789
756
714
769
715
726
745
727
738
721
751
737
746
792
803
804
835
899
919
918
897
974
992
1037
1070
935
1019
995
962
885
862
794
785
716
722
756
752
710
774
629
683
764
743
780
732
770
773
779
725
722
672
717
679
769
735
748
710
733
756
770
756
805
801
786
796
699
728
750
762
744
768
735
682
770
671
741
720
727
678
710
723
693
760
713
753
738
748
682
750
655
694
711
713
712
722
697
728
755
695
810
709
755
747
704
746
761
748
769
716
700
737
688
751
814
799
773
816
787
729
767
714
745
730
755
764
691
714
731
724
735
719
750
727
741
697
738
712
744
705
758
755
702
763
705
709
707
666
708
722
729
674
708
720
713
713
732
721
715
727
754
785
781
698
743
704
782
769
741
705
718
711
680
699
740
718
686
734
759
695
676
668
716
741
657
691
692
681
665
628
711
681
606
659
629
709
649
670
683
684
708
653
741
659
677
654
692
712
711
736
672
699
711
662
663
702
673
682
669
714
700
731
676
662
671
663
681
664
651
647
728
661
626
659
666
653
639
691
683
710
702
687
744
712
716
754
747
758
727
805
788
751
728
797
778
766
693
757
709
761
714
738
711
731
747
702
712
682
723
727
685
691
768
759
727
742
756
817
748
690
675
683
718
744
710
667
730
650
626
693
661
700
692
653
634
647
649
638
705
713
716
717
672
710
682
673
667
662
691
643
694
669
659
628
630
711
676
645
626
646
675
683
709
687
659
684
671
626
740
694
677
698
715
648
704
617
699
673
669
655
655
679
709
722
681
684
722
708
663
666
742
676
706
667
667
711
685
644
647
623
665
678
686
636
615
627
674
650
693
653
666
639
656
674
671
698
690
629
667
612
615
634
663
609
644
672
614
632
675
693
609
621
678
651
630
620
701
610
704
636
635
623
678
681
671
708
645
685
649
687
671
660
655
619
616
653
595
637
675
608
605
631
632
614
641
631
622
630
607
646
632
631
675
613
640
618
651
677
665
676
690
660
664
642
714
657
656
667
678
679
655
694
699
696
769
784
787
819
828
863
801
776
753
691
685
664
662
588
613
548
617
620
614
640
596
645
589
607
624
653
590
645
632
629
603
579
628
575
603
586
613
638
610
570
575
592
572
590
580
569
623
611
620
637
619
637
666
632
684
634
661
645
603
627
591
613
605
600
614
559
597
631
592
575
586
541
599
598
589
608
574
612
609
588
583
623
573
619
565
561
623
629
628
623
642
653
657
642
671
677
660
682
631
599
628
618
612
633
600
584
617
589
611
560
597
586
581
614
596
597
585
605
590
549
564
572
603
583
548
547
575
611
572
602
592
604
627
532
648
612
616
666
633
700
682
659
657
664
671
609
609
571
602
580
600
547
576
524
563
569
552
567
567
601
558
543
545
569
529
593
609
580
528
544
588
643
541
542
585
576
581
569
603
642
572
558
547
591
582
569
617
557
596
613
629
621
581
588
570
568
565
544
563
508
567
557
553
551
578
573
506
554
528
514
541
590
559
585
523
571
591
578
580
570
598
629
540
588
558
623
606
578
542
531
575
535
554
554
558
526
560
529
550
575
555
532
527
536
524
578
594
557
542
563
546
563
555
575
557
555
509
574
569
537
532
509
539
575
539
513
522
534
545
577
539
566
569
568
579
498
584
527
553
543
527
523
539
545
520
513
561
519
543
579
556
537
575
540
530
518
508
535
512
546
536
563
508
485
591
542
533
556
542
527
552
518
551
485
493
544
541
549
532
530
565
542
549
514
566
554
586
546
576
523
549
548
588
607
578
569
622
610
575
572
656
625
600
597
583
598
614
632
545
573
576
558
541
510
519
571
586
538
535
551
524
498
536
543
546
517
562
521
488
562
493
536
540
555
572
563
517
568
557
555
538
515
572
540
549
566
536
563
526
542
567
563
544
557
559
551
597
617
643
661
673
669
633
686
607
638
541
581
559
502
494
470
521
514
496
488
490
530
541
512
498
546
496
496
519
501
497
483
540
471
491
462
530
483
471
495
516
499
489
489
475
482
486
520
468
503
504
515
536
477
510
516
551
522
511
471
501
495
483
538
496
477
525
516
464
471
522
490
458
530
560
566
501
555
514
511
535
547
531
534
491
491
494
504
485
511
472
485
494
467
506
483
477
470
493
467
525
520
507
492
513
534
527
472
464
454
515
485
523
512
499
498
422
478
472
446
489
459
436
498
457
517
449
496
478
467
492
452
489
459
504
454
472
499
470
524
494
474
491
456
501
526
474
488
500
478
450
499
460
471
510
504
499
491
510
459
500
478
502
506
445
552
464
477
442
472
468
533
452
468
463
477
476
477
477
573
497
529
530
543
561
565
603
617
595
620
742
742
841
1001
1019
1231
1525
1731
1887
2098
2157
2225
2129
1870
1712
1399
1106
898
660
592
527
511
447
433
500
459
481
462
468
457
465
436
475
437
480
499
474
470
474
477
462
438
446
428
481
470
476
468
484
407
452
473
471
483
456
498
471
465
458
434
435
483
478
467
447
489
478
484
509
498
489
530
480
525
525
545
551
549
523
537
542
529
518
543
517
470
461
436
439
446
484
450
429
441
439
392
437
395
418
423
452
420
436
403
498
435
436
418
430
408
440
401
458
454
460
406
414
452
455
454
413
444
458
461
437
446
435
427
449
457
448
474
493
438
421
420
470
472
435
471
477
522
431
522
477
472
515
486
495
456
467
465
414
475
484
456
443
451
446
409
474
441
469
459
455
440
487
416
436
489
431
431
499
455
495
423
497
492
454
442
483
436
459
430
414
397
411
434
439
417
428
452
442
432
423
433
464
443
442
444
434
439
419
452
400
417
410
444
389
408
473
436
400
436
418
407
412
432
420
424
423
451
452
403
459
468
438
477
425
405
408
425
436
428
482
439
461
444
455
451
486
492
424
464
516
541
528
557
552
538
495
456
512
487
538
439
489
442
442
434
469
452
434
414
399
434
415
401
413
441
409
421
377
415
426
434
404
408
413
410
387
437
415
422
446
430
399
437
424
402
422
444
441
463
403
402
430
441
437
441
431
472
453
462
410
432
440
437
420
472
411
446
417
416
422
418
413
414
434
410
392
400
417
437
402
381
412
397
390
442
383
379
411
464
426
395
403
424
423
415
444
478
400
457
381
404
387
406
420
423
398
385
420
424
399
376
409
406
400
418
386
445
441
429
440
453
396
409
404
410
407
439
415
411
396
411
433
444
417
397
439
419
421
396
440
410
423
420
454
475
409
474
467
458
397
431
433
411
446
409
439
411
427
416
431
407
406
413
456
404
383
407
423
400
402
430
422
389
415
400
428
382
372
352
392
367
349
416
369
378
403
393
404
371
430
385
404
387
366
374
383
388
390
403
423
389
363
427
414
401
425
397
435
408
430
471
420
428
428
391
403
404
408
384
410
403
387
383
386
405
397
388
378
423
384
377
452
419
382
434
415
435
464
472
463
515
563
576
543
528
558
565
515
514
483
467
450
428
401
373
365
400
389
382
339
385
389
371
394
393
370
391
398
376
364
377
398
351
415
420
404
381
374
356
366
385
351
389
405
394
384
373
361
378
332
372
400
348
344
376
357
359
368
387
366
368
357
385
381
358
356
359
382
371
392
356
404
387
355
356
364
387
358
335
394
341
369
352
394
351
349
369
390
364
377
416
387
365
381
382
382
348
388
391
390
380
382
429
404
370
393
387
369
391
375
400
407
406
402
427
389
386
353
428
377
386
381
353
395
398
388
410
399
393
395
369
402
377
391
358
424
375
362
398
357
350
363
372
371
409
359
390
376
329
363
367
337
339
375
366
334
354
352
352
375
356
363
377
352
345
337
353
388
341
359
398
329
368
358
362
367
359
324
361
342
360
343
338
329
374
381
349
334
329
376
365
348
388
352
337
382
382
368
348
349
362
369
377
371
393
396
418
406
438
430
455
436
418
419
398
406
352
402
382
380
369
392
348
377
353
375
325
337
358
370
371
364
348
350
369
323
334
349
366
352
352
337
364
370
323
331
323
317
329
362
368
352
332
344
353
370
343
360
359
349
349
332
361
343
332
349
318
333
319
338
326
328
340
327
351
348
389
339
350
319
350
356
355
364
302
388
356
362
318
359
344
343
351
344
348
360
332
340
370
337
349
333
336
357
386
329
326
361
338
311
326
337
332
332
350
304
349
341
333
330
334
311
322
349
305
322
319
356
321
336
298
327
325
319
324
334
323
353
327
333
342
304
341
397
345
329
355
344
396
385
392
381
410
385
349
354
325
341
386
349
340
320
337
302
337
335
327
314
359
325
310
358
336
366
362
355
345
331
324
360
321
342
352
317
319
307
361
332
334
347
349
319
346
292
366
336
342
354
337
327
326
354
327
343
322
338
327
326
306
339
335
317
339
318
321
376
349
382
355
393
377
329
341
377
318
372
407
363
359
372
338
412
373
355
373
331
326
363
355
361
320
361
355
347
351
347
354
339
323
319
317
337
372
327
347
331
370
356
322
322
350
348
368
347
333
346
372
360
332
384
330
340
358
353
337
340
338
358
314
308
302
318
316
312
287
329
323
320
335
336
299
358
330
325
389
324
336
386
381
407
378
333
358
354
364
337
372
340
335
340
335
338
338
314
364
332
327
328
321
353
335
355
347
302
351
335
330
342
357
300
353
330
329
321
283
334
316
273
312
316
298
349
331
341
318
336
324
326
327
316
332
342
346
315
322
305
299
306
296
320
298
326
330
317
302
327
309
336
325
271
294
329
$ENER_FIT:
0.058 0.365963 -4.79686e-008 5.38456e-012 0.00000e+000
$MCA_CAL:
5
0.058 0.365963 -4.79686e-008 5.38456e-012 0.00000e+000
$PEAKLABELS:
909.624, "Cf-249"
1060.709, "Cf-249"
1395.868, "Ann. Rad."
4862.473, "Al-28"
4950.271, "Mn-56"
5774.052, "Mn-56"
3992.861, "K-40, (bkgd)"
6076.608, "H(n,g)"
7145.212, "Th-232 (d), (bkgd)"
182.817, "Au XRF, (detector)"
187.939, "Au XRF, (detector)"
212.602, "Au XRF, (detector)"
219.032, "Au XRF, (detector)"
4362.976, "La-140, FP"
4679.708, "H(n,g) S.E."
3848.714, "Fe(n,n')"
3283.727, "H(n,g) D.E."
3384.440, "Fe(n,n')"
2314.408, "Fe(n,n')"
1979.060, "Zr-95, FP"
961.939, "Fe(n,g)"
682.447, "Xe-135, FP"
706.296, "Xe-138, FP"
1114.238, "Cs-138, FP"
1186.478, "Xe-138, FP"
1264.456, "Cs-138, FP"
2760.585, "Cs-138, La-142"
1752.007, "La-142, FP"
1891.688, "Fe(n,g)"
2093.762, "Nb-95, FP"
2308.376, "Al(n,n')"
2446.320, "La-142, FP"
2772.110, "Al(n,n')"
2850.338, "La-142, FP"
3116.391, "Fe(n,g)"
3093.648, "I-135, FP"
3445.502, "I-135, Fe(n,g)"
3726.149, "La-142, FP"
3923.429, "Cs-138, FP"
4408.854, "Fe(n,g)"
4585.177, "I-135, FP"
4715.614, "Fe(n,g)"
4802.056, "La-142, FP"
4832.726, "Xe-138, FP"
4896.613, "I-135, FP"
5196.441, "La-142, FP"
5477.951, "La-142, FP"
5508.891, "Xe-138, FP"
5620.476, "La-142, FP"
5977.922, "La-142, FP"
6068.608, "Cs-138, FP"
6552.963, "La-142, FP"
6950.149, "La-142, FP"
7212.306, "Cs-138, FP"
$ENDRECORD:
