$SPEC_ID:
PeakEasy Library File: Cf-252, IdentiFINDER (LaBr), 250 uCi @ 74 cm
$MEAS_TIM:
64089.00000 64237.00000
$DATE_MEA:
29-Apr-2015 17:15:29
$DATA:
0 1023
0
0
0
0
0
2121
38349
55512
65435
81775
120861
214285
277630
212109
153415
158175
158185
147536
150787
166453
187191
208313
230636
259419
292273
316260
331547
349710
365866
370227
364012
363746
368991
376129
381572
384794
384075
384324
387050
384884
384739
382706
380834
379208
379244
375308
370763
363564
355517
348039
341243
336038
332286
329298
324447
315908
303618
293420
285096
279268
273892
270428
266136
261959
258289
253465
247861
241484
236415
230572
224299
218185
211433
204374
197773
189836
183805
179686
175359
172538
169458
166223
161448
156272
152260
146949
142606
138643
136306
133949
131944
130038
126801
122473
117676
113718
111155
110570
110087
109456
108144
105147
102359
99409
96829
93239
91451
89719
88126
87274
84958
83028
81617
80244
79079
78001
77679
76925
75508
73404
70450
67939
65452
64592
63505
63285
63016
62301
61616
61235
60117
58576
56827
54918
52837
51663
50167
49027
48689
48365
48650
48593
48454
48061
47352
46090
45109
44367
43480
43623
43573
43383
43696
43987
44675
44957
45594
45768
45946
45255
44704
44226
42924
42087
41029
40224
39875
39858
39400
39038
38637
38061
37402
36985
35923
35402
34808
34692
33975
33586
32938
32104
31371
30515
30098
29696
29138
28796
28865
28470
28452
28406
28533
28642
28463
28386
28151
27870
27757
27247
27013
26775
26008
25941
25589
25266
24279
24084
23962
23042
22883
22822
22131
22170
22120
22040
22040
21730
21279
21204
20604
20374
20214
19925
19491
19144
18994
18819
18283
18443
18294
18145
18212
18260
18194
18011
18131
18074
18148
18373
18157
17967
17872
17725
17378
17040
16651
16376
16155
16062
15874
15608
15627
15402
15451
15585
15455
15524
15646
15414
15207
15221
15184
15081
15003
14864
14869
14881
14787
14366
14472
14451
14037
14219
14148
14179
14144
14402
14597
14774
14922
14815
15027
14778
14837
14376
14199
13590
13483
13081
13040
12624
12350
12413
12540
12442
12277
12327
12057
12095
11860
11949
11755
11923
11656
11692
11625
11415
11411
11048
10930
10961
10881
11014
10919
10785
10545
10626
10614
10583
10672
10587
10533
10543
10563
10364
10248
10277
10017
9986
9781
9800
9716
9532
9485
9402
9279
9370
9358
9433
9193
9146
9186
9064
8759
8675
8794
8570
8502
8648
8403
8391
8416
8372
8164
8098
8071
8120
8052
7850
7967
7979
8032
8027
8013
8133
7906
8116
8082
8162
8078
8116
8187
8084
8045
7969
8017
7949
7978
7800
7789
7773
7689
7719
7815
7738
7527
7473
7448
7322
7367
7347
7443
7423
7338
7417
7513
7312
7464
7581
7641
7700
7621
7440
7428
7470
7119
7360
7128
7159
7010
6931
6833
6662
6689
6561
6323
6302
6129
6077
6040
6042
5905
5725
5791
5927
5690
5588
5664
5623
5419
5428
5430
5468
5355
5425
5384
5338
5529
5412
5120
5215
5269
5059
5036
4875
4952
4850
4762
4855
4831
4760
4748
4743
4724
4639
4605
4701
4676
4631
4618
4676
4640
4774
4654
4692
4678
4679
4779
4888
5054
5113
5296
5268
5400
5731
5912
6275
6428
6606
6826
7218
7318
7383
7700
7960
7823
7782
7899
7946
7831
7595
7279
7006
6557
6504
5919
5530
5085
4781
4449
4367
4179
4054
3868
3830
3733
3738
3594
3636
3623
3646
3552
3561
3484
3474
3407
3454
3406
3465
3383
3438
3468
3450
3360
3423
3388
3432
3332
3379
3435
3524
3452
3470
3319
3350
3466
3373
3320
3182
3204
3323
3121
3122
3036
2997
3022
3047
3022
3026
2968
3019
3008
2980
2927
2941
2892
2944
2940
2890
2899
2881
2975
3009
2936
2995
2880
2907
2947
2935
2993
2955
3030
2958
2942
2907
3036
3032
2953
2930
2873
2895
2919
2878
2790
2812
2864
2832
2770
2826
2754
2798
2866
2747
2748
2731
2661
2641
2608
2617
2572
2545
2599
2610
2561
2549
2546
2379
2554
2526
2559
2523
2536
2573
2495
2415
2461
2468
2492
2431
2459
2475
2496
2430
2535
2534
2543
2579
2471
2588
2544
2512
2548
2533
2439
2574
2575
2509
2556
2442
2520
2600
2585
2520
2607
2609
2563
2526
2636
2645
2606
2506
2531
2575
2498
2502
2407
2501
2445
2485
2457
2527
2420
2465
2386
2374
2388
2376
2285
2338
2414
2378
2463
2373
2301
2276
2308
2301
2171
2268
2237
2229
2177
2193
2118
2068
1999
2064
1962
1966
1969
1910
1952
1859
1859
1833
1806
1827
1856
1817
1749
1817
1769
1751
1750
1672
1768
1730
1730
1726
1709
1620
1599
1615
1628
1691
1716
1685
1663
1677
1781
1795
1897
1864
1985
1951
2066
2071
2147
2265
2401
2457
2500
2569
2734
2861
2798
2925
2939
2884
2800
2836
2790
2711
2639
2470
2415
2319
2285
2161
2082
1977
1887
1780
1793
1710
1732
1593
1695
1679
1668
1647
1590
1580
1550
1559
1690
1568
1581
1564
1496
1478
1503
1376
1380
1378
1450
1397
1355
1331
1337
1345
1351
1402
1247
1297
1333
1276
1281
1301
1249
1228
1294
1335
1344
1329
1300
1259
1237
1210
1195
1213
1258
1188
1162
1114
1130
1136
1124
1150
1060
1032
1061
1026
1002
1009
1007
983
968
957
947
936
1015
981
988
913
919
913
973
1009
1017
973
956
942
967
1028
966
977
997
975
958
938
925
924
923
937
965
973
982
925
905
911
892
937
960
974
944
913
965
877
1004
1020
971
977
940
1007
956
1035
947
977
990
1017
1017
1042
1039
1051
1074
1047
1056
1010
1036
1008
1095
1046
1024
988
1038
967
1041
1007
969
956
915
953
902
941
930
889
867
827
805
796
787
740
756
742
711
687
678
706
661
673
631
614
635
631
591
615
620
597
606
590
579
548
595
558
550
578
552
509
517
545
549
514
485
529
548
515
543
510
493
521
504
497
481
513
489
499
510
504
495
518
494
475
488
522
484
495
502
432
459
448
458
471
447
474
486
457
480
477
445
466
411
417
435
462
437
444
422
460
444
477
471
420
458
454
454
420
419
432
442
377
437
0
0
0
0
0
0
0
0
0
0
0
0
0
0
0
0
0
0
0
0
0
0
0
0
0
0
0
0
0
0
0
$ENER_FIT:
-7.084 3.396801 -2.36978e-003 4.45645e-006 -2.62586e-009
$MCA_CAL:
5
-7.084 3.396801 -2.36978e-003 4.45645e-006 -2.62586e-009
$PEAKLABELS:
738.602, "H(n,g)"
882.906, "Th-232 (d), (Bkgd)"
12.191, "La X-ray, (Detector)"
487.183, "K-40 (Bkgd),La-138"
282.344, "Fe(n,n')"
241.175, "Zr-95, FP"
$ENDRECORD:
