$SPEC_ID:
PeakEasy Library File: Cf-252 GR-135 (NaI)  Possibly Old Cf-252
$MEAS_TIM:
324.00 324.00
$DATE_MEA:
10/25/2002 3:27:11 
$DATA:
1 1024
0
0
0
0
1
1
1
22
45
62
64
79
86
81
88
88
100
97
99
110
121
150
171
166
185
209
251
273
282
270
246
263
247
248
277
276
314
333
393
405
366
312
275
263
267
259
228
222
215
210
208
201
203
191
201
210
196
205
211
206
213
222
232
218
210
200
173
168
154
145
156
147
132
138
140
136
135
132
146
133
138
122
123
114
109
107
91
105
92
100
84
93
83
81
90
82
72
85
73
77
74
70
64
66
69
66
61
67
65
70
76
76
82
79
80
74
67
65
56
60
51
54
56
68
68
81
88
102
114
134
130
123
123
107
96
89
68
53
46
38
37
27
29
20
26
24
20
22
24
24
18
20
24
22
19
23
20
16
20
18
17
18
16
17
16
17
20
17
16
18
14
18
12
17
14
17
13
14
12
14
15
12
13
15
11
11
13
11
15
10
12
12
10
12
14
13
14
12
13
12
13
13
14
13
15
13
14
18
20
19
17
21
23
26
23
31
17
25
27
24
20
20
17
19
14
12
9
9
6
10
6
8
8
7
8
7
6
8
7
8
7
5
6
7
6
5
5
7
7
7
6
5
7
5
6
6
6
7
5
7
4
5
6
6
4
6
5
6
5
7
4
4
4
5
5
4
5
4
4
5
4
4
5
4
3
6
6
7
4
5
6
5
6
6
6
5
5
7
4
5
4
4
5
6
4
5
4
4
5
5
4
4
4
3
5
4
3
4
4
5
4
5
4
5
4
5
3
4
3
3
3
4
3
3
3
4
3
2
3
4
4
3
3
4
2
3
5
4
3
3
4
4
2
4
4
4
3
3
4
5
3
5
2
3
4
3
4
3
3
3
3
3
3
3
3
3
2
2
4
3
3
2
4
3
3
3
2
3
2
3
2
3
2
2
2
2
2
2
2
1
2
3
1
2
2
2
3
2
2
3
2
2
2
3
2
2
3
2
2
2
2
1
2
3
2
2
2
2
2
1
1
2
1
2
3
2
2
2
3
6
2
4
4
4
3
3
3
3
3
2
3
2
4
3
4
3
1
2
3
2
2
2
2
2
2
3
2
1
2
1
1
1
0
1
1
1
2
1
1
2
1
2
1
1
1
1
1
1
1
1
0
1
1
2
1
1
1
2
1
1
2
1
1
0
0
1
1
1
1
1
1
2
0
1
1
1
1
1
2
2
1
1
1
0
1
2
1
1
1
1
2
1
1
1
1
1
0
1
1
1
1
2
1
1
1
1
1
1
1
0
1
1
0
1
0
0
1
1
1
2
0
1
1
1
1
0
0
0
1
1
1
0
0
1
0
0
1
0
1
1
1
0
1
0
1
1
0
1
0
1
0
0
0
1
0
1
1
0
1
1
1
1
2
1
0
0
1
1
1
1
1
1
0
0
1
1
0
0
1
1
1
1
0
1
1
1
0
1
1
0
1
1
0
0
0
1
1
1
1
1
0
1
1
1
1
0
1
0
0
1
0
1
1
1
1
1
0
1
1
1
0
1
1
0
0
1
1
0
1
0
1
1
0
0
1
0
0
1
0
1
0
0
0
1
1
0
1
0
0
0
0
0
0
1
0
1
0
0
0
0
0
0
0
0
0
1
1
0
0
1
0
0
0
0
0
0
0
0
0
0
0
0
0
0
0
0
0
0
0
1
0
0
0
0
0
1
0
1
0
1
0
0
0
0
0
0
0
1
1
1
0
0
1
0
0
0
1
0
1
0
0
1
1
1
1
0
0
0
0
1
0
0
0
0
0
0
0
0
0
1
0
0
0
1
0
0
0
0
0
1
0
0
0
0
0
0
0
1
1
0
0
0
1
0
0
0
0
0
0
0
0
0
0
0
0
0
0
0
0
0
0
0
0
0
0
0
0
0
1
0
0
0
0
0
0
0
0
0
0
0
0
0
0
0
0
0
0
0
0
0
0
0
0
0
0
0
0
0
0
0
0
0
0
0
0
0
0
0
0
0
0
0
0
0
0
0
0
0
0
0
0
0
0
0
0
0
0
0
0
0
0
0
0
0
0
0
0
0
0
0
0
0
0
0
0
0
0
1
0
0
0
0
0
1
0
0
0
0
0
0
0
0
0
0
0
0
0
0
0
0
0
0
0
0
0
0
0
0
0
0
0
1
0
0
0
0
0
0
0
0
0
0
0
0
0
0
0
0
0
0
0
0
0
0
0
0
0
0
0
0
0
0
0
0
0
0
0
0
0
0
0
0
0
0
0
0
0
1
0
0
0
0
0
0
0
0
0
0
0
0
0
0
0
0
0
0
0
0
0
0
0
1
0
0
0
0
0
0
0
0
0
0
0
0
$ENER_FIT:
-11.173 2.989197 0.000671600000
$MCA_CAL:
3
-11.173 2.989197 0.000671600000
