$SPEC_ID:
PeakEasy Library File: Cf-252, IdentiFINDER (NaI with Cs-137 seed), 250 uCi @ 74 cm
$MEAS_TIM:
61027.00000 61190.00000
$DATE_MEA:
4-Jan-2000 05:32:21
$DATA:
0 1023
0
0
0
0
11503
67732
72367
80586
96512
144730
257212
302533
218573
149815
129940
130157
135690
147594
168274
196970
222368
235889
248134
270575
301841
327664
343038
353547
365088
377813
389240
394053
399081
401633
405724
410311
415596
436907
449601
437922
409231
386116
384615
384647
384659
379940
376319
368727
361694
353878
347501
338511
331261
325789
320677
313526
305222
296763
292304
287428
283139
279302
275732
271776
266268
262433
255174
249288
243420
236362
229556
222814
217151
210644
204848
200764
195446
190747
186455
182299
177456
172252
167897
162649
158287
152962
148544
144557
140873
137549
134106
131106
128155
125026
122413
120816
119296
117573
115485
113155
110980
108869
106992
104538
102310
99602
97752
95924
94544
93244
92051
90902
89634
89157
88052
86699
85662
84540
83203
81987
80391
79304
77565
75270
73686
72846
71730
71179
69809
69121
68531
67594
66798
66175
65110
63784
63024
62316
61862
60977
60936
60095
59737
59175
58651
57712
57146
56977
56490
55885
55303
54534
53831
52665
52043
51410
50427
49357
48321
47716
47008
45914
44908
43629
42912
42183
41196
40243
39654
38742
37743
36603
36040
35237
34338
33670
32937
32120
31538
30831
30003
29674
29212
28951
28545
28077
27692
27501
27283
27057
26952
26670
26353
26217
26398
26082
25937
25939
26114
26281
26036
26788
27461
28388
29626
31912
34556
37565
41268
45938
51414
57529
64024
70658
77247
83925
88452
93335
96499
98988
98145
96892
93028
87643
81646
74784
67664
60105
53311
46095
40141
34789
30311
26028
23556
21403
19498
18188
17305
16497
15977
15638
15523
15411
15100
14976
14698
14405
14404
13966
13820
13747
13787
13697
13503
13411
13303
13203
12974
12926
12787
12620
12705
12517
12492
12397
12362
12229
12120
12298
12050
11932
12145
12139
12152
12104
12044
12198
12126
11647
11837
11663
11644
11529
11397
11333
11273
11114
11090
11054
10560
10615
10641
10566
10417
10185
10055
10175
9983
9958
9921
9741
9825
9710
9570
9482
9468
9409
9356
9227
9255
9243
9124
8983
8853
8795
8805
8557
8641
8577
8530
8520
8610
8318
8478
8411
8275
8184
8224
8211
7919
8007
8021
7942
7742
7641
7626
7723
7758
7618
7611
7500
7527
7380
7259
7219
7139
7108
7220
7367
7077
7049
7136
6931
6954
6986
6868
6943
7089
7107
7141
7063
7020
7013
6928
6987
6919
6831
6866
6925
6887
7031
6860
6824
6924
6725
6655
6618
6580
6560
6556
6499
6582
6703
6474
6440
6557
6376
6581
6404
6387
6437
6385
6295
6267
6334
6329
6185
6099
6091
6101
5946
6090
5897
5868
5741
5715
5684
5530
5618
5603
5530
5413
5437
5246
5287
5378
5278
5337
5168
5101
5135
5186
5088
4990
4837
5096
4866
4986
4922
4882
4813
4897
4779
4853
4699
4706
4623
4572
4653
4530
4557
4512
4556
4489
4477
4374
4352
4366
4329
4281
4353
4376
4314
4297
4292
4258
4303
4267
4306
4317
4250
4284
4407
4529
4460
4491
4460
4577
4573
4705
4669
4684
4976
4951
5088
5010
5001
4989
5068
5113
5127
5108
5160
4906
4966
4882
4844
4724
4647
4549
4432
4335
4275
4033
4048
3933
3846
3919
3699
3736
3666
3506
3483
3580
3415
3344
3357
3206
3177
3186
3172
3221
3217
3127
3163
3115
3149
3192
3171
3128
3106
3052
3198
3081
3082
3033
3006
3093
3135
2940
3008
2981
2929
2938
2874
2947
2913
2867
2930
2779
2856
2828
2731
2810
2787
2753
2784
2632
2736
2614
2732
2577
2663
2602
2664
2565
2648
2608
2636
2714
2604
2667
2593
2691
2712
2693
2641
2724
2788
2702
2699
2731
2592
2764
2658
2748
2599
2563
2644
2561
2619
2631
2572
2589
2557
2493
2483
2563
2440
2417
2422
2440
2319
2335
2425
2341
2333
2325
2210
2221
2283
2169
2173
2235
2232
2204
2119
2260
2141
2131
2154
2143
2145
2113
2090
2112
2064
1997
2014
2026
2074
2040
2046
1968
2033
2017
1954
1958
1989
2004
1902
1968
1956
1924
1938
1940
1885
1942
1867
1898
1902
1860
1862
1816
1791
1807
1816
1784
1769
1772
1806
1760
1686
1676
1677
1648
1613
1568
1675
1579
1533
1616
1569
1514
1524
1520
1420
1472
1436
1417
1452
1416
1438
1407
1391
1371
1361
1396
1369
1380
1416
1294
1334
1352
1296
1218
1294
1346
1310
1310
1329
1332
1283
1301
1286
1281
1283
1250
1249
1263
1251
1287
1251
1283
1290
1279
1331
1297
1255
1267
1269
1406
1374
1341
1392
1466
1410
1440
1449
1483
1581
1611
1658
1636
1658
1681
1742
1767
1777
1735
1757
1767
1807
1873
1786
1814
1827
1870
1828
1804
1786
1755
1742
1678
1638
1611
1559
1508
1473
1414
1451
1412
1298
1294
1239
1284
1182
1120
1154
1101
1063
1054
1033
1038
989
926
1039
1037
986
971
936
917
909
953
909
946
945
885
886
850
865
889
868
857
820
794
814
809
829
829
809
819
814
810
824
819
824
760
814
757
767
793
804
769
756
720
746
750
775
759
789
756
763
744
727
740
726
752
735
699
688
686
732
723
767
738
694
669
716
705
672
718
701
693
681
720
718
723
696
671
662
687
684
734
760
696
683
725
713
724
704
740
716
737
679
726
747
698
740
701
711
771
681
728
711
685
688
736
700
713
720
709
707
666
680
681
699
664
675
685
693
601
652
596
592
610
603
569
608
552
583
617
594
591
552
548
569
536
553
605
585
559
559
519
520
564
537
535
515
486
522
516
520
498
499
524
527
495
537
521
496
492
528
503
500
519
492
495
475
502
472
500
506
461
497
482
497
476
507
475
481
474
461
418
441
487
484
452
465
477
503
429
435
463
488
465
424
427
460
431
446
479
430
442
428
436
441
454
428
424
415
472
458
424
412
404
398
437
411
426
392
421
429
404
403
445
384
396
408
394
381
368
384
400
402
416
419
420
400
421
423
414
365
417
415
377
365
400
393
375
425
383
362
381
392
387
398
395
392
378
382
364
348
$ENER_FIT:
1.042 3.020898 0.00000e+000
$MCA_CAL:
3
1.042 3.020898 0.00000e+000
$PEAKLABELS:
38.044, "Binning artifact, (Detector)"
10.782, "Cs X-ray, (Detector)"
219.510, "Cs-137, (Detector)"
481.564, "K-40, (bkgd)"
736.115, "H(n,g)"
865.369, "Th-232 (d), (bkgd)"
$ENDRECORD:
