$SPEC_ID:
PeakEasy Library File: Cf-252 SAM-935 (NaI)  Possibly Old Cf-252
$MEAS_TIM:
300.00 301.18
$DATE_MEA:
10/25/2002 2:31:17 
$DATA:
1 1024
0
0
0
0
0
0
0
0
0
0
0
765
2180
2008
1524
1254
1093
952
862
816
796
733
652
625
621
567
637
630
652
687
734
804
863
904
913
1179
1326
1471
1529
1516
1491
1393
1408
1482
1527
1560
1728
1937
2145
2407
2389
2058
1851
1577
1488
1438
1385
1358
1248
1206
1104
1122
1154
1155
1155
1157
1156
1116
1090
1103
1106
1147
1165
1178
1183
1132
1091
1022
946
895
808
804
804
798
753
749
740
735
723
713
724
748
741
661
658
636
627
606
576
572
483
481
495
503
495
462
460
462
462
451
422
420
400
391
390
390
388
370
357
356
380
379
396
426
425
440
445
442
399
398
384
357
355
335
319
318
352
359
358
521
520
550
704
702
707
723
720
656
573
571
465
366
364
270
200
200
168
148
147
125
110
109
113
116
115
112
109
109
108
107
107
103
95
95
94
94
93
93
97
96
96
97
96
96
86
79
79
81
84
84
84
81
81
81
73
71
71
73
76
76
75
68
68
68
65
64
64
64
66
66
66
62
61
61
62
66
66
66
66
66
66
68
73
73
73
87
94
93
96
126
126
126
127
129
129
128
128
128
128
125
110
110
110
93
69
69
69
57
52
52
52
38
37
37
37
36
36
36
37
39
38
38
35
30
30
30
33
34
34
34
33
32
32
32
29
28
28
28
27
26
26
26
29
30
30
30
30
29
29
29
28
28
28
28
29
29
29
29
26
23
23
23
23
24
24
24
25
28
27
27
27
25
25
25
25
26
26
26
26
22
19
18
18
20
22
22
22
22
21
21
21
21
21
20
20
20
19
17
17
17
17
21
22
21
21
20
18
18
18
18
21
21
21
21
19
17
17
17
17
21
21
21
21
18
15
15
15
15
15
15
15
15
15
15
15
15
15
19
21
21
21
21
22
22
22
22
19
16
16
16
16
16
15
15
15
15
17
17
17
17
17
16
16
16
16
16
16
16
16
16
14
13
13
13
13
14
14
14
14
14
10
10
10
10
10
13
13
13
13
13
14
14
14
13
13
9
9
9
9
9
10
10
10
10
10
7
7
7
7
7
8
8
8
8
8
10
10
10
10
10
12
12
12
12
12
9
9
9
9
9
9
9
9
9
9
10
11
11
11
11
11
11
11
11
11
11
17
17
17
17
17
17
16
16
16
16
15
13
13
13
13
13
11
11
11
11
11
9
9
9
9
9
8
6
6
6
6
6
5
5
5
5
5
7
8
8
8
8
8
6
6
6
6
6
6
5
5
5
5
5
7
7
7
7
7
6
6
6
6
6
6
5
5
5
5
5
5
5
5
5
5
5
5
5
5
5
5
5
4
4
4
4
4
4
5
5
5
5
5
5
5
5
5
5
5
6
6
6
6
6
6
5
5
5
5
5
5
4
4
4
4
4
4
4
4
4
4
4
4
5
5
5
5
5
3
2
2
2
2
2
3
3
3
3
3
3
3
4
4
4
4
4
2
2
2
2
2
2
3
3
3
3
3
3
3
3
3
3
3
3
3
2
2
2
2
2
2
2
2
2
2
2
2
2
2
2
2
2
2
3
3
3
3
3
3
3
3
3
3
3
3
3
3
3
3
3
3
2
2
2
2
2
2
2
2
2
2
2
2
2
3
3
3
3
3
3
2
2
2
2
2
2
3
4
4
4
4
4
4
2
2
2
2
2
2
2
3
3
3
3
3
3
2
2
2
2
2
2
2
2
2
2
2
2
2
3
3
3
3
3
3
2
2
2
2
2
2
2
2
2
2
2
2
2
2
2
2
2
2
2
2
2
2
2
2
2
2
2
1
1
1
1
1
1
2
2
2
2
2
2
2
2
2
2
2
2
2
2
1
1
1
1
1
1
1
1
1
1
1
1
1
1
1
1
1
1
1
1
1
1
1
1
1
1
1
1
1
1
1
1
1
1
2
2
2
2
2
2
2
2
2
2
2
2
2
1
1
1
1
1
1
1
1
1
1
1
1
1
1
2
2
2
2
2
2
2
2
2
2
2
2
2
2
1
1
1
1
1
1
1
1
1
1
1
1
1
1
1
1
1
1
1
1
1
1
0
0
0
0
0
0
0
1
1
1
1
1
1
1
1
1
1
1
1
1
1
1
1
1
1
1
1
1
1
0
0
0
0
0
0
0
1
1
1
1
1
1
1
1
1
1
1
1
1
1
0
0
0
0
0
0
0
0
1
1
1
1
1
1
1
1
1
1
1
1
1
1
1
0
0
0
0
0
0
0
1
1
1
1
1
1
1
1
1
1
1
1
1
1
1
1
1
1
1
1
1
1
0
0
0
0
0
0
0
0
0
0
0
0
0
0
0
0
1
1
1
1
1
1
1
1
1
1
0
$ENER_FIT:
-59.206 3.088800 0.000000000000
$MCA_CAL:
3
-59.206 3.088800 0.000000000000
