$SPEC_ID:
PeakEasy Library File: Cf-252, Detective EX-200 (HPGe), 250 uCi @ 68 cm
$MEAS_TIM:
57457.36000 64117.44000
$DATE_MEA:
29-Apr-2015 22:05:30+00:00
$DATA:
0 8191
0
1
0
0
0
0
1
4
4
14
15
16
20
29
31
33
32
45
50
61
55
58
83
94
109
131
149
146
161
195
193
234
298
392
489
589
855
1312
5994
91543
182207
185642
182283
179803
177697
175110
172981
170728
167969
165761
163764
162228
160782
158829
157737
155593
153819
152635
151354
150174
149067
148870
149498
150761
150352
146783
142674
140280
139477
138469
137085
137216
136276
134935
134384
133073
132516
131216
131031
129478
129742
128385
127776
127295
126734
125990
125742
125195
123893
123686
123410
122249
121741
121645
121227
120772
120068
119805
119137
118652
118244
118307
117523
117728
116730
115784
117000
116137
115304
115610
115310
114900
114934
114786
114879
114561
114112
114628
113911
113771
114417
113748
114169
114614
113974
114421
114540
115071
115272
114740
115781
115502
115019
115129
115919
116490
115743
116884
117397
117371
118306
120491
122430
124707
125397
126466
124426
122239
121514
121995
122377
123319
123551
124361
125803
125701
126228
127430
127216
127259
129064
129425
130445
131194
131347
131997
133452
134052
134461
135380
136488
137552
138346
138876
139843
140464
142162
143183
145133
150616
159400
170268
173967
166162
160883
170713
189306
198245
184549
166764
158414
156710
156806
157895
157417
157615
158855
160028
160734
161208
162334
163272
165351
166177
167577
167179
168204
170091
172815
176825
183451
188733
188437
182229
176677
176025
177827
181394
182285
181206
180348
177750
178067
178880
178016
179129
178556
179275
180201
180550
183021
186038
187210
187513
186793
187806
187687
188963
189062
190187
189696
189890
191202
192063
193854
195753
198080
199912
202145
201275
199081
199107
199527
199826
200483
200289
203781
206223
208361
207315
207541
209809
209778
210373
211383
214090
215658
217470
213380
210857
209633
210148
210433
212168
213821
213396
212835
216405
222730
228679
229140
227438
227445
226959
224104
219456
218084
218178
218102
219439
216966
215858
217122
220159
221973
223325
222917
225036
227109
227844
224904
222495
220136
220693
223232
227315
229377
228169
226305
224352
224583
226708
228142
229374
229144
225898
226824
228591
232881
236101
235927
233868
229960
229106
229895
229709
227617
224635
224227
226848
231303
235336
236210
232907
230023
228215
225735
222861
223254
226322
231584
235808
235187
235334
233148
228549
225650
225395
226744
225199
225109
225028
226497
228352
230529
229438
226663
226121
225851
225591
221327
220072
222116
227003
227024
223142
220733
221837
224221
226135
226578
222840
221688
224638
230730
239911
242886
236435
227773
227606
235304
240303
239595
236040
226622
220426
218620
220905
222478
221584
217864
214441
212965
215029
220325
226642
228107
222399
214961
212409
210674
212511
213228
212078
207673
205448
206380
209966
217177
222125
218449
213122
209323
210223
210450
206033
202519
202940
206104
208662
209894
207749
205817
203460
201502
201357
203361
203960
202797
202395
207783
218001
228549
229319
221943
209989
200938
196995
195678
197291
199627
203912
207200
202872
197205
193436
196349
198902
201657
203819
204487
201931
197161
192862
190319
191746
192289
190843
186259
182524
181682
181088
179754
178697
180654
184136
191196
202281
204791
198323
190646
184915
180483
177049
178501
180678
185021
186588
182371
178655
176542
177068
179165
178354
177145
175904
174778
173461
171018
168037
166679
169235
173821
176814
176465
172411
171357
172358
172178
170093
166679
165492
165499
167887
171481
171473
168417
165991
164178
163543
163297
161750
159399
159295
160501
163565
165320
168525
173419
173867
167760
164017
170951
184982
190570
181153
167649
159741
156581
154811
154327
153747
153689
151761
151365
152209
157334
165034
167989
168666
170599
173171
174924
175741
169108
158004
147618
142292
140516
141500
140964
140569
139725
140036
141553
144802
148133
146436
143026
142444
143093
145815
147002
144715
141082
136931
136517
136558
137914
139005
138263
136137
135460
138629
143130
150413
161316
167451
162599
153475
145374
138412
132812
128841
128443
127896
127672
127373
126722
127083
127032
128586
129309
129358
132758
140320
146371
142580
133459
125628
121993
120174
120672
120287
121346
121903
121973
121067
120145
119642
119188
119618
119271
118813
119416
120359
121603
119918
116676
114675
115399
118599
123230
127114
127024
122902
118125
113240
111181
111879
113663
115214
118461
119746
118302
115884
111845
109357
107519
105872
106340
105652
105825
106254
107376
108947
110108
109114
107103
107824
110617
110979
108923
105675
107373
114738
124686
128062
124143
121251
126457
129120
120654
109796
101945
100149
99529
98961
99288
100111
99852
100269
100791
101413
101644
100691
100113
100080
101261
104366
110964
118574
117653
109596
103265
101349
99607
97569
95016
95646
95353
96377
95553
93722
92970
94386
97759
98899
95551
92110
87660
86038
86812
91975
103241
113722
113086
101836
91266
87028
86383
86012
86351
84884
83714
83061
84693
85845
86939
86382
84338
83660
83449
82777
81629
80544
80083
80572
82172
82274
82773
82464
83668
85474
87464
91737
97797
102170
97634
88154
80787
78429
78263
78920
79260
79831
79493
78500
78557
79847
83854
89986
93524
91199
87566
86169
85206
83165
81601
80087
78971
77105
75910
74929
73941
72601
71767
71359
72086
72997
74810
76809
79015
79342
78063
75963
74416
74185
73171
71659
71200
71116
71537
72545
72892
73089
73864
73734
72594
72593
73879
72625
72032
70350
72193
75981
77579
75904
73922
75982
79236
79875
75392
72338
72910
79778
85299
88269
89062
86020
83841
80581
76271
72524
70397
70144
69104
66565
65512
66590
67592
69192
70398
74030
77783
81862
85512
84198
80131
76035
74279
71817
67805
63764
61870
63769
69002
75881
77887
72551
65123
61672
60853
60327
61127
61947
61733
61401
59998
59932
61171
63770
65347
64426
61681
61116
61789
64989
67371
67269
65350
62813
62860
66821
71787
73396
68809
61945
57819
56937
58343
60296
60454
58605
56540
55174
55762
57852
60123
60323
58872
56231
54886
55381
55751
56933
58678
60699
61034
62296
65404
71733
75974
74058
66001
60351
58312
59428
59795
58168
56394
57225
63041
67725
68634
64473
60629
63249
69299
73097
69926
63137
58055
54881
52906
52392
53366
54331
55947
54507
52602
50808
50948
51822
52115
51525
51175
52571
54153
56157
55805
54347
52053
51579
52811
56010
60234
63318
62391
57973
52823
49835
48418
48624
50415
52441
53312
50899
49304
49990
53553
59265
64828
63507
58023
55050
55906
58823
59460
60364
64273
68174
66708
59601
52699
48044
46580
46349
46302
46645
46702
46451
46692
47223
48382
53404
62224
70809
72154
67504
63342
64805
66070
60897
53621
48214
45848
45165
45062
45653
45903
45736
46503
48344
50759
51415
49368
47533
45191
44492
44295
44898
45107
46047
47754
51378
54550
54781
53257
52925
52502
50220
47239
45198
44124
44016
43547
43147
43844
46159
50510
53364
53663
49444
45025
43313
44855
47522
50774
49480
46530
42786
40866
40737
41104
41670
41395
41419
41920
43727
47140
49919
49933
46990
43315
41753
41681
41189
41053
40500
39827
38692
38714
40342
41843
43984
44244
45903
52369
62418
69576
66955
56911
46844
41418
39413
39461
40132
40486
40510
40303
41033
41971
41760
42223
41900
41416
40564
40006
38539
37335
37090
39738
46558
55107
61803
59713
50673
42326
38156
37573
39780
42736
43994
43817
41304
39019
37430
35878
35631
36110
36654
36346
36558
36434
36893
36583
36498
36225
35622
35647
36215
37111
38290
38777
38710
38990
39210
41035
42867
41940
40078
37676
36609
35595
35636
34548
33802
33526
33609
33724
34152
34786
35423
36054
35325
34440
33414
33719
34670
36570
37450
37349
35871
33710
32517
31789
31633
32075
32699
33648
34872
36610
39875
43742
45663
44848
41808
39299
37053
35498
34679
34430
34604
35448
35736
35365
34105
33065
33182
33152
32435
32292
33002
35187
37262
40226
41824
42161
40486
36887
34375
33979
35541
38573
41020
41482
39563
37823
35435
33134
31988
31145
30124
30826
31526
32086
31958
31774
32287
33082
33795
33463
32325
31337
30427
29553
29098
29090
29378
29618
29798
30610
31833
32616
32983
32097
30892
30217
30644
31331
31886
30891
29416
28009
27941
27969
28795
29333
30418
30888
31273
31459
31064
30738
30981
30970
31377
33655
35754
36252
34959
33395
33812
33586
33013
31354
31548
33129
35300
35340
33311
30672
29071
28023
27102
27343
27369
28186
28915
29648
30127
32248
33971
34246
32429
30009
28322
27738
28350
30131
32678
33826
32669
30382
29214
28785
28833
29150
30954
32800
34548
34207
31690
28748
26758
26644
27332
27187
27436
27905
28321
28709
28342
28510
29747
32385
35432
36392
33282
29202
26940
26783
27621
28146
28435
27922
27256
26574
26264
26156
26824
27702
28344
29410
31573
32825
33167
32426
32081
34181
34396
32736
29372
26683
25551
25543
26838
29351
33190
35245
34861
32586
29678
26846
25451
24680
25007
25600
26580
27209
27263
26999
27118
27814
29034
30309
29327
27452
25438
24341
24043
24323
24709
25697
28717
34132
39969
41071
36655
30358
26239
25038
25047
26235
27436
27645
26890
25327
23914
23449
23400
23977
25472
26545
27205
27305
27400
26603
25918
25889
26100
26331
25700
24775
24127
23925
24808
26299
29290
33011
37228
40878
45452
49557
51700
51672
49375
44640
39951
36583
33739
32996
31602
29164
27767
27377
27340
26292
25217
24057
23429
23093
22941
22902
22825
23249
25202
27363
29068
28842
26577
24288
22982
22221
22764
23834
23512
23260
22654
22590
22567
22492
21949
21355
21180
21649
22618
23576
24410
25460
26050
26566
26196
25608
26440
29140
31629
32519
30131
26969
24073
22162
21406
21320
21165
21197
21646
23029
25084
27199
29272
30215
29737
27141
25808
25407
25737
25691
24258
23297
22380
21548
21452
21432
22876
25483
28524
29591
28104
24501
22280
20785
20495
20836
21199
22097
22399
22708
22749
23369
24436
24845
24790
23679
22186
20798
20218
19980
20298
20561
20246
19882
20209
20826
21422
21811
21681
21773
21996
22224
21539
21943
22083
22601
22844
22686
21491
20629
20329
20192
20210
20693
20921
21104
21074
20726
20227
20107
21469
22023
21708
21498
20652
20144
19985
20370
20540
20566
20275
20550
20839
21122
21371
21660
22276
22411
22064
21030
20301
19473
19064
18901
19209
19738
19928
20254
21159
22721
24428
25008
24628
22733
21128
19889
19757
19666
19501
19885
20622
22020
22727
22895
22249
20875
20406
20058
20286
20561
20704
20249
20022
19787
19992
19464
18818
18952
19185
19317
20629
22059
23453
23798
23741
22927
21823
21851
22136
22299
21855
20370
19153
18023
17497
18154
19685
23729
27776
30374
28888
25765
22567
21504
20787
19646
18216
17504
16769
16422
16938
17612
18455
19703
20321
21497
23897
27772
30728
30029
26163
22596
20044
19706
19826
20125
20702
21231
21635
21637
22151
21657
22087
23727
25705
27898
28555
27521
24586
22527
21199
20805
19727
19287
19534
19879
20334
20928
20946
20564
20402
20623
21820
23379
24651
25304
24216
22179
20057
18650
17978
17404
17816
18115
18492
18773
18986
18682
18796
18432
17982
17568
17385
17475
17695
19093
21196
23098
23399
22462
22522
23016
23110
22497
21810
20790
20230
19952
19562
19503
19221
18315
17225
16414
16237
16141
16708
17083
18087
18580
18812
18273
17926
17298
17105
16614
16556
16191
16365
16283
16580
17239
17962
19126
19960
20321
19989
19125
17970
17151
16541
16112
16074
16266
16269
16611
16804
16964
16952
16809
16519
16051
15820
15417
15340
15335
15918
16336
16962
18467
20599
23828
26018
25410
23130
19797
17574
16820
16737
16920
16564
16335
16031
15572
15760
15617
15691
16017
16613
17653
18245
18663
18231
17041
16027
15210
15181
14718
14728
14670
14589
14556
14580
14702
15107
14956
14957
15313
15452
15649
15915
15554
15391
15042
14576
14745
15712
17119
18708
18937
17671
16453
15781
15125
15185
15173
14894
14911
14804
14755
14557
14561
14521
14330
14463
14493
14477
14350
14366
14173
14352
15047
16333
18183
19961
19818
18285
16219
14783
13847
13617
13721
13529
13588
13272
13611
13548
13502
13317
13203
13138
13151
12864
12891
12895
13063
13668
14822
15615
16417
16516
15741
14883
13991
13710
13797
13820
13706
13369
13130
13118
13263
13459
13948
13782
13993
13873
13501
12817
12969
12662
12741
12898
13260
13288
13067
13117
13116
13354
13918
14173
13711
13466
13019
12760
12936
13078
13064
13743
14831
16014
16823
16671
16097
16030
16158
16063
15906
15949
15864
15643
15884
16638
17576
18836
19297
18311
16917
15726
14770
14152
14086
14177
13943
14031
13711
13797
14060
14156
14232
14083
13767
13776
13630
13510
13975
14352
15129
15821
16349
16487
16305
15858
15918
15920
15891
15190
14741
14279
14109
14003
14017
13655
13254
12784
12619
12949
13264
13810
14228
13947
13834
13195
13171
12951
13044
12651
12691
12377
12268
12366
12255
12336
12176
12477
12638
12730
12821
13049
13139
12887
12906
13045
13091
13269
14229
16201
20752
25074
27648
25801
20658
16334
13839
12622
12556
12596
12538
12571
12177
12030
12133
12353
13068
13124
12864
12312
12085
11695
11911
12572
12729
12571
12550
12101
11731
11547
11706
11843
12102
12774
12504
12197
12004
11730
11556
11366
11744
12102
12581
12733
12461
11940
11480
11009
10798
10655
11221
12191
13267
14617
15171
14563
13209
11883
10851
10641
10708
10613
10608
10844
11048
11438
11383
11596
11273
11325
11465
11383
11342
11231
10988
10886
10823
10852
10761
10800
10654
10599
10443
10637
10454
10265
10192
10477
10630
11365
11728
11665
11444
10773
10328
10065
10060
10147
10269
10383
10432
10160
10029
10019
10018
10177
10515
10841
11265
11244
11186
10712
10880
11244
11820
12861
12949
13199
12703
12957
12972
12551
12060
11603
11195
10819
10667
10796
11425
12009
12188
12602
13005
13700
14113
13548
12906
11638
11410
10659
10584
10337
10210
10293
10171
10432
10470
10208
10145
10133
9776
9726
9710
9845
9849
9955
9773
9534
9808
9811
9859
9944
9962
9898
10200
10541
10329
10590
10319
10138
10147
9976
10132
10018
10201
10424
10357
10337
10444
10500
10202
9901
9517
9342
9378
9696
10014
10335
10969
10967
11133
11010
10779
10251
9909
9664
9643
9412
9338
9538
9468
9835
10036
10416
11050
11240
11515
10730
10226
9590
9342
9260
8977
9102
9019
8912
8947
9020
9080
9101
9231
9484
9845
9832
10065
9799
9916
9564
9486
9405
9518
9794
9868
9911
10168
10039
10089
9688
9622
9703
9609
9781
9989
10214
10216
9787
9523
9555
9935
10593
11182
11990
11886
11679
10814
10037
9367
8953
8777
8679
8683
8754
8723
8881
9017
9077
9098
8839
8560
8713
8605
8520
8553
8259
8653
8466
8417
8554
8396
8772
8754
8797
8862
9012
8682
8613
8392
8480
8577
8573
8919
8856
9220
9521
10138
10269
10070
9498
9250
8776
9030
8903
9460
9940
10420
10629
10871
10998
11469
11447
11373
10868
10272
10165
10377
10901
11297
11454
11183
10742
9979
9613
9479
9356
9387
9750
10080
10628
11190
11920
12236
12602
13337
16200
22197
32165
41309
44724
39968
29651
19905
13350
10490
9174
9140
8867
9208
9086
8964
8866
8842
8760
8915
9024
8920
8937
8621
8731
8540
8479
8293
8359
8199
8401
8622
8818
8720
8867
8452
8492
8534
8393
8503
8551
8449
8574
8474
8560
8393
8189
8353
8202
8403
8480
8664
8391
8269
7984
7880
7975
7858
8436
9090
9873
10778
11055
10582
9671
9144
8524
8469
8325
8316
8144
8343
8221
8350
8178
7845
7758
7697
7820
8003
8234
8547
8884
9035
9061
8767
8390
8011
7938
7829
7973
7594
7789
7855
8027
7963
8094
7804
7863
7625
7740
7801
8347
9342
11043
12641
13473
12793
11014
9513
8284
7784
7378
7440
7578
7517
7839
7895
8069
7922
7911
8015
8146
8112
8094
7981
7973
7833
8133
8314
8279
8416
8666
9010
9614
10285
10306
10118
9144
8429
7938
7642
7715
7815
7992
7764
7860
7463
7241
7341
7289
7205
7030
7190
7267
7126
7204
7210
7290
7211
7432
7518
7576
7558
7177
7240
7068
7163
7271
7332
7656
7815
8116
8005
7568
7768
7849
8174
8647
9568
9966
10148
10038
10010
9769
9068
8330
8022
7967
7986
8161
7900
7554
7239
7022
7006
7039
6889
7230
7554
7766
7821
7698
7715
7148
7119
7065
7031
6930
6944
6821
6889
6987
7014
7175
7433
7667
8132
8370
7933
7784
7545
7151
7191
6952
6944
6977
7087
7066
6836
6887
6905
6955
7030
7360
7564
7918
7939
7861
7693
7731
7573
7583
7552
7359
7129
7053
6796
6943
6832
6890
6749
6770
6754
6724
6691
6409
6436
6580
6599
6571
6477
6489
6494
6859
7021
7375
7619
7685
7632
7309
7045
6852
6697
6683
6793
6733
6960
7078
7311
7704
7952
8460
8431
8059
7443
7026
6846
6595
6830
6854
7078
7272
7421
7559
7567
7555
7625
7430
7242
6974
6666
6515
6404
6415
6556
6610
6573
6703
6820
6758
6641
6665
6599
6623
6788
6947
6883
7039
6674
6645
6616
6513
6524
6679
6614
6562
6572
6630
6640
6832
7062
7206
7215
7397
7597
8077
8645
8978
8705
8291
7560
6973
6527
6528
6165
6418
6513
6683
7112
8064
9061
9560
9703
8841
7990
7332
6892
6582
6573
6672
6557
6811
6741
6610
6699
6671
6928
7157
7317
7003
6751
6636
6169
6091
6167
6042
6036
6085
6077
5942
6127
6088
6029
6094
6276
6140
6080
5997
6213
6160
6273
6275
6594
6429
6521
6257
6183
6034
6126
6076
6190
6225
6396
6177
6079
6135
6150
5986
6052
6079
6184
5998
5914
5989
6035
6023
6008
5972
6060
6117
6144
6330
6498
6844
6890
6766
6526
6189
6172
5989
5911
5838
5792
5888
5868
5916
5910
6030
6308
6353
6468
6464
6423
6360
6629
7146
7635
8372
8852
8543
8355
7684
7026
7106
7118
7048
7005
7060
7064
7527
7693
7764
7558
6932
6515
6153
6105
6081
6204
6159
6046
6021
6172
6019
6014
5800
5949
5886
5932
5998
5983
6313
6544
6758
6689
6652
6353
6455
6195
6126
6125
6027
5900
5925
5844
5772
5732
5878
5841
5863
5993
5897
6128
6094
5929
5823
5806
5794
5831
5922
5725
5761
5623
5498
5504
5435
5326
5419
5417
5584
5609
5722
5679
5903
5960
6083
6409
6263
6399
6363
6437
6177
6296
6302
6383
6455
6419
6361
6414
6211
6404
6152
6033
6004
5934
5929
6096
6049
6140
6078
5925
5893
6006
5918
5867
5681
5889
5888
5946
5828
5820
5839
5936
5951
5915
6089
6120
6018
5980
5933
5910
5682
5639
5562
5559
5664
5551
5631
5677
5661
5891
5761
5832
5542
5669
5565
5447
5732
5573
5823
5603
5682
5731
5866
5829
5762
5852
5939
5847
5839
5694
5795
5735
5568
5640
5362
5469
5348
5238
5289
5365
5307
5513
5272
5430
5468
5617
5666
5978
6211
6339
6241
6015
5715
5596
5459
5343
5253
5339
5349
5272
5243
5542
5918
5909
6053
6360
6316
6152
5782
5515
5408
5254
5206
5247
5321
5442
5480
5231
5276
5242
5335
5348
5530
5299
5451
5301
5375
5328
5295
5122
5091
5114
5214
5323
5467
5537
5535
5646
5379
5336
5202
5276
5310
5319
5310
5540
5499
5323
5549
5520
5806
6019
6326
6341
6449
6371
6297
6204
6689
6657
6581
6074
5734
5682
5375
5275
5519
5830
6014
6157
6371
6505
6768
6348
5963
5610
5392
5191
5203
5327
5331
5361
5325
5296
5352
5103
5028
4954
5019
5018
5045
5236
5237
5381
5649
5544
5678
5383
5389
5125
5112
5058
5177
5082
5023
5200
5059
5083
5138
5107
5314
5371
5396
5492
5517
5551
5708
6057
6239
6370
6402
5935
5596
5399
5207
5152
5058
5244
5260
5294
5240
5106
5147
5136
5136
5113
5028
5188
4975
4880
4976
5109
5200
5011
5162
5208
5400
5709
5919
5987
6185
6261
5928
5860
5955
6183
6302
6083
6020
5641
5403
5638
5507
5632
5568
5305
5069
4943
4888
5001
5254
5273
5436
5307
5249
5329
5273
5120
5060
5117
5038
4928
4867
4766
4848
4706
4678
4760
4753
4917
5000
5233
5570
5620
5808
5827
5495
5304
5298
5232
5204
5438
5315
5226
5088
4909
4784
4803
4784
4814
4847
4977
5038
4914
5016
4987
4885
4986
4862
5112
5122
5174
4986
4959
4887
4892
4791
4819
4967
5106
5182
5043
4970
4714
4794
4587
4509
4712
4700
4686
4887
4961
4825
4883
4848
4763
4572
4734
4567
4645
4535
4659
4728
4694
4565
4800
4845
4727
4742
4813
4669
4625
4687
4715
4598
4699
4638
4537
4613
4632
4566
4701
4678
4637
4594
4520
4571
4634
4670
4686
4919
5206
5553
5484
5423
5255
5044
4858
4871
4653
4606
4744
4843
4921
4933
4879
4783
4599
4665
4545
4626
4549
4590
4703
4560
4660
4513
4454
4570
4424
4414
4477
4460
4547
4402
4524
4452
4417
4588
4760
4811
4892
4716
4703
4673
4960
5043
5265
5375
5301
4984
4951
4845
4803
4592
4821
5235
6005
6416
7058
7257
6989
6619
6097
5727
5763
6142
6376
6641
6447
6239
5506
5091
4857
4491
4626
4670
4522
4742
4614
4666
4665
4881
4823
4855
4711
4634
4650
4673
4693
4709
4770
4705
4755
4815
4810
4819
4864
4724
4832
4571
4669
4825
4873
5003
5226
5177
5247
5338
5558
5720
5962
6080
6001
5759
5564
5621
5746
5904
5919
5747
5522
5068
4827
4831
4822
4886
5006
5087
5060
4837
4760
4432
4545
4505
4584
4577
4765
4784
4634
4754
4733
4587
4519
4668
4619
4550
4567
4673
4479
4620
4623
4637
4612
4768
4571
4687
4976
5259
5946
6480
6787
6742
6151
5502
4867
4603
4457
4181
4209
4233
4330
4226
4277
4355
4330
4389
4192
4194
4220
4089
4079
4213
4078
4202
4295
4414
4548
4513
4475
4556
4496
4463
4298
4255
4350
4383
4268
4192
4099
3986
4010
4013
3953
4069
4015
3956
4084
4074
4036
4058
4070
4218
4169
4126
4242
4182
4377
4411
4820
5299
5754
5962
5868
5474
4903
4415
4115
4088
4190
4082
4097
4092
4171
4216
4161
4139
3939
3989
4033
3975
4071
4111
4095
4071
4098
3869
4007
4054
3931
4070
4129
4125
4149
4241
4196
4143
3982
3960
3953
3940
3926
3833
3964
3890
4099
4163
4318
4402
4685
5230
5952
6427
6641
6338
5887
5100
4741
4428
4262
4188
4215
4298
4244
4318
4288
4087
3891
3925
3791
3715
3751
3911
3759
3783
3759
3768
3865
3890
3812
3927
3950
3902
3900
4007
3912
3971
3976
3853
3911
4045
3970
4164
4271
4501
4248
4332
4277
4068
4061
3915
3837
3991
4104
4102
4316
4456
4418
4351
4038
4112
3906
3826
3916
3937
3836
3888
4004
4018
4076
4060
4152
4239
4331
4280
4338
4127
4030
3795
3886
3727
3831
4032
4013
4112
4177
4006
4030
3967
3930
4126
4430
4944
5809
6681
7514
7360
7014
5948
5062
4478
4073
3953
3744
3618
3758
3634
3715
3716
3570
3735
3577
3531
3607
3571
3727
3844
3919
3871
3945
3976
3827
3752
3673
3739
3758
3610
3725
3616
3736
3762
3842
3959
3925
3771
3737
3646
3573
3459
3571
3505
3394
3521
3609
3614
3805
3715
4011
4128
4198
4177
4026
3826
3862
3696
3609
3430
3488
3572
3533
3504
3532
3512
3570
3567
3402
3436
3319
3383
3361
3435
3387
3400
3341
3445
3369
3460
3516
3554
3528
3572
3609
3600
3716
3511
3639
3544
3577
3492
3528
3448
3439
3520
3453
3379
3337
3422
3408
3411
3494
3452
3490
3417
3477
3547
3505
3585
3526
3563
3512
3538
3483
3551
3626
3569
3597
3695
3635
3685
3686
3591
3632
3444
3467
3500
3523
3493
3443
3608
3665
3747
3841
3847
3873
3733
3642
3701
3566
3485
3474
3477
3666
3565
3499
3418
3404
3551
3470
3485
3497
3375
3390
3423
3454
3555
3450
3415
3415
3371
3351
3289
3404
3339
3280
3310
3412
3488
3502
3568
3701
3787
3909
3949
4133
3916
3891
3826
3823
3661
3769
3699
3761
3696
3500
3497
3559
3700
3863
3751
3839
3731
3670
3576
3630
3473
3525
3409
3468
3529
3560
3629
3503
3461
3536
3341
3300
3380
3405
3377
3495
3412
3444
3368
3375
3358
3346
3350
3307
3212
3309
3172
3297
3335
3413
3346
3372
3320
3372
3472
3450
3395
3499
3521
3433
3302
3390
3491
3487
3369
3334
3239
3308
3145
3152
3182
3292
3217
3211
3170
3271
3292
3377
3557
3795
3958
4050
4082
3754
3760
3314
3222
3164
3110
3095
3191
3179
3241
3210
3297
3389
3432
3402
3445
3519
3335
3307
3332
3213
3313
3271
3452
3224
3231
3218
3154
3275
3177
3214
3303
3149
3243
3183
3216
3209
3165
3259
3192
3126
3104
3106
3066
2996
3180
3130
3194
3349
3552
3719
3895
3970
3912
3614
3289
3222
3113
3073
3124
3165
3246
3369
3572
3738
3960
4154
4520
4968
5345
5795
6618
7078
7557
7605
6924
5934
4733
3931
3420
3161
3143
3014
3049
2992
3138
3134
3082
2996
3168
3060
3088
2985
3011
3112
3068
3071
3226
3190
3219
3256
3230
3182
3121
3064
3100
3097
3006
3031
3034
3072
3039
3027
3028
3036
2996
3065
3212
3200
3307
3196
3278
3386
3476
3432
3485
3403
3346
3229
3236
3169
3228
3309
3466
3458
3664
3941
5045
6839
9890
13137
16284
17538
16571
13720
10204
7117
5062
4067
3803
3818
3675
3578
3410
3146
3072
3091
2962
2974
3017
3118
3129
3299
3291
3198
3243
3265
3151
3162
3140
3103
3093
3113
3124
3185
3014
3016
3020
2941
2919
2929
2910
2950
3032
3028
2888
2819
2875
2794
3002
2881
2899
2835
2933
2953
2879
2917
2867
2924
2933
2936
2929
2765
2865
2857
2788
2866
2880
2839
2968
2945
2894
2832
2869
2905
2882
2812
2871
2991
2991
3000
3113
2917
3017
2869
2894
2913
2798
2823
2876
2854
2808
2850
2806
2880
2853
2892
2823
2874
2887
2896
2917
2818
2870
2849
2903
2712
2866
2959
3109
3116
3068
3166
3285
3345
3382
3350
3315
3072
3010
2989
2835
2875
2864
2964
2867
2891
2918
2911
2783
2873
2913
3061
3051
3130
3225
3184
3237
3224
3140
3141
2949
2926
2953
2761
2799
2816
2937
2808
2809
2802
2998
2929
3047
3082
3084
2990
2819
2817
2760
2701
2666
2814
2835
2795
2750
2788
2722
2923
2843
2774
2870
2959
3055
3273
3348
3521
3494
3383
3335
3042
2919
2804
2792
2773
2778
2784
2793
2815
2743
2826
2830
2843
2947
2884
2870
2992
2933
2974
2985
2849
2904
2950
2792
2788
2741
2826
2927
2921
2897
2858
2980
2853
2941
2785
2719
2694
2854
2689
2825
2727
2677
2671
2703
2860
2598
2604
2736
2624
2729
2739
2631
2757
2813
2825
2749
2731
2764
2764
2706
2770
2696
2674
2638
2759
2717
2730
2712
2590
2673
2605
2604
2631
2602
2646
2571
2679
2613
2621
2659
2630
2655
2770
2804
2800
2695
2593
2613
2563
2611
2518
2691
2582
2648
2658
2684
2506
2585
2596
2446
2597
2602
2542
2608
2541
2576
2634
2550
2644
2557
2610
2658
2564
2555
2643
2543
2633
2546
2677
2652
2702
2633
2679
2585
2589
2615
2547
2636
2576
2663
2731
2601
2564
2560
2548
2619
2685
2671
2696
2616
2648
2662
2633
2626
2608
2531
2529
2480
2455
2503
2585
2599
2637
2620
2743
2728
2940
2802
2810
2788
2674
2621
2700
2554
2447
2506
2609
2741
2667
2648
2721
2684
2686
2640
2726
2708
2683
2639
2647
2734
2729
2795
2784
2740
2768
2849
3078
3577
4349
5425
6740
7697
7758
7059
5845
4872
3871
3186
2869
2736
2677
2644
2552
2453
2426
2557
2485
2543
2470
2454
2449
2443
2391
2375
2368
2544
2414
2404
2473
2459
2369
2450
2409
2464
2513
2452
2376
2456
2415
2452
2499
2618
2683
2872
3166
3364
3607
3718
3605
3493
3190
2974
2917
2659
2665
2689
2683
2624
2639
2506
2508
2405
2457
2500
2446
2426
2451
2342
2483
2496
2433
2553
2445
2459
2459
2510
2491
2398
2427
2421
2442
2521
2447
2422
2406
2344
2470
2441
2409
2526
2366
2371
2393
2440
2418
2443
2462
2612
2747
2828
2948
2969
2739
2807
2600
2668
2531
2470
2599
2527
2477
2434
2406
2432
2372
2328
2355
2404
2424
2422
2453
2407
2396
2451
2414
2452
2491
2415
2500
2434
2462
2423
2402
2440
2383
2403
2381
2297
2334
2301
2281
2242
2333
2359
2447
2381
2335
2462
2371
2365
2390
2314
2345
2410
2394
2383
2390
2413
2358
2336
2397
2379
2410
2308
2345
2300
2288
2264
2260
2271
2355
2305
2392
2330
2348
2432
2439
2362
2489
2469
2451
2380
2444
2329
2288
2396
2290
2253
2238
2330
2375
2259
2274
2458
2344
2329
2347
2390
2248
2402
2266
2304
2264
2270
2333
2352
2210
2310
2375
2351
2367
2395
2421
2396
2504
2452
2372
2504
2538
2551
2628
2737
2956
2809
2894
2826
2724
2680
2556
2489
2393
2408
2405
2449
2366
2402
2368
2320
2359
2336
2346
2296
2260
2191
2299
2237
2147
2220
2271
2339
2279
2167
2256
2360
2240
2250
2335
2252
2253
2272
2274
2252
2184
2355
2340
2262
2287
2263
2278
2344
2367
2386
2449
2352
2507
2512
2451
2491
2509
2465
2388
2323
2365
2236
2303
2327
2212
2228
2257
2261
2292
2256
2252
2273
2317
2257
2282
2267
2284
2188
2246
2407
2411
2435
2416
2503
2475
2380
2363
2462
2377
2491
2712
3094
3337
3688
3832
4263
4365
4283
4196
3840
3644
3305
3004
2713
2613
2537
2364
2428
2345
2442
2387
2295
2242
2337
2332
2275
2396
2278
2360
2329
2359
2290
2377
2397
2465
2472
2536
2510
2543
2677
2827
2942
2973
2860
2755
2706
2588
2538
2357
2290
2406
2426
2549
2541
2499
2465
2484
2423
2288
2249
2207
2318
2269
2220
2196
2239
2266
2227
2178
2334
2343
2404
2429
2411
2370
2393
2377
2260
2292
2277
2191
2336
2263
2240
2372
2247
2275
2358
2317
2263
2238
2294
2229
2283
2229
2220
2200
2154
2210
2216
2086
2176
2094
2184
2144
2151
2239
2284
2370
2445
2438
2462
2383
2346
2329
2163
2239
2198
2182
2181
2190
2140
2225
2243
2355
2339
2499
2486
2591
2551
2612
2376
2385
2284
2269
2248
2263
2227
2256
2271
2226
2253
2210
2267
2376
2504
2761
3141
3351
3450
3233
3228
2833
2682
2565
2542
2648
2744
2877
2849
2812
2757
2623
2445
2323
2104
2234
2127
2219
2153
2175
2124
2135
2238
2212
2181
2193
2189
2194
2148
2088
2173
2179
2252
2515
2578
2938
3245
3398
3330
3279
3012
2644
2637
2360
2301
2147
2125
2110
2152
2220
2214
2167
2129
2143
2154
2163
2212
2139
2124
2142
2158
2216
2198
2136
2083
2131
2117
2172
2242
2237
2308
2414
2377
2343
2223
2289
2249
2093
2050
2054
2083
2119
2197
2012
2031
2016
2115
2077
2141
2148
2181
2151
2193
2152
2142
2156
2115
2097
2100
2123
2108
2166
2099
2103
2116
2109
2096
2077
2157
2185
2261
2263
2315
2428
2337
2266
2256
2375
2427
2453
2445
2458
2564
2731
2679
2743
2613
2542
2433
2434
2309
2398
2269
2244
2175
2044
2082
2065
2032
2033
2055
2000
2093
2123
2049
2094
2126
2161
2174
2236
2200
2151
2152
2284
2127
2132
2103
2090
2066
2001
2023
2068
2080
2098
2137
2079
2017
1959
2025
2052
2073
2025
1976
2059
2005
2094
2078
2105
2159
2112
2112
2052
2055
2037
2057
2036
2056
2016
2141
2036
2218
2145
2169
2137
2104
2045
2118
2069
2020
2190
2159
2142
2104
2166
2268
2163
2110
2190
2182
2143
2112
2063
2043
2044
2100
2133
2112
2066
2143
2038
2090
2033
2109
2153
2201
2166
2120
2191
2147
2158
2131
2122
2157
2175
2187
2050
2129
2186
2099
2138
2081
2163
2231
2151
2049
2124
2058
2109
2067
2003
2091
2128
2087
2041
2014
2112
1992
2116
1965
2023
2034
2118
2037
1933
2056
2041
2033
2038
2042
2092
2055
2059
1953
2098
1984
1990
2105
2022
2017
2062
2063
2082
2083
1963
2084
1991
2023
2025
2056
2088
2096
2062
2161
2034
2044
2132
2036
2118
2107
2026
1967
2021
2084
2062
2026
2019
2084
2077
2121
2046
2091
2060
2051
2100
2009
2061
2019
2062
2042
2109
2114
2059
2134
2038
2093
2074
2122
2103
2132
2150
2134
2031
2042
2093
2086
2066
2159
2084
2020
2065
2054
2081
2057
2096
2111
2066
2030
2028
2110
2038
2031
2028
2181
2060
2060
2038
1979
2124
2121
2056
2051
2026
2121
2073
2090
2034
2091
2055
2136
2187
2286
2334
2448
2319
2274
2194
2067
2108
2133
2136
2068
2119
2202
2150
2111
2064
2120
2087
2071
2095
2072
2084
2113
2105
2081
2080
2083
2045
2189
2196
2217
2028
2180
2048
2003
2026
2096
1954
1994
2069
2026
2080
2009
2090
1973
2022
2087
2148
2100
2128
2158
2154
2214
2170
2165
2131
2155
2053
2159
2103
2172
2066
2088
2112
2198
2107
2138
2108
2109
2147
2169
2232
2219
2318
2389
2365
2449
2568
2578
2441
2450
2362
2385
2213
2095
2234
2132
2073
2095
2110
2176
2107
2252
2101
2169
2166
2086
2199
2121
2049
2241
2157
2149
2046
2208
2160
2131
2174
2271
2203
2195
2207
2386
2195
2289
2245
2208
2226
2146
2208
2097
2126
2096
2152
2106
2113
2150
2153
2077
2079
2218
2126
2083
2201
2201
2271
2272
2210
2228
2224
2229
2135
2147
2105
2139
2154
2125
2148
2231
2219
2190
2238
2216
2244
2246
2180
2107
2296
2207
2224
2148
2259
2238
2187
2182
2228
2269
2208
2298
2226
2267
2267
2247
2209
2384
2337
2296
2377
2252
2211
2216
2196
2250
2318
2409
2418
2573
2592
2705
2522
2501
2369
2368
2254
2296
2176
2191
2170
2271
2170
2224
2219
2096
2124
2152
2129
2101
2069
2270
2148
2213
2180
2215
2134
2147
2291
2131
2214
2152
2147
2149
2143
2159
2200
2086
2125
2210
2115
2229
2231
2203
2090
2175
2214
2152
2112
2059
2077
2067
2019
2140
2091
2062
2020
2089
2073
2081
2064
2000
2096
2128
2056
2094
2133
2033
2012
2197
2068
2155
2106
2090
2127
2244
2110
2318
2145
2157
2068
2011
1925
1931
1953
1876
1860
1937
1934
1922
1949
1953
1904
1938
2008
2031
2121
2142
2085
1971
1956
1941
1887
1773
1814
1864
1949
1953
1880
1893
1920
1899
1825
1883
1881
1800
1843
1779
1808
1763
1915
1882
2006
2008
2140
2207
2259
2279
2255
2158
2050
2025
1907
1780
1763
1698
1756
1744
1799
1775
1801
1726
1872
1755
1750
1808
1763
1772
1782
1779
1705
1724
1753
1755
1771
1837
1829
1787
1674
1798
1687
1758
1751
1720
1752
1824
1815
1843
1824
1919
1942
1923
1942
1961
1968
1876
1987
1870
1846
1750
1787
1736
1701
1689
1729
1735
1625
1702
1765
1715
1717
1749
1608
1757
1665
1669
1680
1680
1695
1690
1713
1618
1688
1695
1742
1752
1677
1691
1651
1683
1713
1666
1618
1610
1719
1721
1646
1560
1651
1623
1652
1625
1651
1657
1646
1637
1697
1659
1701
1659
1726
1679
1614
1742
1693
1709
1805
1754
1668
1817
1784
1697
1677
1666
1712
1636
1640
1621
1560
1586
1602
1625
1596
1690
1675
1569
1586
1584
1578
1556
1612
1570
1534
1531
1612
1626
1664
1632
1611
1620
1499
1552
1554
1506
1578
1525
1575
1477
1547
1440
1510
1504
1505
1479
1512
1524
1563
1536
1632
1607
1590
1536
1628
1515
1632
1652
1548
1612
1603
1581
1573
1545
1549
1528
1521
1579
1577
1612
1577
1566
1575
1459
1414
1445
1453
1473
1496
1485
1496
1570
1596
1491
1582
1508
1492
1510
1530
1466
1516
1482
1531
1444
1447
1460
1403
1516
1478
1522
1474
1517
1569
1494
1616
1526
1575
1495
1515
1451
1492
1462
1487
1432
1460
1457
1432
1514
1376
1460
1486
1539
1613
1551
1588
1566
1547
1666
1586
1548
1540
1486
1589
1497
1467
1437
1529
1449
1465
1410
1457
1371
1362
1413
1449
1440
1394
1441
1449
1521
1545
1646
1577
1677
1625
1668
1670
1654
1535
1524
1446
1326
1371
1297
1333
1339
1378
1331
1365
1473
1388
1372
1401
1319
1311
1281
1269
1366
1320
1296
1301
1281
1317
1412
1395
1322
1345
1365
1364
1332
1350
1328
1335
1338
1315
1361
1266
1359
1373
1348
1357
1380
1287
1329
1277
1301
1265
1271
1231
1248
1260
1219
1183
1179
1294
1253
1250
1315
1221
1259
1225
1258
1249
1280
1270
1277
1377
1300
1285
1272
1220
1264
1237
1189
1207
1187
1271
1238
1259
1233
1234
1295
1210
1197
1218
1211
1178
1254
1171
1204
1220
1241
1294
1225
1203
1263
1220
1241
1181
1257
1201
1273
1232
1254
1263
1232
1295
1311
1352
1392
1268
1360
1363
1313
1303
1278
1205
1249
1234
1234
1193
1198
1189
1177
1153
1216
1189
1190
1168
1251
1186
1207
1200
1233
1263
1253
1289
1235
1235
1283
1316
1193
1255
1213
1209
1262
1207
1198
1202
1129
1184
1167
1189
1186
1229
1214
1160
1102
1156
1143
1199
1258
1185
1249
1234
1266
1249
1218
1229
1188
1167
1117
1166
1187
1195
1203
1247
1177
1243
1200
1179
1193
1113
1124
1242
1235
1302
1152
1240
1322
1256
1280
1266
1330
1246
1273
1308
1320
1309
1346
1265
1296
1239
1182
1164
1201
1230
1257
1240
1228
1214
1145
1202
1115
1179
1146
1118
1142
1089
1160
1134
1161
1161
1138
1175
1129
1125
1078
1165
1093
1174
1097
1125
1119
1118
1122
1169
1196
1228
1231
1360
1385
1484
1501
1455
1394
1466
1432
1399
1277
1334
1331
1297
1254
1263
1286
1309
1278
1306
1249
1237
1277
1334
1276
1264
1276
1257
1229
1186
1229
1237
1217
1274
1255
1339
1283
1337
1384
1610
1549
1728
1711
1680
1683
1617
1513
1625
1922
2519
3985
6414
10199
15190
21535
27469
31463
32808
30758
25978
19722
13670
8632
5117
3079
1915
1440
1201
1130
1098
995
1094
1121
1028
1059
1046
1119
1048
1094
1046
1141
1060
1027
1057
1037
1057
1029
969
1024
1035
1061
1107
1119
1154
1155
1231
1301
1375
1402
1585
1581
1525
1534
1402
1340
1314
1157
1195
1107
1061
1056
1110
1038
1016
1066
1070
1031
1090
1115
1075
1103
1128
1064
1121
1065
1028
1027
980
974
1017
1007
1004
1046
1108
1100
1050
1111
1087
1136
1027
1111
1142
1021
1070
1086
1048
1048
1011
1055
1025
992
1058
1083
1080
1010
998
1055
1000
1004
1000
1027
1114
1041
1031
986
1051
954
953
969
996
977
985
1035
1028
1045
1036
1029
1009
1095
1031
1086
1050
1016
1089
1022
1028
1026
1045
1090
1098
1124
1085
1147
1214
1068
1109
1080
1134
1084
1085
1011
1047
1031
1047
1006
1085
1078
1068
1019
1024
1020
1023
1102
1035
1026
1038
1087
1034
1071
1000
970
1062
1063
1000
969
931
984
975
994
1023
989
1037
992
1057
1052
1021
1132
1052
1101
1108
1083
1058
1033
1035
1013
1012
1043
1006
941
941
987
996
1059
998
1000
992
993
974
995
980
1002
1007
988
956
970
980
902
970
1016
941
966
991
945
988
1013
983
927
958
881
960
970
962
1023
985
965
957
987
936
1033
961
989
942
958
984
964
988
965
1004
949
935
950
986
984
1024
973
964
957
953
950
974
962
917
900
947
916
1047
1005
912
912
1021
984
1035
1034
1064
1119
1117
1147
1117
1129
1101
1071
1038
1053
1030
1105
982
1090
1053
1074
1075
1078
968
1004
992
987
999
966
1042
1021
1116
1101
1085
1022
1035
1056
999
1008
935
978
963
971
922
918
913
943
945
968
950
959
892
916
924
855
1002
995
940
1029
951
974
1021
983
966
988
951
955
959
932
924
949
911
886
946
897
992
928
943
980
974
998
1029
1029
1023
969
935
993
991
1007
938
987
960
933
948
973
1013
945
937
979
864
904
962
959
952
938
976
929
1004
938
973
1013
954
949
972
944
974
909
940
963
906
917
940
885
870
931
921
913
932
897
929
897
901
958
902
948
925
911
896
927
922
882
938
924
854
933
928
906
952
926
959
903
919
909
882
930
916
937
936
914
965
886
912
937
948
966
946
970
891
863
960
865
888
908
885
908
827
881
794
872
869
836
919
894
879
877
899
890
863
889
811
889
911
902
908
890
939
940
1002
932
910
993
929
915
922
931
868
878
911
962
922
1024
1006
1123
1160
1296
1274
1307
1244
1224
1124
1026
959
913
854
862
828
801
871
944
905
896
896
881
853
865
879
916
838
951
926
861
810
845
855
849
898
878
879
835
843
886
850
874
785
886
902
844
905
899
917
868
887
982
949
961
922
907
842
912
837
846
912
826
836
806
852
862
845
863
893
841
859
883
840
846
818
875
800
865
833
883
833
896
814
835
847
882
886
831
882
879
941
930
919
906
919
925
983
937
949
883
871
872
897
812
823
855
855
883
880
856
842
888
850
813
862
847
820
744
801
835
853
846
907
799
851
810
827
840
845
835
820
839
815
830
851
832
884
874
877
914
890
906
932
855
913
790
819
812
841
791
771
792
834
788
794
840
808
757
810
778
833
772
792
819
745
804
759
797
796
809
807
820
805
763
862
821
858
845
836
837
828
837
853
831
850
824
826
856
843
834
789
819
837
852
843
819
839
824
838
821
775
795
818
829
776
747
786
755
776
813
750
786
816
768
765
794
827
802
834
846
847
835
844
823
840
786
909
788
792
733
812
792
799
840
754
775
743
753
747
736
781
781
810
765
786
758
791
756
782
769
708
766
799
794
808
799
753
776
717
796
746
788
790
746
771
748
779
735
781
767
764
830
782
789
800
805
777
780
800
799
750
822
755
808
824
768
783
801
771
780
733
803
760
772
777
733
757
823
788
779
792
722
747
749
788
712
749
826
782
773
733
745
774
752
747
730
705
738
744
730
793
738
770
776
814
731
765
799
773
754
745
778
757
741
782
759
808
844
831
874
930
898
877
971
969
926
912
822
821
848
836
768
791
772
789
810
832
799
763
757
764
722
763
724
715
732
728
678
709
782
762
797
773
750
808
749
831
726
748
769
813
781
843
812
775
779
793
794
825
704
784
705
764
752
784
826
870
893
968
961
1001
1069
992
936
929
809
812
795
717
747
694
736
732
686
724
716
767
713
694
725
727
734
759
776
691
721
722
753
710
704
666
741
730
792
730
692
708
724
707
692
720
710
664
713
700
664
721
697
700
692
705
688
703
705
698
733
723
678
707
734
771
723
676
702
694
689
714
678
732
716
774
736
760
751
776
747
788
729
743
765
750
742
787
725
750
726
659
742
723
738
716
641
704
731
696
736
754
756
703
712
720
684
708
707
751
667
686
707
708
673
688
719
701
697
680
637
670
695
726
697
720
659
663
670
667
677
723
682
677
689
722
707
650
708
688
705
671
676
701
681
730
683
695
697
709
633
649
722
737
722
715
771
783
700
745
738
781
712
684
748
718
731
731
667
736
681
682
716
674
667
660
736
662
673
715
672
659
694
714
762
750
757
711
686
698
725
689
720
769
847
958
1178
1335
1709
2017
2260
2250
2359
2161
1855
1598
1366
1046
886
786
721
692
661
667
673
682
709
654
711
711
646
635
689
639
722
685
660
625
719
632
645
701
649
687
638
612
656
639
669
658
639
719
677
706
693
674
702
635
687
703
690
671
707
651
671
679
697
697
711
691
658
639
660
668
723
712
764
766
830
822
822
814
754
752
694
692
636
649
680
611
597
658
624
601
647
646
595
622
608
590
630
662
624
614
634
618
575
637
623
618
602
593
626
600
625
647
635
651
580
625
646
692
668
649
619
561
654
647
644
631
637
657
645
650
668
680
684
735
658
680
668
699
705
755
710
670
738
703
678
638
623
660
673
648
694
650
646
611
611
590
614
648
607
593
655
641
663
615
647
608
663
648
627
634
644
672
630
604
652
674
634
680
618
619
641
613
634
604
626
557
632
613
620
555
639
669
669
646
651
664
628
641
628
575
578
628
582
619
561
594
648
617
632
575
597
618
577
582
659
636
604
646
588
629
610
607
636
599
618
640
659
626
603
618
621
683
618
640
629
617
659
635
632
590
662
655
724
714
787
772
779
737
763
736
675
622
641
640
605
647
646
606
616
598
599
581
623
611
634
555
586
620
581
585
618
591
564
567
621
586
590
626
553
591
582
596
604
615
606
596
641
622
622
616
615
631
657
660
672
599
625
664
693
724
670
653
626
642
609
610
588
572
602
630
590
627
609
601
612
619
558
592
612
597
595
559
574
617
593
570
623
577
562
582
582
568
616
554
604
581
593
614
587
607
594
574
511
569
540
583
602
543
535
530
580
611
563
562
613
652
608
604
603
575
599
590
544
555
536
601
549
577
577
583
636
568
566
614
585
539
588
605
582
571
648
558
630
580
622
587
609
601
705
692
667
605
619
655
618
670
669
592
623
664
597
615
617
625
570
571
614
602
559
536
546
574
618
587
593
541
544
522
547
550
533
601
507
498
583
580
581
567
559
544
553
557
562
575
578
516
539
567
556
545
561
552
546
538
559
581
679
580
626
624
638
664
662
634
634
594
631
507
573
570
519
552
581
533
576
522
558
628
555
548
574
575
591
556
559
561
559
601
609
639
626
695
698
773
744
763
787
783
772
778
703
672
663
624
613
644
571
567
534
506
520
558
520
544
524
497
521
564
525
517
538
544
564
556
521
554
569
583
574
550
539
550
525
562
504
519
558
504
519
560
530
524
511
540
548
537
504
486
511
533
526
524
556
546
552
547
532
570
505
598
541
534
550
551
532
537
523
540
534
535
551
520
558
553
558
529
540
536
569
552
547
530
577
519
583
533
555
521
536
527
532
515
483
501
520
514
534
536
498
508
564
571
526
539
559
568
594
546
536
570
534
553
541
590
556
533
579
586
546
600
546
561
561
527
548
538
519
518
555
541
575
549
526
531
553
508
518
553
501
485
496
521
492
469
499
517
513
523
515
492
491
530
521
462
551
505
536
523
514
522
524
520
552
550
557
545
509
506
524
500
518
497
495
530
470
520
491
482
482
506
499
462
501
480
464
490
481
505
517
451
519
512
508
527
498
502
543
561
589
572
574
611
588
613
649
552
593
541
543
533
527
488
537
546
495
519
553
478
522
554
535
502
508
512
541
542
508
503
503
468
480
497
521
510
470
496
445
456
531
487
447
473
523
484
521
504
468
534
513
495
487
488
496
521
449
500
506
466
482
459
494
489
487
474
480
497
503
471
505
499
499
460
509
486
515
484
481
448
509
476
527
508
509
484
463
515
494
474
489
519
519
460
499
519
471
509
499
463
481
486
541
464
500
487
465
462
499
491
456
456
509
471
513
487
469
488
456
493
481
473
499
447
503
456
461
448
457
478
430
515
471
465
513
482
530
494
535
485
551
538
524
548
513
538
495
470
484
518
511
491
488
462
464
443
428
471
472
427
467
513
467
491
473
483
490
474
500
481
474
498
459
493
469
470
469
450
488
486
442
466
473
469
474
481
489
520
488
482
427
488
458
452
481
465
468
449
462
497
443
487
458
453
479
444
454
471
468
510
527
539
476
513
527
508
504
512
537
504
568
538
558
569
543
526
531
503
439
495
512
461
527
459
490
416
500
450
470
455
484
471
504
452
470
452
492
461
478
451
469
491
429
478
490
470
483
464
513
496
495
529
494
494
503
517
485
436
445
442
446
442
449
475
425
488
452
451
476
441
436
449
452
432
456
454
490
448
500
471
536
515
507
545
524
500
494
513
479
514
517
508
438
514
503
488
459
454
438
448
461
488
464
488
478
447
443
447
468
474
455
448
439
451
397
466
493
482
517
471
465
413
434
453
424
446
410
450
428
464
488
482
466
454
463
466
449
509
455
474
460
447
414
424
445
439
483
415
445
436
433
435
406
449
452
458
472
442
445
474
0
$ENER_FIT:
0.599 0.365336 2.65199e-007 -2.37797e-011 0.00000e+000
$MCA_CAL:
5
0.599 0.365336 2.65199e-007 -2.37797e-011 0.00000e+000
$ICD_TYPE:
20
$PEAKLABELS:
909.215, "Cf-249"
1060.204, "Cf-249"
960.728, "Fe(n.g)"
1395.237, "Ann. Rad."
1890.394, "Fe(n.g)"
2075.380, "Cf-249"
2452.812, "Fe(n.g)"
3115.165, "Fe(n.g)"
4405.106, "Fe(n.g)"
4858.628, "Al-28"
4711.715, "Fe(n.g)"
4945.323, "Mn-56"
5770.214, "Mn-56"
7431.327, "Fe(n.g)"
2312.916, "Fe(n,n')"
3382.268, "Fe(n,n')"
3846.156, "Fe(n,n')"
6071.854, "H(n,g)"
4676.450, "H(n,g) S.E."
3280.788, "H(n,g) D.E."
7140.336, "Th-232 (d), (bkgd)"
3990.068, "K-40, (bkgd)"
186.838, "Au XRF, (detector)"
181.653, "Au XRF, (detector)"
211.412, "Au XRF, (detector)"
217.655, "Au XRF, (detector)"
4359.707, "La-140, FP"
1978.020, "Zr-95, FP"
2091.875, "Nb-95, FP"
681.522, "Xe-135, FP"
705.464, "Xe-138, FP"
1119.481, "Cs-138, FP"
1185.854, "Xe-138, FP"
1263.487, "Cs-138, FP"
1751.299, "La-142, FP"
2306.761, "Al(n,n')"
2381.991, "Cs-138, FP"
2444.877, "La-142, FP"
2702.679, "La-142, FP"
2769.841, "Al(n,n')"
2758.641, "Cs-138, La-142"
2846.788, "La-142, FP"
3090.630, "I-135, FP"
3443.100, "I-135, Fe(n,g)"
3723.215, "La-142, FP"
3921.479, "Cs-138, FP"
3947.794, "La-142, FP"
4222.486, "La-142, FP"
4581.359, "I-135, FP"
4893.038, "I-135, FP"
4798.285, "La-142, FP"
4828.973, "Xe-138, FP"
5192.849, "La-142, FP"
5474.776, "La-142, FP"
5504.814, "Xe-138, FP"
5615.828, "La-142, FP"
5972.842, "La-142, FP"
6057.818, "Cs-138, FP"
6548.744, "La-142, FP"
6944.601, "La-142, FP"
7208.452, "Cs-138, FP"
$ENDRECORD:
