$SPEC_ID:
PeakEasy Library File: Ba-133, IdentiFINDER (NaI), 8.2 uCi @ 25 cm
$MEAS_TIM:
60000.00000 60175.00000
$DATE_MEA:
2/7/2008 2:27:13 PM
$DATA:
0 1023
0
0
0
0
0
0
14970
75957
169640
509773
1211628
1793748
1666301
1062272
535708
277898
208306
222844
253833
272660
283912
298113
327863
368927
433560
553169
747809
973864
1133728
1122205
925302
655260
420213
280288
219796
201350
201278
204817
209014
212865
216211
219796
221989
225703
231821
240152
248231
256784
268683
278655
287963
294579
298234
300106
296952
290918
283996
273051
261439
252203
240807
230249
220096
210004
200251
188882
178964
168930
158383
149587
141849
133161
126291
120740
114422
110061
103501
98724
93622
89741
85759
81965
79380
78169
78338
80185
83639
88244
95853
104243
113931
123321
131402
140298
149112
157615
166069
175269
184160
190659
197240
201348
199974
195700
186846
174782
162318
150241
141790
138607
141476
153748
174490
202149
235497
274042
312162
347442
377100
396543
405773
403030
392226
369269
341113
307254
272437
235927
201497
170938
144049
121113
100609
83803
69662
57947
47854
39602
32946
27418
22702
19224
16468
14380
12649
11393
10448
9423
8845
8457
7831
7609
7136
7051
6654
6311
6224
6109
5842
5595
5521
5429
5406
5197
5051
5095
5025
4899
4871
4804
4705
4583
4632
4617
4586
4410
4444
4298
4289
4076
4161
3942
3986
3916
3849
3839
3786
3753
3876
3796
3779
3774
3750
3845
3865
3836
3922
3931
3786
3900
3897
3923
3784
3839
3734
3690
3596
3656
3537
3468
3335
3210
3201
3118
3013
2970
2892
2841
2680
2676
2667
2578
2554
2474
2464
2282
2398
2369
2356
2350
2342
2260
2297
2324
2223
2179
2176
2224
2225
2182
2159
2208
2105
2095
2071
2066
2063
2067
1974
2055
2012
1977
1977
2024
1964
1987
2014
2005
1949
1967
1940
1939
1867
1937
1787
1834
1784
1766
1812
1865
1765
1696
1774
1722
1695
1710
1701
1702
1723
1684
1641
1617
1644
1645
1613
1621
1571
1629
1563
1535
1560
1547
1553
1593
1604
1598
1576
1527
1527
1618
1584
1557
1606
1621
1615
1594
1619
1506
1589
1582
1544
1536
1525
1562
1547
1527
1520
1540
1553
1572
1514
1471
1411
1488
1417
1448
1432
1416
1446
1364
1389
1387
1377
1361
1352
1280
1321
1286
1330
1248
1218
1226
1213
1150
1213
1216
1200
1239
1171
1144
1157
1155
1139
1134
1157
1145
1141
1166
1092
1096
1141
1111
1202
1147
1215
1222
1206
1194
1190
1197
1181
1191
1193
1188
1168
1200
1175
1169
1166
1166
1190
1194
1137
1151
1165
1133
1155
1180
1124
1131
1128
1150
1088
1081
1022
1061
1018
1037
1040
1001
1019
1004
998
926
927
929
848
943
914
880
909
901
846
854
858
849
810
827
770
759
736
749
716
718
745
677
669
616
610
610
653
630
597
602
596
595
572
550
556
568
525
526
511
512
533
526
512
519
528
495
480
546
475
481
493
505
512
502
501
536
554
531
515
546
543
565
612
627
630
632
678
730
747
786
774
814
862
877
932
986
1064
1070
1083
1120
1173
1191
1237
1199
1260
1275
1240
1261
1319
1207
1191
1198
1185
1139
1082
1104
1115
1097
981
882
912
847
853
756
758
684
630
617
581
561
543
532
482
494
446
445
430
405
374
371
360
358
375
395
364
306
320
309
306
326
332
271
294
305
287
289
259
265
252
271
272
245
253
239
259
236
242
223
217
224
228
216
213
212
224
229
228
208
209
185
190
192
200
227
208
203
203
202
215
217
194
210
234
230
217
228
210
200
228
229
218
206
218
203
224
209
222
240
213
244
211
190
211
228
207
200
211
215
197
181
205
177
184
164
174
162
193
186
178
171
171
161
191
161
158
145
154
156
159
138
148
141
138
139
133
127
140
126
153
115
142
130
124
128
124
135
120
131
147
128
128
122
118
116
122
131
115
107
115
127
115
100
125
114
117
128
114
110
116
112
83
112
121
89
116
112
109
105
99
99
98
106
101
105
108
99
103
86
114
111
119
101
110
107
119
112
116
120
112
115
130
116
115
122
111
140
132
139
141
138
146
121
141
124
130
123
126
143
124
135
145
150
141
127
127
135
125
114
121
127
118
116
126
122
135
121
116
116
132
111
126
111
118
132
130
116
110
120
116
111
114
112
115
115
121
115
117
100
112
123
115
108
110
99
95
95
101
100
105
105
95
103
103
89
90
78
82
92
88
87
90
107
77
80
78
69
72
70
81
79
79
61
67
72
70
66
68
62
72
62
69
68
68
60
60
48
47
50
64
50
60
61
49
56
53
52
45
52
52
47
55
46
47
39
40
35
43
43
35
53
39
49
56
48
48
42
54
44
49
58
44
58
52
64
76
69
61
72
63
65
83
81
78
67
87
83
92
88
102
98
103
96
114
123
116
122
107
103
98
111
103
107
90
107
94
78
98
104
103
80
91
88
97
64
78
60
59
55
54
56
59
63
44
40
42
39
41
39
48
32
37
24
37
32
26
19
32
19
24
30
24
22
32
19
18
23
16
20
23
24
18
24
17
13
19
12
9
14
19
13
13
17
13
12
8
12
15
15
11
18
17
11
16
11
12
7
9
9
14
12
21
15
16
14
6
18
12
6
7
17
14
9
8
11
17
12
13
16
10
15
8
13
6
11
7
12
11
12
11
10
10
12
15
4
7
7
9
11
9
10
16
12
10
16
13
14
12
15
9
11
8
6
7
7
16
8
6
11
6
7
9
8
9
6
8
9
8
6
10
12
13
8
10
5
0
0
0
0
0
0
$ENER_FIT:
-2.416 3.000161 -1.41313e-004 2.16599e-007 0.00000e+000
$MCA_CAL:
5
-2.416 3.000161 -1.41313e-004 2.16599e-007 0.00000e+000
$PEAKLABELS:
28.253, "Ba-133"
120.138, "Ba-133"
101.442, "Ba-133"
856.307, "Th-232(d),(Bkgd)"
489.548, "K-40 ,(Bkgd)"
11.144, "Cs X-rays"
52.826, "Backscatter"
$ENDRECORD:
