$SPEC_ID:
PeakEasy Library File: Ba-133, Interceptor (CZT), 8.2 uCi @ 10 cm
$MEAS_TIM:
39792.00000 39808.00000
$DATE_MEA:
1/9/2008 8:56:19 PM
$DATA:
0 1023
0
0
0
0
0
0
0
0
0
0
0
0
17412
23286
33402
48381
70631
99467
132451
162213
178538
170264
139111
99334
63531
39395
23648
16194
13831
14082
15462
17327
18709
20705
22206
23387
23692
24026
23775
24660
26688
29540
33100
36900
40738
44777
50139
56335
63322
70920
79655
88439
98503
105866
103345
87545
59770
32434
14946
7857
5860
5381
5440
5565
5536
5618
5768
5704
5900
5856
5990
5958
5963
5923
5955
6127
6071
6152
6134
6402
6284
6366
6500
6522
6464
6503
6781
6942
7033
7177
7456
7657
7681
7654
7894
8221
8051
8217
8259
8458
8746
8734
8713
8908
8731
8611
8597
8529
8149
7810
7353
7004
6730
6584
6283
6151
6002
5952
5753
5629
5352
5390
5335
5107
4911
4836
4816
4551
4512
4393
4243
4170
3897
3876
3839
3633
3477
3327
3252
3119
2870
2701
2744
2716
2512
2452
2489
2492
2403
2485
2352
2185
2084
1998
1884
1884
1885
1791
1867
1703
1830
1781
1811
1819
1789
1977
1901
2013
1984
2058
2069
2076
2206
2192
2325
2484
2632
2688
2899
3003
3354
3580
4015
4425
4706
4673
4333
3573
2871
2575
2561
2632
2756
2955
3143
3253
3701
4021
4361
4942
5687
6445
6834
6355
5071
3719
2349
1804
1625
1618
1683
1826
1894
1995
2125
2295
2246
2350
2553
2687
2778
3082
3160
3211
3592
3739
3998
4292
4535
4851
5380
5987
6607
7272
8355
9469
10950
11967
12038
10478
7182
4103
1961
910
602
492
512
553
605
654
707
840
867
982
1213
1309
1372
1309
1057
661
348
144
62
28
26
18
13
13
20
24
16
15
20
17
13
12
13
12
14
14
17
10
11
5
8
11
21
14
8
12
16
14
9
17
12
9
7
9
11
19
11
11
10
9
11
16
15
10
18
12
17
11
12
9
9
9
13
11
9
17
9
5
10
13
13
14
14
10
7
9
13
13
8
8
10
4
10
17
8
9
12
6
12
7
13
8
7
9
10
8
11
10
5
10
15
3
6
7
13
11
14
7
12
8
12
13
3
9
7
8
9
8
7
6
3
4
9
10
8
10
6
8
9
3
12
3
10
12
6
9
3
15
8
6
5
7
10
4
9
7
5
8
3
10
6
7
6
6
3
6
9
4
5
5
4
5
7
7
4
6
5
1
2
4
4
2
7
4
5
8
4
4
3
6
8
7
6
4
10
6
6
5
7
5
5
2
7
3
3
4
2
6
6
9
4
2
5
3
5
6
5
5
8
11
6
4
5
4
3
3
6
8
2
6
7
6
0
6
5
2
7
3
2
7
1
2
3
5
4
1
7
1
3
2
4
1
6
8
5
2
5
6
5
4
6
5
2
4
5
4
4
3
11
7
2
5
3
4
2
2
3
1
7
5
3
3
0
4
5
5
4
2
5
5
1
0
4
3
6
1
5
2
5
3
6
5
4
1
2
2
3
5
2
1
2
2
1
1
3
3
3
5
3
3
3
2
6
5
2
4
2
1
4
5
1
6
4
6
2
1
4
2
0
7
2
3
3
2
2
3
3
4
3
2
6
7
1
3
6
5
1
3
6
4
3
2
2
4
2
3
0
1
3
0
0
4
6
4
1
2
4
0
3
3
5
4
5
1
3
3
8
3
2
2
3
5
3
3
2
3
3
2
1
1
1
3
4
3
3
2
3
2
2
1
4
2
5
1
1
5
4
2
2
3
3
2
3
4
3
2
0
3
3
2
0
3
8
5
4
3
5
7
2
5
2
5
2
4
1
3
3
7
1
3
0
4
3
2
1
6
2
0
1
2
2
2
3
4
0
1
1
1
2
2
0
1
2
2
2
4
1
2
2
2
2
4
4
5
2
3
1
1
2
2
1
2
3
4
1
4
1
2
6
3
2
2
5
1
0
2
3
0
3
3
2
0
0
2
1
2
3
4
2
3
2
3
3
5
1
2
2
3
3
2
3
0
4
1
4
3
1
2
0
2
6
5
1
2
1
1
1
0
2
2
6
1
0
2
2
1
3
2
2
0
3
2
1
2
2
4
1
3
2
0
1
6
2
3
1
3
2
0
1
2
3
0
5
2
3
3
0
1
1
2
0
1
2
3
0
0
0
0
0
1
2
2
1
2
0
2
1
1
2
1
2
1
1
2
0
1
1
0
1
1
1
4
0
2
0
1
0
1
1
1
0
2
0
0
2
1
1
0
0
1
2
0
0
1
1
0
0
0
1
2
2
1
3
1
1
2
0
0
2
0
0
0
0
0
2
1
0
0
1
0
2
2
1
2
0
0
1
0
1
0
1
3
0
0
0
0
0
0
2
0
1
0
0
3
2
4
1
0
0
1
1
4
1
1
1
1
0
2
1
0
2
0
0
0
0
0
2
2
1
0
1
3
3
2
0
2
1
1
3
2
0
5
0
3
1
1
1
0
0
1
2
0
0
1
0
0
1
1
0
0
0
3
2
1
0
1
0
1
0
0
0
1
3
0
1
0
0
0
0
0
0
0
1
0
0
2
0
0
2
1
$ENER_FIT:
0.000 1.500000 0.00000e+000
$MCA_CAL:
3
0.000 1.500000 0.00000e+000
$PEAKLABELS:
53.094, "Ba-133"
237.180, "Ba-133"
201.813, "Ba-133"
184.373, "Ba-133"
256.176, "Ba-133"
19.673, "Cs X-rays"
103.004, "Backscatter"
$ENDRECORD:
