$SPEC_ID:
PeakEasy Library File: Ba-133, IdentiFINDER (LaBr3) 8.2 uCi @ 25 cm
$MEAS_TIM:
60000.00000 60136.00000
$DATE_MEA:
8-Feb-2008 4:34:10 PM
$DATA:
0 1023
0
0
0
0
0
0
15757
95142
121628
434469
1651998
2526749
1743017
876385
314171
140053
147396
177360
202405
197809
199196
242999
288300
294989
288343
366016
723487
1300447
1364780
759685
273580
141898
129357
134089
138884
143993
147351
149897
154576
156152
157172
157715
158594
159511
164248
169618
177490
186863
197184
207378
220090
232287
240811
243542
239191
226807
206455
188598
173682
163118
155178
147007
140708
134102
128664
122623
116709
110374
102770
95337
86352
78852
72543
69337
68070
66680
63122
57834
52923
48871
46272
44313
42391
40228
38071
36374
35468
35580
37784
45935
63984
92481
122493
135212
121866
91830
63377
52335
65487
105272
165900
226320
252619
225502
163556
99495
54489
31992
22845
19747
18205
17364
17869
21817
35117
70455
144333
266502
419147
550939
600614
541338
402316
251456
133873
71471
51002
56728
70346
79518
76883
63308
44979
27675
15788
9083
6276
5143
4791
4625
4556
4401
4285
4325
4358
4323
4279
4239
4203
4142
4028
4028
3894
3997
3815
3801
3745
3739
3648
3559
3544
3580
3487
3360
3337
3424
3392
3403
3391
3456
3543
3629
3566
3605
3537
3443
3274
3207
3130
3057
2949
3032
3061
2894
2961
2861
2972
2847
2892
2862
2814
2984
2947
3128
3150
3172
3244
3172
3125
3122
3127
3061
3080
3190
3211
3306
3288
3200
3123
2851
2655
2529
2418
2485
2407
2288
2279
2209
2284
2249
2311
2297
2168
2166
2208
2145
2110
2145
2033
2058
2140
2033
2011
1999
1933
1993
1973
1958
1955
1967
1899
1920
1899
1923
1932
1900
1844
1769
1784
1776
1741
1671
1685
1700
1783
1776
1658
1683
1680
1684
1707
1829
1869
1904
1978
2092
2230
2329
2496
2549
2593
2463
2613
2635
2589
2682
2579
2471
2448
2466
2413
2533
2484
2419
2344
2365
2360
2402
2286
2320
2446
2404
2263
2305
2277
2255
2252
2116
2327
2167
2264
2257
2217
2211
2274
2252
2341
2263
2260
2298
2237
2093
2108
2135
2021
2033
1952
1944
2002
1954
1971
2013
1976
1993
1959
1944
1926
1890
1867
1792
1759
1712
1662
1630
1565
1596
1488
1507
1415
1452
1412
1386
1349
1346
1316
1336
1263
1283
1287
1249
1246
1265
1195
1198
1191
1196
1214
1189
1193
1187
1213
1238
1225
1203
1268
1280
1274
1254
1247
1337
1327
1302
1301
1279
1374
1400
1403
1376
1366
1373
1423
1373
1335
1334
1317
1276
1311
1327
1365
1244
1307
1332
1348
1315
1289
1369
1389
1327
1288
1239
1331
1320
1271
1283
1293
1293
1323
1270
1241
1246
1264
1239
1213
1220
1205
1153
1083
1024
1013
1033
972
895
882
844
815
757
773
672
697
664
600
581
535
577
547
533
534
505
457
462
483
457
422
435
398
388
376
340
374
369
351
326
321
264
284
320
286
314
272
293
324
331
272
307
270
256
278
286
275
298
303
332
355
413
492
630
737
892
1100
1307
1499
1733
2013
2232
2479
2794
3040
3290
3404
3693
3857
4040
4150
4057
4052
3855
3483
3085
2699
2314
1950
1524
1225
937
666
500
435
314
242
231
179
181
168
139
133
117
107
126
117
112
126
114
105
113
114
113
132
137
133
153
155
129
160
178
164
183
160
176
145
160
141
142
130
120
116
122
119
104
88
98
106
107
103
93
95
85
96
83
95
82
89
99
99
94
87
93
72
83
91
84
87
91
88
103
82
78
84
96
95
99
103
100
120
117
114
109
136
149
171
165
162
160
171
183
159
160
146
144
145
144
105
108
85
99
97
90
105
82
91
96
100
101
92
96
96
89
92
102
92
99
95
100
85
99
107
99
107
112
100
117
109
101
106
95
97
105
94
108
115
106
112
119
104
109
109
117
131
124
113
113
129
118
120
133
120
114
135
114
120
113
135
133
120
137
124
112
120
124
121
110
130
142
134
147
124
136
123
170
170
168
162
182
176
149
169
175
165
171
177
182
158
164
136
162
163
163
144
131
149
146
134
125
124
156
132
153
123
154
144
167
142
144
149
135
124
115
108
122
141
105
114
110
108
105
122
116
138
111
130
132
111
96
126
118
127
136
124
140
118
154
148
138
155
125
130
129
123
128
146
127
128
134
117
122
133
129
134
164
141
132
138
125
128
127
127
122
151
162
147
156
176
174
158
165
172
135
143
156
160
138
162
138
135
139
134
110
122
121
124
110
139
123
119
127
108
117
98
105
106
111
124
125
117
95
112
110
130
97
103
90
86
88
80
84
79
96
61
54
69
57
52
41
51
59
51
51
63
52
61
65
54
41
47
50
51
49
54
44
44
48
56
36
46
47
48
40
39
46
54
38
47
58
50
52
35
47
49
61
64
49
46
50
58
62
58
64
63
77
80
75
81
97
106
93
135
122
132
149
152
140
139
146
139
152
172
146
162
139
127
149
136
123
121
121
109
105
87
88
109
88
89
80
89
85
77
69
64
56
62
56
44
44
36
26
25
34
24
30
34
21
21
20
19
11
10
8
10
8
10
11
9
4
7
2
6
6
4
3
11
4
3
3
3
6
4
2
9
8
6
7
2
1
1
5
3
4
3
2
7
3
5
6
3
5
4
6
8
3
2
4
2
4
5
2
6
3
6
3
3
0
6
6
3
2
4
4
5
6
1
6
0
1
5
2
3
2
5
3
1
1
2
2
1
4
3
4
3
3
1
3
4
6
5
5
3
5
1
6
9
2
5
4
2
1
$ENER_FIT:
-0.723 2.994570 -2.33223e-004 5.84775e-007 -4.05371e-010
$MCA_CAL:
5
-0.723 2.994570 -2.33223e-004 5.84775e-007 -4.05371e-010
$PEAKLABELS:
27.578, "Ba-133"
119.951, "Ba-133"
101.999, "Ba-133"
93.012, "Ba-133"
129.370, "Ba-133"
493.684, "K-40 (Bkgd), La-138"
884.208, "Th-232(d),(Bkgd)"
11.086, "Cs X-rays"
53.156, "Backscatter"
$ENDRECORD:
