$SPEC_ID:
PeakEasy Library File: Ba-133, Detective (HPGe), 8.2 uCi @ 25 cm
$MEAS_TIM:
75130.88000 77141.05000
$DATE_MEA:
1/7/2008 8:05:44 AM
$DATA:
0 8191
0
0
0
0
0
0
0
0
0
0
0
0
0
0
0
0
0
0
0
1
0
0
0
1
1
1
0
1
1
1
7
4
12
8
14
22
37
66
108
1563
53349
118070
119763
117551
116394
114992
113707
111729
110169
108885
107471
105989
104701
103950
101998
99945
99185
97392
96591
95355
94389
93184
92083
91313
90606
89881
88564
88019
86800
85659
85202
84080
83819
82946
82105
82028
81041
80522
79691
79843
78490
78977
79513
80218
81921
80855
77823
73712
71817
70780
70398
70102
69880
70218
72037
76551
78131
76096
70752
66711
63108
61499
60101
59943
59248
59296
59111
58712
58111
57927
58031
57185
56961
57213
56302
56358
56711
57048
56244
55846
55835
55962
55590
55887
55518
55431
55579
55329
55799
55877
55647
55182
55717
55639
55216
55672
56299
56086
56434
56739
57186
57680
58351
61071
70774
86790
97071
89683
72122
60306
56795
55949
55871
56019
56720
56463
56784
57092
57500
57770
58470
57902
58882
59768
60236
61123
62314
63458
65452
67043
69221
70001
70899
72401
73057
73784
74588
75418
75852
76683
77435
78841
81719
84824
87208
87039
83705
85148
89741
93677
89774
83553
77358
75952
75180
75685
75093
75372
76243
76078
76893
77812
77948
79223
80848
82394
83645
86117
86832
88422
90807
93371
97616
101709
106908
110743
123082
159486
221259
297028
459829
904260
1531310
1738126
1230239
547564
170329
60535
42148
40717
40440
40495
40688
40496
40473
40607
40379
40495
40492
41082
40717
40519
40615
40896
40706
40701
40808
41108
41243
41272
40947
41018
41038
41570
41455
42114
41947
41829
41361
41663
42051
41917
41854
42328
42293
42418
42882
42397
42602
43075
43184
43269
43356
43571
43781
43522
43458
43726
43990
44158
43861
44118
44179
44721
44305
44618
44667
44712
44866
44882
44848
45357
45252
45272
45271
45233
45837
45365
45456
45479
45506
45892
45891
46188
46133
46130
46247
46513
46385
46376
46287
46279
46216
47074
46725
46643
46535
46816
47061
47078
46835
47240
46910
46868
47292
47590
47048
47441
47245
47235
47397
47332
47669
47156
47174
47341
47872
47549
47542
47801
47826
48063
47621
47937
47880
48256
48173
48297
48181
47865
48241
48312
48810
48382
48793
48818
49105
48812
48349
48987
49121
49591
49150
49653
50043
50308
49927
50286
50627
50698
51070
51032
51254
51035
51757
52005
51659
51933
52338
52725
52824
53313
53395
54163
54180
54297
55159
54508
54668
55180
54469
54968
54834
54428
54922
54740
54397
54724
54541
54654
55303
55010
55692
55739
55881
56572
57055
57806
58786
59274
60259
60438
61538
61777
61629
62100
61901
62641
61780
62102
62034
61906
61465
61740
61415
61488
61342
61561
60814
60687
61055
60681
60268
60046
59837
59736
59392
59668
61710
67243
79599
91923
92231
79712
66565
59567
57024
56910
56643
56323
55100
55578
54890
54703
54123
54167
53828
53093
52623
52554
51843
51752
51549
51326
51213
50691
50634
50187
50278
49759
50117
49433
49317
48935
49175
48690
48478
48382
48193
47735
48097
47370
47557
47017
47063
47083
47095
46344
46805
46454
45982
45823
46091
45415
45569
45128
45156
44917
45229
44876
44388
44769
44694
43992
44259
44144
44179
44076
44098
44017
43943
44305
43409
43448
43151
43143
42783
42506
42478
42360
42501
42117
42463
41962
42090
41465
41850
41362
41282
41460
41446
41691
41185
40759
40506
40964
40487
40482
40372
40067
39954
39955
40012
39532
39599
39395
38799
39394
38964
38719
38534
38817
38542
38006
37893
37819
37445
37081
37417
36658
36370
35878
35865
35409
35000
34482
34050
33552
32837
32469
31546
30994
30440
29722
29120
29000
28549
28142
27589
27255
26729
26680
26171
26096
25922
25515
25345
24976
24923
25073
24614
24239
24365
24025
23989
24085
23761
23632
23137
23258
23184
22837
22659
22959
22982
22613
22146
22350
22248
22715
23954
27301
33973
39557
38531
32215
25422
21906
21117
20868
20509
20416
20299
20505
20099
20114
20000
19858
19787
19913
19326
19046
19004
18806
18591
18741
18404
18273
18054
17959
17737
17636
17364
17419
17452
17442
16989
17002
16971
16701
16476
16727
16665
16962
17785
18746
18795
17886
16770
16110
15673
15842
15851
15964
15994
15861
15692
15556
15126
15167
15017
14853
14798
14887
14618
14653
14578
14386
14350
14223
14338
14307
14278
14134
14219
13844
13964
13826
13924
13864
13905
13757
13830
13520
13652
13473
13305
13381
13358
13326
13086
13025
12980
13056
13092
13000
12708
12748
12763
13001
12675
12822
12576
12541
12703
12536
12356
12170
12221
12350
12331
12296
12342
12090
12117
12045
12107
11971
12103
12096
11787
11954
11903
11875
11900
11718
11717
11823
11815
12062
11808
11789
12002
12000
12072
11906
12017
12103
11945
12053
12354
12172
12806
13304
14412
19146
34716
76820
151016
220374
223808
154954
76108
29767
14210
10564
10171
10054
9886
10121
10046
9736
9844
10129
9770
9961
9996
9897
9679
9813
9954
9768
9549
9717
9884
9724
9704
9742
9649
9865
9626
9777
9692
9551
9769
9576
9765
9484
9719
9419
9576
9781
9686
9484
9683
9519
9729
9672
9911
10100
10491
10920
10868
10571
10055
10192
9871
10156
10375
10595
10718
11067
11283
11769
12426
13179
14984
19045
33840
80998
193981
368468
498867
467068
297091
130167
41875
13648
8117
7282
7141
7284
7153
7098
7031
7034
7167
6926
6956
7037
6779
6927
6921
6931
6752
6857
6901
6800
6652
6788
6578
6673
6622
6676
6587
6684
6632
6563
6540
6573
6457
6499
6505
6547
6495
6608
6466
6514
6407
6616
6390
6451
6398
6418
6393
6325
6359
6383
6246
6331
6337
6330
6361
6236
6248
6124
6213
6240
6125
6171
6287
6211
6393
6348
6183
6318
6086
6162
6207
6218
6173
6089
6220
6180
6082
6283
6157
6226
6284
6195
6239
6015
6274
6192
6200
6140
6283
6343
6505
6688
6854
6669
6427
6332
6346
6393
6464
6314
6431
6479
6479
6375
6502
6551
6555
6558
6663
6813
6785
6628
6881
6977
7123
7173
7260
7369
7573
7720
7892
8110
8523
8847
9424
9769
10705
11808
13443
14464
15725
16014
17171
19225
24133
37613
79434
207196
505808
962710
1328183
1273456
842825
383705
119030
26692
5642
2494
2072
1995
2061
1907
1881
1965
1961
1849
1881
1887
1872
1848
1872
1889
1793
1855
1858
1858
1808
1761
1849
1821
1796
1745
1749
1792
1773
1806
1784
1823
1727
1908
1751
1744
1744
1895
1816
1812
1879
1763
1715
1775
1810
1895
1775
1909
1861
1954
2005
2031
2000
2113
2055
2170
2224
2331
2363
2513
2629
2802
2946
3313
3781
5083
8495
19134
47131
99011
155866
176389
140437
77116
29925
8494
2503
1337
1243
1155
1181
1119
1132
1124
1134
1103
1135
1171
1105
1117
1072
1132
1091
1038
1041
1004
1079
1020
1038
1110
1029
1078
1062
1047
1029
1052
1024
1031
1078
991
1046
1045
1061
1072
1031
1025
1071
1046
1097
1078
1107
973
1024
990
997
1007
1010
1017
1000
1011
990
969
982
994
987
1002
1041
967
962
1047
1088
1067
1016
1042
986
998
963
1013
970
921
1029
975
959
1006
972
916
946
956
917
921
951
940
886
972
938
973
967
978
934
898
891
977
988
947
941
954
941
947
951
992
938
926
987
909
841
934
917
858
934
883
902
919
890
934
917
894
909
941
931
896
917
926
963
986
925
930
937
925
914
969
932
943
976
995
1094
1211
1293
1242
1244
1064
988
893
918
913
854
857
896
829
831
870
846
842
863
825
856
800
829
784
902
830
785
856
799
833
837
792
761
784
812
835
803
787
824
802
780
843
836
797
804
821
810
833
840
768
812
773
801
774
786
780
769
736
785
775
777
821
765
804
762
734
789
777
792
765
796
821
862
909
964
922
905
827
811
755
766
772
730
758
758
761
730
756
710
714
720
781
755
741
742
723
712
694
722
717
763
762
763
753
790
744
757
721
699
765
716
761
687
776
765
746
689
696
745
714
794
711
732
708
699
757
658
687
709
701
713
715
723
687
661
714
670
702
676
659
707
689
711
702
734
655
701
683
689
721
679
700
704
671
656
655
676
681
671
674
617
646
663
678
683
704
648
705
651
692
668
677
670
689
654
658
633
663
710
641
675
652
666
701
685
672
632
659
619
614
677
625
658
658
642
711
650
685
707
738
730
848
911
1005
1179
1300
1304
1269
1131
995
870
806
713
739
682
668
634
626
665
629
662
612
619
609
627
640
607
618
642
614
605
614
594
620
608
575
568
608
597
620
581
590
611
620
583
636
612
616
624
592
563
586
611
611
590
563
580
583
595
560
541
542
606
581
593
577
598
585
608
543
600
601
550
547
569
561
576
608
580
597
563
595
577
598
567
591
572
572
611
578
549
550
631
571
590
557
545
589
613
556
578
564
573
579
553
584
583
580
576
551
557
556
605
562
580
542
554
574
580
557
565
545
563
544
532
514
511
535
576
569
554
551
531
567
597
525
507
552
571
550
533
534
512
542
548
577
543
580
595
558
509
566
568
537
506
559
542
528
535
526
528
525
528
559
549
466
530
499
559
554
495
537
535
562
585
527
549
542
532
535
524
536
468
565
541
508
533
513
520
481
501
508
537
572
549
531
549
553
579
557
619
662
879
1126
1566
1659
1502
1093
769
625
548
471
526
487
487
517
533
503
498
494
514
545
474
495
503
465
486
486
493
505
490
461
486
471
468
473
489
526
482
486
494
501
464
493
488
469
485
472
473
463
495
501
462
479
494
473
539
507
468
481
483
444
492
479
492
519
488
471
491
501
502
558
624
806
1236
1797
2346
2476
2105
1459
903
607
467
438
459
440
462
467
435
444
388
456
414
414
430
443
432
469
427
443
440
431
419
434
445
432
439
429
441
385
410
453
442
447
452
409
417
388
401
456
410
394
441
405
438
396
432
407
409
416
405
442
420
402
404
448
449
443
441
443
427
426
419
430
380
417
424
410
435
430
424
400
448
418
358
423
439
400
437
407
418
411
422
444
470
424
387
463
417
417
444
438
409
436
422
453
417
416
430
399
400
405
427
407
397
411
363
429
430
419
406
438
395
439
440
428
378
364
385
419
377
418
418
406
446
371
421
444
386
421
415
400
429
462
415
417
424
358
414
416
425
404
384
369
384
389
388
441
417
440
442
454
451
422
446
435
370
417
421
402
377
385
405
370
371
356
390
365
395
376
389
375
409
396
388
422
394
394
375
379
356
373
391
365
369
344
371
401
356
390
395
374
409
370
399
379
392
371
409
420
428
369
370
404
397
373
378
374
366
413
349
379
378
414
366
426
378
404
386
344
311
329
386
331
344
407
385
364
381
348
390
339
356
357
368
365
395
383
398
386
354
360
373
364
353
375
370
387
376
380
357
375
404
362
413
389
354
373
339
389
359
351
358
367
357
377
381
360
411
371
363
355
368
399
366
381
363
331
410
407
373
395
371
334
369
352
339
369
333
352
355
370
327
343
312
352
355
318
346
352
381
342
385
342
357
377
367
338
352
394
348
376
367
365
341
369
353
346
443
437
572
596
579
555
484
349
354
379
299
327
311
336
337
315
359
335
358
309
340
313
361
315
357
353
324
314
344
308
322
352
318
326
355
339
360
387
334
314
365
335
322
388
374
339
363
324
333
343
337
346
294
290
312
314
299
313
358
321
344
306
310
335
360
302
318
330
328
340
313
329
339
334
315
336
312
323
335
353
351
369
341
357
348
324
330
318
281
312
336
354
311
334
342
309
315
331
329
331
308
377
351
317
354
343
332
354
319
328
346
354
338
361
442
470
515
454
455
402
346
349
301
334
300
320
328
361
352
309
335
296
308
293
314
299
296
285
298
302
309
301
286
302
302
292
314
326
272
324
319
290
309
335
288
311
320
299
288
303
297
313
342
379
360
397
360
330
339
296
299
315
297
325
313
262
299
294
277
315
270
293
292
263
290
307
286
359
386
372
432
396
358
310
305
297
267
287
276
307
304
266
268
290
271
292
280
289
290
261
277
325
259
277
288
274
260
287
304
323
308
324
321
288
249
271
295
257
272
282
319
279
315
270
272
264
304
297
296
261
290
294
248
268
288
284
258
272
299
312
310
286
284
282
282
249
291
279
299
267
276
286
308
282
237
307
295
277
266
269
300
274
273
333
257
303
246
289
280
294
280
270
287
286
264
277
269
256
264
287
274
274
266
274
288
279
273
290
283
277
309
333
354
346
301
275
268
272
301
319
290
279
316
295
284
297
292
283
269
254
253
248
299
259
292
277
268
259
262
274
261
279
243
266
307
265
258
274
280
249
267
269
273
267
277
265
258
261
261
262
263
283
251
250
241
285
282
274
262
251
289
266
269
289
242
248
280
302
350
377
404
399
355
325
285
254
267
254
260
292
267
247
270
231
280
267
280
263
254
256
270
278
261
277
239
260
259
271
221
251
259
271
247
257
261
243
247
263
229
233
269
271
258
239
267
224
293
236
271
259
244
236
254
248
238
256
241
276
267
238
254
254
236
254
245
234
258
254
250
242
260
244
232
251
261
247
270
281
266
228
248
251
226
263
256
251
230
258
262
253
238
281
235
235
254
253
274
257
265
252
263
235
249
237
243
267
254
254
231
239
239
255
230
270
243
256
258
270
242
284
256
297
284
279
246
248
272
226
278
233
247
263
269
265
286
326
430
605
867
984
970
878
653
420
304
265
257
254
239
225
240
246
244
236
233
222
249
232
248
226
224
207
273
237
242
236
219
236
242
226
215
207
206
226
235
204
263
207
242
220
251
213
233
228
227
260
238
223
235
237
218
244
233
229
201
238
219
212
253
252
274
329
338
320
299
278
257
270
225
242
231
228
247
223
231
255
247
227
250
223
237
231
226
257
222
225
212
215
214
225
218
241
218
240
237
222
216
210
228
240
221
228
228
248
256
240
283
262
244
249
242
254
207
221
223
241
237
221
228
216
217
230
213
234
245
224
226
246
224
203
249
222
222
218
219
239
235
220
244
211
220
250
241
251
293
341
369
392
349
336
287
238
267
268
292
357
475
616
678
683
561
483
334
266
235
209
222
231
193
228
222
218
223
207
227
214
206
206
230
196
195
215
209
226
222
211
213
237
232
202
222
254
229
218
197
229
214
211
226
205
207
224
187
218
195
204
234
198
225
210
219
228
202
227
221
228
215
203
220
214
215
212
236
216
219
206
214
219
223
192
235
206
208
207
232
233
205
201
227
220
227
202
214
203
221
262
241
213
214
232
241
230
191
212
201
244
213
209
207
206
244
184
204
209
215
192
245
217
214
213
188
237
199
213
207
227
188
201
220
195
201
184
190
210
216
211
204
209
223
225
199
213
226
182
209
208
226
214
217
213
194
216
211
203
199
208
192
230
212
205
199
216
209
215
193
219
228
207
219
207
200
197
189
215
231
219
253
198
205
203
204
200
242
234
208
207
214
206
199
202
219
217
218
209
199
214
209
221
203
212
179
203
220
204
197
242
236
175
224
220
200
209
217
185
202
215
222
201
187
212
217
175
221
195
184
195
211
198
229
205
213
199
217
208
182
200
215
211
204
198
216
231
204
203
189
191
211
219
220
199
210
195
177
217
195
201
187
224
186
202
202
183
199
210
228
201
218
209
202
185
237
218
221
186
194
178
198
196
202
227
191
216
192
218
217
219
184
227
225
189
220
198
222
196
204
206
200
216
216
223
199
215
176
171
208
208
199
182
209
219
232
205
239
197
205
201
206
218
200
191
191
211
212
212
193
210
216
221
238
189
201
213
216
218
207
217
208
194
212
210
181
193
207
212
181
202
212
199
219
196
178
203
207
195
199
190
210
217
193
193
214
230
231
198
195
198
195
218
213
196
193
191
210
203
231
210
192
174
194
222
227
224
208
207
235
218
202
209
195
211
206
195
208
240
206
198
210
216
226
223
214
183
213
215
203
202
195
219
175
201
224
213
223
214
193
210
220
208
234
216
280
309
444
513
694
692
612
493
376
278
218
201
219
208
197
201
189
208
198
193
191
186
197
219
213
202
221
168
201
233
201
189
222
176
212
222
213
201
226
200
218
216
211
198
201
190
225
231
197
225
197
184
214
180
191
200
214
237
192
210
207
213
208
172
213
198
192
198
185
205
201
207
221
229
236
230
193
183
211
191
211
186
197
222
247
213
212
203
213
221
214
194
222
235
224
216
213
212
231
252
250
252
280
240
220
210
205
199
209
228
225
216
177
225
202
188
209
244
182
208
204
164
229
215
205
204
223
229
248
199
190
187
204
196
191
196
208
209
223
217
216
214
217
212
225
220
216
193
210
226
245
232
183
236
191
198
206
200
217
214
230
199
233
225
193
231
188
213
208
199
224
238
224
211
208
204
204
215
243
212
216
217
192
226
206
224
216
202
201
189
246
219
226
218
197
222
207
221
213
211
223
192
233
214
204
215
207
221
212
208
200
179
214
222
204
217
215
234
201
202
193
207
204
216
214
201
219
210
186
209
238
215
187
228
221
211
210
211
245
212
196
188
229
236
206
212
209
224
220
230
211
228
247
213
224
232
240
224
219
232
207
175
222
214
227
222
217
241
211
236
212
182
187
197
218
215
237
219
202
234
207
217
232
228
207
222
219
203
235
226
211
219
196
227
196
232
201
218
228
190
208
220
197
232
206
208
214
226
217
223
224
222
209
221
228
234
232
202
231
227
231
246
226
259
233
286
327
322
391
393
347
320
314
230
208
212
209
184
196
193
211
198
179
156
206
199
198
189
199
176
164
189
183
198
185
168
174
153
190
159
172
153
156
148
181
135
174
164
154
157
153
150
160
160
165
167
159
166
135
155
147
154
159
159
146
166
154
150
129
151
154
157
137
151
144
150
150
168
171
154
130
145
128
161
148
121
133
151
140
169
148
142
139
133
129
146
170
132
136
118
143
134
155
144
145
135
136
136
133
161
140
130
151
129
147
140
143
140
126
135
153
151
155
129
162
162
177
157
185
180
139
142
143
137
140
145
132
144
131
139
149
145
117
143
125
142
127
145
144
141
125
129
123
128
119
153
140
120
146
124
126
123
118
108
121
116
128
122
114
133
138
113
110
133
141
124
116
121
131
119
110
110
111
123
103
135
115
133
119
118
118
108
104
126
118
114
123
129
121
111
113
123
104
90
114
105
125
118
134
124
123
104
113
138
95
117
102
119
109
108
121
106
122
105
125
109
135
102
122
97
120
99
112
108
91
106
123
98
112
124
108
106
100
111
100
104
121
99
91
120
97
123
118
104
93
127
112
86
108
108
105
89
108
105
106
91
106
106
109
137
96
90
85
97
88
103
94
87
96
104
99
117
87
87
100
96
84
94
93
100
99
106
111
92
96
95
90
91
78
85
101
100
104
88
92
87
76
84
92
97
108
78
85
102
85
94
99
86
99
99
76
95
100
80
88
96
81
101
90
99
96
74
81
88
72
103
87
86
97
86
94
81
76
102
87
89
97
96
96
92
71
90
84
81
84
88
75
74
92
80
83
95
88
87
98
92
92
87
69
85
74
65
77
87
68
83
72
75
98
80
61
94
91
73
79
95
84
88
102
105
140
174
187
185
182
147
99
114
78
89
78
81
86
85
83
79
82
67
75
79
84
74
100
106
108
107
88
89
83
68
78
75
65
70
71
79
80
78
83
75
72
71
80
85
71
56
87
63
78
77
81
84
81
73
60
74
75
84
80
70
77
77
79
81
88
78
90
99
112
104
124
87
80
78
87
72
74
79
86
92
84
86
83
125
141
125
147
131
127
111
74
65
86
64
74
76
68
68
76
57
88
60
66
72
69
63
80
75
63
75
70
70
78
75
57
84
69
72
72
78
68
86
62
58
72
64
64
62
76
74
77
83
76
76
83
85
88
85
79
79
58
70
76
64
74
73
64
57
69
71
74
67
73
59
73
78
74
71
78
92
62
73
70
83
72
84
76
80
74
59
82
73
86
67
78
90
76
99
90
82
88
77
69
85
68
77
83
78
84
84
82
70
86
78
95
83
58
77
88
81
93
89
104
99
88
77
101
91
96
94
109
102
112
105
141
126
122
128
156
164
166
193
216
261
347
500
813
1406
2209
3241
4419
5075
4917
3834
2719
1497
772
349
144
71
31
41
55
43
43
48
47
56
45
46
50
42
45
49
45
57
44
37
53
43
48
33
43
36
41
38
36
54
40
57
39
48
43
45
42
45
39
32
42
47
43
41
42
47
49
39
44
32
49
34
45
56
37
37
26
41
35
44
42
42
48
43
45
45
31
43
53
34
36
48
52
47
51
45
51
33
23
46
44
50
43
52
51
44
45
42
65
82
68
62
63
49
38
52
46
37
44
46
44
40
55
54
46
51
57
45
53
31
42
46
38
49
36
31
35
38
39
52
37
47
56
78
74
79
101
105
76
78
58
57
56
38
51
39
45
48
61
35
35
50
41
48
38
40
49
42
52
33
48
43
31
38
40
35
37
46
48
61
44
48
45
39
27
44
53
33
48
37
44
45
40
34
43
44
39
40
33
50
51
33
46
54
38
37
43
38
54
43
40
28
46
35
33
45
45
37
33
33
37
34
45
48
46
50
53
59
57
47
49
40
48
38
52
50
52
44
51
55
53
44
44
39
43
41
35
36
48
42
35
40
37
48
44
33
41
36
31
37
33
34
34
26
34
42
35
48
37
34
34
39
39
35
44
38
37
40
47
38
40
25
37
50
47
36
55
33
39
40
47
32
36
44
28
22
38
34
55
30
31
30
27
40
37
36
32
24
32
27
30
37
35
42
26
39
33
36
27
32
34
32
32
34
38
28
37
33
37
39
36
30
35
35
36
33
40
32
30
39
49
49
51
43
43
40
47
45
42
50
55
53
33
44
47
40
46
34
42
50
54
76
91
103
90
95
99
77
56
62
57
57
101
132
153
175
160
138
109
86
64
55
44
45
39
28
41
37
31
37
33
31
52
45
38
38
41
35
31
28
40
29
30
26
29
42
22
35
30
38
38
38
41
30
33
35
28
41
42
27
34
29
29
39
34
35
26
27
29
39
29
31
32
33
31
31
26
28
39
33
26
41
31
46
24
29
45
41
44
37
51
54
63
87
57
47
47
36
42
36
34
30
49
29
28
38
39
37
32
29
38
28
33
36
35
39
50
53
45
60
59
53
62
56
39
37
32
22
20
29
32
37
40
26
39
26
29
33
32
36
28
30
42
42
38
26
32
30
30
28
26
23
35
29
21
29
27
32
22
30
33
33
35
25
22
28
34
33
31
37
26
28
27
30
22
28
18
29
29
32
17
31
32
25
20
26
27
34
25
23
21
28
26
35
30
42
44
25
40
33
38
36
49
60
72
54
55
45
46
26
18
32
32
30
22
29
30
30
34
38
35
28
44
25
30
23
28
21
32
29
27
24
26
23
22
19
22
33
31
25
23
26
35
26
28
23
32
26
22
25
26
25
28
23
22
17
23
40
23
19
27
32
19
30
34
22
40
41
30
31
25
34
25
32
26
28
28
25
25
30
34
25
28
25
19
17
28
27
32
26
24
38
35
48
30
36
19
24
21
33
23
24
32
29
22
30
27
17
17
25
36
32
32
24
27
18
35
17
29
28
36
25
29
27
26
21
27
32
19
39
17
25
20
30
21
26
24
30
26
32
21
24
28
21
24
26
22
28
25
27
28
27
20
22
32
34
22
21
29
26
25
22
23
19
27
27
21
28
22
38
27
24
34
34
21
27
32
34
31
26
22
25
34
24
31
38
35
42
50
43
82
88
128
99
97
71
49
47
40
32
17
24
26
27
24
26
25
32
30
25
29
38
23
18
27
34
28
25
31
25
22
24
24
34
26
34
38
28
19
22
28
24
24
16
27
27
27
26
24
21
23
17
29
22
21
24
36
25
26
14
18
22
29
26
22
28
32
32
21
24
29
31
22
23
30
25
29
30
28
29
29
32
30
23
28
37
35
31
36
36
37
44
65
80
124
201
283
336
429
401
333
252
157
116
51
39
32
19
24
26
22
20
20
21
19
17
22
28
17
18
29
27
24
29
19
19
23
24
31
16
26
11
24
24
23
34
27
21
29
28
27
29
17
27
20
22
22
23
37
29
23
25
20
25
23
36
29
19
21
16
24
20
34
24
27
14
24
18
21
19
25
32
28
23
20
18
20
20
19
17
18
13
14
14
32
9
16
20
23
24
15
27
14
23
21
18
17
25
28
28
27
19
20
22
31
24
29
25
26
26
26
25
23
26
18
26
22
23
25
21
16
24
21
19
25
25
19
21
20
19
23
19
16
31
22
18
33
23
17
24
23
21
23
33
23
15
17
25
30
30
20
25
19
23
33
23
20
18
26
20
17
14
36
25
27
24
15
23
20
28
29
33
25
23
17
27
24
28
19
23
26
24
25
23
24
14
27
21
20
16
25
15
29
11
31
15
43
30
33
33
32
23
24
37
27
25
22
23
25
21
28
30
20
33
32
25
26
32
28
29
21
27
38
43
59
60
94
58
54
47
41
38
20
24
30
19
22
25
21
24
30
14
20
24
25
20
25
27
20
21
28
24
25
30
25
24
31
18
20
17
20
23
18
19
36
34
28
16
17
22
27
27
21
24
26
24
26
22
22
25
27
32
20
17
23
17
22
20
22
21
25
21
24
28
27
16
27
33
28
33
26
20
27
21
19
19
22
25
27
20
21
20
18
24
23
23
32
24
23
22
28
22
35
23
18
30
26
26
21
16
21
25
25
23
33
17
21
15
18
26
24
21
24
29
21
32
23
23
19
23
33
28
20
25
32
26
31
31
30
18
16
24
27
22
21
23
18
24
26
22
23
21
18
24
30
24
17
17
15
16
22
26
32
15
20
19
33
28
17
25
21
26
32
25
21
24
22
30
27
25
26
28
23
21
18
26
23
15
28
22
26
19
22
24
26
36
23
17
24
24
28
23
25
19
21
21
25
14
29
25
18
18
25
27
23
23
18
26
24
19
18
22
35
28
13
23
22
21
20
25
27
27
31
20
22
27
28
22
26
25
20
22
25
16
25
20
19
31
24
38
26
22
30
27
25
25
22
19
33
20
14
30
19
22
12
20
27
21
23
20
21
17
17
25
18
17
26
16
18
20
17
19
15
28
20
17
22
25
21
22
19
18
21
21
22
27
20
20
22
16
26
23
19
15
16
18
22
20
23
21
24
28
21
21
22
28
23
25
23
25
23
22
20
21
15
20
16
26
16
19
15
13
18
28
19
27
31
28
23
21
20
20
20
12
21
23
24
23
22
28
20
21
16
21
19
23
22
23
17
18
26
26
14
22
21
22
22
18
20
20
20
16
25
30
29
16
24
25
16
15
22
18
29
18
26
14
14
18
17
22
19
19
21
23
13
21
27
28
28
13
24
21
25
21
20
18
20
12
20
22
22
22
31
18
21
12
19
20
20
20
19
20
12
17
20
11
21
12
24
23
17
20
32
20
22
27
20
20
13
17
23
28
20
16
24
15
22
18
18
21
15
20
20
11
15
29
21
22
18
24
25
30
17
15
15
17
22
16
19
20
23
22
18
17
17
22
25
14
18
23
23
25
16
22
23
25
16
22
21
19
20
18
20
22
20
17
17
18
13
26
17
25
16
11
18
17
15
24
19
20
19
28
18
20
21
15
21
26
23
26
14
21
17
19
18
16
19
30
19
19
18
20
20
19
26
23
27
18
16
13
26
16
14
18
13
23
21
10
15
20
21
22
25
21
21
23
21
9
16
22
11
20
14
23
16
17
12
18
19
21
21
28
23
25
25
13
13
24
15
22
17
20
18
22
15
19
13
25
15
23
25
17
18
15
16
21
20
18
30
21
25
20
13
21
24
11
19
23
26
16
13
22
17
15
25
25
13
23
14
17
14
19
23
11
18
14
21
16
19
32
20
16
23
21
20
13
25
22
28
18
19
23
20
22
19
16
15
21
8
13
29
24
12
17
18
14
19
25
21
29
16
22
20
16
16
22
25
19
26
17
16
19
23
23
17
14
21
27
18
14
17
15
21
23
16
26
20
17
21
16
28
31
15
20
25
17
22
17
23
22
31
30
32
31
45
50
58
76
77
78
72
90
89
84
56
48
41
39
28
17
22
18
18
16
14
25
24
27
23
17
20
18
17
21
19
19
18
19
18
19
17
13
11
34
18
17
24
24
33
32
29
45
37
47
47
36
29
24
29
15
20
19
17
19
12
17
22
14
20
22
18
16
17
22
22
20
15
27
25
22
13
11
21
21
27
24
16
18
15
16
21
25
17
23
14
26
19
25
31
20
24
14
12
18
17
15
18
26
22
21
23
24
20
19
11
17
16
13
15
16
15
16
13
20
20
22
21
17
24
19
21
18
18
12
20
19
27
25
17
16
21
26
12
16
20
18
27
23
19
11
17
16
21
21
15
30
20
17
24
22
20
25
17
18
19
20
22
27
21
14
19
20
23
20
17
16
19
26
18
15
20
18
16
21
25
17
20
14
20
20
20
20
23
14
16
19
18
22
16
17
30
23
21
25
30
23
21
22
16
21
21
21
22
22
14
26
20
23
17
16
26
17
24
17
11
21
18
14
15
18
15
23
20
22
9
16
21
17
17
17
12
22
23
9
18
23
12
12
28
13
15
21
17
16
22
22
21
26
26
22
30
26
20
13
24
16
18
25
20
25
18
16
16
13
22
19
12
24
30
26
32
44
44
70
75
92
109
138
118
108
57
58
44
26
31
30
25
21
23
19
14
9
26
17
17
24
16
28
18
17
18
18
17
15
13
16
16
21
21
16
31
16
19
13
19
23
12
21
31
18
14
24
20
17
27
19
25
26
22
27
22
26
24
23
14
22
20
26
25
30
18
13
24
22
23
20
17
20
21
13
20
17
19
19
17
20
23
20
21
20
17
11
14
14
13
16
19
20
12
21
24
17
18
17
20
19
19
24
21
23
14
14
29
16
18
23
15
22
19
23
19
13
25
27
19
18
23
26
19
14
19
20
27
22
17
13
27
18
17
19
16
8
22
21
21
23
18
19
25
28
13
17
26
21
15
23
26
30
16
22
18
27
20
14
18
18
18
16
21
26
16
21
25
11
16
23
25
15
25
15
20
24
16
15
25
18
20
24
22
14
14
12
28
24
17
19
18
15
19
21
27
16
30
24
19
16
17
17
29
19
21
33
19
24
25
32
22
16
19
15
16
18
13
21
19
12
30
26
14
29
12
25
23
27
17
14
20
18
26
26
18
25
19
20
22
27
27
24
20
23
23
26
22
24
27
30
27
25
28
18
19
23
29
11
21
13
13
18
20
27
18
22
16
23
30
23
18
30
14
26
20
17
19
24
20
23
17
25
20
15
19
15
19
31
28
31
25
29
30
24
15
17
23
20
27
23
24
16
28
22
21
17
30
18
16
19
24
22
10
24
27
27
18
13
18
19
18
20
21
16
21
23
13
26
15
18
25
24
25
17
19
21
17
24
24
23
19
26
19
20
22
21
25
30
16
24
27
25
18
23
32
22
18
21
23
21
20
21
14
29
25
32
16
24
15
23
28
21
21
39
24
22
22
16
23
30
27
19
17
20
23
28
23
33
18
28
19
27
28
17
28
25
15
17
30
31
24
23
30
29
18
22
20
18
17
25
22
18
14
26
27
21
22
21
23
19
29
21
26
22
25
29
17
23
14
23
18
26
28
24
26
28
23
21
24
22
26
23
17
18
22
21
25
24
25
25
23
26
23
25
19
25
19
16
20
21
34
34
17
37
30
24
21
29
19
12
26
29
30
22
23
21
16
27
21
16
27
26
26
19
25
15
17
18
21
15
33
28
22
16
29
16
13
18
13
16
30
16
15
15
21
12
27
16
10
32
16
9
16
9
14
14
15
11
17
13
21
16
7
19
13
16
16
18
15
17
9
12
12
23
21
9
14
22
20
13
15
14
9
19
19
17
22
15
11
15
14
16
22
11
17
7
17
14
22
12
17
10
18
17
16
14
13
17
14
21
10
12
17
14
15
11
15
5
14
10
8
15
13
7
9
13
13
13
13
20
15
16
14
13
10
9
15
14
11
16
13
12
16
18
17
13
14
15
19
8
12
14
11
8
22
12
15
19
16
11
10
12
8
14
13
8
15
14
18
15
11
9
8
13
15
14
18
15
16
8
16
13
15
8
12
14
19
14
14
17
12
10
17
9
12
11
15
18
11
8
10
11
8
14
16
21
22
24
38
29
31
44
35
40
30
25
21
16
7
18
9
10
12
9
6
12
6
6
7
14
15
10
5
13
11
11
8
7
12
5
12
9
11
15
7
11
9
9
9
13
13
15
7
13
8
9
11
7
7
5
10
7
12
7
10
8
7
11
9
9
7
8
16
8
6
4
11
10
9
9
10
10
9
10
13
5
12
9
15
7
12
8
3
7
6
7
9
13
8
13
6
3
8
7
8
5
6
4
9
10
13
10
14
7
4
6
6
4
11
12
4
7
8
5
1
11
5
5
5
7
9
9
7
9
9
10
5
5
9
6
1
7
4
6
6
6
4
6
2
5
5
5
4
6
6
6
3
6
6
10
6
4
3
5
3
6
4
7
6
9
6
9
5
5
10
8
4
10
7
6
4
0
6
7
7
2
10
7
4
6
4
10
3
5
4
4
7
8
3
6
7
2
2
5
2
2
8
9
5
7
1
4
2
4
5
4
10
6
3
2
5
3
2
3
0
4
3
6
4
5
9
6
4
7
1
3
1
6
5
1
5
1
5
1
3
7
4
3
4
6
3
6
4
7
3
4
4
6
3
3
1
2
4
3
7
7
3
4
8
6
1
3
5
10
9
3
4
6
6
3
6
2
1
2
1
2
6
3
1
4
5
2
6
2
7
5
1
2
8
5
2
4
9
1
7
6
6
6
6
8
5
6
12
4
5
8
4
6
6
3
2
4
0
5
3
4
5
4
3
4
3
8
6
2
8
4
3
6
4
4
2
3
4
3
2
2
2
3
5
4
6
7
2
6
1
2
0
5
2
7
9
4
2
4
4
4
7
1
8
3
5
2
4
2
2
6
3
1
5
3
2
6
3
5
6
5
4
5
7
4
4
13
8
5
7
1
4
2
3
2
10
7
6
3
4
6
6
3
5
3
5
4
4
4
4
6
0
5
8
4
8
6
8
3
7
6
3
6
6
4
6
6
3
2
8
7
5
9
8
9
8
6
6
10
16
10
11
10
17
17
11
15
17
27
20
20
21
26
30
26
42
49
70
136
150
227
327
403
504
590
521
471
377
250
160
88
52
18
9
2
1
0
3
1
0
0
0
0
1
3
1
2
0
0
1
4
2
3
2
2
0
2
0
3
0
3
1
2
1
1
3
3
2
1
1
3
0
1
0
1
1
2
1
1
1
4
1
2
4
2
0
1
1
1
0
1
3
1
1
0
0
1
0
1
1
3
0
1
1
0
1
0
1
1
0
1
1
0
0
1
2
1
1
2
1
5
1
0
0
2
3
1
0
0
2
3
1
0
1
1
3
1
3
1
2
1
2
2
1
3
2
1
2
0
1
1
2
1
0
1
1
2
0
3
3
1
1
0
1
0
2
1
1
2
4
3
1
4
1
1
0
2
0
2
2
2
1
2
0
2
1
0
0
1
2
1
2
0
3
2
2
0
2
1
1
3
1
2
3
3
1
3
1
1
1
2
0
3
1
2
1
1
2
0
1
0
1
3
1
0
1
3
3
1
1
2
6
1
2
0
0
0
3
1
0
3
1
2
3
3
5
2
0
1
1
2
2
1
3
2
0
2
0
2
1
3
0
3
1
2
0
0
2
0
1
1
3
0
1
0
0
0
0
0
1
1
1
4
2
1
1
1
4
1
2
0
2
0
0
1
1
1
2
2
1
3
2
0
1
0
1
2
1
2
3
1
2
2
0
4
2
3
0
0
1
1
0
4
2
3
3
1
1
0
0
3
2
2
2
1
0
3
3
0
2
1
1
2
1
2
2
2
4
1
0
3
2
1
1
1
1
2
0
0
0
1
0
1
2
1
3
1
3
2
1
2
1
0
0
1
1
1
2
4
1
1
1
0
0
1
2
0
2
2
1
2
1
2
2
0
1
1
1
0
3
2
1
1
3
1
0
1
1
2
2
4
1
0
0
1
2
1
2
4
0
2
3
2
0
1
0
2
0
4
1
3
1
2
1
1
1
1
0
0
2
1
1
1
0
1
2
0
1
1
0
4
1
4
2
0
1
0
0
0
2
1
0
0
2
0
1
0
3
1
2
4
1
0
1
3
1
0
1
0
2
0
2
4
1
1
0
1
0
1
3
1
1
2
3
1
0
1
0
3
0
0
1
1
1
1
0
1
3
0
2
2
2
1
0
1
1
0
1
0
1
3
0
0
0
2
1
0
1
0
2
0
3
1
0
2
1
1
0
0
2
3
1
1
2
0
0
1
1
2
1
3
0
1
3
2
1
3
2
0
3
3
2
1
1
1
0
2
0
2
1
0
1
1
1
1
1
2
0
3
0
2
0
0
3
1
2
3
2
2
0
1
1
0
3
3
0
0
1
0
0
0
2
1
1
3
0
1
1
2
0
2
4
0
0
0
0
0
0
1
2
0
2
2
3
2
0
0
0
1
3
3
0
2
2
1
0
1
0
4
1
1
0
1
2
0
1
0
3
3
1
2
0
0
1
2
0
1
1
0
0
1
1
4
2
0
2
0
4
0
0
4
1
1
0
3
1
5
1
1
1
1
0
2
1
1
2
1
2
2
0
0
2
2
0
2
0
2
3
1
0
0
1
3
4
1
0
2
4
1
3
2
0
0
2
2
0
2
1
0
1
0
4
3
1
1
0
1
1
4
0
1
0
0
1
4
0
0
1
0
1
0
3
0
1
3
1
0
0
1
1
1
0
0
0
1
1
2
1
3
3
1
2
2
2
1
0
1
1
2
0
1
1
0
1
1
1
2
0
0
2
0
1
3
0
1
0
0
1
2
4
3
3
2
2
2
4
2
0
3
3
2
0
1
5
1
1
1
1
2
1
0
5
0
0
0
1
1
2
2
1
1
2
1
1
2
2
1
0
1
1
2
2
4
2
1
0
1
2
1
1
0
2
1
1
0
2
1
1
4
0
2
3
0
4
2
2
1
0
0
2
2
2
1
1
0
2
0
3
1
0
1
2
3
0
3
0
3
2
1
0
3
1
1
4
0
1
2
2
2
2
2
0
2
0
1
2
0
0
2
0
4
3
0
0
0
0
0
1
1
2
2
1
4
1
1
0
0
0
1
2
1
2
0
2
1
0
2
3
0
2
3
0
2
3
2
1
0
1
2
1
1
2
1
0
2
1
0
0
3
1
1
1
2
1
0
1
0
1
2
0
1
1
4
1
1
0
2
1
0
0
3
1
0
4
0
0
3
0
0
2
1
0
1
1
1
1
0
0
2
2
2
0
1
2
1
3
3
0
1
0
0
0
2
1
3
0
2
0
0
1
1
1
1
0
0
0
0
1
0
0
2
1
1
0
1
3
0
$ENER_FIT:
0.140 0.363625 4.90000e-010
$MCA_CAL:
3
0.140 0.363625 4.90000e-010
$PEAKLABELS:
222.769, "Ba-133"
978.363, "Ba-133"
832.356, "Ba-133"
759.683, "Ba-133"
1054.823, "Ba-133"
146.090, "Ba-133"
441.627, "Ba-133"
613.401, "Ba-133"
1200.527, "Ba-133"
84.322, "Cs X-rays"
96.926, "Cs X-rays"
4017.192, "K-40,(Bkgd)"
7189.152, "Th-232(d),(Bkgd)"
189.216, "Au XRF,(Detector)"
$ENDRECORD:
