$SPEC_ID:
PeakEasy Library File: PeakEasy Library File:  Sm-153 GR-135 (NaI)
$MEAS_TIM:
50.44000 55.00000
$DATE_MEA:
23-May-2005 6:44:48 AM
$DATA:
0 1023
0
0
0
2
3
11
21
138
252
427
631
880
1283
1707
2238
2136
1776
1550
1429
1357
1457
1520
1662
1757
1906
1915
1922
1837
1679
1563
1433
1303
1225
1199
1298
1457
1688
1666
1308
664
302
127
74
60
77
80
71
66
63
70
62
70
61
58
67
47
60
48
50
68
46
52
44
43
57
42
34
47
46
36
35
31
25
36
29
30
26
29
26
30
27
35
21
34
27
26
23
23
18
21
23
15
14
14
19
22
18
20
24
20
18
22
14
17
16
15
11
14
12
11
10
10
7
8
12
10
13
9
11
8
9
10
7
8
12
11
5
10
5
11
10
4
4
9
5
5
3
7
4
4
6
6
5
7
3
4
2
3
8
4
5
5
10
3
6
3
3
8
2
3
6
4
4
2
3
6
3
1
4
6
3
4
2
5
5
7
2
4
4
0
0
3
7
3
6
2
1
2
3
2
2
3
2
3
2
5
5
4
2
4
7
6
6
7
1
8
7
1
3
2
2
3
4
0
5
2
3
0
2
0
1
2
2
1
1
3
0
0
2
0
2
5
1
0
2
2
0
2
2
3
1
0
1
0
1
2
1
2
0
1
0
2
0
0
0
0
1
0
1
1
3
1
1
2
1
5
0
4
1
0
1
1
3
1
2
0
1
1
2
2
1
0
2
0
1
0
2
2
1
0
0
1
1
0
1
2
0
2
0
1
1
0
2
0
1
2
2
1
3
1
3
1
0
3
1
1
2
0
3
2
3
2
0
2
1
3
0
2
1
0
1
0
2
0
1
1
0
1
0
1
0
3
2
0
1
2
1
1
2
0
2
1
0
0
1
0
0
1
0
0
0
0
0
1
2
2
0
0
1
2
1
1
0
2
0
0
1
1
1
0
0
1
1
1
1
0
2
0
1
0
2
0
2
2
1
1
0
1
0
0
0
0
1
0
2
1
0
0
1
0
0
1
0
2
1
2
1
1
1
0
0
0
0
2
0
0
0
1
0
0
0
2
1
0
0
0
0
0
0
0
1
1
0
1
1
0
1
0
0
2
2
0
0
2
0
1
0
0
0
0
2
1
1
1
0
1
0
1
0
0
0
2
1
1
0
0
0
0
0
0
0
1
1
0
0
0
0
1
0
0
0
0
0
0
1
0
0
0
0
0
0
1
0
1
0
1
0
0
0
0
1
0
0
0
0
1
0
0
0
1
0
0
0
1
1
1
0
0
0
0
0
0
1
0
1
0
0
0
0
1
1
0
0
0
0
0
1
0
0
1
0
0
0
0
0
0
1
0
0
0
0
0
1
0
0
0
0
0
0
0
0
0
0
0
0
0
0
0
0
1
1
0
0
0
0
0
0
0
0
0
0
0
0
0
0
0
0
0
0
0
0
0
0
0
0
1
0
1
0
0
1
0
0
0
0
0
0
0
0
0
0
0
0
0
1
0
0
0
0
0
0
0
0
0
0
0
0
0
0
0
0
0
1
1
0
0
0
0
0
0
0
1
0
0
0
0
0
0
0
0
0
2
0
0
0
0
1
1
0
0
0
0
1
0
1
0
0
1
1
0
0
1
0
0
0
0
1
0
0
0
0
0
0
0
0
0
0
0
0
1
0
0
0
0
0
0
0
0
0
0
0
0
0
0
0
1
0
0
0
0
0
1
0
0
0
0
0
0
0
0
1
0
0
0
2
0
0
0
0
0
0
0
0
0
0
0
0
0
0
0
0
0
1
0
1
0
0
0
0
0
0
0
0
0
0
0
0
0
0
0
0
0
0
0
0
0
0
0
0
0
0
0
0
0
0
0
0
1
0
0
0
0
0
0
0
0
0
0
0
0
0
0
0
0
0
0
0
0
0
0
0
1
0
0
0
0
0
0
0
0
0
0
0
0
0
0
0
0
0
0
0
0
0
0
0
0
0
0
0
0
0
0
0
0
0
0
0
0
0
0
0
0
0
0
0
0
0
0
0
0
0
0
0
0
0
0
0
0
0
0
0
0
0
0
0
0
0
0
0
0
0
0
0
0
0
0
0
0
0
0
0
0
0
0
0
0
0
0
0
0
0
0
0
0
0
0
0
0
0
0
0
0
0
0
0
0
0
0
0
0
0
0
0
0
0
0
0
0
0
0
0
0
0
0
0
0
0
0
0
0
0
0
0
0
0
0
0
0
0
0
0
0
0
0
0
0
0
0
0
0
0
0
0
0
0
0
0
0
0
0
0
0
0
0
0
0
0
0
0
0
0
0
0
0
0
0
0
0
0
0
0
0
0
0
0
0
0
0
0
0
0
0
0
0
0
0
0
0
0
0
0
0
0
0
0
0
0
0
0
0
0
0
0
0
$ENER_FIT:
0.115 2.791423 6.02374e-004
$MCA_CAL:
3
0.115 2.791423 6.02374e-004
$PEAKLABELS:
25.260, "Sm-153"
36.406, "Sm-153"
14.572, "Sm-153,X-rays"
$ENDRECORD:
