$SPEC_ID:
PeakEasy Library File: 20 Lantern Mantels on Contact - Detective
$MEAS_TIM:
478.00000 502.00000
$DATE_MEA:
3-Apr-2006 11:41:39
$DATA:
0 16383
0
0
0
0
0
0
0
0
0
0
0
0
0
0
0
0
0
0
0
0
0
0
0
0
0
0
1
0
0
0
2
1
0
1
2
2
2
0
2
37
423
840
893
955
894
931
896
946
855
868
872
853
875
863
846
807
824
795
802
790
816
780
781
758
749
801
774
775
730
729
752
734
710
709
696
774
741
722
715
725
715
733
716
708
652
688
654
665
719
690
673
671
686
701
665
658
635
662
609
627
604
716
701
663
649
664
643
717
649
686
663
655
668
697
710
677
738
716
767
753
718
723
782
768
801
754
771
832
847
898
831
849
829
864
944
951
1021
1030
1129
1117
1166
1084
1024
1012
1048
1077
1175
1321
1544
1993
2578
3091
3270
3506
3623
3960
4259
3942
3035
2070
1355
1037
889
831
820
841
811
858
888
1092
1134
1256
1266
1355
1525
1739
2016
2069
2087
1919
1986
2336
2448
2271
1971
1623
1578
2058
2490
2668
2506
1963
1400
995
743
693
646
680
700
801
896
932
1014
963
878
731
680
682
684
733
823
955
1196
1332
1316
1238
997
874
813
867
885
843
774
714
687
592
547
634
574
606
622
648
644
669
678
678
584
576
565
532
526
527
519
533
516
523
528
535
587
601
544
587
573
604
582
563
581
615
722
781
1037
1160
1156
1087
833
756
646
583
560
589
535
525
488
541
538
554
594
552
549
546
504
537
548
509
513
604
531
541
476
522
541
548
541
530
548
523
512
537
488
513
525
506
547
512
480
537
559
494
547
542
627
662
715
730
619
556
521
485
486
504
506
488
491
443
475
472
528
455
479
513
443
472
505
441
461
508
495
467
493
425
469
480
457
447
422
461
503
480
500
458
453
464
421
465
466
478
461
477
479
472
477
470
492
451
511
459
504
497
432
462
457
484
455
489
469
477
468
471
469
462
477
437
453
489
442
495
515
478
443
483
499
402
438
444
453
435
421
442
416
431
449
427
441
529
508
500
476
453
452
404
455
425
445
458
474
453
432
437
455
454
499
691
894
1153
1357
1283
1046
806
617
484
439
386
393
389
379
420
422
469
466
415
415
368
278
379
388
405
383
353
360
386
331
367
386
371
378
391
394
376
335
403
366
361
348
346
360
359
356
351
375
335
353
368
406
380
385
395
372
422
457
806
1584
3257
5505
7670
8503
7532
5516
3395
2072
1380
1026
691
497
355
280
266
275
264
252
293
260
265
261
273
255
261
249
252
249
261
289
256
281
301
272
235
239
272
246
244
262
244
239
280
242
242
271
200
222
277
229
214
255
254
266
240
248
252
242
256
231
271
270
283
333
494
621
828
920
822
592
441
318
229
238
218
223
221
242
304
378
519
541
576
498
414
320
305
263
236
224
242
232
242
236
212
225
197
228
201
237
235
236
274
271
282
279
253
209
221
208
241
226
202
204
218
217
195
229
229
213
216
222
241
257
292
435
563
649
649
577
449
339
267
206
192
200
202
194
228
213
185
231
195
217
194
200
205
194
233
203
211
203
173
198
209
217
199
188
199
203
196
211
187
203
203
187
204
223
214
229
219
225
219
216
190
200
190
219
211
252
271
345
449
607
693
682
553
393
283
259
223
255
245
253
226
246
174
189
206
243
254
470
786
1192
1707
1953
1894
1432
952
518
368
263
227
201
167
207
164
169
165
193
192
170
197
188
194
199
168
164
181
164
160
189
180
210
203
165
189
150
165
167
180
160
146
163
182
173
167
165
167
135
204
154
178
144
177
164
170
165
178
175
183
149
157
159
157
180
170
164
159
183
167
165
189
179
179
157
174
167
168
154
187
194
180
179
159
192
167
166
171
154
160
163
169
183
167
171
165
171
153
148
170
158
174
157
167
156
171
166
194
175
179
172
174
154
153
181
152
168
172
147
176
145
182
172
164
175
162
151
171
157
179
157
160
166
141
163
149
143
175
161
156
134
148
150
153
153
207
235
292
357
405
344
295
225
166
158
145
135
139
139
127
141
125
139
140
151
129
103
129
146
126
114
133
117
124
143
115
116
110
129
112
118
116
135
111
111
148
126
129
121
117
132
122
137
112
126
120
135
127
124
101
124
110
121
102
108
117
113
114
117
113
147
126
118
121
137
141
119
116
104
102
113
136
115
133
112
127
130
114
126
130
105
130
127
110
125
145
143
145
169
141
121
123
123
120
114
115
106
117
103
106
97
106
146
153
175
232
354
504
570
564
469
323
222
178
135
110
90
117
102
114
115
106
118
111
125
116
117
109
115
119
122
104
115
121
124
99
116
121
148
133
127
112
117
109
98
108
120
95
111
118
106
102
116
106
101
97
111
105
107
88
134
96
110
99
104
113
108
116
107
109
97
117
82
122
113
109
87
126
93
92
91
113
88
110
113
116
106
89
114
135
136
119
122
122
109
95
113
114
133
135
162
197
290
406
542
686
680
654
494
329
237
157
115
114
119
109
107
102
115
95
103
105
114
113
104
125
94
105
113
128
110
106
88
129
103
96
114
119
103
119
101
91
110
111
99
103
101
108
95
95
103
94
111
97
110
86
106
102
100
97
105
95
119
88
114
104
103
112
91
108
100
107
78
100
97
96
115
98
112
114
112
107
120
100
107
106
117
98
104
101
111
103
104
91
113
126
103
93
106
101
104
104
104
106
131
105
98
104
129
142
150
176
171
145
146
110
119
90
74
131
125
91
110
108
103
97
114
99
139
119
146
114
136
127
115
112
118
106
90
90
81
109
136
105
104
117
120
111
163
275
531
960
1522
1972
2153
1763
1256
705
363
202
119
116
104
89
91
99
87
120
82
74
104
78
90
105
81
105
89
87
97
90
79
93
94
86
84
86
79
111
82
90
87
89
70
86
91
100
87
126
93
86
92
106
88
116
122
100
121
112
100
113
94
112
90
108
95
97
90
91
100
92
102
96
103
98
91
93
95
87
88
86
98
101
89
80
96
103
102
96
80
86
81
93
77
102
91
95
107
113
78
83
95
100
77
79
111
92
89
89
117
107
74
72
105
100
96
86
94
73
108
89
89
99
83
86
88
83
83
97
97
85
99
88
93
95
89
80
83
107
110
91
98
118
106
84
95
93
102
106
92
85
91
91
89
92
85
93
92
94
93
85
97
123
84
91
99
88
97
81
91
83
93
103
101
109
79
83
89
89
99
104
91
67
89
101
79
92
109
112
79
106
119
92
114
90
73
110
98
95
88
99
99
108
108
96
104
107
93
88
95
105
97
84
88
90
99
85
100
94
94
100
100
106
107
97
96
107
90
100
89
98
97
100
117
95
101
100
83
89
98
118
102
109
104
89
104
96
104
113
111
100
81
108
100
97
91
96
100
97
128
97
122
87
83
91
78
84
87
99
83
82
93
72
87
74
87
77
97
72
77
75
93
69
97
80
83
74
82
71
79
74
66
88
102
150
199
295
393
496
438
374
229
172
103
79
93
68
67
77
71
58
76
67
86
73
77
79
80
75
73
71
68
90
72
74
89
70
72
71
57
77
73
67
75
74
87
73
77
70
65
68
86
72
67
80
67
75
92
76
75
55
90
93
93
134
121
128
127
99
99
88
75
65
71
79
66
76
72
70
90
87
100
93
97
80
74
75
70
58
55
41
64
64
57
61
68
87
91
122
125
133
128
94
87
53
60
56
69
49
42
63
57
45
56
54
64
66
56
72
69
88
74
73
60
75
122
88
98
97
74
58
52
53
46
52
36
41
48
52
48
63
70
101
163
217
300
301
247
175
123
82
80
42
35
56
39
37
38
31
32
33
32
41
41
23
44
40
35
36
44
35
34
53
42
44
28
30
39
46
39
40
31
38
37
33
37
30
31
37
45
48
31
41
36
38
41
34
39
36
33
36
31
35
38
47
43
35
41
47
38
35
40
36
37
38
41
56
50
59
63
53
49
40
51
46
54
67
95
114
119
114
88
74
52
38
54
60
74
77
68
78
52
36
31
33
23
30
35
25
26
30
29
31
25
32
32
28
39
25
27
30
33
27
23
32
27
33
21
35
23
23
26
35
33
48
54
112
152
198
215
207
170
117
92
52
35
27
19
19
27
23
25
22
19
29
24
22
24
26
23
36
36
34
33
34
33
31
33
29
24
29
26
21
26
24
29
29
30
28
27
25
23
24
24
27
19
22
20
22
31
20
18
34
21
25
30
28
18
23
21
26
33
33
28
30
53
29
31
29
33
24
34
34
20
22
25
20
25
17
23
26
31
24
28
34
29
40
41
55
72
56
40
35
20
34
36
59
129
274
491
871
1245
1382
1307
1008
651
335
134
68
36
18
22
24
17
23
23
20
18
21
23
34
18
14
24
24
15
12
10
13
16
11
24
30
20
14
18
15
23
13
16
11
15
8
16
19
14
24
19
20
27
23
21
24
13
24
22
12
14
22
23
36
13
18
12
16
22
19
20
23
24
27
31
25
12
23
30
20
17
30
22
18
20
20
26
30
22
35
19
22
11
19
18
12
11
23
32
25
36
36
42
37
29
14
17
22
18
34
78
135
179
239
272
271
195
191
183
314
494
617
767
783
659
427
226
120
49
28
12
17
16
20
11
22
21
25
21
16
20
18
25
16
16
12
9
17
15
20
22
20
15
16
12
11
15
21
18
14
25
18
29
18
20
15
15
10
13
17
17
11
21
12
14
12
14
13
12
10
15
20
11
14
10
18
8
17
16
16
20
23
19
19
23
17
13
15
11
14
17
22
14
17
7
10
21
19
10
9
17
14
14
12
11
18
12
17
11
17
15
14
19
17
15
14
16
13
13
11
18
15
11
16
15
11
10
14
13
12
11
16
8
18
15
10
12
14
13
25
11
26
20
21
23
17
13
14
15
14
20
22
16
9
22
19
9
18
21
18
17
19
16
15
25
11
12
17
18
18
9
16
9
13
8
8
15
13
12
17
11
14
19
18
12
20
14
14
11
13
17
16
14
16
17
15
7
13
15
19
15
11
18
24
21
8
25
24
29
23
20
20
20
16
13
11
11
16
15
14
10
10
16
15
10
16
14
11
14
19
12
12
16
23
38
26
34
31
25
19
20
18
10
8
16
14
11
8
13
11
15
14
16
10
20
23
15
15
13
7
10
11
17
15
11
20
24
21
27
20
14
17
14
26
12
15
8
20
13
17
10
15
11
13
11
13
8
12
12
11
12
13
20
13
11
13
22
13
21
28
32
22
16
16
10
13
11
20
20
13
9
9
12
19
16
18
13
17
23
21
27
17
18
21
19
6
20
17
10
12
12
3
12
10
11
18
13
10
18
14
4
13
13
17
23
13
13
6
18
11
12
7
11
17
4
11
13
8
18
17
11
15
13
9
8
18
17
15
13
12
11
17
17
9
13
8
12
12
17
12
8
12
14
13
17
16
23
15
10
24
21
15
14
12
17
13
21
17
16
13
9
16
12
13
7
14
21
12
12
19
17
11
13
11
16
14
15
16
16
14
11
12
14
9
12
10
9
10
16
13
16
15
9
11
14
12
16
14
10
26
11
9
10
7
11
14
21
20
12
11
12
16
9
11
9
6
12
12
18
12
17
17
15
18
11
15
14
12
18
12
15
17
17
8
18
19
16
14
14
12
9
10
11
18
18
16
10
11
18
16
14
11
16
10
19
16
9
9
13
24
11
9
11
16
16
18
15
19
10
13
16
11
16
15
17
13
18
12
15
23
16
15
12
20
10
15
20
7
8
15
19
10
9
14
10
19
18
6
18
17
12
10
23
19
12
22
15
20
17
11
15
24
11
10
21
8
13
14
16
21
18
11
15
11
18
15
8
11
10
11
18
19
21
20
28
30
24
31
29
36
28
21
27
12
15
8
17
12
17
11
14
14
21
23
8
20
13
8
14
15
18
14
12
12
17
12
18
12
18
11
13
19
13
11
14
18
20
12
14
19
18
9
16
9
14
16
14
17
12
23
5
12
14
14
21
13
28
16
14
7
16
19
15
15
14
11
13
15
10
12
11
12
12
16
10
13
16
14
20
20
24
11
8
12
17
12
13
18
7
16
15
16
21
17
10
9
12
20
15
13
9
19
17
11
14
9
17
12
12
19
15
9
15
13
18
7
18
14
14
21
14
15
15
9
22
13
17
15
14
13
17
15
10
9
10
17
19
17
14
9
19
13
21
17
14
10
10
13
16
16
10
19
8
12
18
18
10
15
16
10
15
13
8
13
20
12
14
13
19
14
23
12
9
19
10
11
14
13
14
19
19
19
11
9
18
14
13
18
18
15
19
19
18
19
11
13
16
12
12
16
17
12
14
15
15
20
23
16
15
13
12
19
19
16
18
16
14
16
20
24
19
12
11
11
19
21
17
16
13
18
8
13
19
19
11
12
12
25
14
15
9
15
11
10
14
11
14
11
9
17
22
18
15
18
11
10
18
13
14
21
9
13
11
11
10
16
15
9
12
11
16
17
13
10
10
12
12
12
12
19
13
10
13
18
7
12
9
15
15
16
11
7
13
14
11
13
10
17
7
15
14
13
7
9
12
12
12
13
16
15
13
14
14
8
13
10
8
18
5
18
16
9
10
12
13
13
15
18
9
13
16
21
13
9
14
10
14
18
10
13
9
13
15
7
2
10
9
8
12
7
14
10
13
5
11
15
9
13
10
13
11
15
13
18
7
16
6
11
10
13
12
11
13
5
8
12
18
6
14
12
9
16
12
9
15
5
9
15
12
9
12
16
10
9
9
16
11
11
15
11
9
8
7
8
11
11
11
9
1
9
13
9
4
13
10
16
11
10
6
9
11
16
10
10
15
18
24
35
29
35
34
29
27
20
10
16
16
14
4
4
9
9
11
7
13
9
8
4
10
8
11
10
8
8
18
10
9
11
19
7
9
10
12
3
11
12
8
6
8
7
5
8
7
5
9
6
10
10
9
5
13
8
14
12
9
9
8
9
12
8
6
12
4
10
11
4
12
8
10
11
16
21
29
42
39
24
18
15
11
12
8
12
16
18
21
17
20
17
8
9
13
11
8
10
10
6
9
4
8
7
9
1
6
14
9
10
11
16
15
15
16
12
11
11
10
9
6
11
11
11
5
6
5
13
3
7
12
8
6
7
10
13
8
7
7
6
8
6
10
8
6
8
14
9
6
11
8
9
8
10
10
9
9
10
6
14
7
8
8
10
10
8
5
8
11
10
10
7
8
5
8
12
7
12
3
10
9
3
13
4
5
6
7
8
9
10
9
9
7
5
6
11
13
10
13
7
12
9
7
10
10
10
15
7
5
10
9
6
4
5
7
4
3
5
12
9
9
10
6
6
8
3
10
6
5
7
12
8
8
9
9
5
12
9
8
10
6
9
13
14
8
17
11
18
23
18
15
24
22
12
13
8
18
5
6
11
21
24
54
68
82
87
101
70
53
40
40
66
79
117
100
108
99
56
30
15
18
12
9
9
5
8
5
8
5
8
7
8
6
8
7
11
7
10
7
9
6
7
9
7
7
7
8
13
10
7
16
9
6
8
12
8
8
8
7
10
8
6
9
8
6
9
14
19
34
27
43
46
38
30
30
24
14
18
17
17
21
10
9
16
7
6
13
18
33
38
42
66
51
42
27
16
25
17
9
10
18
9
9
21
17
17
17
24
12
13
18
14
14
5
11
3
6
9
7
15
10
3
9
8
6
7
13
5
12
7
7
12
7
10
2
4
11
20
5
10
9
5
13
5
4
19
11
7
11
6
6
13
12
14
8
10
14
7
8
8
6
7
12
9
15
13
13
9
7
8
8
9
5
9
7
6
4
4
6
13
8
4
6
4
10
9
9
13
14
10
17
10
15
6
12
7
8
8
12
8
8
12
10
9
6
11
9
8
6
6
9
20
8
8
10
10
9
12
7
6
10
9
8
10
4
5
14
10
9
10
5
8
12
9
8
11
16
5
7
10
7
7
13
6
14
9
8
7
11
8
5
9
5
5
10
12
10
8
9
7
11
5
10
12
7
6
5
8
7
9
5
8
10
15
7
12
11
4
8
10
5
5
4
10
16
5
6
8
12
9
9
12
7
4
8
9
10
10
6
4
8
5
4
12
5
12
7
9
11
5
9
3
10
7
5
11
7
7
11
13
8
9
5
14
3
10
9
7
7
10
6
11
8
9
11
7
11
7
10
10
7
8
10
11
4
7
6
13
5
12
11
12
11
9
10
7
8
5
13
9
13
15
9
17
8
13
12
10
10
12
9
9
9
13
11
6
11
6
9
8
8
9
4
7
13
5
13
9
7
6
13
7
6
9
11
8
13
5
9
7
11
6
7
11
11
12
11
11
8
10
11
7
13
5
10
7
5
8
10
9
8
7
8
7
9
6
4
9
4
6
7
6
10
7
11
12
10
12
12
6
4
11
13
3
8
3
15
14
9
12
8
2
9
9
11
8
9
8
7
6
8
6
12
8
11
8
6
9
8
6
3
10
6
6
11
8
5
7
7
9
11
7
12
11
12
9
9
11
9
9
11
9
14
7
8
8
7
7
9
6
12
9
9
17
7
11
9
11
8
7
12
4
11
6
8
13
9
5
7
11
7
10
7
13
6
6
12
4
8
7
8
8
5
11
4
15
8
15
7
11
7
7
9
14
4
12
11
10
6
17
5
12
9
14
7
17
9
10
4
6
13
11
5
7
10
8
13
6
8
15
8
9
6
11
10
6
10
14
9
7
12
5
9
9
10
10
12
11
5
13
8
11
15
8
4
8
10
10
13
8
8
12
11
8
7
10
8
6
10
7
8
10
13
10
12
11
9
5
7
9
13
9
12
5
9
11
10
8
8
8
4
8
7
10
12
8
16
13
7
6
5
5
5
6
11
8
16
7
9
4
10
6
5
12
12
13
7
4
11
13
8
5
9
9
13
7
14
9
7
11
9
5
9
9
7
10
2
5
11
17
8
13
4
6
6
12
8
11
7
8
6
12
10
11
16
11
8
8
14
6
6
11
9
6
13
6
10
11
9
11
14
4
11
9
4
5
7
5
9
10
7
8
8
11
12
10
7
11
8
8
7
6
5
10
10
7
6
3
9
4
7
11
13
13
10
11
14
7
12
8
14
10
10
9
6
12
6
10
11
11
12
9
6
10
12
9
8
4
13
6
6
7
6
10
9
5
11
9
8
11
11
11
11
8
11
14
7
8
9
10
5
2
4
6
7
6
11
6
13
7
7
7
11
9
9
9
8
9
10
9
8
8
6
10
10
7
8
8
9
6
8
13
15
6
16
6
4
5
12
9
7
6
11
11
15
15
8
5
7
11
5
12
7
5
5
8
9
11
9
6
9
8
9
11
7
12
5
8
9
2
9
11
10
8
8
9
11
11
10
5
9
11
10
10
7
6
10
8
13
13
5
12
11
8
11
11
9
13
8
6
10
3
7
13
8
14
9
6
6
12
6
7
7
10
11
8
15
7
11
8
4
15
6
7
12
8
10
11
4
6
10
12
10
8
7
7
4
11
7
7
9
8
10
10
8
6
7
8
7
9
8
4
9
6
5
8
10
7
7
9
6
11
8
5
8
5
15
7
9
6
6
9
7
7
14
6
9
5
10
4
13
7
6
13
5
9
11
7
13
8
10
6
14
9
8
9
12
8
6
6
14
9
9
5
10
4
9
6
8
10
5
7
6
5
10
10
8
11
7
14
4
8
7
11
4
9
7
6
12
4
12
7
12
12
9
8
11
11
13
13
9
7
10
7
8
14
8
15
8
9
14
9
10
16
16
23
16
19
35
41
57
69
71
58
62
48
35
32
27
14
11
13
12
11
12
13
8
15
6
9
16
8
7
3
12
6
10
12
9
5
16
8
11
9
5
12
12
8
7
13
11
12
10
9
13
12
14
9
11
11
10
5
11
9
7
11
11
8
12
6
11
10
9
8
7
2
9
12
8
14
7
11
12
13
4
14
6
13
16
12
13
10
11
12
17
7
10
8
10
8
8
12
9
14
12
12
13
11
5
14
10
7
8
9
11
12
5
11
16
6
9
7
15
9
12
14
15
15
11
5
14
14
9
10
12
12
12
8
12
12
19
5
15
18
10
11
6
15
10
7
9
11
5
7
14
9
10
11
15
10
14
5
7
8
9
13
9
14
10
12
14
8
10
8
6
6
10
10
7
12
11
10
13
5
16
13
12
13
8
10
8
14
4
8
19
19
16
10
9
10
13
14
5
15
13
10
14
8
17
6
7
11
12
9
17
11
11
16
10
3
8
11
5
14
10
9
10
18
14
16
7
11
8
11
9
5
7
15
17
8
12
26
14
10
8
10
13
11
10
18
10
13
6
9
9
10
15
11
11
8
13
21
9
9
8
7
11
11
9
10
18
11
12
13
9
12
10
7
10
12
13
11
12
10
15
15
13
12
9
19
10
14
10
10
13
13
10
12
7
6
9
7
11
16
13
14
13
14
14
7
11
10
10
16
10
9
8
12
13
13
7
10
7
15
19
12
8
10
12
11
13
12
14
12
12
17
18
18
12
5
11
13
10
14
12
6
13
12
10
10
10
12
13
19
12
12
14
8
14
7
14
10
11
11
14
11
19
14
7
15
12
11
15
18
13
6
9
8
7
11
13
17
18
4
19
12
12
12
11
14
12
24
15
14
17
8
11
16
13
16
15
18
10
16
26
16
20
15
17
13
20
12
16
7
17
21
12
19
13
19
13
10
18
11
18
11
18
14
10
20
7
14
15
10
13
14
12
20
11
24
11
16
12
11
15
10
16
19
12
10
10
15
15
19
15
8
11
12
17
11
15
9
17
18
13
17
15
15
7
22
16
16
10
15
18
13
9
20
8
20
9
14
12
12
17
11
16
18
10
19
16
18
15
15
13
22
11
6
20
17
10
11
19
13
16
15
17
21
10
16
14
20
17
15
14
21
18
26
8
20
10
19
12
12
18
17
19
17
21
16
13
20
20
16
18
22
22
21
8
18
14
10
16
17
19
22
10
25
19
17
15
19
13
15
11
18
18
18
16
10
19
17
15
14
25
15
17
20
22
19
23
13
11
7
15
20
11
11
14
20
19
17
11
13
12
11
6
17
11
9
10
14
10
13
12
9
7
6
13
10
14
11
12
9
14
13
7
6
8
9
10
11
11
6
18
9
12
9
13
7
7
9
10
6
17
9
7
14
7
15
11
10
7
13
6
12
9
10
8
7
12
10
8
10
12
4
10
9
9
11
12
11
8
12
3
13
5
6
8
8
10
10
7
2
7
12
10
8
8
9
5
4
13
7
8
8
9
6
4
7
7
12
6
3
17
11
10
11
8
8
8
13
6
9
6
7
11
8
12
6
5
7
7
5
7
5
11
12
11
10
10
6
7
6
7
10
7
5
6
8
6
5
5
7
7
7
3
10
8
3
7
5
8
5
6
8
4
6
8
7
7
11
7
14
5
5
3
3
10
7
8
5
10
6
5
5
2
8
7
10
3
6
0
10
7
8
5
7
1
6
4
3
3
5
3
1
6
3
7
2
4
2
3
7
5
4
4
10
5
4
6
2
1
2
7
7
9
4
5
3
5
16
3
4
9
3
3
1
5
3
1
0
8
2
1
3
1
2
4
4
2
1
5
3
4
6
4
1
7
3
8
3
3
0
4
3
4
2
2
2
4
1
3
2
3
6
2
4
1
4
4
4
6
3
6
1
2
5
1
4
2
1
2
2
3
4
1
2
4
2
4
5
2
4
1
3
1
3
2
2
2
0
1
1
2
1
4
4
1
1
2
0
1
0
3
2
2
4
4
3
3
0
3
1
3
3
2
2
4
3
3
1
2
3
1
1
0
0
0
2
1
3
2
3
3
0
3
3
2
2
3
2
2
2
1
1
1
0
1
3
3
2
4
0
2
0
1
2
3
5
4
2
1
4
4
3
3
1
0
2
1
1
2
1
3
2
3
1
3
2
3
3
4
2
0
0
1
2
1
1
1
1
1
1
3
1
1
0
2
2
2
3
4
1
1
2
2
1
2
1
3
1
1
1
4
1
2
2
4
1
2
1
4
4
1
1
0
3
1
2
0
2
1
3
2
0
4
1
3
4
3
2
3
5
5
2
3
1
4
4
3
7
12
19
56
88
186
226
352
415
424
371
319
242
120
65
26
11
6
1
0
0
1
0
1
3
1
1
1
2
1
0
0
0
1
0
1
0
1
0
1
1
0
0
0
1
0
1
2
0
0
0
0
0
0
0
1
1
1
0
0
1
1
0
0
0
0
0
2
1
1
0
1
1
0
1
1
0
2
0
2
0
1
0
1
1
1
2
0
2
1
0
0
1
0
0
0
0
2
0
1
0
1
0
1
1
2
0
1
0
0
0
0
1
1
1
0
0
0
1
1
1
0
1
0
0
1
0
0
1
0
1
2
1
0
0
0
0
0
0
1
0
1
0
0
1
1
0
0
0
1
2
0
0
1
0
3
1
1
0
3
0
1
3
1
0
2
0
0
0
2
1
0
0
0
2
0
2
0
1
0
1
0
0
0
2
0
1
0
1
2
0
2
0
1
1
1
1
0
0
1
0
0
0
0
0
1
1
1
1
0
0
2
0
1
0
0
0
0
1
1
0
1
1
1
1
0
3
1
1
0
0
1
0
1
1
0
0
1
1
1
0
0
0
0
1
1
1
0
0
0
0
0
0
1
1
1
2
1
0
0
0
0
0
0
1
0
0
2
0
0
0
1
0
0
1
1
1
0
0
1
3
1
1
0
1
1
1
0
0
0
0
0
1
0
0
0
0
0
2
1
1
0
1
0
1
0
1
0
0
1
0
0
1
0
1
0
2
0
1
0
1
0
0
0
0
1
1
1
0
0
0
1
0
0
0
0
1
0
1
1
0
0
0
0
0
0
1
0
2
1
0
0
0
0
1
0
0
0
1
0
0
0
0
0
0
2
1
0
0
0
1
2
0
0
1
0
0
1
0
0
0
1
0
1
0
0
0
1
0
0
1
1
1
0
0
0
1
2
1
0
1
0
0
0
0
0
0
0
0
0
1
0
0
0
0
1
1
0
0
0
0
0
0
0
3
0
1
0
1
2
0
0
1
0
0
1
0
0
2
0
0
0
0
2
2
1
0
0
1
2
1
1
2
2
1
1
0
0
0
0
0
0
0
0
1
0
1
0
0
0
0
1
0
1
0
0
1
1
0
0
0
0
0
0
0
1
1
1
1
1
0
1
0
0
0
0
0
0
0
0
0
0
0
0
0
0
0
0
0
1
0
1
1
1
1
1
0
0
0
0
1
0
1
1
0
1
1
0
1
0
0
0
0
0
0
0
0
1
0
0
0
0
0
0
0
0
3
0
0
0
0
0
1
0
0
0
0
1
0
0
0
0
0
0
0
0
1
0
0
1
3
0
0
1
0
0
0
0
0
0
1
0
1
0
0
1
0
0
1
2
0
0
0
1
1
2
0
0
1
0
0
0
0
0
0
0
0
1
1
0
0
0
0
0
0
0
0
0
1
0
0
0
1
0
1
1
1
1
0
1
0
1
2
0
0
0
0
1
0
0
1
0
1
0
0
0
0
0
0
0
0
0
1
0
0
0
1
0
0
0
0
0
1
0
0
1
0
0
0
0
2
0
1
0
0
0
0
0
0
1
0
0
0
0
1
0
1
0
1
0
0
1
1
2
1
0
1
1
0
0
0
0
0
0
0
0
0
1
0
0
0
0
0
1
1
0
0
0
0
0
1
0
0
0
1
1
0
0
0
0
0
0
0
0
0
0
0
0
0
0
0
0
0
0
1
0
0
1
0
1
1
2
0
0
0
0
1
0
2
0
0
0
0
0
0
2
1
1
0
0
0
0
1
0
0
0
1
0
0
0
0
0
0
1
0
0
1
0
0
0
1
0
0
0
0
0
1
0
1
0
0
0
0
1
1
0
1
0
0
1
0
1
0
0
0
0
0
0
0
0
0
0
0
0
0
1
0
0
0
1
0
0
0
0
0
1
0
0
1
0
0
1
0
0
0
2
0
1
0
0
0
0
0
0
1
0
0
0
0
1
0
1
0
0
0
1
0
2
0
0
1
1
1
0
0
1
0
0
0
0
0
0
1
0
0
0
0
1
0
0
0
0
1
0
0
0
0
0
0
0
0
0
0
0
0
0
0
1
0
0
0
0
0
0
0
0
0
0
0
1
0
0
0
0
1
0
0
0
0
0
0
0
0
0
0
0
0
0
0
0
0
0
1
0
0
0
0
0
0
0
0
0
0
0
0
0
0
0
0
0
0
0
1
0
0
0
0
0
0
0
0
0
1
0
1
0
0
0
0
0
0
0
0
0
0
0
0
0
0
0
0
0
0
0
0
0
0
0
1
0
0
0
0
2
0
0
0
1
0
0
0
0
0
0
0
1
0
0
0
1
0
0
0
0
0
0
0
0
1
0
0
1
0
0
0
0
0
0
0
1
0
0
0
0
0
1
0
1
0
2
0
0
0
0
0
0
0
0
0
0
0
0
0
0
0
0
0
0
0
0
0
0
0
0
0
0
0
0
0
0
0
0
0
0
0
0
0
0
0
0
0
0
0
0
0
0
0
0
1
0
0
0
0
1
0
0
0
0
0
0
0
0
1
0
0
0
0
0
0
0
0
0
0
0
0
0
0
0
0
0
0
0
0
0
0
0
0
0
0
0
0
0
0
0
0
0
0
1
0
0
0
0
0
0
0
0
0
0
0
0
0
0
0
0
0
0
1
0
0
1
0
0
0
1
0
0
0
0
0
1
0
0
0
0
0
0
0
0
0
2
0
0
1
5
3
3
2
1
0
0
0
0
0
0
0
0
0
0
0
0
0
1
0
0
0
0
0
0
0
0
0
0
0
0
0
0
0
0
1
0
0
0
1
0
0
0
0
0
0
0
0
0
0
0
0
0
0
0
0
0
0
0
0
0
0
0
1
0
0
0
0
0
0
0
0
0
0
0
0
0
0
0
0
0
0
1
0
0
0
0
0
0
0
0
0
0
0
0
0
0
0
0
0
0
0
0
0
0
0
1
0
0
0
0
0
0
0
0
0
0
0
0
0
0
0
0
0
0
0
0
0
0
0
0
0
0
0
0
0
0
0
0
0
0
0
0
1
0
0
0
1
0
1
0
0
0
0
0
0
1
0
0
0
0
0
0
0
0
0
0
0
0
0
1
0
0
0
0
0
0
0
0
0
0
0
0
0
0
0
0
0
0
0
0
0
0
0
0
0
0
0
0
0
0
0
0
0
0
0
0
0
0
0
0
0
0
0
0
0
1
0
0
0
0
0
0
0
0
1
0
0
0
0
0
0
0
0
0
0
0
0
0
0
0
0
0
0
0
0
0
0
0
0
0
0
0
0
0
0
0
0
0
0
0
0
0
0
0
0
0
0
0
0
0
0
0
0
0
0
0
0
0
0
1
0
0
0
0
0
0
0
0
0
0
0
1
0
0
0
0
0
0
0
0
0
0
0
0
0
0
0
0
0
0
0
0
0
0
0
0
0
0
0
1
0
0
0
0
0
0
0
0
0
0
0
0
0
0
0
0
0
0
0
0
0
0
0
0
0
0
0
0
0
0
0
0
0
0
0
0
0
0
0
0
0
0
0
0
0
0
0
0
0
0
0
0
0
0
0
0
0
0
0
0
0
0
0
0
0
0
0
0
0
0
0
0
0
0
0
0
0
0
0
0
0
0
0
0
0
0
0
0
0
0
0
0
0
0
0
0
0
0
0
0
0
0
0
0
0
0
0
0
0
0
0
0
0
0
0
0
0
0
0
0
0
0
0
0
0
0
0
0
0
0
0
0
0
0
0
0
0
0
0
0
0
0
0
0
0
0
0
0
0
0
0
0
0
0
0
0
0
0
0
0
0
0
0
0
0
0
0
0
0
0
0
0
0
0
0
0
0
0
0
0
0
0
0
0
0
0
0
0
0
0
0
0
0
0
0
0
0
0
0
0
0
0
0
0
0
0
0
0
0
0
0
0
0
0
0
0
0
0
0
0
0
0
0
0
0
0
0
0
0
0
0
0
0
0
0
0
0
0
0
0
0
0
1
0
0
0
0
0
0
0
0
0
0
0
0
1
0
0
0
0
0
0
0
0
0
0
0
0
0
0
0
0
0
0
0
0
0
0
0
0
0
0
0
0
0
0
0
0
0
0
0
0
0
0
0
0
0
0
0
0
0
0
0
0
0
0
0
0
0
0
0
0
0
0
0
0
0
0
0
0
0
0
0
0
0
0
0
0
0
0
0
0
0
0
0
0
0
0
0
0
0
0
0
0
0
0
0
0
0
0
0
0
0
0
0
0
0
0
0
0
0
0
0
0
0
0
0
0
0
0
0
0
0
0
0
0
0
0
0
0
0
0
0
0
0
0
0
0
0
0
0
0
0
0
0
0
0
0
0
0
0
0
0
0
0
0
0
0
0
0
0
0
0
0
0
0
0
0
0
0
0
0
0
0
0
0
0
0
0
0
0
0
0
0
0
0
0
0
0
0
0
0
0
0
0
0
0
0
0
0
0
0
0
0
0
0
0
0
0
0
0
0
0
0
0
0
0
0
0
0
0
0
0
1
0
0
0
0
0
0
0
0
0
0
0
0
0
0
0
0
0
0
0
0
0
0
0
0
0
0
0
0
0
0
0
0
0
0
0
0
0
0
0
0
0
0
0
0
0
0
0
0
0
0
0
0
0
0
0
0
0
0
0
0
0
0
0
0
0
0
0
0
0
0
0
0
0
0
0
0
0
0
0
0
0
0
0
0
0
0
0
0
0
0
0
0
0
0
0
0
0
0
0
0
0
0
0
0
0
0
0
0
0
0
0
0
0
0
0
0
0
0
0
0
0
0
0
0
0
0
0
0
0
0
0
0
0
0
0
0
0
0
0
0
0
0
0
0
0
0
0
0
0
0
0
0
0
0
0
0
0
0
0
0
0
0
0
0
0
0
0
0
0
0
0
0
0
0
0
0
0
0
0
0
0
0
0
0
0
0
0
0
0
0
0
0
0
0
0
0
0
0
0
0
0
0
0
0
0
0
0
0
0
0
0
0
0
0
0
0
0
0
0
0
0
0
0
0
0
0
0
0
0
0
0
0
0
0
0
0
0
0
0
0
0
0
0
0
0
0
0
0
0
0
0
0
0
0
0
0
0
0
0
0
0
0
0
0
0
0
0
0
0
0
0
0
0
0
0
0
0
0
0
0
0
0
0
0
0
0
0
0
0
0
0
0
0
0
0
0
0
0
0
0
0
0
0
0
0
0
0
0
0
0
0
0
0
0
0
0
0
0
0
0
0
0
0
0
0
0
0
0
0
0
0
0
0
0
0
0
0
0
0
0
0
0
0
0
0
0
0
0
0
0
0
0
0
0
0
0
0
0
0
0
0
0
0
0
0
0
0
0
0
0
0
0
0
0
0
0
0
0
0
0
0
0
0
0
0
0
0
0
0
0
0
0
0
0
0
0
0
0
0
0
0
0
0
0
0
0
0
0
0
0
0
0
0
0
0
0
0
0
0
0
0
0
0
0
0
0
0
0
0
0
0
0
0
0
0
0
0
0
0
0
0
0
0
0
0
0
0
0
0
0
0
0
0
0
0
0
0
0
0
0
0
0
0
0
0
0
0
0
0
0
0
0
0
0
0
0
0
0
0
0
0
0
0
0
0
0
0
0
0
0
0
0
0
0
0
0
0
0
0
0
0
0
0
0
0
0
0
0
0
0
0
0
0
0
0
0
0
0
0
0
0
0
0
0
0
0
0
0
0
0
0
0
0
0
0
0
0
0
0
0
0
0
0
1
0
0
0
0
0
0
0
0
0
0
0
0
0
0
0
0
0
0
0
0
0
0
0
0
0
0
0
0
0
0
0
0
0
0
0
0
0
0
0
0
0
0
0
0
0
0
0
0
0
0
0
0
0
0
0
0
0
0
0
0
0
0
0
0
0
0
0
0
0
0
0
0
0
0
0
0
0
0
0
0
0
0
0
0
0
0
0
0
0
0
0
0
0
0
0
0
0
0
0
0
0
0
0
0
0
0
0
0
0
0
0
0
0
0
0
0
0
0
0
0
0
0
0
0
0
0
0
0
0
0
0
0
0
0
1
0
0
0
0
0
0
0
0
0
0
0
0
0
0
0
0
0
0
0
0
0
0
0
0
0
0
0
0
0
0
0
0
0
0
0
0
0
0
0
0
0
0
1
0
0
0
0
0
0
0
0
0
0
0
0
0
0
0
0
0
0
0
0
0
0
0
0
0
0
0
0
0
0
0
0
0
0
0
0
0
0
0
0
0
0
0
0
0
0
0
0
0
0
0
0
0
0
0
0
0
0
0
0
0
0
0
0
0
0
0
0
0
0
0
0
0
0
0
0
0
0
0
0
0
0
0
0
0
0
0
0
0
0
0
0
1
0
0
0
0
0
0
0
0
0
0
0
0
0
0
0
0
0
0
0
0
0
0
0
0
0
0
0
0
0
0
0
0
0
0
0
0
0
0
0
0
0
0
0
0
0
0
0
0
0
0
0
0
0
0
0
0
0
0
0
0
0
0
0
0
0
0
0
0
0
0
0
0
0
0
0
0
0
0
0
0
0
0
0
0
0
0
0
0
0
0
0
0
0
0
0
0
0
0
0
0
0
0
0
0
0
0
0
0
0
0
0
0
0
0
0
0
0
0
0
0
0
0
0
0
0
0
0
0
0
0
0
0
0
0
0
0
0
0
0
0
0
0
0
0
0
0
0
0
0
0
0
0
0
0
0
0
0
0
0
0
0
0
0
0
0
0
0
0
0
0
0
0
0
0
0
0
0
0
0
0
0
0
0
0
0
0
0
0
0
0
0
0
0
0
0
0
0
0
0
0
0
0
0
0
0
0
0
0
0
0
0
0
0
0
0
0
0
0
0
0
0
0
0
0
0
0
0
0
0
0
0
0
0
1
0
0
0
0
0
0
0
0
0
0
0
0
0
0
0
0
0
0
0
0
0
0
0
1
0
0
0
0
0
0
0
0
0
0
0
0
0
0
0
0
0
0
0
0
0
0
0
0
0
0
0
0
0
0
0
0
0
0
0
0
0
0
0
0
0
0
0
0
0
0
0
0
0
0
0
0
0
0
0
0
0
0
0
0
0
0
0
0
0
0
0
0
0
0
0
0
0
0
0
0
0
0
0
0
0
0
0
0
0
0
0
0
0
0
0
0
0
0
0
0
0
0
1
0
0
0
0
0
0
0
0
0
0
0
0
0
0
0
0
0
0
0
0
0
0
0
0
0
0
0
0
0
0
0
0
0
0
0
0
0
0
0
0
0
0
0
0
0
0
0
0
0
0
0
0
0
0
0
0
0
0
0
0
0
0
0
0
0
0
0
0
0
0
0
0
0
1
0
0
0
0
0
0
0
0
0
0
0
0
0
0
0
0
0
0
0
0
0
0
0
0
0
0
0
0
0
0
0
0
0
1
0
0
0
0
0
0
0
0
0
0
0
0
0
0
0
0
0
0
0
0
0
0
0
0
0
0
0
0
0
0
0
0
0
0
0
0
0
0
0
0
0
0
0
0
0
0
0
0
0
0
0
0
0
0
0
0
0
0
0
0
0
0
0
0
0
0
1
0
0
0
0
0
0
0
0
0
0
0
0
0
0
0
0
0
0
0
0
0
0
0
0
0
0
0
0
0
0
0
0
0
0
0
0
0
0
0
1
0
0
0
0
0
0
0
0
0
0
0
0
0
0
0
0
0
0
0
0
0
0
0
0
0
0
0
0
0
0
0
0
0
0
0
0
0
0
0
0
0
0
0
1
0
0
0
0
0
0
0
0
0
0
0
0
0
0
0
0
0
0
0
0
0
0
0
0
0
0
0
0
0
0
0
0
0
0
0
0
0
0
0
0
0
0
0
0
0
0
0
0
0
0
0
0
0
0
0
0
0
0
0
0
0
0
0
0
0
0
0
0
0
0
0
0
0
0
0
0
0
0
0
0
0
0
0
0
0
0
0
0
0
0
0
0
0
0
0
0
0
0
0
0
0
0
0
0
0
0
0
0
0
0
0
0
0
0
0
0
0
0
1
0
0
0
0
0
1
0
0
0
0
0
0
0
0
0
0
0
0
0
0
0
0
0
0
0
0
0
0
0
0
0
0
0
0
0
0
0
0
0
0
0
0
0
0
0
0
0
0
0
0
0
0
0
0
0
0
0
0
0
0
0
0
0
0
0
0
0
0
0
0
0
0
0
0
0
0
0
0
0
0
0
0
0
0
0
0
0
0
0
0
0
0
0
0
0
0
0
0
0
0
0
0
0
0
0
0
0
0
0
0
0
0
0
0
0
0
0
0
0
0
0
0
0
0
0
0
0
0
0
0
0
0
0
0
0
0
0
0
0
0
0
0
0
0
0
0
0
0
0
0
0
0
0
0
0
0
0
0
0
0
0
0
0
0
0
0
0
0
0
0
0
0
0
0
0
0
0
0
0
0
0
0
0
0
0
0
0
0
0
0
0
0
0
0
0
0
0
0
0
0
0
0
0
0
0
0
0
0
0
0
0
0
0
0
0
0
0
0
0
0
0
0
0
0
0
0
0
1
0
0
0
0
0
0
0
0
0
0
0
0
0
0
0
0
0
0
0
0
0
0
0
0
0
0
0
0
0
0
0
0
0
0
0
0
0
0
0
0
0
0
0
0
0
0
0
0
0
0
0
0
0
0
0
0
0
0
0
0
0
0
0
0
0
0
0
0
0
0
0
0
0
0
0
0
0
0
0
0
0
0
0
0
0
0
0
0
0
1
0
0
0
0
0
0
0
0
0
0
0
0
0
0
0
1
0
0
0
0
0
0
0
0
0
0
0
0
0
0
0
0
0
0
0
0
0
0
0
0
0
0
0
0
0
0
0
0
0
0
0
0
0
0
0
0
0
0
0
0
0
0
0
0
0
0
0
0
0
0
0
0
0
0
0
0
0
0
0
0
0
0
0
0
0
0
0
0
0
0
0
0
0
0
0
0
0
0
0
0
0
0
0
0
0
0
0
0
0
0
0
0
0
0
0
0
0
0
0
0
0
0
0
0
0
0
0
0
0
0
0
0
0
0
0
0
0
0
0
0
0
0
0
0
0
0
0
0
0
0
0
0
0
0
0
1
0
0
0
0
0
0
0
0
0
0
0
0
0
0
0
0
0
0
0
0
0
0
0
0
0
0
0
0
0
0
0
1
0
0
0
0
0
0
0
0
0
0
0
0
0
0
0
0
0
0
0
0
0
0
0
0
0
0
0
0
0
0
0
0
0
0
0
0
0
0
0
0
0
0
0
0
0
0
0
0
0
0
0
0
0
0
1
0
0
0
0
0
0
0
0
0
0
0
0
0
0
0
0
0
0
0
0
0
0
0
0
0
0
0
0
0
0
0
0
0
0
0
0
0
0
0
0
0
0
0
0
0
0
0
0
0
0
0
0
0
0
0
0
0
0
0
0
0
0
0
0
0
0
0
0
0
0
0
0
0
0
0
0
0
0
0
0
0
0
0
0
0
0
0
0
0
0
0
0
0
0
0
0
0
0
0
0
0
0
0
0
0
0
0
0
0
0
0
0
0
0
0
0
0
0
0
0
0
0
0
0
0
0
0
0
0
0
0
0
0
0
0
1
0
0
0
0
0
0
0
0
0
0
0
0
0
0
0
0
0
0
0
0
0
0
0
0
0
0
0
0
0
0
0
0
0
0
0
0
0
0
0
0
0
0
0
0
0
0
0
0
0
0
0
0
0
0
0
0
0
0
0
0
0
0
0
0
0
0
0
0
0
0
0
0
0
0
0
0
0
0
0
0
0
0
0
0
0
0
1
0
0
0
0
0
0
0
0
0
0
0
0
0
0
0
0
0
0
0
0
0
0
0
0
0
0
0
0
0
0
0
0
0
0
0
0
0
0
0
0
0
0
0
0
0
0
0
0
0
0
0
0
0
0
0
0
0
0
0
0
0
0
0
0
0
0
0
0
0
0
0
0
0
0
0
0
0
0
0
0
0
0
0
0
0
0
0
0
0
0
0
0
0
0
1
0
0
0
0
0
0
0
0
0
0
0
0
0
0
0
0
0
0
1
0
0
0
0
0
0
0
0
0
0
0
0
0
0
0
0
0
0
0
0
0
0
0
0
0
0
0
0
0
0
0
0
0
0
0
0
0
0
0
0
0
0
0
0
0
0
0
0
0
0
0
0
0
0
0
0
0
0
0
0
0
0
0
0
0
0
0
0
0
0
0
0
0
0
0
0
0
0
0
0
0
0
0
0
0
0
0
0
0
0
0
0
0
0
0
0
0
0
0
0
0
0
0
0
0
0
0
0
0
0
0
0
0
0
0
0
0
0
0
0
0
0
0
0
0
0
0
0
0
0
0
0
0
0
0
0
0
0
0
0
0
0
0
0
0
0
0
0
0
0
0
0
0
0
0
0
0
0
0
0
0
0
0
0
0
0
0
0
0
0
0
0
0
0
0
0
0
0
0
0
0
0
0
0
0
0
0
0
0
0
0
0
0
0
0
0
0
0
0
0
0
0
0
0
0
0
0
0
0
0
0
0
0
0
0
0
0
0
0
0
0
0
0
0
0
0
0
0
0
0
0
0
0
0
0
0
0
0
0
0
0
0
0
0
1
0
0
0
0
0
0
0
0
0
0
0
0
0
0
0
0
0
0
0
0
0
0
0
0
0
0
0
0
0
0
0
0
0
0
0
0
0
0
0
0
0
0
0
0
0
0
0
0
0
0
0
0
0
0
0
0
0
0
0
0
0
0
0
0
0
0
0
0
0
0
0
0
0
0
0
0
0
0
0
0
0
0
0
0
0
0
0
0
0
0
0
0
0
0
0
0
0
0
0
0
0
0
0
0
0
0
0
0
0
0
0
0
0
0
0
0
0
0
0
0
0
0
0
0
0
0
0
0
0
0
0
0
0
0
0
0
0
0
0
0
0
0
0
0
0
0
0
0
0
0
0
0
0
0
0
0
0
0
0
0
0
0
0
0
0
0
0
0
0
0
0
0
0
0
0
0
0
0
0
0
0
0
0
0
0
0
0
0
1
0
0
0
0
0
0
0
0
0
0
0
0
0
0
0
0
0
0
0
0
0
0
0
0
0
0
0
0
0
0
0
0
0
0
0
0
0
0
0
0
0
0
0
0
0
0
0
0
0
0
0
0
0
0
0
0
0
0
0
0
0
0
0
0
0
0
0
0
0
0
0
0
0
0
0
0
0
0
0
0
0
0
0
0
0
0
0
0
0
0
0
0
0
0
0
0
0
0
0
0
0
0
0
0
0
0
1
0
0
0
0
0
0
0
0
0
0
0
0
0
0
0
0
0
0
0
0
0
0
0
0
0
0
0
0
0
0
0
0
0
0
0
0
0
0
0
0
0
0
0
0
0
0
0
0
0
0
0
0
0
0
0
0
0
0
0
0
0
0
0
0
0
0
0
0
0
0
0
0
0
0
0
0
0
0
0
0
0
0
0
0
0
0
0
0
0
0
0
0
0
0
0
0
0
0
0
0
0
0
0
0
0
0
0
0
0
0
0
0
0
0
0
0
0
0
0
0
0
0
0
0
0
0
1
0
0
0
0
0
0
0
0
0
0
0
0
0
0
0
0
0
0
0
0
0
0
0
1
0
0
0
0
0
0
0
0
0
0
0
0
0
0
0
0
0
0
0
0
0
0
0
0
0
0
0
0
0
0
0
0
0
0
0
0
1
0
0
0
0
0
0
0
0
0
0
0
0
0
0
0
0
0
0
0
0
0
0
0
0
0
0
0
0
0
0
0
0
0
0
0
0
0
0
0
0
0
0
0
0
0
0
0
0
0
0
0
0
0
0
0
0
0
0
0
0
0
0
0
0
0
0
0
0
0
0
0
0
0
0
0
0
0
0
0
0
0
0
0
0
0
0
0
0
0
0
0
0
0
0
0
0
0
0
0
0
0
0
0
0
0
0
0
0
0
0
0
0
0
0
0
0
0
0
0
0
0
0
0
0
0
0
0
0
0
0
0
0
0
0
0
0
0
0
0
0
0
0
0
0
0
0
0
0
0
0
0
0
0
0
0
0
0
0
0
0
0
0
0
0
0
0
0
0
0
0
0
0
0
0
0
0
0
0
0
0
0
0
0
0
0
0
0
0
0
0
0
0
0
0
0
0
0
0
0
0
0
0
0
0
0
0
0
0
0
0
0
0
0
0
0
0
0
0
0
0
0
0
0
0
0
0
0
0
0
0
0
0
0
0
0
0
0
0
0
0
0
1
0
0
0
0
0
0
0
0
0
0
0
0
0
0
0
0
0
0
0
0
0
0
0
0
0
0
0
0
0
0
0
0
0
0
0
0
0
0
0
0
0
0
0
0
0
0
0
0
0
0
0
0
0
0
0
0
0
0
0
0
0
0
0
0
0
0
0
0
0
0
0
0
0
0
0
0
0
0
0
0
0
0
0
0
0
0
0
0
0
0
0
0
0
0
0
0
0
0
0
0
0
0
0
0
0
0
0
0
0
0
0
0
0
0
0
0
0
0
0
0
0
0
0
0
0
0
0
0
0
0
0
0
0
0
0
0
0
0
0
0
0
0
0
0
0
0
0
0
0
0
0
0
0
0
0
0
0
0
0
0
0
0
0
0
0
0
0
0
0
0
0
0
0
0
0
0
0
0
0
0
0
0
0
0
0
0
0
0
0
0
0
0
0
0
0
0
0
0
0
0
0
0
0
0
0
0
0
0
0
0
0
0
0
0
0
0
0
0
0
0
0
0
0
0
0
0
0
0
0
0
0
0
0
0
0
0
0
0
0
0
0
0
0
0
0
0
0
0
0
0
0
1
0
0
0
0
0
0
0
0
0
0
0
0
0
0
0
0
0
0
0
0
0
0
0
0
0
0
0
0
0
0
0
0
0
0
0
0
0
0
0
0
0
0
0
0
0
0
0
0
0
1
0
0
0
0
0
0
0
0
0
0
0
0
0
0
0
0
0
0
0
0
0
0
0
0
0
0
0
0
0
0
0
0
0
0
0
0
0
0
0
0
0
0
0
0
0
0
0
0
0
1
0
0
0
0
0
0
0
0
0
0
0
0
0
0
0
0
0
0
0
0
0
0
0
0
0
0
0
0
0
0
0
0
0
0
0
0
0
0
0
0
0
0
0
0
0
0
0
0
0
0
0
0
0
0
0
0
0
0
0
0
0
0
0
0
0
0
0
0
0
0
0
0
0
0
0
0
0
0
0
0
0
0
0
0
0
0
0
0
0
0
0
0
0
0
0
0
0
0
0
0
0
0
0
0
0
0
0
0
0
0
0
0
0
0
0
0
0
0
0
0
0
0
0
0
0
0
0
0
0
0
0
0
0
0
0
0
0
0
0
0
0
0
0
0
0
0
0
0
0
0
0
0
0
0
0
0
0
0
0
1
0
0
0
0
0
0
0
0
0
0
0
0
0
0
0
0
0
0
0
0
0
0
0
0
0
0
0
0
0
0
0
0
0
0
0
0
0
0
0
0
0
0
0
0
0
0
0
0
0
0
0
0
0
0
0
0
0
0
0
0
0
0
0
0
0
0
0
0
0
0
0
0
0
0
0
0
0
0
0
0
0
0
0
0
0
1
0
0
0
0
0
0
0
0
0
0
0
0
0
0
0
0
0
0
0
0
0
0
0
0
0
0
0
0
0
0
0
0
0
0
0
0
0
0
0
0
0
0
0
0
0
0
0
0
0
0
0
0
0
0
0
0
0
0
0
0
0
0
0
0
0
0
0
0
0
0
0
0
0
0
0
0
0
0
0
0
0
0
0
0
0
0
0
0
0
0
0
0
0
0
0
0
0
0
0
0
0
0
0
0
0
0
0
0
0
0
0
0
0
0
0
0
0
0
0
0
0
0
0
0
0
0
0
0
0
0
0
0
0
0
0
0
0
0
0
0
0
0
0
0
0
0
0
0
0
0
0
0
0
0
0
0
0
0
0
0
0
0
0
0
0
0
0
0
0
0
0
0
0
0
0
0
0
0
0
0
0
0
0
0
0
0
0
0
0
0
0
0
0
0
0
0
0
0
0
0
0
0
0
0
0
0
0
0
0
0
0
0
0
0
0
0
0
0
0
0
0
0
0
0
0
0
0
0
0
0
0
0
0
1
0
0
0
0
0
0
0
0
0
0
0
0
0
0
0
0
0
0
0
0
0
0
0
0
0
0
0
0
0
0
0
0
0
0
0
0
0
0
0
0
0
0
0
0
0
0
0
0
0
0
0
0
0
0
0
0
0
0
0
0
0
0
0
0
0
0
0
0
0
0
0
0
0
0
0
0
0
0
0
0
0
0
0
0
0
0
0
0
0
0
0
0
0
0
0
0
0
0
0
0
0
0
0
0
0
0
0
0
0
0
0
0
0
0
0
0
0
0
0
0
0
0
0
0
0
0
0
0
0
0
0
0
0
0
0
0
0
0
0
0
0
0
0
0
0
0
0
0
0
0
0
0
0
0
0
0
0
0
0
0
0
0
0
0
0
0
0
0
0
0
0
0
0
0
0
0
0
0
0
0
0
0
0
0
0
0
0
0
0
0
0
0
0
0
0
0
0
0
0
0
0
0
0
0
0
0
0
0
0
0
0
0
0
0
0
0
0
0
0
0
0
0
0
0
0
0
0
0
0
0
0
0
0
0
0
0
0
0
0
0
0
0
0
0
0
0
0
0
0
0
0
0
0
0
0
0
0
0
0
0
0
0
0
0
0
0
0
0
0
0
0
0
0
0
0
0
0
0
0
0
0
0
0
0
0
0
0
0
0
0
0
0
1
0
0
0
0
0
0
0
0
0
0
0
0
0
0
0
0
0
0
0
0
0
0
0
0
0
0
0
0
0
0
0
0
0
0
0
0
0
0
0
0
0
0
0
0
0
0
0
0
0
0
0
0
0
0
0
0
0
0
0
0
0
0
0
0
0
0
0
0
0
0
0
0
0
0
0
0
0
0
0
0
0
0
0
0
0
0
0
0
0
0
0
0
0
0
0
0
0
0
0
0
0
0
0
0
0
0
0
0
0
0
0
0
0
0
0
0
0
0
0
0
0
0
0
0
0
0
0
0
0
0
0
0
0
0
0
0
0
0
0
0
0
0
0
0
0
0
0
0
0
0
0
0
0
0
0
0
0
0
0
0
0
0
0
0
0
0
0
0
0
0
0
0
0
0
0
0
0
0
0
0
0
0
0
0
0
0
0
0
0
0
0
0
0
0
0
0
0
0
0
0
0
0
0
0
0
0
0
0
0
0
0
0
0
0
0
0
0
0
0
0
0
0
0
0
0
0
0
0
0
0
0
0
0
0
0
0
0
0
0
0
0
0
0
0
0
0
0
0
0
0
0
0
0
0
0
0
0
0
0
0
0
0
0
0
0
0
0
0
0
0
0
0
0
0
0
0
0
0
0
0
0
0
0
0
0
0
0
0
0
0
0
0
0
0
0
0
0
0
0
0
0
0
0
0
0
0
0
0
0
0
0
0
0
0
0
0
0
0
0
0
0
0
0
0
0
0
0
0
0
0
0
0
0
0
0
0
0
0
0
0
0
0
0
0
0
0
0
0
0
0
0
0
0
0
0
0
0
0
0
0
0
0
0
0
0
0
0
0
0
0
0
0
0
0
0
0
0
0
0
0
0
0
0
0
0
0
0
0
0
0
0
0
0
0
0
0
0
0
0
0
0
0
0
0
0
0
0
0
0
0
0
0
0
0
0
0
0
0
0
0
0
0
0
0
0
0
0
0
0
0
0
0
0
0
0
0
0
0
0
0
0
0
0
0
0
0
0
0
0
0
0
0
0
0
0
0
0
0
0
0
0
0
0
0
0
0
0
0
0
0
0
0
0
0
0
0
0
0
0
0
0
0
0
0
0
0
0
0
0
0
0
0
0
0
0
0
0
0
0
0
0
0
0
0
0
0
0
0
0
0
0
0
0
0
0
0
1
0
0
0
0
0
0
0
0
0
0
0
0
0
0
0
0
0
0
0
0
0
0
0
0
0
0
0
0
0
0
0
0
0
0
0
0
0
0
0
0
0
0
0
0
0
0
0
0
0
0
0
0
0
0
0
0
0
0
0
0
0
0
0
0
0
0
0
0
0
0
0
0
0
0
0
0
0
0
0
0
0
0
0
0
0
0
0
0
0
0
0
0
0
0
0
0
0
0
0
0
0
0
0
0
0
0
0
0
0
0
0
0
0
0
0
0
0
0
0
0
0
0
0
0
0
0
0
0
0
0
0
0
0
0
0
0
0
0
0
0
0
0
0
0
0
0
0
0
0
0
0
0
0
0
0
0
0
0
0
0
0
0
0
0
0
0
0
0
0
0
0
0
0
0
0
0
0
0
0
0
0
0
0
0
0
0
0
0
0
0
0
0
0
0
0
0
0
0
0
0
0
0
0
0
0
0
0
0
0
0
0
0
0
0
0
0
0
0
0
0
0
0
0
0
0
0
0
0
0
0
0
0
0
0
0
0
0
0
0
0
0
0
0
0
0
0
0
0
0
0
0
0
0
0
0
0
0
0
1
0
0
0
0
0
0
0
0
0
0
0
0
0
0
0
0
0
0
0
0
0
0
0
0
0
0
0
0
0
0
0
0
0
0
0
0
0
0
0
0
0
0
0
0
0
0
0
0
0
0
0
0
0
0
0
0
0
0
0
0
0
0
0
0
0
0
0
0
0
0
0
0
0
0
0
0
0
0
0
0
0
0
0
0
0
0
0
0
0
0
0
0
0
0
0
0
0
0
0
0
0
0
0
0
0
0
0
0
0
0
0
0
0
0
0
0
0
0
0
0
0
0
0
0
0
0
0
0
0
0
0
0
0
0
0
0
0
0
0
0
0
0
0
0
0
0
0
0
0
0
0
0
0
0
0
0
0
0
0
0
0
0
0
0
0
0
0
0
0
0
0
0
0
0
0
0
0
0
0
0
0
0
0
0
0
0
0
0
0
0
0
0
0
0
0
0
0
0
0
1
0
0
0
0
0
0
0
0
0
0
0
0
0
0
0
0
0
0
0
0
0
0
0
0
0
0
0
0
0
0
0
0
0
0
0
0
0
0
0
0
0
0
0
0
0
0
0
0
0
0
0
0
0
0
0
0
0
0
0
0
0
0
0
0
0
0
0
0
0
0
0
0
0
0
0
0
0
0
0
0
0
0
0
0
0
0
0
0
0
0
0
0
0
0
0
0
0
0
0
0
0
0
0
0
0
0
0
0
0
0
0
0
0
0
0
0
0
0
0
0
0
0
0
0
0
0
0
0
0
0
0
0
0
0
0
0
0
0
0
0
0
0
0
0
0
0
0
0
0
0
0
0
0
0
0
0
0
0
0
0
0
0
0
0
0
0
0
0
0
0
0
0
0
0
0
0
0
0
0
0
0
0
0
0
0
0
0
0
0
0
0
0
0
0
0
0
0
0
0
0
0
0
0
0
0
0
0
0
0
0
0
0
0
0
0
0
0
0
0
0
0
0
0
0
0
0
0
0
0
0
0
0
0
0
0
0
0
0
0
0
0
0
0
0
0
0
0
0
0
0
0
0
0
0
0
0
0
0
0
0
0
0
0
0
0
0
0
0
0
0
0
0
0
0
0
0
0
0
0
0
0
0
0
0
0
0
0
0
0
0
0
0
0
0
0
0
0
0
0
0
0
0
0
0
0
0
0
0
0
0
0
0
0
0
0
0
0
0
0
0
0
1
0
0
0
0
0
0
0
0
0
0
0
0
0
0
0
0
0
0
0
0
0
0
0
0
0
0
0
0
0
0
0
0
0
0
0
0
0
0
0
0
0
0
0
0
0
0
0
0
0
0
0
0
0
0
0
0
0
0
0
0
0
0
0
0
0
0
0
0
0
0
0
0
0
0
0
0
0
0
0
0
0
0
0
0
0
0
0
0
0
0
0
0
0
0
0
0
0
0
0
0
0
0
0
0
0
0
0
0
0
0
0
0
0
0
0
0
0
0
0
0
0
0
0
0
0
0
0
0
0
0
0
0
0
0
0
0
0
0
0
0
0
0
0
0
0
0
0
0
0
0
0
0
0
0
0
0
0
0
0
0
0
0
0
0
0
0
0
0
0
0
0
0
0
0
0
0
0
0
0
0
0
0
0
0
0
0
0
0
0
0
0
0
0
0
0
0
0
0
0
0
0
0
0
0
0
0
0
0
0
0
0
0
0
0
0
0
0
0
0
0
0
0
0
0
0
0
0
0
0
0
0
0
0
0
0
0
0
0
0
0
0
0
0
0
0
0
0
0
0
0
0
0
0
0
0
0
0
0
0
0
0
0
0
0
0
0
0
0
0
0
0
0
0
0
0
0
0
0
0
0
0
0
0
0
0
0
0
0
0
0
0
0
0
0
0
0
0
0
0
0
0
0
0
0
0
0
0
0
0
0
0
0
0
0
0
0
0
0
0
0
0
0
0
0
0
0
0
0
0
0
0
0
0
0
0
0
0
0
0
0
0
0
0
0
0
0
0
0
0
0
0
0
0
0
0
0
0
0
0
0
0
0
0
0
0
0
0
0
0
0
0
0
0
0
0
0
0
0
0
0
0
0
0
0
0
0
0
0
0
0
0
0
0
0
0
0
0
0
0
0
0
0
0
0
0
0
0
0
0
0
0
0
0
0
0
0
0
0
0
0
0
0
0
0
0
0
0
0
0
0
0
0
0
0
0
0
0
0
0
0
0
0
0
0
0
0
0
0
0
0
0
0
0
0
0
0
0
0
0
0
0
0
0
0
0
0
0
0
0
0
0
0
0
0
0
0
0
0
0
0
0
0
0
0
0
0
0
0
0
0
0
0
0
0
0
0
0
0
0
0
0
0
0
0
0
0
0
0
0
0
0
0
0
0
0
0
0
0
0
0
0
0
0
0
0
0
0
0
0
0
0
0
0
0
0
0
0
0
0
0
0
0
0
0
0
0
0
0
0
0
0
0
0
0
1
0
0
0
0
0
0
0
0
0
0
0
0
0
0
0
0
0
0
0
0
0
0
0
0
0
0
0
0
0
0
0
0
0
0
0
0
0
0
0
0
0
0
0
0
0
0
0
0
0
0
0
0
0
0
0
0
0
0
0
0
0
0
0
0
0
0
0
0
0
0
0
0
0
0
0
0
0
0
0
0
0
0
0
0
0
0
0
0
0
0
0
0
0
0
0
0
0
0
0
0
0
0
0
0
0
0
0
1
0
0
0
0
0
0
0
0
0
0
0
0
0
0
0
0
0
0
0
0
0
0
0
0
0
0
0
0
0
0
0
0
0
0
0
0
0
0
0
0
0
0
0
0
0
0
0
0
0
0
0
0
0
0
0
0
0
0
0
0
0
0
0
0
0
0
0
0
0
0
0
0
0
0
0
0
0
0
0
0
0
0
0
0
0
0
0
0
0
0
0
0
0
0
0
0
0
0
0
0
0
0
0
0
0
0
0
0
0
0
0
0
0
0
0
0
0
0
0
0
0
0
0
0
0
0
0
0
0
0
0
0
0
0
0
0
0
0
0
0
0
0
0
0
0
0
0
0
0
0
0
0
0
0
0
0
0
0
0
0
0
0
0
0
0
0
0
0
0
0
0
0
0
0
0
0
0
0
0
0
0
0
0
0
0
0
0
0
0
0
0
0
0
0
0
0
0
0
0
0
0
0
0
0
0
0
0
0
0
0
0
0
0
0
0
0
0
0
0
0
0
0
0
0
0
0
0
0
0
0
0
0
0
0
0
0
0
0
0
0
0
0
0
0
0
0
0
0
0
0
0
0
0
0
0
0
0
0
0
0
0
0
0
0
0
0
0
0
0
0
0
0
0
0
0
0
0
0
0
0
0
0
0
0
0
0
0
0
0
0
0
0
0
0
0
0
0
0
0
0
0
0
0
0
0
0
0
0
0
0
0
0
0
0
0
0
0
0
0
0
0
0
0
0
0
0
0
0
0
0
0
0
0
0
0
0
0
0
0
0
0
0
0
0
0
0
0
0
0
0
0
0
0
0
0
0
0
0
0
0
0
0
0
0
0
0
0
0
0
0
0
0
0
0
0
0
0
0
0
0
0
0
0
0
0
0
0
0
0
0
0
0
0
0
0
0
0
0
0
0
0
0
0
0
0
0
0
0
0
0
0
0
0
0
0
0
0
0
0
0
0
0
0
0
0
0
0
0
0
0
0
0
0
0
0
0
0
0
0
0
0
0
0
0
0
0
0
0
0
0
0
0
0
0
0
0
0
0
0
0
0
0
0
0
0
0
0
0
0
0
0
0
0
0
0
0
0
0
0
0
0
0
0
0
0
0
0
0
0
0
0
0
0
0
0
0
0
0
0
0
0
0
0
0
0
0
0
0
0
0
0
0
0
0
0
0
0
0
0
0
0
0
0
0
0
0
0
0
0
0
0
0
0
0
0
0
0
0
0
0
0
0
0
0
0
0
0
0
0
0
0
0
0
0
0
0
0
0
0
0
0
0
0
0
0
0
0
0
0
0
0
0
0
0
0
0
0
0
0
0
0
0
0
0
0
0
0
0
0
0
0
0
0
0
0
0
0
0
0
0
0
0
0
0
0
0
0
0
0
0
0
0
0
0
0
0
0
0
0
0
0
0
0
0
0
0
0
0
0
0
0
0
0
0
0
0
0
0
0
0
0
0
0
0
0
0
0
0
0
0
0
0
0
0
0
0
0
0
0
0
0
0
0
0
0
0
0
0
0
0
0
0
0
0
0
0
0
0
0
0
0
0
0
0
0
0
0
0
0
0
0
0
0
0
0
0
0
0
0
0
0
0
0
0
0
0
0
0
0
0
0
0
0
0
0
0
0
0
0
0
0
0
0
0
0
0
0
0
0
0
0
0
0
0
0
0
0
0
0
0
0
0
0
0
0
0
0
0
0
0
0
0
0
0
0
0
0
0
0
0
0
0
0
0
0
0
0
0
0
0
0
0
0
0
0
0
0
0
0
0
0
0
0
0
0
0
0
0
0
0
0
0
0
0
0
0
0
0
0
0
0
0
0
0
0
0
0
0
0
0
0
0
0
0
0
0
0
0
0
0
0
0
0
0
0
0
0
0
0
0
0
0
0
0
0
0
0
0
0
0
0
0
0
0
0
0
0
0
0
0
0
0
0
0
0
0
0
0
0
0
0
0
0
0
0
0
0
0
0
0
0
0
0
0
0
0
0
0
0
0
0
0
0
0
0
0
0
0
0
0
0
0
0
0
0
0
0
0
0
0
0
0
0
0
0
0
0
0
0
0
0
0
0
0
0
0
0
0
0
0
0
0
0
0
0
0
0
0
0
0
0
0
0
0
0
0
0
0
0
0
0
0
0
0
0
0
0
0
0
0
0
0
0
0
0
0
0
0
0
0
0
0
0
0
0
0
0
0
0
0
0
0
0
0
0
0
0
0
0
0
0
0
0
0
0
0
0
0
0
0
0
0
0
0
0
0
0
0
0
0
0
0
0
0
0
0
0
0
0
0
0
0
0
0
0
0
0
0
0
0
0
0
0
0
0
0
0
0
0
0
0
0
0
0
0
0
0
0
0
0
0
0
0
0
0
0
0
0
0
0
0
0
0
0
0
0
0
0
0
0
0
0
0
0
0
0
0
0
0
0
0
0
0
0
0
0
0
0
0
0
0
0
0
0
0
0
0
0
0
0
0
0
0
0
0
0
0
0
0
0
0
0
0
0
0
0
0
0
0
0
0
0
0
0
0
0
0
0
0
0
0
0
0
0
0
0
0
0
0
0
0
0
0
0
0
0
0
0
0
0
0
0
0
0
0
0
0
0
0
0
0
0
0
0
0
0
0
0
0
0
0
0
0
0
0
0
0
0
0
0
0
0
0
0
0
0
0
0
0
0
0
0
0
0
0
0
0
0
0
0
0
0
0
0
0
0
0
0
0
0
0
0
0
0
0
0
0
0
0
0
0
0
0
0
0
0
0
0
0
0
0
0
0
0
0
0
0
0
0
0
0
0
0
0
0
0
0
0
0
0
0
0
0
0
0
0
0
0
0
0
0
0
0
0
0
0
0
0
0
0
0
0
0
0
0
0
0
0
0
0
0
0
0
0
0
0
0
0
0
0
0
0
0
0
0
0
0
0
0
0
0
0
0
0
0
0
0
0
0
0
0
0
0
0
0
0
0
0
0
0
0
0
0
0
0
0
0
0
0
0
0
0
0
0
0
0
0
0
0
0
0
0
0
0
0
0
0
0
0
0
0
0
0
0
0
0
0
0
0
0
0
0
0
0
0
0
0
0
0
0
0
0
0
0
0
0
0
0
0
0
0
0
0
0
0
0
0
0
0
0
0
0
0
0
0
0
0
0
0
0
0
0
0
0
0
0
0
0
0
0
0
0
0
0
0
0
0
0
0
0
0
0
0
0
0
0
0
0
0
1
0
0
0
0
0
0
0
0
0
0
0
0
0
0
0
0
0
0
0
0
0
0
0
0
0
0
0
0
0
0
0
0
0
0
0
0
0
0
0
0
0
0
0
0
0
0
0
0
0
0
0
0
0
0
0
0
0
0
0
0
0
0
0
0
0
0
0
0
0
0
0
0
0
0
0
0
0
0
0
0
0
0
0
0
0
0
0
0
0
0
0
0
0
0
0
0
0
0
0
0
0
0
0
0
0
0
0
0
0
0
0
0
0
0
0
0
0
0
0
0
0
0
0
0
0
0
0
0
0
0
0
0
0
0
0
0
0
0
0
0
0
0
0
0
0
0
0
0
0
0
0
0
0
0
0
0
0
0
0
0
0
0
0
0
0
0
0
0
0
0
0
0
0
0
0
0
0
0
0
0
0
0
0
0
0
0
0
0
0
0
0
0
0
0
0
0
0
0
0
0
0
0
0
0
0
0
0
0
0
0
0
0
0
0
0
0
0
0
0
0
0
0
0
0
0
0
0
0
0
0
0
0
0
0
0
0
0
0
0
0
0
0
0
0
0
0
0
0
0
0
0
0
0
0
0
0
0
0
0
0
0
0
0
0
0
0
0
0
0
0
0
0
0
0
0
0
0
0
0
0
0
0
0
0
0
0
0
0
0
0
0
0
0
0
0
0
0
0
0
0
0
0
0
0
0
0
0
0
0
0
0
0
0
0
0
0
0
0
0
0
0
0
0
0
0
0
0
0
0
0
0
0
0
0
0
0
0
0
0
0
0
0
0
0
0
0
0
0
0
0
0
0
0
0
0
0
0
0
0
0
0
0
0
0
0
0
0
0
0
0
0
0
0
0
0
0
0
0
0
0
0
0
0
0
0
0
0
0
0
0
0
0
0
0
0
0
0
0
0
0
0
0
0
0
0
0
0
0
0
0
0
0
0
0
0
0
0
0
0
0
0
0
0
0
0
0
0
0
0
0
0
0
0
0
0
0
0
0
0
0
0
0
0
0
0
0
0
0
0
0
0
0
0
0
0
0
0
0
0
0
0
0
0
0
0
0
0
0
0
0
0
0
0
0
0
0
0
0
0
0
0
0
0
0
0
0
0
0
0
0
0
0
0
0
0
0
0
0
0
0
0
0
0
0
0
0
0
0
0
0
0
0
0
0
0
0
0
0
0
0
0
0
0
0
0
0
0
0
0
0
0
0
0
0
0
0
0
0
0
0
0
0
0
0
0
0
0
0
0
0
0
0
0
0
0
0
0
0
0
0
0
0
0
0
0
0
0
0
0
0
0
0
0
0
0
0
0
0
0
0
0
0
0
0
0
0
0
0
0
0
0
0
0
0
0
0
0
0
0
0
0
0
0
0
0
0
0
0
0
0
0
0
0
0
0
0
0
0
0
0
0
0
0
0
0
0
0
0
0
0
0
0
0
0
0
0
0
0
0
0
0
0
0
0
0
0
0
0
0
0
0
0
0
0
0
0
0
0
0
0
0
0
0
0
0
0
0
0
0
0
0
0
0
0
0
0
0
0
0
0
0
0
0
0
0
0
0
0
1
0
0
0
0
0
0
0
0
0
0
0
0
0
0
0
0
0
0
0
0
0
0
0
0
0
0
0
0
0
0
0
0
0
0
0
0
0
0
0
0
0
0
0
0
0
0
0
0
0
0
0
0
0
0
0
0
0
0
0
0
0
0
0
0
0
0
0
0
0
0
0
0
0
0
0
0
0
0
0
0
0
0
0
0
0
0
0
0
0
0
0
0
0
0
0
0
0
0
0
0
0
0
0
0
0
0
0
0
0
0
0
0
0
0
0
0
0
0
0
0
0
0
0
0
0
0
0
0
0
0
0
0
0
0
0
0
0
0
0
0
0
0
0
0
0
0
0
0
0
0
0
0
0
0
0
0
0
0
0
0
0
0
0
0
0
0
0
0
0
0
0
0
0
0
0
0
0
0
0
0
0
0
0
0
0
0
0
0
0
0
0
0
0
0
0
0
0
0
0
0
0
0
0
0
0
0
0
0
0
0
0
0
0
0
0
0
0
0
0
0
0
0
0
0
0
0
0
0
0
0
0
0
0
0
0
0
0
0
0
0
0
0
0
0
0
0
0
0
0
0
0
0
0
0
0
0
0
0
0
0
0
0
0
0
0
0
0
0
0
0
0
0
0
0
0
0
0
0
0
0
0
0
0
0
0
0
0
0
0
0
0
0
0
0
0
0
0
0
0
0
0
0
0
0
0
0
0
1
0
0
0
0
0
0
0
0
0
0
0
0
0
0
0
0
0
0
0
0
0
0
0
0
0
0
0
0
0
0
0
0
0
0
0
0
0
0
0
0
0
0
0
0
0
0
0
0
0
0
0
0
0
0
0
0
0
0
0
0
0
0
0
0
0
0
0
0
0
0
0
0
0
0
0
0
0
0
0
0
0
0
0
0
0
0
0
0
0
0
0
0
0
0
0
0
0
0
0
0
0
0
0
0
0
0
0
0
0
0
0
0
0
0
0
0
0
0
0
0
0
0
0
0
0
0
0
0
0
0
0
0
0
0
0
0
0
0
0
0
0
0
0
0
0
0
0
0
0
0
0
0
0
0
0
0
1
0
0
0
0
0
0
0
0
0
0
0
0
$ENER_FIT:
1.030 0.490778 1.95562e-007
$MCA_CAL:
3
1.030 0.490778 1.95562e-007
$PEAKLABELS:
484.041, "Pb-212"
488.826, "Ra-224"
1185.753, "Tl-208"
686.221, "Ac-228"
1853.114, "Ac-228"
424.336, "Ac-228"
261.664, "Ac-228"
547.861, "Ac-228"
1970.969, "Ac-228"
312.218, "Ac-228"
665.143, "Ac-228"
232.483, "Pb-212"
608.521, "Pb-212"
562.493, "Tl-208"
940.396, "Ac-228"
1479.262, "Bi-212"
5313.825, "Tl-208"
830.942, "Ac-228"
1616.570, "Ac-228"
584.934, "Bi-212"
1961.859, "Ac-228"
1750.214, "Tl-208"
1143.031, "Ac-228"
919.509, "Bi-212"
1535.681, "Ac-228"
1570.636, "Ac-228"
1597.041, "Bi-212"
1699.898, "Ac-228"
3228.902, "Ac-228"
1552.570, "Tl=208"
1709.012, "Ac-228"
1839.932, "Ac-228"
3315.924, "Ac-228"
1689.426, "Ac-228"
3294.770, "Bi-212"
3041.301, "Ac-228"
2192.878, "Bi-212"
2536.642, "Ac-228"
2257.682, "Ac-228"
3213.261, "Ac-228"
3053.137, "Ac-228"
3076.567, "Bi-212"
137.660, "Au XRF,(Detector)"
154.439, "Bi X-ray"
176.463, "Bi X-rays"
182.036, "Th X-rays"
188.751, "Th X-rays"
201.590, "Th-228,Ac-228"
213.306, "Th X-rays"
220.552, "Th X-rays"
1037.773, "Pos. Ann., +Tl-208"
2967.075, "K-40,(Bkgd)"
3238.046, "Double,Escape"
4276.189, "Single,Escape"
6498.937, "Cascade,Sum Peak"
$ENDRECORD:
