$SPEC_ID:
PeakEasy Library File: U-233, Interceptor (CZT), 0.98 g @ 60 cm
$MEAS_TIM:
10151.00000 10317.10000
$DATE_MEA:
16-Apr-2006 03:36:05
$DATA:
0 1023
0
0
0
0
0
0
0
0
0
0
0
0
0
591
1233
1200
1153
1170
1164
1169
1182
1096
1106
1131
1088
1048
1153
1128
1156
1158
1276
1248
1343
1459
1446
1570
1728
1760
1821
1933
2104
2276
2383
2557
2735
2973
3239
3253
3503
3617
3630
3691
3548
3589
3679
3724
3724
3867
3843
3799
3900
3881
3974
4089
3947
3817
3693
3374
3235
3033
2989
3036
3096
3061
3167
2950
2771
2710
2672
2552
2579
2482
2543
2440
2549
2490
2556
2490
2414
2489
2287
2385
2265
2201
2190
2138
2070
2047
2019
1909
1837
1841
1839
1805
1806
1693
1694
1684
1682
1626
1627
1540
1600
1558
1592
1486
1513
1470
1434
1436
1422
1444
1388
1400
1364
1282
1351
1391
1301
1321
1295
1214
1213
1175
1123
1168
1117
1107
1092
1058
1076
1176
1104
1146
1103
1123
1118
1065
1029
1039
1079
1044
1077
1234
1362
1604
1782
1996
1988
1981
1759
1544
1251
936
768
596
550
499
488
478
442
442
426
424
412
471
403
383
411
394
423
439
432
466
461
453
390
373
325
350
364
367
363
377
354
371
370
354
385
373
351
375
297
284
302
225
283
281
251
272
231
253
249
252
259
231
218
231
242
217
211
235
225
198
191
225
229
230
185
218
192
200
209
199
191
183
201
194
171
161
187
177
161
166
152
175
176
192
165
157
167
169
183
169
174
160
180
164
151
163
140
152
153
157
122
138
141
141
159
145
127
127
146
114
129
109
109
119
128
107
119
115
128
131
155
144
149
176
164
204
181
218
252
237
252
195
192
164
128
116
112
92
85
82
92
87
83
84
91
82
71
103
104
89
80
84
75
80
59
81
80
74
83
101
89
94
103
79
96
100
109
100
138
125
119
148
163
169
164
180
163
175
138
126
109
82
77
63
67
63
62
58
66
66
62
60
70
53
46
54
55
56
73
55
55
47
68
67
69
52
71
70
76
84
81
100
99
114
112
113
145
140
162
208
216
212
212
238
235
250
203
186
163
136
102
79
71
48
40
41
36
29
16
27
34
27
31
29
29
36
33
26
21
34
31
35
18
24
25
19
35
27
23
35
32
25
25
25
30
22
28
29
29
46
23
23
27
19
22
31
27
23
30
27
26
21
27
28
28
28
19
24
20
27
31
27
21
29
27
14
24
25
39
25
21
28
25
30
24
34
26
26
26
27
28
41
28
37
38
44
42
55
44
50
53
46
42
40
23
41
31
30
22
26
17
29
23
30
19
15
15
11
19
21
19
20
19
25
25
31
15
31
29
33
24
24
18
12
21
25
23
24
18
21
18
21
19
18
23
15
21
21
19
21
16
24
20
21
22
15
17
13
16
16
30
19
20
22
18
16
19
22
13
28
19
26
16
12
18
25
15
19
24
28
25
22
20
22
22
25
27
27
31
26
36
24
23
27
19
17
19
13
12
13
13
9
17
27
13
12
13
9
20
11
29
19
20
11
13
19
12
8
9
16
15
16
10
13
16
18
13
15
15
11
13
15
12
10
13
12
8
17
13
11
9
15
15
9
13
10
22
12
8
10
20
14
15
11
17
14
15
11
9
12
12
16
16
15
9
15
16
16
10
9
11
7
13
14
15
12
13
18
11
10
16
15
15
14
17
16
9
12
21
18
15
19
17
11
15
22
9
12
15
12
15
14
12
8
10
12
11
21
15
16
17
9
17
14
13
16
15
12
16
14
7
13
12
14
13
15
17
15
18
18
9
12
17
16
17
11
19
10
14
15
14
15
9
9
8
10
11
11
12
11
17
15
12
11
10
6
13
8
15
13
15
12
15
8
12
15
7
13
15
12
12
9
13
9
13
14
10
9
11
14
12
13
7
11
7
9
11
13
12
8
18
11
8
11
11
16
11
15
11
10
8
6
11
10
13
11
9
10
7
7
8
15
8
16
18
10
15
7
12
7
12
13
7
15
15
10
10
12
14
9
15
6
6
13
17
16
8
9
10
9
9
11
11
13
16
12
4
9
6
9
12
19
15
11
7
14
6
11
14
14
14
15
14
5
8
10
10
16
14
11
13
11
18
9
8
12
16
11
11
6
8
5
7
9
6
11
12
11
10
12
15
4
11
15
11
15
10
13
9
10
8
11
9
15
14
14
18
10
11
15
10
7
7
9
10
6
11
7
7
15
9
9
12
6
12
11
12
11
14
13
9
11
12
10
9
7
7
10
13
13
17
10
12
7
10
10
9
14
9
5
7
10
10
13
8
6
5
11
11
8
14
16
14
9
3
5
8
8
12
9
9
8
13
8
16
9
12
7
7
8
6
15
9
10
6
13
8
11
10
10
13
5
5
5
8
14
7
8
8
13
9
10
7
11
4
8
8
6
13
11
18
6
13
10
10
20
7
9
10
14
14
8
10
8
14
7
8
14
12
11
11
11
9
15
10
12
17
17
18
18
$ENER_FIT:
0.000 1.500000 0.00000e+000
$MCA_CAL:
3
0.000 1.500000 0.00000e+000
$PEAKLABELS:
49.383, "U-232(d)"
158.204, "U-232(d)"
183.487, "U-232(d)"
200.040, "U-232(d)"
292.892, "U-233(d)"
387.198, "U-232(d)"
311.618, "U-233(d)"
482.639, "U-232(d)"
571.940, "U-232(d)"
509.715, "U-232(d)"
338.880, "U-232(d),Ann. Rad."
73.639, "U X-ray"
58.664, "U-232(d),U-233(d)"
65.175, "U X-ray"
$ENDRECORD:
