$SPEC_ID:
PeakEasy Library File: Ra-223, IdentiFINDER (NaI), 460 uCi @ 50 cm
$MEAS_TIM:
8051.00000 8288.00000
$DATE_MEA:
9-Oct-2013 08:19:23
$DATA:
0 1023
0
0
0
0
0
1167
59698
105335
127343
148101
171808
193624
210630
227694
257081
308748
382691
458340
514934
584964
696378
851360
1009589
1183914
1408969
1740700
2159343
2506701
2546620
2224095
1723890
1323660
1049452
848722
663829
520873
439546
417067
419799
428255
424931
415785
418959
433661
456401
493349
534761
580934
614927
638914
631802
600017
542152
470013
401772
342435
300252
267394
247442
231909
221161
210322
201769
193317
185642
178449
172676
167211
161313
156900
152718
150157
146320
144466
142495
139861
138700
138248
140237
145190
156487
177682
209885
254135
308946
367926
426716
470639
500832
506085
488034
447677
391548
328247
263527
206029
158480
123253
99138
85960
80400
80387
86029
94414
104953
116895
129598
143076
156998
171075
185205
197050
208806
214788
218788
215559
208924
197255
179602
162101
142029
123476
106318
93659
84323
79601
78931
82499
87488
93334
100972
106337
110626
112437
111335
108089
102932
95615
86981
78425
69573
61763
54014
47442
41752
37038
32613
29087
25547
22873
20093
17752
15558
13336
11580
10056
8899
7939
7231
6577
6218
5935
5761
5651
5543
5586
5585
5519
5388
5542
5573
5537
5552
5480
5610
5254
5453
5272
5219
4966
5023
4947
4805
4738
4704
4572
4598
4566
4497
4598
4572
4513
4510
4591
4653
4641
4681
4683
4391
4511
4253
4144
4062
3841
3779
3482
3334
3116
3032
2805
2705
2512
2358
2336
2327
2149
2159
2234
2081
2131
2192
2332
2255
2447
2545
2538
2663
2785
2847
2976
2898
3027
3040
3077
3030
2961
2897
2892
2665
2654
2525
2553
2561
2494
2564
2650
2613
2716
2760
2910
2958
3003
3117
3127
3269
3279
3390
3475
3627
3617
3892
4212
4357
4867
5227
5767
6308
6681
7339
7828
8304
8771
9189
9267
9381
9581
9471
8992
8832
8164
7780
7167
6610
6035
5389
4640
4097
3670
3234
2940
2418
2191
1980
1774
1610
1487
1355
1267
1172
1114
1065
952
892
862
843
727
645
655
588
501
504
441
422
408
331
335
343
324
304
289
323
291
293
283
250
260
244
262
252
272
240
265
227
242
222
250
231
218
219
217
207
210
203
261
223
222
225
214
239
257
243
236
250
262
289
292
325
328
333
332
362
361
344
374
383
378
385
368
370
362
370
341
328
379
330
313
317
275
248
256
244
241
253
233
241
210
208
212
191
181
196
182
197
175
186
181
160
178
176
179
157
138
145
134
141
136
124
139
121
130
122
119
111
107
115
119
128
109
125
101
100
106
113
107
106
85
99
98
82
78
65
88
83
87
84
73
67
69
61
64
73
72
79
70
63
65
61
69
55
65
74
73
69
66
68
72
86
77
86
80
101
104
98
102
120
141
142
124
120
162
150
170
190
174
185
193
190
232
220
216
221
227
216
219
223
241
197
205
184
193
169
175
169
170
152
132
127
117
123
88
88
108
96
72
60
68
57
57
58
44
57
54
39
55
40
42
46
33
41
51
46
41
44
33
37
44
47
34
36
48
35
34
27
35
21
32
25
35
24
30
39
27
26
26
30
30
21
30
24
26
23
22
32
24
26
21
27
22
25
21
30
39
32
31
16
27
37
34
26
31
36
33
23
25
36
41
32
33
33
34
30
25
40
29
35
34
35
38
31
33
31
36
37
27
33
27
28
27
29
25
25
26
23
19
17
28
27
28
27
17
23
13
29
22
21
27
30
19
21
19
17
23
35
13
18
12
19
15
16
13
19
18
15
11
19
16
20
14
15
16
16
10
18
20
14
16
16
14
17
17
15
13
11
14
24
10
8
7
14
13
8
14
8
18
14
10
13
10
12
10
9
11
11
14
20
16
9
14
15
15
10
20
14
11
14
10
14
8
15
16
11
11
23
18
22
15
29
17
22
20
20
15
25
21
19
15
20
15
22
31
22
10
14
13
19
19
23
18
24
17
16
26
22
21
21
27
13
15
15
12
18
19
21
16
17
17
14
13
18
16
16
18
22
18
18
13
14
13
14
16
15
11
16
18
22
21
12
15
12
16
11
13
15
23
6
12
12
8
14
9
18
12
9
7
12
11
19
14
10
8
9
15
16
10
15
9
12
10
11
7
9
8
7
5
9
10
8
1
6
5
8
3
7
9
5
4
3
6
4
9
2
14
5
3
4
4
5
3
5
7
6
3
4
5
11
1
3
2
4
7
4
1
3
7
4
5
7
5
4
5
6
5
9
6
5
6
4
7
10
17
8
9
15
14
14
11
14
14
14
13
10
14
20
13
17
20
23
19
19
19
15
20
15
14
12
14
14
11
9
12
9
13
15
11
7
6
8
11
7
4
5
9
9
4
3
5
3
6
3
1
3
4
3
4
1
2
2
4
5
1
1
4
2
3
1
0
1
5
3
0
1
2
0
2
0
2
1
1
1
0
1
0
2
1
1
1
2
0
0
1
1
1
2
0
0
1
1
0
0
2
0
0
0
0
1
0
1
0
1
1
0
0
0
1
3
1
1
0
2
1
0
0
0
2
0
2
2
1
1
0
0
0
0
2
1
0
0
0
1
1
0
1
0
2
1
0
2
0
0
1
2
0
0
0
1
0
1
1
0
1
1
0
3
0
0
0
3
1
1
1
0
2
1
2
$ENER_FIT:
-2.603 3.056368 -4.38748e-005
$MCA_CAL:
3
-2.603 3.056368 -4.38748e-005
$PEAKLABELS:
49.952, "Ra-223"
274.642, "Pb-211"
232.193, "Pb-211"
365.921, "Pb-211"
88.845, "Ra-223,Rn-219"
114.327, "Bi-211,Ra-223"
133.741, "Rn-219,Pb-211"
198.000, "Ra-223 Pb-211,B-214 (Bkgd)"
866.546, "Th-232(d),(Bkgd)"
481.692, "K-40,(Bkgd)"
27.583, "Ra-223,Rn X-rays"
173.168, "Ra-223,Rn-219"
$ENDRECORD:
