$SPEC_ID:
PeakEasy Library File: Ra-223, Interceptor (CZT), 460 uCi @ 50 cm
$MEAS_TIM:
8225.40000 8233.10000
$DATE_MEA:
8-Oct-2004 23:24:02
$DATA:
0 1023
0
0
0
0
0
0
0
0
0
0
0
0
0
0
0
0
0
0
0
0
1755
3806
3718
3715
3857
3605
3785
3848
3987
4179
4170
4635
4979
5449
6109
6636
7422
8172
9095
9676
10558
11244
11981
12619
13275
13882
14562
15543
16181
17274
19383
22874
28994
35336
41033
41171
35551
26521
17926
12583
11210
12498
13755
14264
13184
10718
8027
6017
4929
4370
4151
4012
4029
3870
3992
3977
4018
4282
4345
4414
4793
4709
4887
4547
4376
4279
4230
4290
4330
4317
4379
4636
4845
5130
5816
6186
6303
5809
5646
5507
5733
6232
6869
6321
5530
4537
3507
2900
2443
2270
2132
2021
1995
2010
1852
1879
1859
1738
1749
1682
1610
1663
1572
1470
1404
1376
1383
1342
1288
1273
1305
1266
1231
1194
1157
1082
1168
1087
987
1002
1051
1051
969
946
934
969
941
973
965
956
909
897
904
798
848
897
822
838
873
844
848
881
922
920
953
913
973
1010
1063
1061
1233
1217
1440
1724
1976
2409
3047
3477
4098
4536
4255
3414
2457
1502
848
469
338
303
272
286
283
313
285
258
270
277
279
283
265
270
270
270
251
288
283
303
285
319
331
357
435
480
494
639
709
721
713
671
561
459
489
446
444
539
641
716
702
677
687
709
785
935
1145
1125
1055
799
627
407
230
150
135
105
111
104
117
135
123
126
157
141
139
137
125
146
150
159
156
150
178
178
232
279
334
334
407
468
545
569
594
541
432
349
246
149
92
85
68
72
83
86
80
117
116
122
131
110
84
84
66
70
50
47
69
80
65
90
81
66
77
51
43
33
30
22
26
13
16
11
26
17
18
23
17
13
27
19
25
23
20
28
13
15
24
29
24
24
12
21
11
25
13
19
19
27
33
17
15
23
15
19
11
18
32
17
20
14
13
16
25
33
12
19
21
23
19
21
15
13
18
10
23
8
16
21
21
23
18
10
19
14
22
22
13
12
12
17
13
9
19
20
13
18
21
16
19
15
23
10
17
12
12
16
17
13
14
11
15
9
24
13
15
16
14
20
23
19
13
9
10
17
12
12
19
11
15
15
12
15
9
16
11
11
10
13
15
8
11
4
4
9
9
8
6
7
3
9
10
11
5
9
5
5
5
8
5
6
7
8
5
5
4
4
6
7
8
6
6
7
8
5
3
7
3
7
9
9
9
12
12
11
6
4
5
7
1
4
4
2
5
0
3
4
3
7
5
3
3
3
0
4
5
3
4
8
4
8
7
6
2
5
4
6
8
3
6
9
9
7
8
8
8
10
9
14
6
5
5
2
2
4
7
2
3
4
9
4
4
4
3
10
6
11
8
2
6
7
2
10
6
11
6
12
17
11
20
10
17
17
14
26
31
21
28
33
24
32
16
15
17
8
4
3
4
3
0
2
3
1
1
0
1
1
1
2
0
3
1
2
2
3
2
2
4
3
2
3
2
0
3
2
1
2
7
2
2
3
6
1
3
1
1
0
1
4
2
1
1
3
1
1
0
2
0
2
0
0
1
0
2
0
1
0
3
2
2
2
0
1
0
1
2
1
0
0
0
2
2
0
0
0
1
1
2
0
1
0
0
0
0
0
1
1
0
1
1
2
0
0
1
0
0
1
1
0
0
0
3
0
1
0
1
0
0
1
0
0
1
1
0
0
0
0
0
0
1
0
1
0
1
0
0
2
0
0
0
2
0
0
0
0
0
1
1
0
0
0
0
0
0
1
0
1
0
1
0
1
0
2
0
0
0
1
0
0
1
1
1
1
3
3
2
0
1
0
1
0
0
1
1
0
0
0
2
0
1
1
1
1
0
2
2
0
1
0
0
0
0
1
1
1
0
1
0
1
2
0
1
1
1
0
0
0
1
0
0
1
1
0
0
0
0
0
0
0
0
1
0
0
2
0
0
0
0
1
0
1
3
0
0
2
0
0
0
0
1
0
0
1
0
0
0
0
1
0
0
0
0
0
0
0
0
0
0
1
0
1
2
0
0
0
1
0
0
0
0
0
0
0
1
0
0
0
0
0
1
0
0
0
0
0
0
0
0
0
0
0
0
0
1
0
0
0
1
0
0
0
0
1
1
0
1
1
0
0
0
0
0
0
0
0
0
0
0
0
0
0
0
0
0
0
0
1
1
0
0
0
1
0
0
0
0
0
0
0
1
0
0
0
0
1
0
0
0
0
0
0
0
0
0
0
0
0
0
0
0
0
0
0
0
0
1
0
0
0
1
0
0
0
0
0
1
0
0
0
0
0
0
0
0
0
1
0
0
0
1
0
0
0
0
0
0
1
0
0
1
0
1
0
0
0
0
0
0
1
0
0
0
0
0
0
0
0
0
0
0
0
1
0
0
0
0
1
1
0
0
0
0
0
1
0
0
0
0
0
0
0
0
0
0
0
0
0
0
0
1
0
0
0
0
0
0
0
0
0
$ENER_FIT:
0.012 1.514549 -5.89693e-005 7.46862e-008 0.00000e+000
$MCA_CAL:
5
0.012 1.514549 -5.89693e-005 7.46862e-008 0.00000e+000
$PEAKLABELS:
102.660, "Ra-223"
95.246, "Ra-223"
81.310, "Ra-223"
232.889, "Bi-211"
214.990, "Ra-223"
224.844, "Ra-223"
283.969, "Pb-211"
296.308, "Ra-223"
552.902, "Pb-211"
510.956, "Pb-211"
467.284, "Pb-211"
54.501, "Ra-223,Rn X-rays"
179.267, "Ra-223,Rn-219"
267.923, "Rn-219,Pb-211"
63.200, "Ra-223,Rn X-rays"
$ENDRECORD:
