$SPEC_ID:
PeakEasy Library File: Ra-223, IdentiFINDER (LaBr3), 460 uCi @ 50 cm
$MEAS_TIM:
8052.00000 8220.00000
$DATE_MEA:
9-Oct-2013 10:36:11
$DATA:
0 1023
0
0
0
0
0
21603
64014
71892
80373
95675
118528
141493
151965
148497
161522
197765
237929
267503
307257
395160
521988
655392
764917
862173
1003195
1345519
2020014
2565259
2254946
1413776
922195
874426
808159
579089
368984
270109
241816
237187
244826
268275
295653
304171
293455
285628
292362
316315
363394
417667
457318
483815
515569
526348
468685
362982
265795
207209
179234
166551
159453
153663
147211
140383
133433
126561
121339
116246
112597
108338
104192
99681
96457
93803
91993
90300
88822
87385
87041
85420
84298
82856
80281
78957
78570
82405
97060
135814
218201
347508
495612
597863
595143
485607
326999
185682
97410
55633
40217
34471
31853
30031
29218
30437
33537
41359
54643
72355
90052
102771
106467
103895
100065
103423
115235
138211
166488
195051
211180
202839
171528
126403
83600
52198
34385
25130
21215
18698
17520
18245
22511
32379
49515
72877
99027
120039
127339
119187
99921
74522
52615
37912
30789
27894
27308
26684
24947
23435
22096
20811
19769
17879
14675
11694
8641
6540
4989
4242
3889
3725
3686
3623
3548
3643
3529
3591
3653
3547
3537
3621
3662
3705
3831
3938
4044
4004
4035
3990
3924
3783
3806
3534
3426
3319
3313
3345
3142
3191
3295
3232
3175
3229
3162
3228
3185
3187
3346
3320
3408
3572
3664
3764
3759
3874
3799
3737
3482
3448
3295
3055
2886
2660
2472
2401
2257
2018
1866
1814
1713
1558
1577
1479
1453
1454
1439
1439
1431
1442
1533
1493
1651
1730
2006
2284
2631
2883
3060
3048
2856
2607
2197
1910
1513
1232
1103
974
889
835
891
956
1028
1352
1534
1827
2187
2559
2827
2943
3034
2892
2665
2367
2020
1567
1394
1206
1086
1087
1148
1312
1593
2087
2744
3625
4638
6185
7685
9144
10458
11065
11239
10641
9589
8320
6876
5349
3852
2792
1987
1428
1013
785
696
678
624
657
702
834
899
979
1117
1122
1129
1144
1046
941
862
749
610
564
491
438
402
359
359
324
335
307
321
314
337
330
309
347
318
295
284
318
284
296
266
264
247
281
261
278
277
278
279
257
280
224
243
243
240
229
235
214
217
212
190
191
197
190
168
191
186
214
236
232
241
231
238
281
275
310
281
308
346
379
416
415
434
445
425
410
385
386
342
324
275
272
232
239
241
203
203
223
199
203
217
216
208
188
218
189
203
203
202
202
215
202
222
194
217
202
191
181
206
173
175
175
191
182
167
156
163
155
150
141
133
119
137
135
126
112
103
108
91
105
104
118
85
77
92
72
72
64
68
85
64
71
61
48
68
56
58
52
53
40
45
51
54
52
57
45
44
37
54
49
51
51
36
53
52
47
44
56
62
57
74
87
94
97
112
117
158
169
207
215
244
275
355
360
380
423
494
473
516
522
550
543
557
490
496
465
406
370
317
270
247
187
155
133
105
82
59
52
41
34
39
25
27
25
35
20
21
20
24
23
18
18
21
11
26
25
18
23
27
33
22
28
37
20
20
25
25
31
20
17
26
18
26
19
17
21
16
15
21
17
16
18
20
19
17
9
17
13
13
19
13
8
13
14
17
18
16
18
20
10
14
23
17
12
16
24
27
22
20
22
15
19
25
31
35
27
29
30
35
31
36
29
24
37
22
21
35
34
29
32
25
27
22
21
26
23
28
27
21
25
21
26
27
23
31
35
32
44
38
33
36
41
31
31
33
32
37
34
28
38
37
33
45
25
45
47
53
43
39
40
49
52
49
57
48
56
42
63
63
55
59
63
64
60
55
58
54
65
66
69
62
61
77
57
67
59
62
81
90
78
74
59
71
79
93
84
78
94
92
78
94
85
95
89
91
102
100
102
75
84
95
87
78
69
65
76
72
76
74
65
65
72
71
61
72
63
64
73
57
47
56
54
52
62
52
57
54
65
49
48
58
64
60
49
66
53
52
55
54
70
64
70
61
54
56
73
63
69
70
74
56
67
70
71
67
69
70
63
54
61
66
67
75
64
63
68
76
64
73
72
75
73
67
83
77
81
83
102
93
90
88
99
76
89
82
73
75
85
78
78
62
60
60
52
60
60
58
53
43
60
59
59
56
70
61
61
60
52
63
51
60
58
48
60
54
66
47
43
49
59
43
36
28
38
37
27
26
37
21
25
27
29
21
22
24
19
31
13
31
26
21
28
21
29
25
22
31
32
32
32
35
32
23
27
29
22
28
28
35
32
30
26
29
38
31
26
36
33
45
39
30
37
34
36
46
38
48
47
41
44
46
51
44
45
46
51
52
50
62
64
69
48
56
68
58
48
68
63
55
66
46
47
68
52
56
50
45
37
40
42
48
27
29
26
31
30
20
24
30
19
21
12
17
15
6
12
11
12
5
5
4
4
5
2
4
8
3
4
2
1
1
0
3
1
3
0
1
2
0
2
3
2
0
0
2
0
0
1
4
2
1
1
0
1
0
0
3
1
2
0
0
2
0
1
1
3
1
1
0
0
1
1
1
1
1
1
1
0
0
1
1
1
3
0
3
0
0
0
0
2
0
0
0
0
0
0
0
0
0
0
0
0
0
0
0
0
0
0
0
0
0
0
0
0
0
0
0
0
0
0
0
0
0
0
0
0
$ENER_FIT:
2.977 2.952028 2.00872e-004 -2.21998e-007 0.00000e+000
$MCA_CAL:
5
2.977 2.952028 2.00872e-004 -2.21998e-007 0.00000e+000
$PEAKLABELS:
50.273, "Ra-223"
40.446, "Ra-223"
115.789, "Bi-211"
107.992, "Ra-223"
277.756, "Pb-211"
176.351, "Ra-223"
172.159, "Rn-219"
234.701, "Pb-211"
255.991, "Pb-211"
300.108, "Tl-207"
371.164, "Pb-211"
884.057, "Th-232(d),(Bkgd)"
488.157, "K-40 (Bkgd),La-138"
26.820, "Ra-223,Rn X-rays"
89.537, "Ra-223,Rn-219"
133.944, "Rn-219,Pb-211"
146.348, "Ra-223,Pb-211"
202.031, "Ra-223  Pb-211,Bi-214 (Bkgd)"
$ENDRECORD:
