$SPEC_ID:
PeakEasy Library File: Ra-223, Detective (HPGe), 460 uCi @ 81 cm
$MEAS_TIM:
7259.10000 8285.36000
$DATE_MEA:
8-Oct-2004 11:22:18 PM
$DATA:
0 8191
0
0
0
0
0
0
0
0
0
0
0
0
0
0
0
0
0
0
0
1
0
0
0
0
1
0
2
2
2
7
1
6
6
10
17
34
60
129
226
1117
28760
62241
63946
62610
61921
60927
60586
59949
58857
57942
57407
57012
56004
55057
55005
53574
53282
52010
51232
51192
50161
49862
48609
48288
47608
47058
46400
45820
44972
44537
44045
43710
43417
42628
41864
41688
41090
40418
39938
39596
38561
38720
38055
37277
36991
36540
36582
36110
35282
35256
34569
34421
33988
33671
33101
32651
32564
32082
31991
31482
31480
31164
31101
30534
30317
29928
29889
29823
29827
29838
28984
29172
28951
28508
28515
28666
28384
28252
28356
28364
28318
27697
28212
28080
28279
27910
28032
27825
27864
27867
27922
28013
27975
27783
27645
28073
28262
28249
28317
28729
28530
28464
28931
29068
28945
29388
29849
29743
29880
30106
30130
30395
30597
31201
31388
31299
31772
32242
32288
33115
33458
33946
34192
34960
35513
36907
37676
38514
39543
40594
42417
43387
44672
45459
46869
47337
48137
49132
48711
50365
51633
52554
52565
52080
53250
54873
56539
56738
55236
55041
57265
60609
61898
60183
59009
61538
65899
69939
69648
65719
60963
60774
61749
62470
62788
64000
67167
73077
77893
79822
78237
75839
75633
80494
86878
95515
111842
148105
211742
270893
277697
222882
153776
125234
159333
253332
369228
421744
360268
226567
113768
57947
38934
34798
33526
33810
34250
34421
33813
34102
34508
36485
37806
39003
38508
36977
35439
35258
35694
36491
38645
41335
47962
63760
93449
130199
161545
166438
138195
94113
59389
45366
47852
59213
71701
73554
63855
49349
37489
30276
27213
25995
26047
25765
25823
25856
25820
25711
25734
25966
26012
25826
25746
25679
25919
25586
25882
25723
25708
25829
26219
25678
25469
25268
25431
25253
25190
25436
25579
25940
26236
26118
25995
25509
25419
25368
25476
25584
25483
25669
25569
25762
25449
25680
25452
25475
25491
25639
25700
26013
25590
25830
26109
25927
26238
26332
26482
27633
29704
35171
43327
52028
54011
46956
36833
29155
26648
25598
25461
25860
25985
26080
26170
25965
26236
25955
26555
26511
26329
26740
27047
27943
28608
30529
31234
31408
30629
29281
29219
29119
29146
29552
29413
29600
29488
29157
29446
29401
29571
29664
29333
29334
29557
29158
29107
28905
28997
29070
29076
28537
28740
28146
28485
28876
28658
29033
30703
34690
44471
62486
86121
101493
92813
67928
43553
30941
26549
25367
25379
25511
25247
25619
25714
25666
25553
25602
25400
25659
25291
25606
25591
25967
26996
28912
36075
51425
81104
121190
148360
135618
95772
53933
31236
23474
21796
21870
22561
24295
27607
32520
35475
34817
29531
24586
21600
20409
19973
20030
20026
19705
19700
19480
19605
19408
19331
19374
19246
19128
19065
18669
18640
18965
18513
18659
18331
18357
18433
18084
18097
18068
17953
17906
17811
17506
17553
17763
17220
17494
17379
16842
17242
16912
16861
16950
17087
16933
17059
17198
16658
16722
16890
16833
16957
16752
16629
17165
17875
18751
18330
16900
16021
15784
15336
15460
15069
15197
14860
14938
14665
14683
14655
14558
14664
14600
14691
14416
14405
14413
14153
14290
14108
14227
14081
13924
13892
13742
14101
13835
13866
13747
13603
13588
13641
13477
13535
13632
13507
13647
13316
13407
13448
13205
13341
13302
13176
12966
13191
12990
12989
13134
12751
12960
12763
12900
12836
12491
12561
12484
12380
12282
12216
12190
12122
12142
11795
11885
11715
11649
11596
11554
11535
11538
11473
11546
11401
11407
11223
11031
11217
11172
11131
11197
11023
11032
11139
11007
10866
10956
10736
10839
10568
10881
10739
10846
10620
10739
10480
10617
10557
10733
10527
10584
10717
10534
10508
10533
10235
10531
10470
10757
10661
10581
10320
10272
10134
9955
10137
10158
10124
10042
10144
9975
9932
10163
10051
9872
9984
9843
9735
9968
9581
9779
9767
9786
9667
9675
9703
9451
9717
9531
9616
9559
9564
9556
9486
9510
9607
9304
9379
9358
9284
9283
9244
9263
9440
9416
9238
9383
9406
9249
9225
9195
9158
8920
9045
9097
9052
8909
8964
8857
8789
8761
8704
8688
8627
8405
8418
8501
8578
8490
8207
8490
8428
8257
8250
8504
8572
8622
8377
8253
8243
8536
8437
8757
8815
8327
8083
7953
7741
7885
8142
8172
8166
8385
8168
7711
7622
7485
7414
7507
7480
7423
7458
7511
7396
7480
7651
7530
7593
7378
7469
7420
7480
7508
7574
7587
7676
7599
7794
7900
7912
8291
8699
9817
11469
14435
20493
32685
58065
101202
150522
179713
169678
142336
130922
141972
145935
117798
71892
33539
13191
6149
4437
4259
4136
4117
4136
4049
4008
3896
3980
4024
3962
3884
3989
3880
3841
3818
3910
3841
3701
3833
3665
3765
3698
3700
3689
3655
3626
3598
3617
3584
3591
3545
3602
3763
3662
3749
3922
4167
4436
5095
5152
4844
4181
3672
3488
3494
3440
3374
3322
3381
3382
3540
3618
3939
4040
4116
3939
3599
3485
3349
3282
3261
3146
3212
3247
3224
3200
3152
3003
3171
3095
3076
3019
3174
3131
3177
3118
3063
3092
3030
3089
3031
2984
2917
2997
2952
2903
2941
3039
3001
2916
2906
2920
2990
2996
2847
2895
2935
2879
2871
2934
2999
3011
2938
2827
2922
2907
3046
3097
3244
3037
3022
2899
2877
2745
2921
2835
2773
2852
2805
2826
2882
2775
2810
2890
2954
2978
3073
3271
3622
3955
4844
6258
9581
15786
24880
34332
37084
30767
19423
9705
4740
3061
2670
2562
2785
3085
3517
4059
4494
4130
3542
2941
2594
2459
2420
2473
2455
2411
2369
2569
2689
2995
3055
3198
3169
2900
2855
2980
3295
3861
4768
6732
10979
16782
23453
25855
22076
14476
7756
3984
2710
2306
2330
2478
2743
3181
3566
3966
3921
3375
2826
2400
2307
2330
2470
2441
2618
2671
2882
3176
3575
4569
5771
7712
11376
18185
32424
57190
90594
116914
115858
88627
50354
22065
7665
2907
1631
1420
1349
1350
1321
1321
1386
1304
1267
1263
1223
1205
1276
1203
1178
1233
1206
1269
1251
1240
1305
1405
1509
1522
1517
1426
1337
1322
1221
1269
1165
1156
1221
1222
1170
1117
1199
1216
1215
1269
1333
1287
1305
1375
1473
1549
1935
2732
3844
4538
4677
4201
3331
2572
1946
1549
1268
1176
1068
1147
1047
1148
1143
1186
1177
1115
1056
1123
999
1006
1037
1084
1094
1083
1077
1052
1089
1090
1026
1078
1132
1089
1039
1069
1054
1062
1042
1045
1080
1037
1114
1199
1044
1175
1087
1116
1078
1114
1087
1147
1065
1114
1120
1115
1050
1116
1096
1082
1103
1075
1136
1152
1234
1166
1204
1226
1271
1298
1316
1457
1608
1741
2147
2573
3326
4348
6300
10040
17234
28833
41869
49784
47186
35408
21856
12765
11175
15608
23753
29959
29888
22868
13443
5978
2366
1015
726
641
660
601
607
650
641
659
575
584
591
592
621
549
607
569
586
568
605
614
601
586
603
605
645
620
589
587
553
602
624
617
568
593
659
581
645
625
611
632
661
629
706
695
881
910
1052
1239
1615
2223
3620
5815
9220
12451
13682
11773
7592
3966
1652
898
645
631
629
668
654
628
682
700
712
660
646
568
533
551
500
504
495
527
516
523
532
567
565
677
764
849
845
738
718
591
606
549
557
655
680
767
897
1226
1573
2644
4191
6154
7701
7885
6167
3678
1877
881
562
495
438
437
390
409
408
468
418
429
420
435
371
439
403
417
420
409
421
403
411
412
418
414
410
420
435
414
423
416
416
406
408
432
388
401
382
395
419
441
440
455
444
433
394
424
407
410
433
393
448
413
398
427
403
420
407
409
426
395
390
387
398
431
424
424
431
408
396
402
391
405
407
402
423
392
417
405
414
463
426
385
411
414
402
388
399
418
450
396
428
405
397
434
408
418
386
423
404
396
427
416
443
433
410
376
439
437
427
440
501
442
458
419
430
381
400
381
383
405
404
400
430
356
415
403
397
380
425
387
415
424
442
414
412
415
433
399
415
425
409
389
423
430
444
397
400
357
443
409
440
395
436
389
441
427
432
391
404
410
391
382
383
422
437
407
387
469
409
447
417
435
460
454
488
424
410
436
414
410
428
402
429
392
399
379
405
469
451
534
568
582
594
596
542
455
410
375
343
373
419
418
386
367
401
426
412
364
421
378
354
372
391
444
394
513
504
612
664
724
614
545
462
429
374
385
371
380
354
392
380
362
391
389
386
412
369
369
393
381
342
351
384
409
372
390
404
395
419
377
370
378
406
415
383
411
399
416
367
399
398
379
402
375
403
370
396
354
398
415
389
393
371
381
388
390
366
379
407
381
412
377
393
370
356
414
380
408
372
394
378
454
394
387
371
393
392
430
420
394
396
369
364
404
411
397
359
406
402
410
443
399
409
429
386
417
372
383
383
421
429
380
395
409
381
435
376
389
413
392
397
434
389
393
397
416
356
414
427
418
392
408
406
394
378
395
374
387
386
381
368
361
415
420
369
354
390
397
385
332
401
362
389
407
419
379
359
414
450
520
471
458
415
407
385
396
361
389
373
369
326
390
389
368
311
396
375
386
390
375
356
395
367
369
376
392
409
382
434
403
392
436
411
409
405
396
431
442
468
534
682
721
757
742
613
512
431
401
391
378
371
411
435
394
382
420
402
383
376
402
429
363
388
443
453
461
491
492
594
667
707
814
715
664
527
469
412
410
374
361
379
416
411
418
446
408
418
366
404
429
385
391
409
469
417
370
415
418
401
400
433
418
397
397
393
407
429
427
456
462
414
426
444
377
387
397
397
396
423
406
412
390
370
401
364
384
365
410
425
386
373
391
358
361
375
408
381
328
361
360
376
373
309
342
340
348
294
304
289
320
322
284
302
306
315
294
297
284
275
251
250
262
289
258
274
239
256
255
256
255
253
219
232
223
232
255
249
219
239
244
256
222
255
257
241
247
233
215
237
226
246
233
221
250
208
222
227
215
234
231
256
226
240
197
241
202
221
219
197
211
227
233
239
222
235
202
225
231
214
187
217
185
219
253
220
213
206
205
223
234
205
224
196
209
216
198
197
189
203
225
252
235
225
199
205
205
235
236
208
250
246
262
241
242
246
280
226
243
217
208
200
192
208
204
219
194
198
195
198
213
178
194
183
181
200
169
189
186
169
200
170
192
156
170
186
181
161
165
166
171
178
176
163
170
157
169
159
160
171
168
158
190
157
198
183
162
187
163
164
199
151
180
180
202
192
158
176
170
196
231
213
260
255
321
365
498
688
993
1397
1838
1887
1567
1167
680
374
212
163
150
132
163
163
148
140
155
137
145
140
141
154
121
122
117
115
116
142
128
110
113
108
122
113
120
115
115
137
130
111
139
125
159
122
136
115
120
104
118
110
100
116
125
102
96
108
122
99
121
125
121
112
116
134
127
136
124
118
133
85
113
98
111
94
126
108
111
115
103
116
95
106
96
112
129
102
109
118
104
94
115
103
102
115
95
102
97
103
102
98
101
98
93
107
89
86
120
101
88
97
91
82
93
96
88
96
106
100
97
99
83
108
115
103
86
97
111
99
123
99
115
89
94
114
103
97
98
93
98
102
97
100
100
110
90
107
95
104
105
102
90
122
102
112
100
128
99
146
109
159
149
182
222
236
284
390
544
801
1181
1658
2040
2219
1935
1411
900
485
244
136
96
96
74
76
75
77
99
85
90
92
102
83
69
94
73
88
90
77
56
70
59
85
64
106
66
69
76
73
81
77
74
85
90
73
86
82
86
99
58
80
68
65
66
71
77
85
81
75
77
73
69
73
63
93
76
74
78
72
84
57
82
87
84
84
66
63
82
104
76
89
76
86
101
90
67
80
79
76
75
90
70
81
83
76
80
67
68
56
67
83
62
58
71
60
68
56
70
68
76
87
76
85
79
100
71
63
72
62
70
70
66
65
82
78
67
76
77
69
79
61
75
70
71
70
91
70
92
93
83
89
101
80
97
96
95
95
89
87
97
103
103
98
90
108
109
123
123
115
126
137
135
146
147
182
186
194
262
282
322
368
452
575
635
828
1076
1486
2192
3267
5002
6888
9020
9534
8648
6398
3815
1816
704
244
116
62
71
68
57
61
56
44
50
43
46
54
53
33
48
55
34
40
47
46
42
31
35
55
45
40
41
36
39
39
42
30
39
33
46
42
41
55
51
36
42
39
32
41
42
39
41
41
28
48
45
35
46
47
43
39
34
38
48
40
37
43
40
29
31
49
38
47
53
48
69
52
51
45
36
40
33
38
34
35
30
43
44
46
61
55
46
67
39
42
37
29
47
37
38
31
36
33
51
33
46
36
54
35
35
51
33
35
35
33
35
30
28
36
34
33
42
47
39
42
42
45
45
42
41
42
33
46
35
47
35
39
44
37
31
33
37
45
55
53
37
40
36
36
37
28
40
53
36
39
36
32
42
40
47
44
51
52
54
45
60
92
77
66
98
105
115
193
286
387
571
655
757
648
510
290
189
84
38
29
28
39
39
33
25
42
44
47
33
38
25
34
44
23
34
30
39
40
31
38
48
37
34
40
50
68
92
92
88
73
78
73
55
38
29
36
35
33
32
30
29
34
30
28
36
23
28
34
21
25
35
28
25
28
33
31
29
24
22
28
31
29
16
23
23
23
30
37
29
26
28
41
29
23
27
27
25
24
33
24
22
39
26
35
27
30
24
28
43
37
40
38
30
32
41
29
30
30
33
26
22
22
24
34
37
24
40
26
23
24
29
30
28
25
28
19
31
42
29
24
40
22
21
36
32
25
21
21
29
31
27
34
25
27
16
27
31
29
22
38
40
29
24
24
29
21
19
28
21
29
34
36
32
22
33
30
29
24
22
33
31
35
32
27
29
23
22
33
29
33
37
38
25
43
38
46
32
37
26
30
22
46
41
56
57
62
73
40
43
37
30
37
29
26
36
20
37
32
23
27
31
17
21
28
22
25
30
25
21
27
21
32
20
24
21
31
32
33
30
26
29
21
27
22
30
25
35
28
29
24
25
27
20
25
26
17
23
34
14
19
22
21
24
33
25
23
27
25
26
17
14
31
27
29
33
21
23
22
18
25
27
21
18
22
25
26
24
37
18
14
33
25
21
31
24
19
32
24
21
17
26
14
26
13
32
24
19
22
22
23
35
21
31
25
26
19
36
20
30
26
30
38
28
32
27
38
35
38
55
46
60
50
36
31
18
30
23
28
26
26
20
21
26
29
23
25
22
21
18
20
32
18
22
33
32
23
19
32
28
24
18
17
23
24
21
29
35
28
33
25
21
18
23
19
24
27
21
18
19
23
21
21
19
23
28
24
24
31
29
29
24
15
19
22
19
28
15
20
23
27
17
20
21
20
24
26
28
19
21
27
17
26
26
20
15
19
25
17
33
21
16
17
25
19
16
16
18
23
23
24
29
17
22
27
21
21
22
17
19
28
23
24
30
26
25
18
26
26
25
33
24
20
27
27
21
15
22
22
23
23
23
27
16
24
22
28
20
22
19
18
29
13
18
19
13
27
20
20
18
19
18
21
29
30
23
24
19
16
18
13
26
22
21
24
25
18
25
33
25
28
28
32
23
33
40
37
33
38
45
37
35
31
22
26
15
19
22
26
22
24
20
25
24
28
20
26
18
21
23
16
25
26
27
29
22
23
23
26
15
20
28
28
24
27
35
23
30
19
27
20
25
27
30
22
22
32
27
25
24
28
24
23
24
23
28
22
23
32
27
35
26
40
33
33
29
36
46
24
44
56
44
79
67
113
129
174
223
213
220
188
118
78
44
30
31
24
30
22
18
20
23
25
14
23
29
32
19
16
24
24
19
33
32
40
51
55
60
62
55
39
37
28
24
18
12
20
26
17
25
16
25
12
21
17
21
15
16
21
21
20
22
21
19
24
23
21
22
17
20
31
21
31
24
18
25
16
21
24
20
9
24
23
19
18
28
28
25
19
23
26
18
15
25
24
12
20
17
22
24
20
29
23
20
25
26
13
29
21
18
6
27
21
18
18
19
17
25
25
17
11
22
20
17
25
23
20
16
19
22
25
24
17
25
18
22
15
22
17
16
24
21
18
9
23
27
17
27
17
22
25
18
25
20
27
15
20
19
22
16
19
31
19
16
22
17
17
18
19
29
18
21
16
25
19
19
22
27
27
22
16
21
15
15
21
16
26
27
22
19
23
17
19
17
17
18
19
21
17
20
19
17
17
25
34
24
28
19
15
15
17
24
33
23
25
20
17
20
28
23
13
28
14
30
26
24
23
21
27
18
18
25
24
27
22
26
21
22
31
23
25
33
28
49
35
43
29
25
30
26
18
17
24
18
19
26
27
15
19
24
20
23
15
21
21
24
23
16
26
32
28
25
16
16
26
20
24
28
27
28
21
10
24
21
27
21
19
23
20
20
28
29
25
23
25
17
18
20
17
27
26
20
22
21
27
23
18
20
20
16
31
19
21
18
16
24
23
24
18
17
17
25
24
17
31
26
24
16
36
29
30
21
19
23
23
17
28
28
19
17
16
19
20
18
22
33
24
16
19
26
26
21
22
16
27
41
40
43
39
35
30
25
32
22
25
17
25
17
13
17
15
19
14
25
19
11
19
15
16
20
11
16
16
9
20
14
18
24
18
22
13
16
17
11
10
16
15
18
19
16
16
14
13
26
10
11
16
11
15
9
17
14
10
21
21
21
13
15
12
15
13
17
9
14
13
14
19
15
12
22
19
12
21
17
11
8
10
12
19
14
15
21
19
24
27
26
23
19
16
21
19
18
15
16
11
13
18
11
13
11
19
11
9
10
11
16
16
11
14
17
17
15
18
25
18
18
17
24
15
16
9
9
11
19
15
8
12
13
13
22
10
16
12
19
16
11
11
16
13
13
13
9
10
14
11
16
11
17
14
8
12
8
17
12
15
18
9
10
7
13
13
7
18
15
12
12
14
14
12
10
17
18
16
12
11
10
13
7
11
13
14
12
14
11
8
15
9
8
12
9
18
13
9
13
12
16
6
12
12
10
9
12
14
16
10
4
8
14
9
8
13
11
11
10
9
6
9
10
13
15
13
7
10
14
12
15
9
17
16
7
9
14
7
7
10
4
7
8
12
20
9
6
10
6
11
14
10
10
6
10
9
8
6
9
9
16
12
7
7
8
8
9
10
12
9
9
13
10
10
3
11
10
10
11
13
5
10
7
12
3
7
16
9
6
3
11
5
10
5
13
6
7
9
13
6
12
9
6
13
11
10
6
3
8
16
8
8
10
10
17
7
8
8
5
5
16
7
9
9
3
6
8
8
4
3
4
6
5
7
7
13
9
6
14
7
12
9
9
12
8
9
12
9
10
8
7
9
6
8
12
7
10
5
11
11
12
9
6
7
9
13
5
7
9
10
11
7
12
10
12
13
12
14
17
12
14
20
12
25
17
11
8
11
8
7
9
4
9
7
3
8
7
9
7
7
9
9
13
9
8
5
7
4
6
3
3
7
9
10
6
9
11
9
5
16
6
11
8
7
10
6
9
12
3
3
6
6
5
6
6
7
8
12
8
11
7
12
8
6
10
6
9
10
8
9
7
3
7
6
13
8
7
7
8
10
9
11
7
8
8
10
15
8
5
8
6
8
9
4
8
6
12
7
8
5
8
8
9
5
1
7
9
5
5
7
9
9
6
6
8
3
10
9
6
6
10
4
4
6
6
11
9
7
5
7
9
5
15
9
5
6
7
7
7
10
5
5
13
3
12
12
9
8
4
7
5
4
8
9
6
7
7
8
13
5
7
8
6
8
11
9
11
5
5
7
10
6
5
6
5
4
7
6
9
2
11
7
3
6
8
7
14
8
9
7
11
3
11
8
6
7
7
10
4
11
8
9
11
11
13
14
20
15
16
13
21
23
19
20
26
38
35
35
48
67
70
98
92
165
220
312
383
369
358
302
200
147
75
36
16
8
14
7
3
2
6
3
9
3
2
5
3
4
5
7
3
3
4
4
3
2
3
11
5
4
7
3
2
5
5
2
2
3
3
3
3
4
4
5
9
5
6
5
4
5
5
2
7
5
6
8
5
0
6
6
3
1
4
4
2
6
8
5
5
4
2
5
5
5
5
6
6
4
5
2
2
2
2
3
3
8
4
1
6
2
6
3
4
1
4
2
6
6
2
2
2
5
7
2
2
4
8
4
5
3
3
9
5
6
5
5
7
9
7
7
7
11
8
4
8
4
11
11
5
9
10
7
16
3
8
2
3
7
7
10
5
3
5
3
6
4
3
2
8
5
7
4
1
6
5
4
5
3
4
3
2
5
2
3
3
6
4
2
5
0
6
3
7
2
0
6
2
4
3
5
2
1
3
3
1
5
13
1
2
4
3
8
7
7
4
3
3
2
4
5
4
3
3
5
3
5
2
5
6
3
2
2
4
3
4
4
3
4
3
7
5
6
7
6
3
4
3
7
3
6
2
5
1
1
4
2
4
2
4
6
2
2
1
5
1
4
2
4
5
6
3
3
2
3
3
2
4
9
9
2
3
4
3
5
2
2
3
5
5
3
5
1
0
5
6
2
7
1
3
10
3
3
2
2
3
2
3
2
4
1
4
3
2
4
1
2
3
3
2
1
5
6
4
3
5
5
1
5
2
1
4
4
8
4
4
4
1
2
5
7
8
5
5
3
5
3
7
4
3
6
8
6
5
8
4
5
3
6
5
5
9
9
11
12
12
7
7
6
5
6
9
4
15
9
6
15
12
8
8
7
5
3
2
2
5
4
6
6
1
5
5
5
3
4
4
2
2
7
1
2
3
4
3
2
2
1
5
3
4
1
2
2
1
5
4
0
6
3
2
2
4
0
5
6
2
3
3
5
3
3
3
4
1
2
6
7
9
2
4
7
3
2
2
7
7
3
6
6
4
5
7
7
7
5
1
4
3
2
3
2
1
0
2
5
4
1
4
2
4
2
5
5
7
4
3
3
5
3
2
1
5
1
2
4
2
1
3
3
2
2
4
3
2
4
1
1
2
3
1
7
3
8
7
3
2
6
0
6
2
2
2
1
3
2
1
4
3
1
2
5
0
3
5
2
1
1
5
1
4
3
3
2
2
1
3
2
2
2
2
3
2
4
5
4
5
2
1
1
2
1
2
1
5
4
4
2
4
2
5
4
4
7
2
7
1
4
3
3
3
3
3
2
1
3
1
4
0
2
4
2
1
2
3
5
6
2
3
1
1
1
2
2
1
3
2
6
6
2
4
4
1
3
2
1
2
2
5
1
1
4
3
4
3
0
1
4
1
5
3
2
3
3
2
3
2
0
4
2
5
2
1
2
3
3
1
8
4
1
6
4
2
2
1
2
3
4
2
1
3
4
2
4
3
1
3
4
2
0
1
0
2
3
3
4
0
0
1
5
1
3
7
1
4
0
2
1
3
2
4
0
3
1
4
6
2
3
6
5
0
2
0
1
1
1
1
6
2
5
7
1
1
1
1
3
2
3
4
1
4
4
1
4
3
4
4
0
1
3
2
4
1
3
0
3
2
3
6
4
4
5
0
3
6
4
2
1
1
2
4
4
7
2
6
7
5
5
11
7
7
6
8
5
5
3
2
2
3
3
0
2
3
3
2
0
2
0
3
1
4
2
0
2
2
1
3
2
4
2
3
0
5
5
2
5
0
2
1
3
4
1
3
3
3
3
4
1
4
4
1
1
0
4
1
2
5
3
1
2
1
2
2
3
4
4
1
4
2
4
3
3
1
4
4
4
5
1
3
6
8
2
4
6
2
6
7
9
13
21
25
35
32
35
32
29
23
17
14
8
5
7
1
3
1
2
3
1
5
1
1
1
0
1
1
0
3
3
3
1
2
2
3
3
5
4
0
2
4
5
5
3
5
4
2
3
3
3
3
1
1
3
2
3
4
1
2
4
1
2
6
1
1
1
6
2
5
3
2
1
5
0
3
1
2
3
0
1
1
3
1
1
2
2
1
2
1
3
1
2
4
4
1
1
3
2
1
0
2
8
4
1
0
3
4
2
1
1
6
2
4
1
5
3
4
6
2
3
1
2
7
2
2
1
4
2
4
3
3
3
3
2
2
4
3
2
3
4
2
2
3
3
2
1
1
3
4
1
1
8
1
1
3
0
6
3
2
2
3
3
3
0
2
2
0
3
1
1
4
4
2
2
2
0
0
1
1
3
3
1
3
1
7
1
1
2
3
2
2
2
0
2
1
7
3
3
5
1
2
1
1
1
2
2
6
1
2
2
3
2
4
4
1
3
0
2
1
1
1
6
2
3
2
4
6
3
7
5
5
5
10
3
7
4
2
2
1
0
0
2
2
1
3
2
5
2
5
3
3
4
1
0
1
0
1
0
1
3
6
3
3
7
3
1
4
2
2
5
0
5
2
2
0
4
2
1
3
1
3
5
0
1
0
2
1
4
1
0
3
3
5
4
1
5
1
1
2
3
3
3
1
2
4
2
8
1
4
1
1
2
4
1
4
2
2
4
2
3
1
1
0
2
1
1
3
0
4
5
1
4
5
3
5
1
2
2
3
5
4
3
2
2
1
2
2
5
1
2
3
2
5
1
2
0
0
2
3
3
2
6
3
3
1
5
0
0
4
1
3
4
2
1
3
2
1
3
1
4
3
5
1
0
2
0
2
2
6
1
5
1
2
2
1
0
3
1
1
0
0
2
1
2
1
2
5
4
3
1
5
2
0
0
0
2
1
3
1
4
3
0
3
1
4
6
1
3
2
2
3
3
4
0
6
1
2
3
2
1
4
0
4
4
4
3
3
1
2
4
3
4
3
2
0
3
2
4
1
2
3
1
3
4
1
6
0
2
3
1
3
3
1
1
2
2
1
2
2
0
0
4
3
6
2
1
2
3
3
3
3
2
3
2
2
1
2
2
1
0
7
0
3
1
1
2
5
1
2
5
4
2
3
2
1
0
0
3
7
1
2
5
4
1
2
4
4
2
1
3
1
3
0
2
3
1
1
1
2
4
3
2
1
2
3
4
4
5
4
2
4
2
1
2
3
4
3
0
3
3
3
4
2
0
4
2
2
3
1
4
1
1
2
2
1
2
2
0
3
2
3
3
2
4
2
3
0
1
2
1
1
1
4
2
5
3
3
1
5
1
1
2
2
1
2
0
1
3
3
3
3
1
2
2
4
2
1
0
2
3
0
5
2
2
1
3
1
4
2
0
0
4
3
2
1
1
1
0
2
3
4
1
1
1
6
4
1
2
3
1
3
3
0
0
4
1
1
1
3
0
2
3
4
3
3
3
2
4
0
1
0
3
5
0
3
0
1
2
1
0
4
3
2
0
2
1
1
2
1
0
0
1
0
2
2
5
4
0
4
3
2
1
2
3
3
3
0
0
1
3
2
1
2
3
1
0
5
3
4
2
1
2
0
1
1
1
1
3
2
1
0
3
1
1
2
2
4
3
2
1
2
1
1
4
1
3
1
4
2
1
1
1
3
2
3
3
3
3
2
2
2
3
2
3
3
1
0
1
7
1
2
1
3
1
2
1
0
3
2
0
2
3
1
3
0
1
2
2
2
3
2
2
0
1
1
0
1
1
2
1
2
2
0
2
1
1
3
1
0
1
2
2
1
2
3
1
3
1
2
3
1
3
2
1
1
1
2
0
1
3
1
1
4
1
4
1
4
1
2
0
2
2
5
0
3
3
1
0
2
0
2
2
1
4
3
1
1
2
1
3
0
0
3
2
2
0
2
3
3
2
2
1
3
1
0
1
2
1
2
1
0
0
2
2
3
1
0
1
3
3
1
0
1
2
1
1
3
3
3
2
1
1
2
1
1
3
2
1
3
3
2
2
1
2
2
0
2
5
5
7
0
3
4
8
9
4
6
2
8
6
4
4
3
1
6
2
2
5
3
2
1
3
0
0
2
1
5
1
2
2
3
3
1
1
1
2
2
1
3
0
1
4
4
2
3
3
1
3
5
2
2
3
1
0
0
2
3
3
1
3
2
1
3
1
1
4
1
5
4
0
2
1
4
0
0
2
1
1
0
3
2
2
1
0
2
3
1
2
1
3
2
3
2
2
1
0
1
0
1
0
0
2
2
1
3
3
1
1
1
3
2
3
7
0
0
1
3
1
2
2
0
2
1
1
1
3
2
2
1
2
3
2
2
2
3
5
3
0
2
3
3
0
2
1
1
0
1
1
0
3
2
1
2
4
2
3
2
1
3
4
4
1
1
1
1
2
2
0
1
3
2
2
1
2
0
1
1
2
3
0
5
1
0
1
0
2
3
0
1
1
2
1
2
3
3
2
3
2
3
1
3
5
0
3
1
1
0
2
2
1
0
3
0
1
2
1
2
2
1
1
0
1
3
4
2
3
4
3
3
2
1
1
3
2
2
1
1
2
0
3
1
2
2
1
1
4
0
1
0
4
4
4
3
1
1
1
2
5
0
3
6
2
2
1
2
0
5
7
3
2
3
7
5
9
7
5
7
6
9
10
10
8
11
4
3
1
1
5
1
4
3
2
1
6
4
0
4
1
0
2
2
2
2
0
2
5
3
2
3
3
2
3
1
2
3
1
1
1
1
2
2
2
3
2
0
4
3
5
1
3
2
1
2
2
2
3
5
1
1
3
2
2
1
3
3
2
2
0
5
2
1
2
2
5
0
3
1
1
2
2
2
3
1
1
1
0
1
3
1
2
2
4
2
1
3
2
2
1
2
1
4
1
5
1
1
2
0
1
3
4
2
0
0
1
0
3
2
1
1
1
2
0
2
2
2
3
1
4
2
1
2
1
2
3
5
3
1
1
2
2
1
0
1
1
2
2
4
1
0
1
5
3
4
2
4
4
2
1
5
5
2
2
0
2
2
2
2
4
2
4
5
1
3
1
4
1
3
4
3
2
2
1
4
3
2
3
2
5
1
1
1
4
0
1
3
1
1
3
1
2
3
2
4
2
3
0
3
3
0
3
2
2
1
1
1
2
2
5
5
0
1
1
0
3
2
1
3
0
1
6
2
3
1
1
4
1
3
4
4
4
1
2
2
5
0
0
1
2
4
3
0
3
1
0
3
3
1
1
3
3
5
0
0
2
1
1
1
4
0
3
4
2
3
0
2
1
0
1
4
1
3
3
5
1
5
3
0
2
0
4
2
4
7
3
1
2
0
4
1
6
1
2
5
0
2
1
3
3
3
1
3
5
1
3
2
2
2
3
2
1
1
1
1
4
3
7
2
2
2
1
3
1
1
3
2
2
2
1
4
0
1
3
2
0
3
1
3
2
3
3
1
2
2
2
1
3
2
1
1
2
1
2
1
3
5
4
1
3
0
4
1
4
2
1
3
1
2
1
1
7
0
1
1
2
3
3
4
1
0
3
3
2
3
1
2
0
1
2
3
2
1
1
3
4
0
1
0
4
4
3
1
3
2
1
2
0
3
5
3
2
2
2
2
4
1
3
1
0
3
1
2
1
0
0
2
3
0
5
0
3
1
0
0
3
1
1
1
2
2
1
2
1
0
1
2
0
4
3
5
1
2
1
6
2
1
2
2
2
2
2
2
0
2
1
2
1
0
4
1
1
1
3
1
1
3
0
1
1
1
2
3
0
2
1
1
0
1
1
1
0
0
0
1
2
0
1
2
0
2
1
2
1
2
2
0
2
0
1
0
3
0
1
0
1
0
2
0
0
0
0
1
3
3
1
1
1
2
2
2
2
2
0
0
3
3
0
0
0
1
1
2
1
1
4
2
0
2
1
0
1
2
1
1
2
1
0
2
1
1
3
1
0
3
2
3
0
1
1
1
2
2
0
1
0
0
3
4
1
0
4
2
0
2
2
1
1
1
2
3
0
0
1
0
0
3
2
2
0
2
1
2
1
1
0
1
0
3
0
0
0
1
1
1
0
3
1
2
0
4
1
1
3
0
0
1
0
2
1
4
0
3
0
0
1
1
3
0
2
0
1
0
1
2
2
2
3
2
2
1
4
1
2
2
1
3
3
3
3
3
0
1
4
1
2
2
0
2
0
0
1
0
1
1
2
0
2
0
1
1
1
0
1
1
0
0
0
2
3
2
0
0
2
0
1
0
2
1
0
0
0
1
1
3
0
0
2
0
1
1
0
1
0
2
1
0
0
0
0
2
0
1
0
1
0
0
0
0
0
3
0
0
0
2
0
1
0
0
0
1
0
1
1
1
0
0
2
4
0
1
1
1
1
0
1
0
1
4
0
0
2
2
1
2
1
2
0
0
0
0
0
1
1
0
1
0
0
1
0
0
1
2
0
0
0
0
0
0
0
0
0
3
1
0
0
0
1
0
1
0
0
1
0
1
1
0
2
0
0
0
0
0
0
0
1
0
0
1
2
1
0
1
0
0
0
1
1
0
0
4
2
0
1
0
0
1
0
2
1
0
0
1
1
0
0
0
1
0
1
0
0
0
1
1
0
1
0
0
2
1
1
0
1
0
0
0
0
0
2
0
1
1
1
1
0
0
0
0
1
0
0
0
1
0
0
0
0
1
1
2
1
0
0
0
0
0
0
2
2
3
1
0
0
0
1
2
0
0
0
0
0
0
1
0
1
1
0
0
1
1
1
0
0
2
0
0
0
2
0
0
0
0
1
0
2
0
1
0
0
0
1
0
0
0
1
0
0
1
0
1
0
0
1
0
0
1
0
0
0
0
0
0
2
0
1
0
0
0
1
0
0
0
1
0
0
1
0
1
2
0
0
0
0
1
0
1
0
1
0
0
1
0
0
0
0
1
0
1
0
0
0
0
0
0
0
0
1
1
0
0
2
0
2
2
0
0
1
0
0
1
2
0
1
0
1
0
1
1
3
1
0
0
0
0
3
1
0
1
1
0
1
0
0
0
1
0
1
0
1
0
0
0
1
0
2
0
1
0
2
0
1
1
2
0
0
1
0
0
2
1
1
1
3
0
1
0
1
0
0
3
2
2
1
3
1
3
4
4
0
2
3
4
3
7
7
8
10
8
4
29
24
37
21
37
42
37
31
31
18
8
13
10
3
2
0
0
0
0
0
0
0
0
0
0
0
2
0
0
0
0
0
1
0
0
0
0
0
0
0
0
0
0
0
1
0
0
0
0
0
0
1
0
0
0
1
0
0
0
0
0
0
0
1
0
0
0
0
0
0
0
0
0
0
1
0
0
0
0
2
0
0
0
0
0
0
0
0
0
0
0
0
0
0
2
1
0
1
0
0
0
0
0
0
1
0
0
0
0
0
0
0
0
0
0
0
0
0
0
0
0
0
0
0
0
0
0
1
0
1
0
0
0
0
0
0
0
0
1
0
0
1
0
0
0
0
0
0
1
0
0
0
0
1
0
1
0
0
0
0
0
0
0
0
0
0
0
0
0
0
1
0
0
0
0
0
0
0
1
1
0
0
0
0
0
1
0
0
0
0
0
0
0
0
1
0
0
0
0
0
0
0
0
0
0
0
1
0
0
0
0
0
0
0
0
1
0
0
0
1
0
0
0
0
0
0
0
0
0
0
1
1
0
0
0
0
0
0
1
1
0
0
0
1
0
0
0
0
0
0
0
0
0
0
0
0
0
0
0
0
0
0
0
1
0
0
0
0
0
0
1
0
0
0
0
0
0
0
0
0
0
0
0
0
0
0
0
0
1
0
0
0
0
0
2
0
0
0
0
0
0
0
1
0
1
0
0
0
0
0
0
0
0
0
0
0
1
1
0
0
0
0
0
0
0
1
0
0
1
0
0
1
0
0
0
0
0
0
0
0
0
0
1
0
0
0
0
0
0
0
0
0
0
1
0
1
0
0
0
0
0
1
0
0
0
0
0
0
0
0
0
0
0
0
0
0
0
0
0
0
0
0
0
0
0
0
0
1
0
0
0
0
0
0
0
0
0
0
0
0
0
0
1
1
0
0
0
0
0
0
2
0
0
1
0
0
0
0
0
0
0
0
0
0
0
0
1
0
0
0
0
0
0
0
0
0
0
0
0
0
0
0
0
0
0
0
0
0
0
0
0
0
1
0
1
0
0
1
0
0
0
0
1
0
0
0
0
0
0
0
1
0
0
0
0
0
1
1
0
0
0
0
0
0
0
0
0
0
0
0
0
0
0
0
0
0
0
0
1
0
0
0
0
0
0
0
0
0
1
0
0
0
0
0
0
0
0
0
0
0
0
0
0
0
0
1
0
0
0
0
0
0
0
0
0
0
0
0
0
0
0
0
0
0
0
0
0
0
0
1
0
1
0
0
0
0
0
1
0
0
0
0
0
0
0
0
0
0
0
0
0
0
0
0
0
0
0
0
0
0
0
0
0
0
0
0
0
0
0
0
0
0
0
1
0
2
0
0
0
0
0
0
0
0
0
0
0
0
0
0
0
0
0
0
1
0
0
1
0
0
0
0
0
0
0
0
0
0
0
0
0
0
0
0
0
0
0
1
0
0
0
0
0
0
0
0
0
1
0
1
0
0
0
1
0
0
0
0
0
0
1
1
0
0
0
0
0
0
0
0
1
0
0
0
0
0
0
0
1
0
1
0
2
0
0
0
0
0
0
0
0
0
0
0
1
0
0
0
0
0
0
0
0
0
0
0
0
0
0
1
0
0
0
0
0
0
0
0
0
0
0
0
0
0
0
0
1
0
0
0
0
0
0
0
0
0
0
0
0
0
0
0
0
0
0
0
1
0
0
0
0
0
0
0
0
0
0
0
0
0
0
0
1
0
0
0
0
0
0
0
0
0
1
0
0
0
0
0
0
0
1
0
0
1
0
1
0
0
0
0
0
0
0
0
0
0
0
0
0
0
0
0
0
0
0
0
0
0
0
0
0
0
0
0
0
1
0
0
0
0
1
0
0
0
0
0
0
0
0
0
0
0
0
0
0
0
0
0
1
0
0
0
0
0
0
0
0
0
0
0
0
0
0
0
0
1
0
0
0
0
0
0
0
0
0
0
0
0
0
0
0
0
0
0
0
0
0
0
0
0
0
0
0
0
0
0
0
0
1
1
0
0
0
0
0
0
0
0
0
0
0
0
0
0
0
0
0
0
0
0
0
0
0
0
0
0
0
0
0
0
0
0
0
0
0
0
0
0
0
1
0
1
0
0
0
0
0
0
1
0
0
0
1
0
0
0
0
0
0
0
0
0
0
0
0
0
0
0
0
0
0
1
0
0
0
0
0
0
0
0
0
0
0
0
0
0
1
0
0
0
0
0
0
0
0
0
0
0
0
0
0
0
0
0
0
0
0
0
0
1
0
0
0
1
0
0
0
0
0
0
0
0
0
0
0
0
0
0
0
0
0
0
0
0
0
0
0
0
0
0
0
0
0
0
0
1
0
0
0
0
0
0
0
0
0
0
1
0
0
0
0
0
0
0
0
1
0
0
0
1
0
0
0
1
0
0
0
0
0
0
0
0
0
0
0
0
0
0
0
0
0
0
0
0
0
0
0
0
0
0
0
0
0
0
0
0
0
0
$ENER_FIT:
0.313 0.368110 2.03152e-008
$MCA_CAL:
3
0.313 0.368110 2.03152e-008
$SHAPE_CAL:
3
2.0095 1.25176e-003 -6.98470e-008
$PEAKLABELS:
418.225, "Ra-223"
952.493, "Bi-211"
391.133, "Ra-223"
197.110, "Bi-211"
191.648, "Bi-211"
331.684, "Ra-223"
1090.224, "Rn-219"
243.178, "Pb-211"
878.843, "Ra-223"
430.291, "Ra-223"
354.701, "Rn-219"
1099.048, "Pb-211"
300.384, "Ra-223"
917.892, "Ra-223"
487.243, "Ra-223"
1158.925, "Pb-211"
2258.880, "Pb-211"
683.035, "Ra-223"
692.486, "Ra-223"
1207.582, "Ra-223"
781.770, "Ra-223"
1008.975, "Ra-223"
890.840, "Ra-223"
930.371, "Ra-223"
851.074, "Pb-211"
905.972, "Ra-223"
2080.817, "Pb-211"
1912.747, "Pb-211"
1193.517, "Ra-223"
2437.781, "Tl-207"
1624.879, "Ra-223"
1431.676, "Ra-223"
1173.637, "Ra-223"
1404.961, "Rn-219"
3013.023, "Pb-211"
2351.530, "Pb-211"
2755.345, "Pb-211"
3248.751, "Pb-211"
2932.357, "Pb-211"
3449.664, "Pb-211"
226.933, "Ra-223, Rn X-rays"
219.579, "Ra-223,Rn X-rays"
256.650, "Ra-223,Rn X-rays"
7098.678, "Th-232(d),(Bkgd)"
3966.835, "K-40,(Bkgd)"
732.906, "Ra-223,Ra-219"
264.777, "Ra-223,Rn X-rays"
796.620, "Rn-219,Ra-223"
982.166, "Ra-223,Pb-211"
1188.752, "Rn-219,Po-215"
1653.837, "Ra-223  Pb-211,Bi-214 (Bkgd)"
1836.420, "Rn-219, Pb-211"
181.008, "Au XRF,(Detector)"
186.066, "Au XRF,(Detector)"
208.399, "Pb-211,Rn-219"
$ENDRECORD:
