$SPEC_ID:
PeakEasy Library File: In-111, Detective (HPGe), 394 uCi @ 100 cm
$MEAS_TIM:
3621.44000 4243.90000
$DATE_MEA:
13-Sep-2004 8:25:59 AM
$DATA:
0 8191
0
0
0
0
0
0
0
0
0
0
0
0
0
0
0
0
0
0
0
0
0
1
0
0
0
0
0
0
1
0
0
0
0
3
2
5
32
90
209
755
15034
32507
32891
32560
32374
32125
31771
31575
31588
31131
30786
30598
30325
29820
29599
29824
29325
29085
28736
28505
28575
28314
28215
27875
27883
27630
27079
26820
26936
26315
26291
26439
25558
25468
25307
25137
25062
24506
24543
24607
23921
24145
24026
23626
23370
23135
23166
22957
22839
22406
22108
21961
21662
21669
21476
21170
21060
20757
20553
20673
20492
19887
20204
19820
19873
19533
19628
19551
19286
18862
19106
18758
18628
18524
18477
18271
18231
17968
18326
17827
17808
17346
17452
17409
17474
17219
17124
17168
17194
16847
16859
17200
16980
16803
17118
16918
16800
16645
16800
16623
16897
16849
16662
16791
16713
16578
16469
16639
16591
16675
16707
16470
16734
16598
16292
16786
16597
16815
16656
16591
16751
16946
16580
16988
16999
16793
17168
16744
16853
17058
16928
16938
16755
16990
16987
16827
16910
16825
17070
17752
17768
18183
18142
17979
17798
18341
18703
17801
16916
15825
14951
14698
14708
14519
14451
14334
14165
14265
14192
14202
14091
14182
14219
14331
14266
14469
14451
14751
14885
15269
15599
15903
15718
15304
15137
15039
15294
15248
15210
15368
15017
14909
14927
14945
15147
15307
15341
15279
15628
15622
15658
15923
15989
16074
16183
16460
16181
16448
16832
16688
16688
16775
16946
17233
17316
17332
17498
17452
17496
17843
17944
17964
18467
18231
18454
18294
18832
18905
19131
19337
19092
19150
19287
19902
20133
20123
20295
20503
20041
20823
21062
20887
21434
21907
22500
22811
23300
24127
25217
25661
26443
27105
27509
27490
27752
28066
28082
28303
28682
28484
28868
28618
28720
28564
28623
28650
28422
28661
29121
28619
28643
28237
28820
28040
28100
28223
27824
27776
27708
27095
27343
27138
26707
26770
26824
26451
26400
26367
26436
26135
25871
25746
25189
25106
24442
24302
24372
24333
23823
23671
23802
23325
23222
23408
23299
23533
23742
24047
24182
24254
24874
25163
25342
25403
25369
25385
25316
25735
25245
25228
25127
25101
24653
24961
24723
24466
24355
24099
23779
23587
23948
23630
23485
23381
23230
22772
22784
22550
22433
22479
22640
22507
22137
22127
22077
21992
22153
21745
21976
21455
21660
21299
21011
21231
20926
21317
20647
20631
20317
20870
20444
20368
20540
20535
20332
20578
20348
20335
20152
20324
20109
20267
20308
20246
20377
19869
20123
19790
20148
19656
19802
19913
19551
19893
19829
19885
19500
19274
19565
19273
19446
19437
19483
19089
19193
19106
18929
19007
18783
18615
18977
18722
18390
18368
18121
18294
18079
18066
17973
17940
18239
18167
18002
18338
18078
18197
18328
18077
18098
18070
18406
18112
18418
18971
18699
18952
19872
21263
25802
37037
63904
128389
262878
479706
692593
741443
567198
304742
116563
34316
11179
6842
6379
6196
6229
5974
6061
5839
5774
5740
5680
5727
5613
5691
5617
5666
5530
5582
5561
5577
5470
5451
5545
5579
5622
5567
5593
5542
5457
5600
5487
5685
5443
5504
5594
5557
5677
5601
5427
5476
5328
5492
5444
5501
5545
5621
5526
5545
5489
5517
5547
5541
5588
5470
5455
5467
5391
5561
5465
5468
5499
5613
5623
5575
5389
5587
5500
5593
5550
5549
5698
5518
5521
5496
5481
5571
5561
5636
5482
5477
5412
5508
5484
5606
5550
5471
5663
5617
5617
5643
5520
5556
5496
5577
5576
5658
5591
5568
5507
5468
5672
5451
5459
5556
5604
5546
5664
5359
5399
5489
5291
5350
5305
5366
5457
5340
5384
5295
5192
5188
5246
5150
5106
5126
5199
5185
5108
5064
4946
4974
5114
4890
4908
4785
4851
4857
4766
4782
4874
4734
4910
4770
4767
4786
4765
4752
4884
4725
4793
4828
4716
4738
4812
4559
4726
4841
4803
4745
4740
4745
4771
4887
4691
4911
4804
4857
4748
5028
4718
4890
4875
4952
5016
4962
5067
5021
5238
5303
5198
5261
5126
5389
5642
5813
6008
6587
7442
9035
12148
18848
30948
55899
108921
214916
370312
504967
517092
385189
203371
76693
20591
4567
1178
680
599
503
473
446
474
409
379
376
348
343
348
325
329
350
289
280
285
251
264
267
265
261
261
262
259
213
263
248
243
228
241
234
239
243
239
233
233
247
205
245
211
214
216
220
209
203
208
213
204
198
225
232
195
238
203
197
209
217
196
194
180
208
200
205
193
188
188
193
202
198
184
203
200
209
187
203
213
161
207
193
178
207
202
175
176
184
163
205
182
192
167
186
164
174
192
212
194
180
190
205
195
180
202
187
186
160
171
163
199
174
176
163
186
163
172
184
178
165
162
196
179
191
167
189
204
214
209
224
226
193
176
146
165
170
174
151
180
155
152
173
165
169
141
160
161
148
135
183
138
184
167
153
149
154
158
139
163
157
162
131
147
155
147
156
145
133
136
150
168
112
135
117
126
132
140
148
128
166
147
146
135
134
145
147
158
118
141
152
117
125
140
134
128
145
137
136
124
132
143
125
127
132
179
113
123
145
131
152
119
128
118
145
123
107
121
137
137
133
121
128
139
119
147
119
138
137
134
140
117
138
131
118
121
127
122
129
132
140
123
111
114
139
140
163
183
161
158
172
152
193
192
272
304
336
403
459
402
315
221
148
109
102
110
107
102
105
123
97
93
124
134
112
108
144
104
115
102
146
171
176
221
234
175
172
132
130
101
109
125
108
109
109
110
93
122
107
95
123
89
110
101
114
110
85
110
108
90
93
110
100
104
114
103
100
103
86
109
88
110
117
95
94
103
110
90
96
82
95
94
85
111
88
101
84
95
87
84
98
87
92
83
95
86
99
86
88
90
106
109
82
84
96
89
112
98
90
95
85
84
80
78
90
89
92
72
89
84
105
99
94
74
73
81
96
91
87
93
100
83
85
87
75
74
81
89
94
69
88
64
76
82
82
83
82
87
70
74
79
93
53
74
84
67
72
92
82
104
75
71
64
80
65
78
92
71
78
86
96
86
83
76
78
82
72
89
77
91
83
82
72
88
93
91
81
102
92
94
79
103
100
112
97
94
111
118
124
125
126
126
166
189
211
269
298
389
498
503
417
312
193
99
72
57
50
43
46
53
51
40
52
53
44
43
43
49
53
43
53
48
40
54
64
52
41
59
50
54
45
47
52
39
61
44
55
41
51
49
45
56
40
32
52
50
41
60
54
52
49
45
54
44
47
50
45
48
51
44
68
47
51
46
44
45
56
45
45
38
40
43
50
59
58
52
25
47
38
41
50
50
49
46
47
48
53
46
60
38
44
44
50
49
43
54
45
60
34
46
45
49
33
53
51
44
49
47
54
42
54
36
52
44
32
48
44
42
38
40
42
40
42
67
47
49
55
32
57
49
39
39
48
33
38
43
49
37
37
38
49
42
41
31
39
49
45
53
54
45
46
33
57
43
38
29
49
23
33
40
45
45
47
32
45
39
53
46
44
26
48
36
39
42
47
39
27
36
45
45
44
48
48
40
38
61
41
57
38
64
62
50
52
68
75
96
115
152
155
193
203
153
112
70
53
44
23
34
33
39
33
24
29
26
29
26
34
23
20
29
42
32
30
29
40
35
39
46
37
39
24
33
39
35
38
33
31
26
25
33
30
49
28
41
44
37
40
24
35
36
44
56
44
56
69
58
69
51
36
51
50
33
33
24
28
28
29
32
32
38
30
37
29
20
37
40
27
32
41
36
25
33
18
28
20
23
26
30
28
39
30
27
36
32
24
30
28
20
34
28
39
30
26
31
22
23
32
23
26
23
33
29
38
23
30
35
23
27
29
28
30
28
23
25
26
33
31
24
24
20
21
20
26
20
23
28
31
22
28
25
38
22
25
28
30
18
31
29
37
31
20
27
20
33
27
32
31
20
29
31
33
34
38
25
30
14
23
27
40
22
26
18
37
33
29
24
41
25
27
31
25
23
23
27
23
17
31
28
33
28
23
20
30
27
34
14
30
33
23
37
28
28
35
22
23
29
21
22
30
34
22
21
26
26
34
24
31
21
28
26
23
33
22
26
21
20
22
22
16
30
32
21
19
25
25
18
21
24
15
28
33
31
29
27
27
21
26
34
38
49
55
66
77
59
62
29
23
30
25
17
22
19
20
26
22
26
27
22
24
27
24
20
24
22
32
21
16
25
15
14
26
26
24
22
18
20
19
25
22
20
19
24
22
24
15
32
18
22
23
19
20
24
17
13
18
23
35
20
19
19
36
22
24
15
22
27
32
30
53
57
72
85
112
123
83
69
50
26
27
20
16
18
20
31
24
20
19
21
21
23
25
19
19
19
23
24
22
11
24
20
20
24
21
21
16
19
18
19
23
19
27
22
24
19
20
13
21
23
18
19
18
18
18
26
17
18
18
27
14
23
18
19
26
23
19
22
22
22
17
28
18
21
15
22
23
14
20
20
17
23
23
19
21
15
15
20
19
19
23
14
21
26
24
23
27
11
21
20
26
13
21
21
20
26
34
27
16
19
18
22
20
17
30
24
21
18
18
19
30
20
25
21
18
21
23
20
25
13
18
16
15
22
16
22
14
20
15
18
17
27
21
22
23
20
24
28
15
22
25
14
18
15
17
23
19
28
22
26
23
14
20
24
16
22
18
21
16
23
22
18
24
17
23
16
14
18
23
18
18
19
21
19
21
22
18
16
15
18
10
18
14
22
10
17
19
23
15
13
16
17
24
20
20
16
21
12
14
16
21
8
20
22
17
19
21
12
19
19
28
19
19
21
25
15
18
18
14
17
24
22
17
16
23
18
22
17
23
17
18
24
19
12
10
16
15
18
25
23
15
20
17
13
18
19
25
16
23
19
18
15
14
16
14
17
15
14
19
28
21
15
19
11
19
19
23
14
15
17
20
25
14
20
15
21
16
16
23
20
14
14
16
8
11
17
25
21
16
17
12
14
12
20
10
21
22
14
16
24
16
18
16
30
16
23
18
19
21
21
19
19
28
33
25
29
32
28
33
23
17
15
20
14
11
8
14
13
19
19
12
16
12
17
18
18
17
12
18
17
16
19
21
17
8
12
16
18
16
15
13
20
18
23
10
13
26
19
19
16
22
15
19
20
16
16
14
9
15
17
17
18
15
21
18
17
11
20
15
17
17
12
26
21
18
15
19
12
15
15
23
19
15
18
13
16
12
20
17
19
13
12
18
7
17
20
17
10
14
10
17
21
11
13
12
23
18
22
9
12
13
16
24
26
20
21
28
24
21
18
16
11
14
17
17
18
19
16
17
19
15
14
17
17
16
10
13
12
13
14
10
16
22
18
17
9
16
9
12
18
12
15
28
11
15
17
18
16
17
20
17
9
28
19
21
20
10
18
8
19
16
16
17
16
18
21
9
15
10
13
16
11
15
17
17
11
19
18
18
19
11
13
15
14
17
9
15
12
15
21
15
17
15
14
14
30
14
15
11
14
16
28
14
11
22
19
16
10
17
24
16
17
13
17
14
10
14
6
13
12
13
10
17
18
11
13
12
12
11
18
8
8
15
15
15
15
13
14
19
13
14
18
16
17
6
14
12
12
13
12
11
8
14
11
10
12
7
11
6
16
15
13
12
6
20
13
14
20
17
11
16
22
11
18
17
12
20
17
13
8
9
15
9
21
9
14
12
13
10
15
18
12
15
12
12
12
13
8
7
20
16
9
13
11
15
13
14
14
19
14
17
9
18
8
14
11
16
12
10
19
15
17
13
12
19
14
10
14
10
9
16
6
11
11
10
12
9
10
19
14
13
12
9
11
9
12
12
15
16
12
16
18
10
20
14
9
19
18
10
13
16
17
7
12
12
11
11
6
16
8
20
14
13
14
10
20
14
16
11
11
19
12
13
15
9
20
13
12
9
11
6
9
13
5
13
17
13
16
13
14
20
17
9
10
8
17
9
10
10
11
17
11
12
11
11
7
14
13
11
10
18
11
12
10
13
8
13
13
10
12
15
13
6
9
10
13
10
16
21
10
10
7
15
13
8
12
12
19
7
8
11
13
15
16
15
15
16
11
8
15
20
9
20
9
10
15
11
7
17
13
7
10
9
15
17
8
23
19
14
16
12
16
18
15
13
10
16
13
17
17
18
30
29
20
32
42
43
32
28
18
10
13
15
8
8
7
16
12
6
13
13
15
10
8
8
9
17
7
13
12
13
10
7
14
12
14
10
13
9
13
11
8
10
13
6
10
11
11
18
13
17
20
15
13
16
9
9
14
9
11
13
15
16
12
10
14
14
13
13
14
19
11
17
8
7
8
8
18
10
14
12
5
8
17
13
11
12
7
9
11
15
18
13
10
8
11
8
14
10
7
13
19
9
14
9
11
10
11
14
10
9
10
12
9
8
13
8
10
12
12
11
13
22
11
10
11
11
4
6
8
9
9
10
14
9
7
9
14
11
8
7
8
9
13
10
15
11
11
14
16
22
17
22
17
13
16
8
16
17
16
35
34
29
21
32
24
13
8
11
7
8
9
6
9
8
11
10
10
8
9
6
9
16
14
9
7
9
14
22
10
5
12
5
10
7
14
12
11
15
9
7
13
7
10
15
11
11
18
3
4
8
10
15
9
10
7
7
12
10
10
7
10
12
13
15
9
15
13
4
10
12
9
8
8
9
11
10
9
17
11
4
12
7
12
9
13
12
15
13
13
12
12
12
12
4
7
11
15
18
14
16
8
18
5
7
12
7
9
4
10
11
8
12
5
7
15
6
12
13
12
7
8
13
11
12
12
9
11
10
9
7
4
9
13
8
8
14
7
10
13
4
16
11
17
7
11
4
13
8
12
11
13
6
14
16
7
20
9
13
4
6
9
13
11
9
9
8
6
5
12
12
9
16
12
6
6
13
9
12
9
13
10
7
10
13
18
9
10
6
7
8
7
7
17
15
9
7
4
8
10
7
5
14
13
12
13
8
7
8
8
13
5
13
9
8
10
5
10
9
7
13
14
9
10
7
15
14
6
7
7
12
7
10
10
11
5
6
7
8
9
12
14
10
8
9
11
9
13
6
8
12
7
13
11
8
9
8
12
18
6
6
6
18
10
16
11
13
13
14
8
9
6
6
7
9
12
22
11
9
9
10
5
9
11
12
6
5
7
11
11
8
9
6
7
10
14
12
13
8
13
15
10
12
4
11
10
9
13
13
16
9
13
6
6
11
7
10
8
10
6
8
11
6
4
4
9
10
10
10
12
10
10
19
13
12
9
9
5
10
12
7
8
8
7
11
6
15
9
5
13
17
9
10
10
11
9
10
13
10
9
5
7
10
6
8
12
12
8
9
6
10
3
13
4
10
12
13
11
7
12
12
5
5
10
8
7
14
7
11
11
12
10
6
10
12
9
14
6
8
12
13
14
7
11
14
15
11
8
15
17
31
21
35
29
29
22
17
18
12
17
12
5
11
8
10
12
8
7
9
11
9
9
8
10
10
17
10
9
18
6
10
8
7
12
7
6
10
12
15
8
15
14
6
9
11
9
6
8
11
5
9
11
16
7
7
14
11
17
9
5
11
10
11
9
15
7
7
7
11
9
5
5
13
7
9
4
9
11
12
7
16
11
10
7
10
8
6
11
7
9
11
8
11
8
8
15
11
9
14
12
13
13
10
6
13
12
10
16
6
11
13
7
13
9
10
8
8
10
8
15
6
10
12
3
9
9
12
8
8
8
5
7
12
11
8
8
18
11
10
10
17
8
14
11
16
12
6
7
11
13
7
10
12
12
13
20
13
9
9
7
9
14
7
5
5
6
18
10
10
13
9
11
6
10
5
15
9
7
10
12
14
10
12
11
8
9
10
9
8
8
10
6
12
12
7
12
7
7
13
15
4
11
12
18
12
10
12
8
10
7
13
13
8
12
13
6
10
11
10
4
20
14
11
12
9
10
9
9
6
13
12
12
18
13
8
6
11
11
14
15
8
15
16
5
13
10
18
5
6
7
10
8
13
7
5
9
7
11
14
14
12
11
15
16
6
10
8
13
11
11
15
13
12
15
8
9
12
14
15
14
15
8
9
12
14
9
9
13
16
16
8
16
8
9
10
8
16
11
9
7
11
14
14
7
12
23
11
18
8
14
10
7
12
12
9
13
8
14
9
14
11
14
19
14
21
14
17
10
10
13
11
8
7
10
13
9
9
5
8
3
9
13
11
10
5
10
8
9
7
9
7
7
3
3
4
9
10
12
10
4
12
7
12
9
11
10
9
11
10
6
8
7
12
10
4
7
10
11
7
13
6
7
9
10
5
10
5
7
12
7
10
6
5
5
6
3
6
6
6
6
11
7
6
8
4
5
5
13
7
4
6
9
6
5
6
7
7
6
9
8
5
2
9
6
2
6
7
5
13
9
8
10
3
8
11
6
11
5
13
7
8
6
3
7
7
6
7
6
6
8
8
6
8
11
7
7
5
1
5
8
9
4
7
10
4
2
11
5
5
7
2
3
9
9
9
2
7
2
5
4
9
9
8
7
5
6
9
12
4
5
4
1
4
5
7
7
5
4
5
7
4
3
7
3
3
3
4
5
4
7
10
2
9
2
3
6
5
5
8
8
8
3
7
7
4
9
3
8
4
6
12
8
7
5
5
2
8
3
4
6
5
10
7
7
4
6
4
8
6
3
5
5
8
0
4
10
10
8
10
3
6
3
4
9
3
3
8
2
4
5
3
9
5
7
6
9
6
8
3
6
3
9
3
4
6
6
8
6
4
4
4
6
4
3
5
6
6
2
5
2
3
8
5
2
5
4
5
7
1
5
5
4
4
7
5
7
6
8
4
4
4
8
5
8
4
5
2
5
3
6
3
2
7
5
6
8
1
4
6
5
6
9
5
2
6
3
2
5
6
3
6
5
5
1
7
6
2
5
4
4
3
5
4
10
9
5
3
8
4
5
3
8
4
5
5
0
7
4
5
5
2
3
4
4
5
4
2
6
5
7
3
10
7
3
7
7
6
3
9
8
6
7
5
8
8
3
3
4
4
3
3
3
2
6
6
2
1
4
5
3
4
3
3
5
6
7
4
6
4
2
2
5
1
3
8
5
5
1
5
3
4
5
5
0
5
7
3
2
2
3
4
11
3
3
5
1
1
4
5
5
3
3
3
3
5
4
6
8
0
9
1
7
7
7
4
8
5
2
2
3
7
5
7
8
4
6
8
8
8
3
2
2
1
4
5
3
6
4
4
9
4
3
2
2
2
4
4
3
4
3
3
3
4
3
1
7
3
6
1
2
4
6
5
2
3
4
9
2
4
6
5
3
1
4
3
2
2
2
1
4
0
2
4
2
6
5
4
2
1
6
4
5
3
6
2
3
2
3
2
5
5
7
5
8
3
3
4
3
5
3
0
3
4
2
3
3
5
4
3
3
1
7
7
5
3
4
5
3
2
0
4
5
6
4
2
3
2
9
6
11
4
5
6
3
6
8
11
8
5
8
9
4
9
9
13
19
18
18
21
29
27
49
63
62
117
144
172
214
178
157
124
73
43
27
12
6
2
1
4
0
0
3
6
1
4
1
2
4
0
0
6
0
2
3
4
0
1
1
2
5
1
0
2
3
2
1
4
4
2
2
3
0
2
2
1
2
2
3
5
1
2
1
2
2
3
5
1
2
2
3
4
0
4
2
0
1
4
6
2
1
2
0
6
1
2
3
4
0
1
2
1
1
2
0
3
1
2
4
2
5
2
3
4
2
4
5
1
2
2
3
1
3
1
2
2
3
1
2
1
2
7
1
3
0
0
1
3
3
1
1
2
3
0
4
5
2
5
8
5
6
3
4
1
4
3
6
2
1
2
1
5
2
5
1
2
3
0
5
1
1
1
0
2
2
0
1
1
5
4
1
3
2
0
2
3
1
4
2
2
3
8
0
3
1
1
0
2
3
3
2
2
3
4
3
0
1
1
5
0
3
1
1
2
0
5
6
1
0
3
1
1
2
1
1
1
2
0
4
1
2
0
4
1
1
3
3
2
1
1
4
5
0
0
0
1
2
0
2
1
2
3
3
1
3
1
2
0
1
2
0
3
0
1
1
0
2
1
1
1
1
2
0
2
1
5
4
3
0
2
0
2
4
2
1
2
1
1
1
1
1
2
4
6
1
5
0
3
0
3
2
1
2
3
1
2
3
2
3
1
2
1
2
0
3
3
2
1
1
2
4
1
2
1
0
0
4
4
0
1
0
0
1
1
1
4
3
3
0
5
0
1
2
4
4
0
1
1
3
3
5
1
1
1
3
1
2
2
3
2
5
2
4
6
8
2
5
0
4
4
2
0
4
7
10
5
7
3
7
3
5
2
1
2
1
1
3
1
1
4
2
1
2
3
1
2
3
0
6
1
1
1
3
1
2
1
1
1
2
0
1
3
1
2
3
2
2
1
3
2
1
2
0
5
2
4
0
0
1
3
1
3
0
2
1
3
0
3
1
0
3
1
1
2
1
2
3
1
0
2
1
2
4
0
4
3
3
1
1
0
3
1
1
1
1
1
2
0
0
0
2
2
3
3
2
1
4
4
2
3
2
5
5
2
2
2
0
2
3
2
1
3
1
1
1
0
4
1
0
2
0
3
1
3
2
1
4
0
0
2
3
1
1
2
1
0
1
0
2
1
2
0
1
1
4
1
4
1
2
2
1
1
1
2
1
1
4
3
0
0
0
2
3
1
4
0
2
2
1
2
1
2
0
2
1
2
4
1
1
2
2
1
2
2
2
6
2
1
1
1
0
2
1
2
0
1
1
1
2
2
2
2
0
2
0
0
0
1
1
1
1
1
1
4
2
1
0
1
0
1
0
1
0
1
2
0
0
2
2
2
0
1
1
2
2
0
2
2
1
0
0
0
0
1
0
2
1
1
1
2
3
2
0
1
0
0
1
1
1
1
3
4
3
3
0
0
2
1
1
2
1
1
2
1
1
1
2
1
2
0
1
2
3
1
3
2
1
1
0
1
2
1
1
1
2
2
1
0
1
0
3
3
3
3
1
2
0
0
1
1
2
2
1
2
3
1
0
2
1
2
1
1
1
0
0
2
1
4
2
1
1
3
3
1
3
0
0
0
2
0
3
1
2
1
1
2
2
3
0
1
6
0
0
2
2
2
1
3
1
3
1
2
2
2
2
0
0
4
2
5
3
5
5
0
2
0
3
1
3
1
0
1
0
1
1
0
0
2
2
2
2
2
0
0
2
0
2
1
1
1
0
0
0
1
1
2
3
1
0
0
0
0
0
2
2
2
1
1
1
0
0
1
1
1
1
0
1
2
1
0
1
2
1
1
0
0
3
3
0
1
0
0
3
1
3
3
4
3
2
1
2
1
6
1
3
8
6
7
8
8
14
5
16
19
18
9
10
5
4
0
2
2
2
1
0
1
3
2
0
2
1
1
1
1
0
1
3
2
1
0
2
1
1
0
1
1
0
2
0
0
1
1
0
3
0
4
1
1
1
1
0
3
0
2
5
1
0
2
0
0
1
0
1
0
1
0
0
0
2
0
0
1
1
1
2
2
0
0
0
1
1
0
1
1
0
1
0
0
1
0
0
0
1
1
0
1
0
1
1
0
1
0
1
3
2
1
2
1
0
1
0
3
0
1
1
2
1
1
0
1
3
0
0
2
0
0
1
0
0
0
1
0
1
2
0
0
1
3
0
0
2
0
0
2
1
1
0
0
2
1
1
1
4
0
1
1
0
1
1
1
0
0
3
3
1
2
0
1
1
2
0
1
2
0
2
1
0
1
0
3
0
0
1
2
1
0
0
0
0
1
0
1
2
2
0
1
2
0
0
0
0
0
0
1
3
1
3
0
2
1
1
0
3
0
1
0
0
2
1
1
4
0
1
1
1
2
2
3
3
2
2
3
2
4
2
1
3
1
0
1
1
1
0
3
2
1
3
0
1
0
2
1
1
3
0
1
0
2
4
2
1
3
1
1
0
0
1
1
1
2
0
1
0
3
2
0
0
0
2
1
1
0
3
1
1
0
0
0
4
1
3
1
3
0
2
0
1
3
1
1
3
1
0
1
1
0
1
3
1
1
2
1
2
2
1
2
2
2
3
0
1
1
2
3
3
2
0
2
1
1
1
2
2
0
4
4
1
0
0
0
1
3
3
3
0
1
0
0
1
3
0
2
0
0
4
0
1
1
1
0
1
0
3
0
0
4
1
0
2
0
0
1
0
3
0
0
1
1
1
0
0
2
3
0
2
3
0
0
1
1
0
2
0
0
0
0
0
2
1
2
1
0
0
1
0
1
0
2
1
3
4
0
0
1
0
2
0
0
0
1
0
1
0
0
3
1
1
2
2
0
0
3
1
1
1
2
1
1
1
1
2
2
0
0
2
0
1
2
1
2
0
0
1
0
1
3
0
1
0
0
1
2
1
2
3
2
1
0
0
1
0
3
0
3
2
1
2
0
1
2
0
2
2
0
2
2
1
2
1
1
0
2
1
1
3
2
1
2
2
0
1
0
0
0
0
0
2
0
0
1
1
1
1
2
1
2
3
2
2
3
1
3
0
1
0
0
0
2
0
0
2
2
3
1
1
1
2
0
3
2
2
1
1
1
1
1
0
0
0
2
2
1
1
0
0
1
1
1
1
2
3
0
0
0
0
2
0
2
1
0
1
2
1
0
2
1
1
0
1
0
0
0
1
0
0
0
0
1
0
3
0
1
1
1
1
0
1
2
2
0
1
0
3
0
2
1
0
0
3
0
1
1
0
1
1
1
1
3
2
1
1
1
0
1
3
1
0
0
0
0
1
0
2
1
0
2
0
0
0
0
1
1
2
1
1
0
0
0
1
2
0
2
0
0
2
0
1
0
3
1
0
0
0
0
0
1
4
3
0
1
0
0
0
0
1
0
0
1
0
0
2
0
1
0
1
1
1
1
0
3
1
2
1
0
0
1
2
1
2
4
1
1
0
2
1
0
1
0
0
0
3
0
1
0
2
0
0
3
1
2
0
1
1
0
1
1
0
1
1
2
0
1
0
0
1
2
0
2
1
0
0
1
1
1
2
2
0
1
1
3
0
0
1
2
2
0
2
0
0
0
0
0
2
0
1
1
2
2
0
2
1
1
1
0
0
0
0
0
4
0
0
2
0
0
0
3
2
0
0
2
0
1
0
1
2
0
0
1
1
0
3
1
0
0
2
0
2
2
3
0
0
0
0
0
1
1
2
0
2
0
0
1
1
1
0
1
3
0
2
1
0
1
2
1
0
2
1
0
1
0
0
1
2
1
3
0
2
1
0
0
0
2
2
1
0
2
2
0
2
0
1
2
4
1
1
1
0
0
2
0
0
0
0
1
3
0
0
2
1
0
0
1
1
0
2
1
1
2
1
2
1
1
1
5
1
0
1
2
1
1
0
3
1
1
0
0
0
0
2
0
3
0
0
1
4
3
1
3
0
1
4
1
3
2
6
3
3
2
3
0
0
2
1
1
3
0
1
0
1
1
1
0
0
2
0
4
1
0
1
0
0
2
0
0
1
0
0
2
4
0
0
2
2
0
0
2
1
0
2
0
1
0
0
0
1
0
3
0
1
0
0
0
0
0
0
1
2
2
1
0
2
1
1
0
1
2
0
2
0
0
0
3
0
2
1
1
1
0
0
1
0
1
2
0
0
0
1
0
0
0
2
1
1
2
0
2
2
3
2
0
1
2
2
0
1
2
2
0
1
1
0
1
0
0
0
1
0
2
0
1
1
1
2
1
1
1
0
1
3
0
0
1
0
1
1
0
0
2
1
2
1
0
2
1
0
1
1
0
1
0
0
1
0
1
2
0
1
1
0
1
0
1
1
0
2
4
2
1
1
0
1
2
1
1
1
1
0
0
1
1
0
1
0
0
1
0
1
1
1
0
0
0
0
4
0
1
2
3
1
0
1
1
0
3
1
1
4
0
2
0
1
0
1
0
0
1
0
3
1
1
1
2
0
0
1
0
2
0
0
2
2
1
3
2
2
1
1
3
3
0
2
0
3
0
4
1
1
2
0
1
0
1
3
0
1
1
1
1
6
1
1
3
5
2
5
2
4
6
4
4
1
2
0
0
2
1
1
0
1
2
0
2
1
1
0
0
2
1
0
0
1
0
1
1
1
0
2
1
1
0
1
0
2
0
0
0
1
2
1
1
1
0
2
2
0
1
1
1
0
0
2
1
1
0
1
1
0
2
0
0
1
2
1
1
2
0
0
2
0
1
0
0
0
2
3
2
2
0
0
0
1
0
0
2
1
1
2
0
1
0
0
1
2
0
2
1
0
0
0
1
1
3
0
2
2
0
0
1
0
3
0
1
3
0
0
1
2
3
3
0
0
2
0
0
0
1
0
2
0
2
2
0
0
1
2
0
1
1
1
2
0
0
1
1
2
0
1
0
2
2
0
4
1
3
0
1
0
1
1
0
2
2
0
1
2
2
1
1
1
0
0
2
2
1
1
1
1
2
3
0
3
1
2
0
3
4
1
0
0
3
0
2
1
1
0
0
0
0
0
0
1
1
1
3
0
0
1
0
2
1
1
1
2
4
0
2
0
2
0
4
1
0
1
0
0
2
1
1
0
0
1
2
1
1
1
1
1
0
1
2
0
0
5
1
0
1
2
3
2
2
1
2
0
0
1
0
2
1
0
0
1
4
4
2
0
0
3
0
2
2
1
1
0
1
0
0
6
4
0
1
1
0
0
1
1
0
1
0
0
1
0
0
0
1
0
1
0
0
0
0
0
1
3
1
0
0
1
2
0
0
1
0
2
0
1
0
2
1
1
0
0
0
1
0
3
0
0
3
1
1
0
1
0
1
0
3
0
0
0
1
1
1
2
1
1
0
0
1
1
1
1
3
2
3
0
2
0
1
0
2
2
0
2
0
2
1
2
1
0
2
2
1
1
2
2
1
1
1
1
0
1
1
1
2
3
2
2
1
1
1
1
2
1
0
0
0
0
0
1
0
0
0
1
0
1
2
0
3
2
0
1
1
1
0
0
0
1
1
3
1
1
2
0
2
0
1
0
1
3
1
0
0
0
1
2
1
0
1
1
0
0
0
0
0
0
3
1
2
0
2
1
0
1
1
0
2
1
0
1
1
0
0
0
0
3
1
1
2
0
0
1
1
0
1
0
1
1
1
0
2
0
3
0
0
0
1
0
2
1
0
0
0
0
1
2
1
1
0
1
0
0
0
0
2
1
0
0
1
0
0
0
0
0
0
0
3
0
1
0
0
1
0
1
2
0
0
1
0
0
1
1
0
1
0
3
0
0
2
0
0
0
0
1
1
0
1
1
0
0
0
2
0
0
0
0
1
0
0
1
0
0
0
0
0
0
0
0
2
0
0
0
0
0
0
0
0
0
0
2
1
1
0
2
0
0
0
1
0
1
1
0
0
1
0
0
0
0
2
0
0
1
0
2
1
0
0
0
2
0
1
2
1
2
1
1
0
1
1
1
2
3
0
1
2
0
0
0
0
1
1
0
0
1
1
1
1
1
0
0
0
0
0
2
0
1
0
0
0
0
0
2
1
3
3
1
6
2
2
1
0
0
3
0
2
2
0
0
0
1
1
1
0
2
1
0
1
0
0
0
0
0
1
0
0
0
0
0
1
1
0
0
0
0
2
1
0
1
1
1
2
0
2
0
1
1
2
1
0
1
0
0
0
0
0
0
0
1
1
0
0
0
0
0
0
1
0
0
1
0
0
1
1
1
0
0
0
1
0
0
0
1
2
1
0
0
0
0
0
0
0
0
0
0
2
0
0
0
1
0
2
0
0
0
1
0
1
0
0
1
1
0
0
0
1
0
0
2
0
0
0
0
1
0
1
0
1
0
1
0
0
0
1
0
0
0
0
0
0
0
0
0
0
1
1
0
0
0
0
0
0
0
0
0
0
0
0
1
0
0
0
0
0
1
0
0
0
0
0
0
0
0
0
2
0
0
1
0
0
0
1
0
0
0
0
0
0
0
0
0
0
0
1
0
0
0
0
1
0
0
0
1
1
0
0
0
0
0
0
0
0
0
1
0
0
0
0
0
0
0
0
0
0
0
0
0
1
1
0
0
1
0
0
0
0
0
0
0
1
0
1
0
0
0
0
0
0
0
0
0
0
0
2
0
0
0
0
0
0
1
0
1
1
0
0
0
0
0
0
0
2
0
0
0
0
0
0
0
0
0
0
0
0
0
0
0
0
1
1
1
0
1
1
0
0
0
0
0
0
0
0
0
0
1
0
0
0
0
0
0
0
0
0
0
1
0
1
0
1
0
0
0
0
0
0
1
0
0
1
1
0
0
0
0
0
0
0
0
1
0
0
0
0
0
0
2
0
0
0
0
0
0
0
1
0
0
0
0
0
0
0
0
0
0
2
0
0
1
1
0
0
0
0
0
0
0
0
1
0
0
0
0
0
0
0
1
0
0
1
0
0
0
0
0
0
0
1
1
0
0
0
1
0
0
0
0
0
0
0
0
0
0
1
0
0
0
0
0
1
1
0
1
2
0
1
0
0
1
1
0
0
3
2
1
4
2
1
3
1
1
3
4
3
6
6
5
13
11
18
9
21
21
19
16
11
12
9
2
2
1
1
0
0
0
0
0
0
0
0
0
0
0
0
1
0
0
0
0
0
0
0
1
1
0
0
1
0
0
0
0
0
0
0
0
0
0
0
0
0
0
0
0
0
0
0
0
0
0
0
0
0
0
0
0
0
0
0
0
0
0
0
0
0
0
0
0
0
0
0
0
0
0
0
0
0
0
0
0
0
0
0
0
0
0
0
0
1
0
0
0
1
0
0
0
0
0
0
0
0
0
0
0
0
1
0
0
0
0
0
0
0
0
0
0
0
0
0
0
0
0
0
0
0
0
0
0
0
0
0
0
0
0
0
1
0
0
0
0
0
0
0
0
0
0
0
0
0
0
0
1
1
0
0
0
1
0
0
0
0
0
0
0
0
0
0
0
0
0
0
0
0
0
0
1
0
0
0
0
1
0
0
0
0
0
0
0
0
0
0
0
0
0
0
0
0
0
0
0
0
0
0
0
0
0
0
0
0
0
0
0
0
0
0
0
0
0
0
0
0
0
0
0
0
0
0
0
0
0
0
0
0
0
0
0
0
0
0
0
0
0
0
0
0
0
1
0
0
0
0
0
0
0
0
0
0
0
0
0
0
0
1
0
1
0
0
0
0
0
0
0
0
0
0
0
0
0
0
0
0
0
0
0
0
0
0
0
0
0
0
0
0
0
0
0
0
0
0
0
0
0
0
2
0
0
0
0
0
0
0
0
0
1
0
0
0
1
0
0
0
0
0
0
0
0
0
0
0
0
0
0
0
0
0
0
0
0
0
1
0
0
0
0
0
0
0
2
0
0
0
0
0
0
0
0
0
0
0
0
0
0
0
0
0
0
0
0
0
0
0
0
0
0
0
0
0
0
0
0
0
0
0
1
0
0
0
0
0
0
0
0
0
0
0
0
0
0
0
0
0
0
0
0
0
1
0
1
2
0
0
0
0
1
0
0
0
0
0
0
0
0
0
0
0
0
0
0
0
0
0
0
0
1
0
0
0
0
0
0
0
0
0
0
0
0
0
0
0
0
0
0
0
0
0
0
0
0
0
0
0
0
0
1
0
0
0
0
0
0
0
0
0
0
0
0
0
0
0
0
0
0
0
0
0
1
0
0
0
0
0
0
0
0
0
0
0
0
0
0
1
0
0
0
0
0
0
0
0
0
0
0
0
0
0
0
0
0
0
1
0
0
0
0
1
0
0
0
0
0
0
0
0
0
0
0
0
0
0
0
0
0
0
0
0
0
0
0
0
0
0
0
0
0
0
0
0
0
0
0
0
0
0
0
0
0
0
0
0
0
0
0
0
0
0
0
0
0
0
0
0
0
0
0
0
0
0
0
1
0
0
1
0
0
0
0
0
0
0
0
0
0
0
0
0
0
0
0
0
0
1
0
0
0
0
0
0
0
0
1
1
0
0
0
1
0
0
0
0
0
0
0
0
0
0
0
0
0
0
0
0
0
0
0
0
0
0
0
0
0
0
0
0
0
0
0
0
0
0
0
0
0
0
0
0
0
0
0
0
0
0
0
0
0
0
0
0
0
0
0
0
0
0
0
0
0
0
0
0
0
0
0
0
1
0
0
0
0
0
0
0
0
0
0
0
0
0
0
0
1
0
0
0
0
1
0
0
0
0
0
1
0
0
0
0
0
1
0
0
0
0
0
0
0
0
0
0
0
0
0
0
0
0
0
0
0
0
0
0
0
0
0
0
0
0
0
0
1
0
0
0
0
0
0
0
0
0
0
0
0
0
1
0
0
0
0
0
0
0
0
0
0
0
0
0
0
0
1
0
0
1
0
0
0
0
0
0
0
0
0
0
0
1
0
0
0
0
0
0
0
1
0
0
0
0
0
0
0
0
0
0
0
0
0
0
0
0
0
0
0
0
0
0
0
0
0
0
0
0
0
0
0
0
0
0
0
0
0
0
0
0
0
0
0
0
0
0
0
0
0
0
0
0
0
0
0
0
0
0
0
0
0
0
0
0
0
0
0
0
0
0
0
0
0
0
0
0
1
0
0
0
0
0
1
0
0
1
0
0
0
0
0
0
0
0
0
0
0
0
0
0
0
0
0
0
0
0
0
0
0
0
0
0
0
0
0
0
0
0
0
0
0
0
0
0
0
0
0
0
0
1
0
0
1
0
0
0
0
0
0
0
0
0
0
0
0
0
0
0
0
1
0
0
0
0
0
0
1
0
0
0
0
0
0
0
0
0
0
0
0
0
0
0
0
0
0
0
0
0
0
0
0
0
0
1
0
0
0
0
0
0
0
0
0
1
0
0
0
0
0
0
0
0
0
0
0
0
0
0
0
0
0
0
0
0
0
0
0
0
0
0
1
0
0
1
0
0
0
0
0
0
0
0
0
0
0
0
0
0
0
0
0
0
0
0
0
0
0
0
0
0
0
0
0
0
0
0
0
0
0
0
0
0
0
0
0
0
0
0
0
0
0
0
0
0
0
0
$ENER_FIT:
-0.032 0.368859 -2.08879e-007 1.94946e-011 0.00000e+000
$MCA_CAL:
5
-0.032 0.368859 -2.08879e-007 1.94946e-011 0.00000e+000
$PEAKLABELS:
464.703, "In-111"
665.501, "In-111"
1129.861, "Sum Peak"
928.525, "Sum Peak"
1330.016, "Sum Peak"
7097.616, "Th-232(d),(Bkgd)"
3966.035, "K-40,(Bkgd)"
183.531, "Au XRF,(Detector)"
210.969, "Au XRF,(Detector)"
$ENDRECORD:
