$SPEC_ID:
PeakEasy Library File: In-111, IdentiFINDER (LaBr3), 390 uCi @ 50 cm
$MEAS_TIM:
3600.00000 3708.00000
$DATE_MEA:
13-Sep-2013 20:46:52
$DATA:
0 1023
0
0
0
0
0
8306
81562
171939
166102
95175
61512
62803
65140
60602
58354
60105
63216
66617
70997
76590
83378
91203
102191
117453
131014
135617
136233
143031
154989
165662
179286
198684
229306
269937
311398
334415
336677
324616
313225
305590
307029
315371
324008
324231
314406
299482
277174
257055
239434
228324
221360
223520
259282
390718
712268
1202760
1623590
1632938
1188601
636745
269144
115557
71208
62729
61635
61491
61615
62482
63240
64302
62630
60249
58115
57539
60723
76385
123531
242945
472342
791377
1080488
1168733
992985
658277
342007
140019
45176
12355
3480
1492
1229
1123
1070
1029
1066
1092
1024
984
1004
974
914
892
898
793
824
857
834
825
813
962
1045
1041
1109
1089
1031
907
812
757
772
681
600
623
605
582
522
601
538
530
488
569
530
569
627
695
806
970
967
983
909
763
574
558
389
378
293
315
291
323
302
306
307
322
290
304
271
323
349
341
374
431
423
431
410
373
344
328
294
272
246
224
238
222
232
220
220
218
203
201
196
204
207
194
178
205
193
182
204
207
211
231
224
212
207
207
244
221
208
179
229
236
254
240
237
224
213
200
174
212
159
162
135
165
157
167
156
133
157
140
150
157
127
121
150
152
137
146
145
136
120
124
128
128
139
107
126
138
136
142
133
136
132
132
129
123
126
119
130
124
124
117
128
121
119
107
119
117
115
127
140
125
134
134
145
162
138
172
171
154
174
178
154
171
160
161
172
151
171
153
164
150
143
147
155
160
164
165
157
152
145
137
126
150
139
138
159
143
136
143
161
157
144
152
150
165
154
134
125
134
145
158
143
109
136
139
134
140
140
133
120
126
128
107
109
120
125
109
102
113
114
108
110
108
94
107
110
111
90
92
105
71
94
91
82
83
69
101
90
94
86
95
77
82
79
73
83
78
98
83
76
88
84
87
84
88
82
79
93
92
86
92
99
83
82
96
103
93
100
100
102
98
99
98
85
98
86
100
94
94
87
82
97
88
103
98
83
66
72
95
75
84
81
88
87
74
74
85
76
81
80
71
66
67
67
71
60
51
49
65
52
55
54
53
50
36
36
37
31
31
38
39
36
38
30
27
32
32
38
33
31
27
24
26
31
25
20
24
23
23
20
20
17
13
30
33
19
29
19
24
26
22
20
20
25
22
28
33
45
41
48
56
54
59
83
84
87
106
129
141
163
186
171
208
209
234
243
226
245
224
232
215
203
162
152
148
109
108
105
88
49
49
31
35
23
16
14
8
12
7
12
9
12
9
11
10
7
11
12
10
6
3
11
16
12
4
5
10
7
13
9
5
15
15
13
11
9
10
10
10
9
7
8
12
7
4
10
5
9
10
4
7
6
7
10
9
5
14
7
8
12
3
5
3
9
8
11
7
6
6
5
4
6
6
13
8
4
9
8
14
17
14
21
5
10
10
13
17
13
11
10
15
14
14
12
13
10
10
12
11
18
10
16
13
9
9
13
10
19
12
8
11
13
13
13
13
22
20
11
17
16
16
14
17
24
10
18
10
21
20
29
24
25
17
19
27
22
27
24
23
28
23
31
15
25
30
26
24
29
28
35
24
28
30
26
27
34
38
34
31
33
22
36
34
29
44
37
31
35
33
40
36
43
48
40
45
45
40
35
37
45
51
26
27
22
31
49
42
35
21
24
33
29
23
30
24
25
30
26
27
39
24
18
29
26
30
24
29
24
19
23
25
24
24
27
39
27
26
23
24
26
34
18
24
24
23
26
30
30
26
27
32
26
29
28
31
29
23
41
29
27
39
36
32
25
35
32
37
23
33
26
37
36
27
37
37
35
32
33
35
30
49
54
33
38
44
37
28
31
30
38
47
37
45
29
20
25
36
35
31
31
31
26
19
29
24
23
26
19
37
24
24
25
26
26
14
18
22
17
19
11
22
21
25
20
23
20
18
19
22
15
11
16
15
13
10
14
24
15
10
12
12
11
5
7
14
7
15
11
8
17
10
9
11
16
8
21
15
19
9
8
13
11
14
17
17
12
16
15
15
16
17
15
12
15
18
14
14
14
21
13
15
22
16
27
25
23
31
23
30
26
26
28
26
19
24
21
20
20
26
26
24
23
26
21
26
17
17
18
24
21
17
17
16
10
16
16
9
7
10
8
8
7
7
10
4
4
5
7
5
2
3
1
5
1
1
1
1
1
3
0
2
2
2
1
1
1
0
2
0
0
0
1
0
1
0
1
0
1
1
2
1
0
0
0
0
1
0
0
0
2
0
0
0
0
0
1
1
0
1
1
2
0
0
0
0
1
0
0
0
0
0
0
0
1
0
0
0
0
0
1
1
1
0
0
0
0
0
1
0
0
0
0
0
0
0
0
0
0
0
0
0
0
0
0
0
0
0
0
0
0
0
0
0
0
0
0
0
0
0
0
0
0
0
0
0
$ENER_FIT:
-3.693 3.094803 -1.16655e-004
$MCA_CAL:
3
-3.693 3.094803 -1.16655e-004
$PEAKLABELS:
56.528, "In-111"
80.833, "In-111"
112.456, "Sum Peak"
136.524, "Sum Peak"
161.329, "Sum Peak"
874.832, "Th-232(d),(Bkgd)"
485.068, "K-40 (Bkgd),La-138"
34.880, "Backscatter"
42.739, "Backscatter"
$ENDRECORD:
