$SPEC_ID:
PeakEasy Library File: In-111, Detective (HPGe), 22 uCi @ 61 cm
$MEAS_TIM:
7694.70000 7883.70000
$DATE_MEA:
24-Sep-2004 11:45:40 PM
$DATA:
0 8191
0
0
0
0
0
0
0
0
0
0
0
0
0
0
0
0
0
0
0
0
0
0
0
0
1
1
0
0
0
0
0
0
2
0
1
4
0
1
8
162
4680
9707
9897
9667
9710
9700
9636
9330
9446
9387
9235
9226
9238
8988
8981
9009
9115
8781
8851
8868
8569
8641
8606
8622
8526
8247
8284
8335
8184
8199
8065
8087
8114
7947
7789
7844
7791
7768
7527
7603
7567
7566
7452
7349
7286
7241
7117
7198
7144
6900
6869
7040
6859
6537
6724
6776
6632
6478
6680
6465
6418
6490
6130
6304
6277
6097
6219
6078
6004
5903
5892
5917
5788
5763
5878
5809
5658
5739
5558
5646
5582
5548
5379
5538
5482
5304
5404
5296
5481
5376
5404
5415
5314
5362
5288
5288
5204
5239
5407
5291
5288
5256
5177
5212
5195
5257
5185
5135
5166
5158
5201
5158
5160
5261
5046
5302
5177
5063
5279
5254
5122
5164
5269
5251
5222
5382
5322
5193
5293
5326
5201
5192
5297
5362
5155
5231
5355
5215
5276
5364
5602
5690
5584
5571
5343
5676
5876
5671
5221
4754
4554
4489
4525
4554
4480
4486
4408
4394
4370
4380
4407
4572
4424
4391
4436
4530
4494
4467
4630
4824
4769
4927
4812
4640
4667
4536
4569
4692
4665
4769
4740
4618
4655
4653
4602
4660
4783
4744
4816
4819
4747
4834
4843
4953
4951
5061
4993
4935
5091
4960
5115
4940
5092
5241
5062
5164
5253
5259
5260
5468
5396
5383
5501
5549
5516
5457
5494
5519
5761
5773
5774
5944
5776
5776
6023
5963
6069
5806
6094
6061
6328
6380
6350
6357
6561
6780
6937
7090
7340
7599
7865
8031
8110
8089
8276
8370
8355
8258
8405
8283
8437
8475
8419
8473
8462
8408
8287
8330
8376
8480
8341
8318
8384
8375
8473
8461
8336
8272
8405
8266
8232
8513
8366
8221
8330
8303
8169
8051
8078
8087
8081
7700
7835
7729
7608
7646
7526
7423
7245
7346
7362
7221
7237
7197
7185
7296
7202
7382
7418
7433
7478
7467
7652
7536
7429
7642
7512
7753
7484
7653
7501
7331
7598
7292
7342
7342
7165
7061
7185
7132
7087
7069
6813
6942
6808
6881
6832
6730
6861
6850
6695
6914
6601
6723
6655
6641
6786
6552
6416
6434
6623
6582
6797
6396
6498
6374
6692
6411
6506
6460
6483
6549
6518
6445
6408
6243
6272
6399
6046
6232
6271
6077
6158
6054
6114
6043
5840
5877
6020
5952
5720
5894
5901
5865
6013
5656
5785
5800
5970
5800
5664
5810
5845
5749
5574
5742
5785
5813
5548
5793
5726
5762
5574
5634
5527
5498
5583
5430
5468
5473
5559
5501
5313
5446
5338
5347
5500
5323
5337
5412
5403
5473
5478
5410
5569
5556
5722
6298
7654
11159
19303
38294
77971
141009
201842
214840
164078
88376
33720
10024
3511
2243
2174
2072
2042
2070
2010
2108
1996
2112
2036
2035
2015
2018
1874
2062
2030
2003
2015
1969
2012
2057
1965
1969
1905
1921
2007
1976
1972
1894
1976
2004
1985
1961
2047
2020
1950
2019
1909
1912
1885
1969
1841
1840
2001
1946
1840
1916
1940
1891
1900
1905
1926
1918
1850
1885
1853
1951
1849
1929
1861
1901
1865
1910
1928
1914
1868
1850
1859
2021
1854
1840
1889
1804
1914
1871
1855
1878
1779
1794
1851
1809
1765
1818
1810
1787
1816
1760
1770
1802
1777
1793
1793
1746
1774
1794
1811
1777
1772
1806
1746
1735
1722
1794
1782
1776
1753
1767
1684
1705
1706
1701
1669
1689
1652
1795
1707
1685
1667
1616
1739
1710
1600
1705
1613
1669
1646
1682
1647
1688
1627
1600
1634
1601
1613
1604
1591
1563
1582
1653
1596
1610
1605
1605
1639
1650
1534
1570
1595
1596
1583
1596
1581
1546
1559
1637
1597
1523
1673
1606
1510
1577
1584
1636
1546
1605
1643
1623
1602
1657
1655
1596
1641
1638
1683
1751
1833
1898
1817
1839
1747
1742
1730
1836
1980
2109
2374
2810
3733
5877
9167
16629
32637
62674
107819
147055
150100
112212
59818
22427
6222
1407
445
307
280
287
323
316
289
293
261
300
302
294
269
270
265
284
310
276
302
267
255
280
281
254
272
283
279
297
265
270
316
257
262
224
259
220
237
268
264
249
244
268
271
248
238
217
258
251
262
246
230
226
250
256
233
265
251
257
247
244
287
263
262
265
255
245
206
224
236
255
221
252
231
253
240
254
218
219
247
244
224
251
252
241
224
205
213
219
220
228
211
209
192
215
183
207
225
218
233
216
219
183
219
232
204
219
227
227
188
201
214
184
223
192
189
171
204
185
176
213
209
181
210
216
225
239
243
299
316
320
309
255
244
197
190
172
191
225
210
213
212
214
196
190
207
210
179
217
190
177
171
206
186
172
175
168
192
156
188
195
180
152
173
174
152
192
160
210
181
176
173
148
181
176
152
178
165
168
157
177
190
160
180
189
182
156
191
151
160
165
160
160
166
156
166
158
180
154
145
163
161
164
167
158
168
158
159
173
172
140
163
176
160
154
180
166
161
190
128
156
153
173
152
177
158
149
162
157
140
146
156
153
162
128
158
143
158
158
160
168
165
161
144
172
190
205
222
215
180
156
149
165
136
153
148
179
162
159
152
146
141
149
125
132
130
121
159
132
139
148
116
135
153
129
140
122
143
153
157
162
244
317
373
384
330
253
193
130
100
130
120
139
125
117
136
131
132
132
122
118
141
123
120
119
111
145
143
149
116
116
129
129
144
106
135
108
103
134
129
122
122
107
134
121
126
113
122
126
109
106
114
124
98
123
118
120
108
105
111
105
111
109
135
117
107
134
122
104
121
115
98
136
107
106
109
97
106
105
123
115
106
105
110
111
146
125
114
116
130
105
122
119
123
123
120
117
113
102
117
120
103
135
123
114
91
126
117
104
110
118
121
108
100
104
110
95
99
107
98
92
112
120
102
106
107
95
118
113
99
126
109
106
87
105
87
101
99
121
110
92
110
100
97
94
82
93
101
105
102
103
91
103
106
111
96
98
106
97
100
118
99
101
104
111
108
96
94
103
109
102
86
97
121
98
110
123
110
125
135
108
117
116
81
86
96
78
105
108
102
94
98
86
79
107
101
90
89
85
101
83
83
85
86
98
90
90
83
104
68
92
92
99
96
94
92
90
74
86
93
83
113
85
80
92
73
87
72
76
73
79
77
93
65
82
102
79
90
97
113
104
105
86
93
101
89
77
73
76
82
87
84
79
62
99
88
100
63
90
93
81
85
95
72
68
83
73
76
80
68
80
84
67
65
100
81
87
83
70
80
101
80
85
83
97
87
71
71
73
77
64
86
88
74
66
84
83
75
90
73
69
82
76
73
99
99
78
88
77
81
65
75
77
76
67
89
75
59
75
85
84
81
77
73
86
67
65
74
69
63
58
69
83
75
64
67
83
69
67
68
75
66
71
85
70
65
81
76
72
76
58
66
80
56
84
76
60
72
69
76
67
72
77
67
77
76
68
75
66
61
78
67
75
71
64
74
77
79
72
77
64
72
73
78
69
68
66
63
69
66
60
60
63
66
71
72
62
57
68
72
70
54
62
70
62
56
59
82
53
65
72
62
59
70
68
72
61
65
67
59
65
66
65
67
61
79
83
81
78
83
86
91
124
118
114
121
122
109
93
91
78
66
68
68
60
73
60
61
59
72
73
52
76
53
57
55
68
59
71
60
58
54
72
68
56
60
41
55
58
58
64
52
68
66
57
55
67
66
72
49
59
63
51
60
63
60
46
63
53
60
66
51
55
71
55
55
54
65
67
54
56
58
63
60
52
61
73
54
54
59
46
51
48
49
57
62
63
58
65
63
51
65
77
58
53
62
76
56
63
56
57
55
56
41
38
57
50
58
49
58
44
56
65
70
53
55
60
44
57
47
51
44
52
60
53
62
46
58
53
61
48
61
61
46
51
59
57
44
52
47
60
49
54
65
51
40
57
53
68
50
40
48
56
53
60
66
53
56
47
61
69
56
66
50
59
42
56
53
67
61
60
65
57
55
60
51
62
46
48
40
50
57
42
58
47
48
48
55
56
47
54
53
62
52
57
72
76
60
85
91
129
151
168
120
91
79
66
56
46
45
54
41
43
50
40
66
34
34
47
42
43
51
47
48
48
60
47
38
53
48
51
46
60
58
45
51
41
56
41
48
44
53
48
30
56
38
45
42
32
55
54
47
50
35
50
49
72
45
45
57
51
48
48
53
62
45
57
68
84
129
148
213
255
218
206
151
92
62
53
49
34
38
52
35
48
37
53
43
45
37
46
42
44
47
43
40
46
43
38
43
44
62
40
45
42
41
39
36
43
37
33
43
40
36
42
60
35
53
43
50
36
32
45
46
49
44
44
45
53
42
53
51
45
40
35
35
40
30
57
40
41
33
38
33
53
36
43
37
48
44
43
45
39
48
40
49
49
42
47
34
46
33
43
47
39
47
45
51
38
50
46
37
41
41
36
41
36
37
41
47
40
55
32
51
38
45
50
42
47
49
36
36
37
42
41
46
54
47
37
36
43
38
39
42
56
47
45
31
47
38
48
35
42
44
34
51
41
49
36
32
31
44
34
42
52
48
51
36
40
41
34
44
42
38
44
36
40
39
37
36
41
43
29
40
37
48
43
40
40
36
35
34
38
35
46
38
32
46
38
42
36
43
38
27
58
52
37
46
31
34
52
28
40
41
52
48
36
31
40
37
35
27
47
38
60
50
34
42
41
27
37
36
51
34
42
48
42
33
36
26
42
41
37
45
38
31
33
33
39
39
42
28
40
36
41
41
26
28
48
41
45
25
48
38
48
33
41
34
44
30
31
34
41
39
33
33
32
40
36
45
35
39
51
34
44
46
37
34
33
35
31
40
37
42
36
37
28
33
40
40
32
35
42
32
25
34
29
35
39
41
34
35
41
38
32
37
29
32
29
33
34
31
54
49
43
39
44
36
42
36
58
54
51
52
54
51
44
40
37
43
38
29
41
36
40
41
44
35
28
36
30
36
29
35
39
34
35
53
28
36
35
46
45
25
38
27
33
32
36
28
40
30
27
40
23
34
34
30
32
26
34
24
29
27
33
36
33
37
24
36
26
31
26
27
37
34
27
31
36
36
32
32
34
32
38
30
38
38
38
39
28
44
27
40
25
28
31
37
43
30
29
32
40
28
34
34
38
39
42
43
37
42
41
32
35
26
29
48
28
44
45
40
48
40
60
54
55
45
41
35
30
34
31
39
34
28
37
35
30
41
33
33
29
34
38
23
25
37
34
29
28
25
24
25
38
29
31
33
29
41
27
34
41
39
34
44
37
24
36
31
35
45
39
37
29
37
36
28
23
28
32
25
26
29
41
19
24
31
19
32
23
21
31
30
40
35
46
46
34
31
36
32
28
25
29
23
42
26
24
23
22
32
31
31
24
31
30
31
34
24
31
37
30
31
37
26
36
37
28
33
31
43
21
28
24
23
34
29
27
33
19
34
28
38
30
26
22
28
20
29
29
26
31
22
24
32
32
32
31
19
27
38
30
22
19
33
35
23
29
24
32
32
29
28
27
28
22
42
33
31
32
32
28
29
21
29
23
26
33
34
22
20
25
29
33
37
35
27
21
29
33
34
24
29
40
22
45
27
41
31
30
23
24
32
28
29
28
35
39
37
32
34
30
32
29
25
28
23
21
26
34
28
16
25
28
26
25
32
31
36
15
29
29
22
28
26
27
22
24
30
35
25
33
30
27
25
20
28
36
18
29
25
26
35
17
28
24
21
34
26
32
32
28
31
29
34
35
34
26
18
25
25
26
24
40
27
32
27
20
32
30
30
18
30
23
24
18
31
28
21
25
25
29
17
25
33
26
23
20
28
28
30
29
27
32
23
24
23
23
32
16
35
33
20
33
25
27
25
29
21
26
27
25
20
21
23
20
19
25
23
29
29
27
39
23
30
33
35
33
18
31
20
31
19
27
25
24
27
37
19
28
18
19
25
27
29
32
21
20
22
22
23
19
20
21
26
33
28
21
15
22
32
32
25
17
29
29
17
26
27
24
31
37
42
29
25
26
29
24
29
22
33
21
32
36
25
33
29
42
42
55
72
94
83
90
58
46
39
28
24
26
24
21
26
20
27
34
26
18
25
27
32
28
27
22
22
20
21
24
23
25
34
28
24
17
16
30
27
25
21
27
22
21
28
23
25
28
24
26
25
23
19
23
25
30
19
23
35
24
29
40
20
25
35
36
42
32
32
33
24
24
24
16
19
27
20
21
16
17
29
26
24
31
25
18
27
26
20
30
23
26
25
24
23
20
21
21
21
23
25
27
21
24
25
25
27
23
18
24
23
28
25
28
23
26
27
24
19
36
20
21
19
25
25
25
35
21
14
24
19
24
25
25
22
19
19
21
21
18
21
18
20
26
28
34
29
37
34
36
32
35
26
29
24
35
35
47
41
53
69
72
64
55
34
25
25
15
23
18
14
19
22
18
11
18
22
21
25
24
30
24
33
13
20
18
16
16
17
14
17
24
23
19
22
18
20
22
31
23
24
25
20
16
24
13
14
19
20
18
18
24
19
22
23
17
23
31
20
17
26
23
29
20
22
24
21
22
31
22
16
21
29
19
25
24
28
25
20
13
21
20
23
19
21
34
17
28
27
21
28
27
25
23
24
12
17
30
27
18
23
24
24
23
19
28
19
26
25
23
21
13
20
14
28
24
29
15
18
25
19
32
19
25
18
24
25
21
21
30
15
33
22
27
20
18
20
12
15
26
19
20
27
26
16
22
29
21
14
32
21
24
20
26
20
23
15
22
18
18
16
22
28
18
17
18
23
21
20
18
23
22
26
22
22
23
23
19
27
27
21
20
24
24
17
25
23
18
21
27
28
19
28
18
20
22
25
33
29
18
20
18
22
21
23
19
16
16
20
18
20
21
16
25
22
16
23
14
21
20
21
17
24
23
20
11
27
25
21
28
13
20
19
20
20
19
18
16
18
22
17
21
26
18
17
17
19
20
18
21
21
25
20
16
20
14
19
22
26
21
25
22
21
28
26
21
19
19
22
29
15
32
20
20
30
22
19
27
25
24
18
24
33
26
22
28
24
27
24
16
25
23
28
20
26
26
18
26
16
22
19
27
25
16
27
16
26
22
23
29
22
18
20
25
16
17
19
15
21
26
20
16
18
21
19
20
19
24
20
16
26
17
27
25
20
25
23
23
22
22
17
30
21
21
25
25
26
12
22
22
21
27
28
14
22
23
23
24
18
19
17
26
18
20
16
25
21
15
28
21
22
19
15
17
21
20
21
21
15
23
19
16
18
20
17
25
15
20
20
21
17
18
16
17
17
22
24
31
18
25
15
30
27
27
27
21
35
36
35
55
39
53
69
54
45
37
31
30
34
23
14
19
18
19
21
15
17
28
14
20
14
21
21
20
18
27
22
12
19
26
24
25
22
21
22
16
21
20
28
15
19
17
26
29
16
20
15
15
22
27
24
19
26
21
20
15
22
19
22
23
20
26
14
21
19
22
20
16
22
35
17
19
22
25
26
19
21
28
22
16
23
22
25
26
18
15
24
18
14
21
32
20
25
30
22
30
27
23
27
22
27
26
16
25
17
19
17
19
19
32
27
28
24
26
21
14
20
25
21
20
23
23
18
19
18
31
17
18
18
16
16
21
17
21
22
23
22
15
9
22
16
17
23
17
32
13
26
25
28
22
19
24
21
8
17
24
26
12
21
20
16
18
23
20
13
17
16
27
23
25
18
20
24
30
19
24
25
21
16
12
15
24
27
20
26
19
23
25
16
22
17
27
22
26
21
24
19
16
17
30
25
24
26
27
19
25
21
25
25
21
21
26
27
19
25
24
21
33
27
30
17
26
26
37
21
25
17
21
14
22
26
18
18
23
24
16
10
22
25
18
16
25
13
14
21
21
21
22
17
25
24
11
23
18
24
28
15
25
21
21
24
20
28
21
17
20
24
25
21
22
26
26
24
26
31
20
13
17
27
17
19
19
23
23
22
31
22
21
22
28
26
21
17
30
34
18
22
21
32
19
22
26
18
25
18
28
30
24
19
22
23
24
30
23
32
33
19
22
23
35
40
24
32
30
30
37
29
19
24
12
19
14
22
19
20
14
30
15
22
18
20
24
14
17
17
23
16
20
14
16
10
12
20
22
18
16
22
21
10
19
16
16
20
24
21
14
20
15
20
23
12
10
12
11
19
16
9
12
15
11
9
15
8
16
15
15
16
17
20
17
18
12
20
14
11
17
14
14
24
7
14
16
22
20
16
10
17
13
8
14
8
17
14
14
17
15
19
18
11
12
18
10
16
14
12
17
11
11
10
18
9
15
14
16
13
21
9
19
18
15
20
20
10
9
12
13
9
9
15
21
13
11
8
19
17
15
20
16
15
17
15
12
13
17
9
9
7
15
13
12
8
8
14
13
10
15
18
17
17
11
12
5
9
12
13
14
22
16
13
12
12
13
15
17
17
16
13
20
10
14
9
11
12
13
11
11
7
10
8
13
12
17
14
17
10
15
9
10
9
13
11
8
6
15
11
14
16
7
15
14
13
11
15
16
6
8
12
16
14
6
11
8
13
9
16
7
13
12
13
15
13
13
12
9
10
10
11
7
13
13
4
11
15
8
14
15
12
8
12
12
8
10
12
14
14
5
11
10
8
15
4
10
13
13
7
18
9
12
12
10
5
10
9
7
6
13
5
12
14
4
10
8
10
6
15
9
12
6
10
8
19
8
5
13
11
10
6
7
14
6
12
2
11
10
11
14
8
8
4
12
18
13
8
8
13
11
7
7
8
9
7
13
9
4
6
6
16
12
7
11
8
7
9
7
5
9
11
7
5
17
9
5
6
13
6
6
7
5
6
7
7
11
11
7
8
8
6
10
10
8
10
7
9
8
7
4
11
11
9
2
10
11
6
9
8
5
11
9
17
12
21
22
20
14
16
10
7
6
9
10
8
10
7
4
4
6
5
9
7
13
7
10
9
5
5
10
11
7
8
7
9
11
9
6
5
8
8
4
5
8
6
4
3
9
9
9
7
2
5
6
9
6
12
6
4
9
7
5
4
12
5
12
10
13
11
7
16
10
5
9
16
8
6
7
8
13
9
6
10
10
10
9
16
14
14
9
8
11
9
11
6
6
6
11
5
8
4
12
8
4
7
9
10
8
5
8
5
7
3
6
8
10
4
6
8
5
12
7
8
7
5
6
6
7
6
3
8
11
4
9
6
4
5
11
4
9
8
18
7
7
13
7
4
5
6
9
11
8
4
11
8
15
8
13
10
8
7
6
9
7
6
9
4
6
13
9
11
5
12
4
5
9
5
10
6
7
11
8
5
7
6
5
9
9
10
10
12
8
7
5
14
10
12
13
11
8
9
7
13
9
12
6
15
9
16
11
14
18
12
22
21
20
27
28
36
38
41
50
59
72
100
125
167
199
289
316
398
370
346
276
174
97
53
25
14
7
8
3
2
1
1
3
7
6
5
4
7
3
7
2
2
4
2
4
4
8
5
4
8
3
4
4
4
2
6
3
3
1
3
3
5
4
5
3
2
5
2
2
7
3
2
7
6
3
4
3
5
4
4
5
6
3
3
3
6
6
3
7
7
2
5
6
6
5
4
3
4
4
11
5
2
3
4
6
6
5
5
6
7
9
6
5
3
4
2
1
7
7
4
0
3
3
7
5
4
4
7
2
4
9
5
4
6
3
6
3
4
5
7
3
5
6
3
5
8
10
5
14
7
9
7
9
4
4
8
2
4
6
4
3
4
3
2
6
2
4
3
5
3
3
7
3
4
2
2
2
3
4
5
10
2
1
4
5
0
12
5
7
2
4
4
8
5
6
2
2
5
6
1
2
7
2
4
6
3
7
3
4
2
5
5
3
2
4
4
3
1
1
4
8
6
5
4
3
4
5
9
4
3
5
3
3
0
4
2
2
6
5
4
1
7
5
2
3
3
2
1
0
4
1
2
0
4
1
5
2
4
4
2
6
6
6
3
4
2
5
2
2
3
3
5
0
9
4
6
8
2
3
3
9
4
5
6
6
4
5
1
5
2
3
2
3
5
5
2
5
3
4
4
4
4
5
8
6
3
3
3
2
3
4
6
2
3
2
4
4
3
4
3
4
2
6
0
3
1
5
5
7
2
7
3
3
4
6
6
7
1
3
6
4
5
6
6
2
3
2
5
5
2
3
2
8
6
4
4
4
6
10
10
11
14
2
8
11
9
9
6
5
6
7
8
3
14
16
4
17
15
11
11
12
6
7
6
4
4
4
4
3
5
5
4
3
4
4
6
3
5
3
3
3
8
3
2
6
6
2
3
1
3
5
1
0
4
5
3
4
3
3
3
2
1
3
3
7
3
2
5
1
2
4
5
2
1
5
3
3
3
3
3
0
3
2
3
1
3
7
1
5
4
0
6
7
4
9
2
4
4
3
6
2
7
6
7
4
1
5
3
2
5
1
4
3
3
4
5
7
12
4
2
6
5
4
3
2
0
3
5
4
2
2
6
1
2
8
4
5
1
5
3
3
7
5
2
2
0
3
0
2
4
2
1
3
5
4
4
5
1
2
4
4
3
0
3
1
7
2
4
1
2
0
3
5
1
3
2
2
2
3
3
6
4
1
3
2
3
4
0
3
1
0
4
5
3
0
4
1
2
5
4
3
2
6
5
2
1
2
5
2
1
1
1
0
3
1
4
1
6
2
2
2
5
1
4
2
1
4
4
2
1
4
2
2
0
3
1
3
4
3
2
2
2
2
1
3
2
4
3
2
2
4
2
1
1
2
4
3
3
3
0
5
0
1
4
3
2
5
10
3
1
6
3
1
4
3
3
0
1
5
2
2
3
2
5
2
3
3
2
1
4
2
5
4
1
1
2
3
3
1
5
3
4
0
2
4
6
3
1
6
2
4
2
4
1
1
7
4
2
0
3
9
5
1
8
4
4
0
3
1
4
0
5
4
1
1
0
0
6
4
5
6
2
2
2
4
3
3
3
3
2
3
1
3
5
4
4
4
5
3
3
1
2
7
3
2
4
2
1
3
8
3
0
1
4
3
3
4
3
4
4
5
5
3
2
5
6
5
5
5
10
6
5
1
3
4
5
6
4
3
2
1
4
7
3
1
2
2
1
0
0
3
5
4
0
4
7
3
0
1
2
5
1
8
5
2
3
3
0
2
1
0
7
6
2
2
4
1
0
1
2
4
2
1
6
5
2
3
0
4
2
1
1
4
1
2
7
3
3
3
2
2
1
3
1
1
6
6
2
6
3
5
8
8
4
11
18
8
11
10
30
26
40
41
28
25
25
16
11
5
4
2
2
2
2
4
1
1
0
4
3
3
6
0
3
3
1
4
4
4
4
3
2
4
3
4
3
2
1
2
2
1
6
4
2
1
1
0
2
0
3
0
2
0
1
3
1
2
1
1
3
7
2
3
2
4
2
2
2
1
2
5
4
4
2
2
3
6
3
1
5
2
3
3
1
0
2
4
3
5
4
4
2
2
3
2
4
1
1
2
5
2
4
3
2
0
1
2
0
2
3
2
0
1
1
5
2
3
2
2
3
2
2
0
1
4
1
6
3
1
4
1
5
2
2
3
3
2
1
2
1
4
2
1
1
3
3
3
2
3
2
2
1
6
2
2
3
4
1
0
1
1
2
1
0
2
1
1
2
5
6
4
3
3
3
0
4
4
5
3
4
1
3
1
3
4
8
2
3
3
3
3
6
1
3
3
3
1
3
3
0
1
2
2
3
7
5
0
3
5
3
2
4
3
2
2
5
5
3
2
2
2
7
3
5
6
3
6
3
5
4
4
3
1
2
4
4
1
5
3
1
1
2
1
0
1
2
1
3
0
3
2
1
2
0
2
3
0
3
3
2
2
3
4
2
2
5
5
1
2
5
1
6
7
1
1
1
1
2
2
2
3
5
0
1
2
4
5
3
3
4
1
3
2
1
5
3
3
1
2
3
3
1
1
2
2
1
4
2
1
3
2
2
2
3
5
1
1
1
1
4
3
4
3
3
2
4
3
3
2
1
2
1
3
3
3
3
2
6
3
0
3
2
3
2
6
4
1
2
3
2
0
4
3
1
3
1
3
4
2
1
2
6
2
1
0
2
0
2
5
5
1
1
3
3
3
4
2
1
2
2
3
1
1
2
1
1
2
2
5
4
1
0
4
2
3
4
2
1
1
3
1
3
2
0
0
1
1
2
0
5
2
2
3
7
4
3
4
3
2
3
5
6
1
1
1
3
4
4
3
2
1
2
1
3
5
3
4
1
2
4
4
1
1
2
1
4
1
2
3
2
1
6
2
2
2
4
0
0
0
3
3
4
1
5
5
1
1
4
0
3
4
3
2
2
5
3
2
2
0
2
3
2
2
3
1
3
1
0
1
3
2
1
3
2
3
5
2
4
2
3
2
2
0
1
2
1
1
0
3
1
3
0
1
1
4
1
4
1
1
3
2
3
3
2
2
5
3
3
2
2
1
1
1
3
1
1
2
2
1
0
1
1
5
0
1
6
0
2
2
0
2
4
2
0
2
1
1
5
2
1
1
3
4
0
0
1
5
1
2
2
2
2
1
2
2
5
1
2
2
3
1
0
2
5
1
1
1
1
1
5
0
2
2
5
2
3
1
2
2
7
2
2
1
2
4
0
3
5
0
1
1
2
3
1
3
3
4
1
2
1
2
2
2
0
0
5
2
2
3
1
4
2
3
2
1
0
4
1
2
2
1
2
3
0
1
3
1
1
4
0
1
2
1
1
1
0
2
3
0
3
3
1
2
3
1
1
2
1
2
3
0
2
2
2
1
0
5
1
3
4
3
1
1
2
0
3
1
1
2
0
3
3
2
1
1
1
2
0
3
4
2
1
2
2
3
0
2
2
3
2
1
2
0
1
3
2
2
3
3
0
3
1
1
0
3
4
3
1
1
1
2
3
1
1
0
1
2
2
3
1
2
2
4
1
1
2
4
1
0
4
5
3
3
2
4
2
3
4
3
1
4
5
3
2
1
3
2
2
1
0
1
2
1
1
1
2
1
2
1
4
2
5
2
0
4
1
0
4
0
1
0
5
0
3
1
1
3
1
1
1
5
2
2
1
0
0
3
5
2
0
3
1
1
1
2
2
0
4
1
3
2
2
2
0
1
1
1
4
2
2
0
0
3
1
0
0
3
2
2
2
4
5
2
4
1
0
3
3
2
0
1
2
1
3
1
1
1
5
4
1
2
4
3
3
2
2
3
2
1
3
1
4
3
3
1
3
2
2
2
0
1
1
1
2
2
4
2
3
2
1
2
3
1
5
1
5
3
2
4
2
4
3
1
4
1
2
3
0
4
2
6
4
6
5
6
4
3
5
7
7
10
12
7
6
4
5
3
4
3
2
4
1
3
1
3
1
3
3
4
3
3
5
2
3
0
1
2
1
1
0
3
0
2
3
2
2
0
2
1
6
5
6
3
6
3
4
2
6
1
0
2
1
2
5
1
1
1
1
2
2
4
2
6
2
2
3
0
1
2
1
3
1
2
3
3
1
0
4
3
2
1
1
1
2
2
1
2
1
3
5
2
2
1
1
1
1
4
0
5
1
2
3
3
1
3
1
2
4
2
0
1
1
0
1
1
3
0
2
2
3
1
0
1
2
1
0
1
2
2
1
2
3
4
2
1
4
2
1
1
1
1
2
3
1
1
2
0
1
1
1
4
1
1
1
3
0
2
2
4
2
1
1
1
1
1
4
4
1
1
0
1
0
3
1
4
2
1
1
3
2
4
2
0
3
1
2
1
3
1
2
5
0
2
0
4
4
0
0
2
4
2
1
3
3
3
2
1
1
4
1
3
3
0
2
1
3
1
3
2
2
2
1
0
2
4
2
3
2
2
2
1
3
1
2
3
5
1
2
3
1
2
2
4
2
3
4
1
4
7
5
2
1
5
1
2
3
5
3
1
4
3
4
3
4
7
3
6
1
4
3
3
3
10
7
7
6
14
8
13
6
2
4
5
3
3
3
1
3
1
2
2
2
4
0
2
3
2
2
2
2
1
1
1
0
1
2
5
1
1
0
2
0
3
0
0
5
2
1
2
3
4
2
1
0
2
1
2
0
5
1
1
1
2
1
2
3
2
1
3
5
2
4
3
4
2
2
3
2
4
1
0
0
1
0
1
4
2
1
2
0
2
1
2
3
4
1
2
1
2
0
1
2
1
2
3
0
0
1
3
4
4
1
2
1
6
1
3
1
2
2
1
0
3
3
3
3
2
3
1
2
0
2
1
1
2
2
4
1
3
0
2
4
0
1
3
2
4
1
1
2
2
2
1
2
3
0
4
3
2
3
1
3
1
2
3
2
3
4
1
2
2
3
3
3
0
2
3
0
2
2
1
3
1
1
1
2
1
4
2
6
0
0
1
1
3
1
2
2
2
3
3
2
1
1
3
2
0
1
3
0
1
1
2
3
1
0
2
1
1
3
1
1
2
5
1
4
1
3
3
0
0
0
3
3
1
1
5
1
0
3
3
1
2
3
5
1
4
3
4
3
1
4
4
5
6
0
1
0
3
1
1
0
1
3
0
0
1
1
1
4
3
4
2
1
3
2
3
1
2
2
2
1
1
2
1
4
2
0
3
3
2
2
2
4
1
3
0
2
1
3
3
3
2
0
3
1
3
3
1
1
1
0
1
1
1
3
2
3
3
1
1
3
0
3
3
3
4
3
4
1
5
2
1
5
3
4
0
4
1
3
1
5
1
3
1
4
2
1
2
7
2
5
4
3
2
3
4
1
2
5
2
2
1
0
1
2
0
2
1
1
2
1
4
2
3
1
4
2
1
2
6
0
4
2
0
2
1
4
0
2
1
7
2
1
3
3
2
3
4
3
2
2
4
5
2
1
2
3
0
4
3
3
2
4
7
3
2
3
3
1
0
1
4
3
1
3
2
2
1
2
2
5
4
2
1
1
1
2
1
2
2
2
2
3
0
5
0
2
3
3
1
0
0
2
1
1
4
5
1
4
2
2
4
1
4
1
2
1
5
0
2
2
2
2
0
0
7
4
1
3
0
2
0
5
1
4
4
1
2
2
1
1
0
3
2
0
0
2
1
3
2
1
4
0
1
2
1
0
2
0
3
0
1
0
4
1
1
1
1
2
0
2
3
2
1
4
0
2
4
0
0
3
3
0
2
0
0
0
0
0
1
1
1
1
3
5
0
1
1
2
2
6
0
0
0
2
2
0
3
0
0
0
1
1
2
0
1
2
0
3
2
3
1
4
1
3
1
1
2
1
3
0
2
2
3
0
2
1
0
1
2
0
0
0
2
0
2
1
1
1
1
1
0
0
0
0
3
1
1
1
0
1
0
2
0
2
3
4
1
1
0
1
0
2
2
1
0
0
0
0
2
1
1
1
0
2
1
3
0
0
1
1
3
1
1
1
1
1
0
2
1
1
2
0
4
1
2
0
2
2
2
1
1
3
4
5
5
4
5
0
1
2
1
0
1
0
1
0
2
2
0
1
0
0
0
2
1
0
1
1
0
3
0
2
1
1
1
1
1
0
0
0
1
1
0
0
1
1
5
2
2
0
1
2
0
1
1
1
0
0
0
1
0
1
2
2
0
2
0
2
1
2
0
1
0
0
1
3
1
0
0
0
0
1
2
0
1
0
1
1
3
0
0
3
2
1
0
0
3
0
0
1
1
1
1
0
1
1
3
0
1
1
0
1
0
1
1
1
1
0
2
1
1
0
0
1
2
2
1
1
1
0
0
0
1
2
0
2
1
0
0
1
0
1
1
1
2
0
1
0
1
0
0
1
1
1
2
0
1
2
0
1
0
0
0
1
0
1
1
0
1
0
0
1
1
0
1
1
1
0
2
0
0
2
3
1
0
0
0
1
0
0
2
0
0
0
1
2
0
0
0
0
2
0
0
2
0
0
0
1
3
0
2
2
0
1
0
0
0
0
2
0
1
1
0
0
0
1
0
0
0
0
0
1
1
1
0
1
0
0
1
0
0
0
0
1
0
0
0
0
0
0
1
0
1
2
1
0
0
1
0
0
0
1
0
0
0
0
1
0
0
0
0
0
1
0
0
1
0
1
0
1
0
0
0
0
1
0
2
1
0
0
0
0
0
0
2
0
1
1
0
0
0
0
1
1
0
0
0
1
0
0
0
0
1
0
0
0
0
1
0
2
0
0
0
0
0
1
0
1
0
1
0
1
0
0
0
1
1
0
0
2
0
0
1
1
0
0
0
0
0
0
2
1
0
0
1
0
0
0
0
1
0
0
1
1
0
0
0
0
0
0
1
1
0
1
0
0
0
0
2
0
0
1
0
1
0
1
1
0
0
0
2
2
3
0
0
0
2
0
0
0
2
1
0
0
0
0
0
0
1
0
0
0
1
0
1
3
0
1
0
1
0
0
0
2
0
0
3
0
0
1
2
2
1
2
1
2
1
2
3
2
2
6
5
6
3
5
6
10
11
8
14
12
12
26
31
38
36
42
38
27
28
16
15
9
6
3
1
1
0
1
0
0
1
0
2
0
0
0
0
0
0
0
0
0
0
0
0
0
0
0
2
0
0
0
0
0
0
0
1
0
0
1
0
0
0
0
0
0
0
0
0
1
0
0
0
0
0
0
0
0
0
1
0
0
0
0
0
0
0
0
0
0
0
0
0
0
0
1
0
0
0
0
0
0
0
1
1
0
0
1
0
0
0
0
0
0
0
0
0
0
0
0
0
0
0
0
0
0
1
1
0
1
0
0
0
0
2
0
0
0
0
0
0
0
0
0
0
1
0
0
0
0
1
0
0
0
0
1
0
0
0
2
0
0
0
0
0
0
0
1
0
0
0
0
0
0
0
0
0
0
0
0
0
0
0
0
0
0
0
0
0
0
0
0
0
0
0
1
0
0
0
0
0
0
0
0
0
0
0
0
0
2
0
0
0
0
0
0
0
1
0
0
0
1
0
0
0
0
0
0
1
1
0
0
0
0
1
0
0
0
1
0
0
1
0
0
0
0
0
0
0
1
0
0
0
0
0
0
0
0
0
0
0
0
0
0
0
0
0
0
0
0
0
0
0
0
0
0
0
0
0
1
0
0
0
0
1
0
0
0
0
1
0
0
0
0
1
0
0
0
0
0
0
0
0
0
0
1
0
0
1
0
0
0
0
0
0
0
0
0
0
0
1
0
0
0
0
0
0
0
0
0
0
0
1
0
0
0
0
0
0
0
0
0
0
0
0
0
0
1
0
0
0
2
1
1
0
0
0
0
0
0
0
0
0
1
0
0
0
0
0
0
0
0
0
0
0
0
1
0
0
0
0
0
0
0
0
1
1
0
0
0
0
0
0
0
0
0
0
0
0
0
0
0
0
1
0
1
0
0
0
0
0
0
0
0
0
0
0
0
0
0
0
0
0
1
0
0
0
0
0
0
0
0
0
1
0
0
0
0
0
0
0
0
0
0
0
0
0
1
0
0
0
1
0
0
0
0
0
0
0
0
0
0
0
0
0
0
0
0
0
0
0
0
0
0
0
0
0
0
0
0
1
0
0
0
0
0
0
0
0
0
0
0
0
0
0
0
0
0
1
0
0
0
0
0
1
1
0
0
0
1
0
0
0
0
1
0
0
0
0
0
0
0
0
0
0
0
0
0
0
0
0
0
0
0
0
0
0
0
0
0
1
0
0
0
0
0
0
0
0
0
0
0
0
1
0
0
0
0
0
0
0
0
0
0
0
0
0
0
0
0
0
1
2
0
0
0
0
0
0
0
0
0
0
0
0
0
0
0
0
0
0
0
0
0
0
0
0
0
0
0
0
0
0
0
0
1
0
1
0
0
0
0
0
0
0
0
1
0
0
0
0
1
0
0
0
1
0
0
0
0
0
0
0
0
0
0
0
0
0
0
0
0
0
0
0
0
0
0
0
0
0
0
1
0
0
2
0
0
0
0
0
0
0
0
1
0
0
0
0
1
0
0
0
0
0
0
0
0
0
1
0
0
0
0
0
0
0
0
0
0
0
0
0
0
0
1
0
0
0
0
0
0
0
1
1
0
0
0
0
0
0
0
0
0
1
0
0
1
0
0
0
0
0
0
0
0
0
0
0
0
1
0
0
0
0
0
0
0
0
0
0
0
1
0
0
0
0
0
0
0
0
0
0
0
1
0
0
0
0
0
0
0
0
0
0
0
0
0
0
0
0
0
0
0
0
0
0
0
0
0
0
0
0
0
0
0
0
0
0
0
0
0
1
0
0
0
1
0
0
0
0
1
0
0
0
0
0
1
0
0
0
0
0
1
0
0
0
0
0
0
0
0
0
0
0
0
1
0
1
0
0
0
0
0
0
0
0
0
0
0
0
0
0
1
0
0
0
0
0
0
0
0
0
1
0
1
0
0
0
0
0
0
0
1
0
0
0
0
1
0
1
0
0
0
1
0
0
0
0
0
0
0
0
0
0
0
0
0
1
0
2
0
0
0
0
0
0
0
1
0
0
0
0
0
0
0
0
0
0
0
0
0
0
0
0
0
0
0
0
0
0
0
0
0
0
0
1
0
0
0
0
0
0
0
0
0
0
0
0
0
0
0
0
0
0
0
0
0
0
1
0
1
0
0
0
0
1
0
0
0
0
0
0
0
0
0
0
0
0
0
0
0
0
0
0
0
0
0
1
0
0
0
0
0
0
0
0
0
0
0
0
0
0
0
0
1
0
0
0
0
1
0
0
0
0
0
1
0
0
0
0
1
0
0
0
0
0
0
0
0
0
0
0
0
0
0
0
0
0
0
0
0
0
0
0
0
0
0
1
0
0
2
0
0
1
1
0
0
1
1
0
0
1
0
0
0
0
0
0
1
0
1
0
0
0
0
1
0
0
1
1
0
0
0
0
0
1
0
0
0
0
0
0
0
1
0
1
0
0
0
0
0
0
1
1
0
1
1
0
0
0
1
0
0
0
0
0
0
0
$ENER_FIT:
-0.277 0.369421 -4.13616e-007 3.78972e-011 0.00000e+000
$MCA_CAL:
5
-0.277 0.369421 -4.13616e-007 3.78972e-011 0.00000e+000
$PEAKLABELS:
464.660, "In-111"
665.533, "In-111"
1129.293, "Sum Peak"
3966.212, "K-40,(Bkgd)"
7097.676, "Th-232(d),(Bkgd)"
186.113, "Au XRF,(Detector)"
212.484, "Au XRF,(Detector)"
$ENDRECORD:
