$SPEC_ID:
PeakEasy Library File: In-111, Interceptor (CZT), 394 uCi @ 50 cm
$MEAS_TIM:
3841.20000 3846.10000
$DATE_MEA:
13-Sep-2013 17:04:09
$DATA:
0 1023
0
0
0
0
0
0
0
0
0
0
0
0
0
0
0
0
0
0
0
0
1027
2196
2080
2111
2084
1925
1914
1913
1800
1909
1900
1898
1954
1778
1972
1914
2027
2000
2052
2016
2193
2151
2110
2260
2293
2359
2381
2586
2725
2847
2789
2996
2945
3097
3251
3317
3373
3563
3670
3719
3752
3954
3992
4103
4329
4499
4857
5111
5387
5618
5825
6192
5855
5849
5601
5584
5483
5168
5244
5195
5199
5349
5263
5418
5598
5438
5424
5335
5193
5014
4804
4817
4801
4576
4646
4604
4747
4615
4614
4506
4591
4489
4483
4393
4635
4820
5127
5503
6415
7835
10132
13573
18190
22207
23686
21133
15223
8946
4560
2221
1348
1120
1066
1009
964
976
941
970
1014
1001
968
932
942
974
950
944
976
944
935
943
986
972
1020
987
1063
1100
1141
1195
1184
1280
1225
1360
1422
1493
1731
1976
2321
2754
3454
4462
6065
7872
9614
10689
9747
7476
4562
2309
909
267
81
21
17
4
7
7
6
9
8
10
4
10
3
12
14
9
4
4
4
4
6
3
3
4
2
6
4
6
6
8
4
2
7
5
4
1
6
7
7
5
6
3
7
7
2
4
1
5
8
4
1
2
5
4
5
5
0
3
1
3
2
3
2
8
0
4
9
4
2
5
3
2
2
3
3
1
3
2
5
2
5
4
3
4
2
3
3
6
3
2
2
6
1
0
2
2
2
1
2
2
0
3
5
2
1
3
5
0
1
1
3
0
2
1
0
1
1
0
0
3
3
2
0
1
2
3
3
1
2
3
0
2
2
1
2
0
1
2
0
1
1
1
0
3
0
3
1
1
0
5
0
0
1
0
0
4
1
1
0
0
1
0
1
1
2
3
3
0
1
2
0
1
1
4
2
1
0
3
0
0
1
0
1
0
0
1
0
0
3
0
4
0
0
0
0
1
1
0
0
0
1
0
1
2
1
0
2
3
0
1
1
0
0
1
1
0
0
2
0
0
0
0
0
1
2
0
1
0
1
1
0
2
0
1
0
1
0
0
1
0
2
1
1
0
0
1
0
0
1
0
1
0
2
0
0
1
2
0
0
0
1
0
1
2
1
0
0
2
0
0
0
1
2
0
0
1
1
2
0
0
0
0
0
1
0
0
1
0
0
0
0
0
1
1
2
0
0
1
0
2
1
1
0
0
0
1
0
1
0
0
0
1
0
0
2
0
1
1
1
0
0
0
0
1
0
0
1
0
3
0
1
1
1
0
0
0
0
0
1
1
0
0
0
1
0
0
0
0
0
1
0
1
1
0
1
0
0
0
0
0
0
1
1
0
1
0
0
0
0
1
0
0
1
0
0
0
0
0
1
0
0
0
0
1
0
0
0
1
0
1
2
0
0
1
0
0
0
0
0
1
0
0
0
0
2
1
0
0
0
0
0
0
0
1
0
0
0
1
1
0
0
0
0
0
0
0
1
0
0
1
1
0
0
0
0
0
1
1
0
1
0
0
0
1
0
0
0
0
1
0
0
0
0
1
0
0
1
0
2
1
0
0
0
0
0
0
0
1
1
0
0
0
0
1
0
0
0
0
1
0
0
0
0
0
0
0
0
1
0
0
0
1
0
0
0
0
0
0
0
1
0
0
0
0
0
0
0
1
0
0
0
0
0
0
1
0
1
0
0
0
0
0
1
2
0
0
0
1
0
0
0
1
0
0
0
0
1
0
0
0
1
1
0
0
0
0
0
0
0
0
1
0
0
1
0
2
0
0
0
0
0
1
1
0
1
1
1
0
0
2
0
0
0
1
0
1
1
1
0
0
1
1
0
0
0
0
0
0
0
0
1
0
0
0
0
0
0
0
0
0
0
0
1
1
0
1
0
0
0
0
0
0
1
0
1
0
0
0
0
0
1
0
0
0
0
0
0
0
0
0
0
0
0
0
0
1
0
0
1
0
0
0
0
0
0
0
0
0
0
0
0
1
0
0
0
1
0
0
0
0
0
0
0
0
0
0
0
0
1
1
0
0
1
1
0
0
0
0
0
0
0
1
0
1
0
0
1
0
0
0
0
0
0
1
0
0
0
0
0
0
0
0
0
0
1
0
0
0
1
0
0
0
0
0
0
0
0
0
0
0
0
0
0
0
1
0
0
0
0
0
0
0
0
0
0
0
0
0
0
0
0
0
0
0
1
0
0
0
0
0
0
0
0
0
0
0
0
0
0
0
0
0
0
1
1
0
0
0
0
0
0
0
0
0
1
1
2
0
1
0
0
0
0
0
0
0
0
0
0
0
0
0
0
0
0
0
0
1
1
0
1
0
0
1
0
0
0
0
1
0
0
0
0
0
0
0
0
0
0
0
0
0
0
0
0
0
0
0
0
0
0
0
0
0
0
0
0
0
0
0
0
0
0
1
0
0
0
0
0
0
0
1
0
0
$ENER_FIT:
0.000 1.500000 0.00000e+000
$MCA_CAL:
3
0.000 1.500000 0.00000e+000
$PEAKLABELS:
113.821, "In-111"
163.019, "In-111"
70.523, "Backscatter"
84.161, "Backscatter"
$ENDRECORD:
