$SPEC_ID:
PeakEasy Library File: Pd-103, Falcon (HPGe), 720 uCi @ 100 cm
$MEAS_TIM:
1800.00000 1806.89000
$DATE_MEA:
11-Oct-2013 9:17:47 AM
$DATA:
0 8191
0
0
0
0
0
0
0
0
0
1
0
113
662
719
559
506
443
425
415
426
457
429
454
481
652
1184
1585
2188
4075
4727
2576
893
720
780
917
1504
2010
1507
751
408
295
319
362
338
332
308
308
295
336
368
528
790
1453
2690
5473
19316
53032
58364
23550
4487
2114
3082
8718
24355
30816
16959
4745
851
281
200
197
225
185
172
155
180
198
162
162
164
168
155
180
147
179
162
169
156
187
184
177
163
175
175
172
180
166
169
182
172
174
194
167
167
172
167
166
206
172
233
642
1094
708
251
128
120
123
117
122
122
133
124
126
118
129
128
105
121
137
135
108
122
136
130
119
129
130
127
134
129
125
140
105
142
111
117
133
144
145
125
143
139
152
127
150
153
127
124
131
145
145
161
149
136
140
165
158
145
139
159
142
168
176
161
220
202
170
153
169
164
149
167
160
187
162
166
190
185
178
198
189
169
163
184
178
192
190
185
185
199
192
218
256
306
275
228
201
216
272
460
380
258
231
239
209
262
256
218
220
228
221
217
221
217
208
217
254
207
232
235
251
229
210
234
263
266
288
335
273
229
236
226
238
267
287
253
238
200
211
230
216
254
227
199
250
222
251
230
254
236
248
220
209
219
229
228
216
257
234
247
223
210
223
242
260
251
251
252
230
251
251
250
254
207
274
260
248
233
220
235
229
247
216
247
247
238
218
257
253
231
233
257
244
239
248
229
248
237
232
226
235
219
243
252
228
236
219
236
242
227
240
256
244
257
231
246
229
235
218
223
266
232
246
234
272
245
238
246
253
235
230
254
238
262
241
223
258
226
222
238
256
238
202
236
248
222
232
236
231
237
246
231
217
229
238
246
233
232
250
221
217
199
224
231
232
250
246
225
257
213
208
242
221
202
205
229
228
231
214
219
235
236
220
217
227
219
188
206
214
200
225
199
214
220
207
215
226
201
213
198
193
213
228
195
226
232
206
212
194
181
220
198
196
207
201
205
214
231
215
209
200
199
188
234
194
198
183
187
182
178
197
181
202
190
182
190
194
174
174
178
166
177
180
190
169
182
175
185
192
162
200
184
184
181
188
171
166
165
175
187
161
185
182
182
170
200
180
162
169
147
153
170
187
159
166
165
179
149
180
134
147
158
175
153
176
157
161
171
177
172
171
163
159
196
155
153
156
142
145
143
151
153
120
166
172
168
163
166
194
171
165
195
169
135
155
143
154
185
149
142
147
137
134
137
179
149
134
136
154
150
171
141
144
154
111
121
148
142
145
144
138
137
133
126
141
167
150
145
139
137
162
141
149
144
144
148
149
132
143
126
108
123
129
122
141
115
112
118
126
119
138
121
135
141
131
128
123
116
125
121
130
122
125
123
120
104
119
103
114
119
122
123
117
105
127
113
120
115
113
100
110
115
107
118
118
125
117
108
119
109
102
114
123
119
109
108
112
108
121
115
105
105
116
105
106
113
88
111
91
105
91
82
105
84
127
79
111
99
84
108
93
99
97
99
105
104
116
109
102
111
128
113
114
150
229
260
203
116
94
88
122
98
121
116
129
114
113
88
77
96
102
83
83
72
83
82
74
75
80
82
88
86
77
85
111
86
93
85
61
92
99
94
75
93
75
81
82
94
73
83
84
77
81
84
77
72
88
69
82
76
68
73
77
67
77
81
73
78
75
64
73
84
86
69
77
75
75
55
70
71
71
86
91
83
71
73
74
74
57
70
54
72
88
84
88
63
65
63
65
64
47
62
60
68
87
88
73
57
72
48
78
73
80
82
72
66
60
67
72
61
67
54
80
61
73
73
77
59
66
59
59
61
61
66
54
54
76
64
72
60
64
60
60
79
68
61
58
57
62
72
62
64
72
63
47
64
59
67
56
71
112
173
221
154
103
62
40
54
52
57
72
50
47
69
64
62
58
54
61
57
58
54
52
41
49
48
48
63
52
61
53
61
62
59
63
59
62
49
47
48
58
45
60
61
55
47
48
49
54
54
61
49
65
49
48
46
42
53
50
47
52
42
54
53
55
52
40
47
57
53
51
59
57
44
52
50
53
59
42
44
39
39
35
59
52
63
44
40
52
45
39
46
53
52
46
60
51
44
48
46
45
39
44
49
49
38
44
48
39
49
43
35
32
46
35
39
41
39
44
37
61
62
82
70
61
62
35
43
43
49
54
44
35
46
39
39
41
40
37
46
40
42
35
35
51
43
48
38
40
40
41
42
35
48
40
45
42
47
73
124
169
166
100
51
41
41
45
39
30
40
35
41
41
102
257
398
383
271
110
54
38
34
50
39
29
39
36
24
30
39
38
40
30
27
37
35
33
36
36
28
39
27
40
35
33
37
31
41
30
43
31
26
37
29
28
42
32
34
30
30
36
34
26
34
25
35
26
30
33
41
28
22
28
29
32
35
28
28
40
42
30
45
37
38
36
37
37
26
25
32
34
29
34
37
41
33
29
26
40
37
31
33
32
12
39
19
25
27
38
28
29
35
26
23
27
41
28
25
36
35
37
27
31
28
28
32
22
32
25
36
35
28
27
18
30
28
27
24
40
27
35
32
37
24
25
21
29
33
25
38
35
25
32
28
31
25
22
23
36
28
34
31
25
31
32
30
22
29
25
28
35
33
25
20
28
29
25
25
26
17
20
28
23
21
34
38
28
30
22
30
27
25
23
32
28
22
36
30
20
30
23
43
20
17
20
31
20
29
29
27
17
28
28
21
29
18
24
29
28
19
30
18
21
21
24
34
28
32
24
20
19
34
24
14
29
22
16
23
28
23
42
30
24
33
23
30
23
20
21
31
27
21
8
23
22
20
32
27
21
22
25
36
18
26
25
24
12
26
19
30
17
25
28
25
22
30
25
21
24
19
22
20
27
22
22
23
24
27
25
25
32
21
27
22
27
24
22
18
20
23
21
21
21
28
21
21
19
26
33
42
34
37
25
26
23
14
10
19
21
17
25
22
18
23
24
23
23
15
21
31
23
22
22
23
24
19
26
22
19
21
28
30
17
26
16
19
21
26
21
17
17
22
18
24
28
26
13
19
27
21
21
16
18
20
17
25
21
9
23
17
24
18
18
15
20
16
25
22
24
21
17
13
15
16
16
22
13
23
25
22
19
26
16
15
24
17
13
14
25
29
17
40
30
38
76
64
44
25
21
13
22
22
16
18
18
20
20
18
17
25
21
20
14
16
20
15
15
16
13
18
20
23
19
26
31
23
22
33
21
35
37
66
59
58
52
51
37
30
27
23
23
19
20
15
17
13
19
13
13
18
14
11
17
16
16
20
13
14
15
14
19
18
21
22
19
33
21
19
19
18
19
16
12
21
18
11
13
16
26
19
13
10
16
12
21
16
17
12
17
17
20
23
16
14
19
17
19
17
20
22
18
21
14
14
8
19
14
25
8
11
18
15
9
18
16
26
14
12
21
15
16
19
19
22
15
16
20
8
15
16
17
12
15
16
11
20
15
15
11
17
17
19
16
25
21
20
19
18
15
22
12
17
17
12
14
14
14
13
20
20
16
11
16
18
14
16
14
13
15
17
16
17
13
9
17
21
16
27
18
12
14
7
17
12
25
7
14
16
14
17
21
16
19
18
16
26
16
18
13
18
19
19
17
19
17
22
13
16
14
14
12
5
14
11
10
19
21
17
14
15
19
18
15
19
14
12
13
13
12
14
20
31
33
70
81
65
43
25
19
20
20
23
14
14
16
16
10
15
12
12
16
12
12
17
11
17
16
19
17
13
6
12
15
20
12
18
16
16
17
14
13
13
13
16
12
12
12
7
20
17
18
13
6
21
11
17
12
18
11
12
15
11
9
20
10
11
14
17
20
17
12
18
19
28
40
102
117
130
89
58
22
10
20
14
14
9
16
19
13
9
13
10
17
14
14
12
13
18
20
16
11
7
18
13
14
9
12
10
9
15
11
9
13
10
26
16
15
12
6
18
13
14
14
10
15
6
14
13
13
10
13
13
15
14
18
12
12
10
20
17
13
10
8
21
9
13
16
12
15
10
18
6
10
12
10
13
13
18
18
12
9
12
18
11
12
11
12
17
8
7
10
10
15
9
15
11
11
15
9
8
4
17
11
12
9
16
8
16
11
14
9
13
13
16
18
12
21
11
16
11
25
21
15
12
11
7
9
12
6
12
10
17
11
11
15
12
15
22
8
10
12
10
17
11
15
10
17
17
14
16
13
14
13
13
14
17
16
13
11
11
17
11
7
14
9
11
10
16
2
11
16
13
8
9
13
6
10
8
10
14
15
8
13
14
10
11
9
9
14
7
16
17
8
17
11
9
13
12
20
8
12
13
9
15
15
6
14
8
13
17
14
10
8
9
12
11
12
7
10
12
18
16
14
15
10
15
13
17
14
6
10
15
8
10
6
8
8
10
14
7
15
11
14
8
10
16
12
14
6
2
17
14
10
11
13
13
10
15
15
10
12
12
6
13
12
16
11
16
8
11
15
11
9
15
8
11
10
11
10
13
11
8
6
5
8
8
8
12
12
11
15
12
12
13
12
11
7
7
14
14
10
11
15
15
3
8
6
11
6
9
12
16
11
12
12
20
20
12
10
15
11
13
17
23
27
18
25
17
12
8
10
10
10
12
12
8
10
10
19
11
13
12
6
16
13
9
6
8
11
8
13
13
10
9
6
7
15
11
9
9
8
12
9
9
9
7
8
15
19
12
8
8
10
10
14
10
11
13
10
9
12
5
10
7
8
16
9
7
10
6
3
6
7
13
13
10
17
10
9
9
5
12
8
9
11
12
11
10
10
7
11
4
6
7
11
9
9
14
6
8
6
9
13
11
11
7
9
10
6
10
8
8
10
14
9
11
13
17
13
22
17
9
17
7
10
13
11
15
14
4
15
9
13
10
6
9
8
12
8
9
7
11
12
9
13
7
8
8
9
9
16
9
8
10
11
12
6
9
12
13
8
7
16
12
11
6
5
9
8
9
8
14
13
5
4
10
9
9
9
7
11
8
10
4
15
8
5
6
5
9
13
14
9
20
10
14
14
6
10
11
13
11
11
8
8
6
8
12
13
11
13
10
6
4
9
9
4
6
11
8
8
9
12
6
7
12
10
9
5
5
9
11
3
10
9
4
13
5
5
10
9
8
3
6
8
6
9
8
6
8
7
6
9
8
5
4
6
9
10
11
10
9
6
11
10
8
10
9
6
6
8
9
2
8
9
11
10
21
11
6
9
12
7
9
8
10
7
6
7
9
11
8
9
6
8
13
16
8
11
7
13
9
4
13
12
10
11
13
17
6
7
2
11
8
6
11
11
8
8
8
13
9
10
8
10
13
8
8
4
9
4
7
6
8
11
9
11
7
12
8
6
4
2
6
12
8
10
10
8
3
8
7
14
7
10
8
11
14
7
11
6
9
9
7
7
6
16
8
7
4
4
4
11
12
11
18
13
11
14
8
7
12
9
7
12
8
7
8
6
18
8
8
10
11
8
9
10
12
7
12
7
15
6
12
11
4
4
10
8
15
10
8
8
8
4
10
8
5
11
5
9
8
8
10
10
5
5
9
7
7
12
4
6
4
9
2
6
9
11
11
18
5
8
11
9
4
8
7
5
6
8
4
4
8
4
6
7
14
6
14
12
6
8
6
9
11
2
10
9
11
17
11
8
7
8
9
7
8
7
13
8
5
13
11
9
8
11
8
11
3
11
12
6
7
7
9
4
11
10
9
8
9
10
8
14
6
8
12
7
7
10
6
14
10
23
35
41
37
45
29
19
11
12
9
12
8
5
6
10
5
12
9
3
11
7
9
3
4
12
6
2
6
6
11
11
9
7
14
4
10
3
7
7
2
6
12
9
11
8
4
8
5
8
4
7
7
7
7
5
11
6
7
8
7
7
10
4
9
2
14
11
16
14
11
4
8
4
8
8
6
11
7
8
5
5
10
8
10
6
10
4
7
1
4
7
11
4
1
2
4
7
3
8
6
8
5
12
11
5
5
4
6
15
9
9
11
5
12
7
7
8
6
9
4
11
10
9
6
4
8
4
8
7
4
7
10
7
7
14
10
5
10
3
4
7
2
6
10
9
2
5
5
9
8
8
12
15
15
20
5
4
2
5
10
7
16
24
32
31
31
20
12
9
8
3
6
7
9
4
8
6
3
10
9
5
9
12
5
9
8
5
6
8
4
4
10
10
5
5
6
5
9
9
13
9
6
5
6
9
5
7
6
5
2
8
5
4
0
11
6
6
8
8
7
3
6
6
7
8
7
9
3
6
4
2
7
11
5
5
2
7
7
11
11
9
4
4
3
5
5
9
7
7
5
11
5
5
5
8
10
3
5
11
5
5
13
8
3
1
6
7
5
13
8
8
6
10
11
4
4
13
4
9
5
4
8
6
7
5
7
7
7
6
10
4
2
3
6
8
6
4
3
5
8
4
5
9
7
9
4
9
9
9
10
6
5
7
7
4
8
7
6
9
9
7
8
6
3
4
4
7
5
4
6
6
8
9
13
5
8
4
5
9
11
7
7
8
3
8
8
8
7
6
3
5
5
2
4
3
7
8
9
8
5
3
7
5
2
2
5
5
7
9
9
6
6
3
7
9
5
7
5
8
4
11
6
4
6
9
7
13
6
5
10
5
2
12
8
9
8
6
6
5
9
8
10
5
3
9
6
7
2
7
2
10
6
8
6
7
5
9
5
9
10
7
5
2
1
4
6
6
1
6
6
6
8
9
3
5
9
3
7
3
5
6
5
3
6
6
11
8
10
9
7
4
3
9
9
8
3
7
10
8
11
1
3
6
6
8
7
6
4
4
14
6
6
11
11
4
7
10
4
1
6
5
2
3
4
5
5
3
6
11
2
6
5
7
6
4
6
9
4
5
4
8
5
10
6
10
6
9
9
8
6
12
5
11
8
4
5
7
10
4
9
5
8
6
4
6
5
7
8
2
8
6
6
4
11
4
10
9
7
7
9
5
7
8
4
8
8
9
6
5
4
11
9
2
11
8
6
6
4
4
12
7
6
6
5
4
6
8
5
5
5
6
7
5
4
6
10
7
7
4
10
5
5
16
24
36
24
39
24
16
12
13
5
5
6
9
3
2
5
6
3
5
8
5
5
5
2
8
4
6
7
11
7
5
4
3
6
6
4
3
4
8
8
4
5
9
1
7
5
10
5
7
8
7
5
4
5
8
5
5
8
7
6
3
9
7
5
6
5
5
6
4
9
7
10
8
11
3
2
3
6
5
5
9
10
3
10
8
10
9
6
9
4
7
9
10
5
14
5
7
6
8
8
12
8
6
9
9
8
7
8
3
5
3
5
7
8
10
8
4
7
7
3
8
3
6
6
3
6
8
3
10
6
6
7
7
8
4
5
5
8
6
9
8
12
3
7
4
7
5
10
3
5
6
7
8
8
7
7
8
6
4
10
4
6
10
3
7
7
3
7
7
8
4
9
8
7
8
5
10
2
4
2
8
8
5
9
8
7
3
7
6
7
6
6
5
8
9
7
11
11
10
6
5
3
3
7
12
8
6
10
5
8
8
8
4
4
3
5
5
3
7
5
7
4
7
9
8
7
4
5
10
4
8
7
4
9
9
8
1
9
10
5
8
10
3
7
8
9
13
7
7
7
7
5
8
9
6
9
11
6
4
6
7
4
6
7
7
9
5
8
10
6
11
11
8
8
4
6
2
6
3
7
9
7
9
3
11
9
6
6
7
2
8
7
4
4
7
7
9
7
8
6
5
10
4
3
2
5
5
7
6
11
7
5
7
4
7
10
9
1
8
8
8
6
5
8
11
9
7
9
7
8
11
11
13
14
20
8
9
9
5
9
11
6
6
4
6
3
6
3
4
6
5
3
5
10
9
7
5
7
6
7
6
3
9
6
2
8
4
3
6
3
8
2
3
4
3
9
5
7
7
4
6
8
3
6
8
6
5
7
5
3
2
4
6
7
10
4
9
3
3
2
5
3
4
3
7
5
6
4
5
5
4
3
2
10
6
7
4
4
2
6
5
5
2
5
5
4
5
8
1
5
1
7
8
1
4
9
6
1
11
5
4
5
4
10
3
4
5
4
10
5
8
8
10
6
6
6
2
1
3
4
4
5
2
3
6
5
0
3
2
3
2
4
6
3
8
5
5
5
4
1
8
5
5
6
2
7
5
2
3
9
8
6
0
4
4
9
3
6
3
2
8
6
4
3
7
4
5
5
2
4
3
4
2
9
7
4
2
3
1
2
7
3
3
4
4
4
1
3
6
2
3
5
5
3
4
4
6
3
3
3
7
2
4
5
4
5
3
1
3
2
3
2
2
7
9
2
2
3
1
1
5
1
5
4
1
2
7
2
3
5
5
3
2
4
3
2
2
5
5
3
1
1
4
6
6
4
3
2
4
2
0
4
5
2
2
3
1
2
2
2
6
2
3
3
2
2
0
2
4
2
9
1
3
2
1
4
5
2
2
1
6
3
1
3
3
5
2
5
1
8
1
3
0
3
5
8
3
1
3
5
3
2
2
1
3
6
1
5
3
2
0
4
2
0
2
10
6
6
2
1
1
2
11
3
1
3
4
0
1
1
3
4
6
2
5
4
1
2
1
1
3
2
3
3
1
2
1
2
3
4
5
1
3
1
5
1
1
2
3
1
3
7
3
4
3
4
7
1
5
0
3
3
1
3
3
3
6
6
11
8
8
11
6
5
3
3
4
1
1
3
4
1
1
3
2
3
4
3
2
2
6
7
2
4
3
3
2
1
2
2
3
4
3
4
3
2
4
4
1
2
2
5
1
1
3
3
1
2
2
4
0
3
2
3
4
1
0
4
2
5
2
1
6
5
4
5
2
2
3
5
2
4
6
3
1
2
3
1
4
4
0
2
7
1
8
6
10
5
3
4
2
1
4
4
3
3
1
2
1
2
2
2
4
1
2
2
7
1
5
1
2
4
1
2
0
2
2
1
1
2
1
3
3
3
2
3
4
1
4
4
2
4
7
4
7
1
2
3
4
3
1
5
2
2
0
1
2
1
1
3
1
4
3
5
1
4
3
3
0
4
2
4
1
2
3
1
1
3
3
0
5
1
2
2
3
2
1
0
5
2
2
1
3
0
0
2
5
2
3
2
3
5
1
3
3
1
2
2
3
6
1
4
1
0
3
2
1
3
4
3
1
5
2
3
5
3
5
2
3
1
4
1
0
5
2
10
23
35
63
120
169
191
181
160
123
80
47
18
7
4
1
3
1
2
4
0
1
1
1
1
1
2
0
0
3
0
1
0
1
0
1
2
1
0
2
2
1
1
1
3
2
0
0
1
0
2
2
3
4
0
2
0
1
2
1
1
2
1
3
1
2
2
0
0
3
4
3
0
2
0
1
1
2
1
1
1
5
2
1
2
3
4
0
1
0
2
0
4
1
0
0
1
2
3
0
4
1
5
4
4
3
3
1
0
2
0
2
2
2
1
1
2
3
3
1
3
3
0
0
2
3
0
1
3
1
0
2
0
0
3
0
0
1
4
3
4
2
3
5
2
3
1
2
1
1
2
1
5
2
1
1
1
1
0
1
1
5
1
0
1
4
2
0
0
1
1
2
1
1
3
3
0
0
0
0
0
4
0
3
3
0
0
3
1
1
2
3
1
1
1
3
2
1
0
4
0
2
3
3
3
1
1
1
0
0
2
1
1
1
2
0
3
2
0
2
0
1
1
2
3
1
1
2
1
1
1
1
1
2
2
3
1
2
2
2
0
0
0
2
1
2
1
1
1
2
2
1
1
1
2
2
1
0
0
0
0
3
1
1
2
1
3
0
2
1
1
3
2
1
1
0
1
2
0
0
1
3
2
2
1
0
0
0
0
1
3
2
1
2
4
1
2
1
0
1
2
3
0
1
3
0
0
2
1
1
1
0
1
0
1
0
0
1
1
1
1
0
0
1
1
2
1
1
3
0
0
0
0
1
2
1
2
1
1
0
3
2
2
2
0
2
2
3
1
1
0
1
1
4
2
0
1
3
2
4
5
4
2
1
0
3
1
2
2
2
4
1
4
5
5
3
3
4
2
2
0
1
4
0
0
3
1
3
1
3
1
3
2
0
2
2
0
2
0
1
2
1
1
3
1
1
1
0
1
1
0
1
1
0
0
3
1
0
0
2
0
1
1
2
1
2
1
1
0
0
3
2
0
1
1
2
2
0
0
3
1
2
2
0
0
1
2
1
1
3
3
3
3
2
1
1
1
2
1
1
1
1
1
0
2
0
0
2
4
1
4
0
2
3
2
1
4
6
3
4
2
4
3
1
2
1
0
3
1
0
0
0
1
2
2
1
0
1
3
1
0
2
1
1
0
0
1
2
1
1
1
0
1
1
0
1
2
1
0
0
0
2
0
1
0
1
1
0
0
0
0
1
0
0
1
1
4
1
2
1
2
2
1
1
2
0
0
1
2
1
0
1
0
0
2
1
0
0
1
1
3
3
0
4
2
5
1
5
2
0
1
2
0
2
0
2
0
1
0
3
1
3
0
1
0
0
4
2
1
4
1
0
1
2
1
0
0
1
0
1
1
0
2
1
3
1
4
0
0
1
0
1
0
0
1
2
2
1
1
2
1
1
1
1
2
3
1
0
3
0
2
1
2
1
1
2
0
1
2
1
1
1
0
0
0
0
2
0
3
2
1
3
0
1
1
1
3
1
2
2
1
2
1
0
1
3
3
0
0
2
0
0
3
0
1
1
0
1
1
2
0
0
1
1
1
1
0
0
2
1
1
1
0
1
1
0
0
0
3
1
1
0
0
2
1
2
0
0
0
2
0
0
0
1
5
2
0
0
2
2
2
0
1
1
0
1
1
2
2
3
1
2
2
0
0
1
2
3
1
0
0
0
0
0
1
0
0
0
0
0
1
3
1
4
4
7
4
5
3
2
2
3
0
4
2
0
2
0
2
0
2
2
0
0
3
1
2
0
1
1
1
0
2
1
0
1
0
0
1
0
1
1
0
0
1
0
0
0
0
1
1
3
1
2
2
0
0
1
1
1
1
1
1
0
1
1
1
0
2
4
2
0
3
4
2
0
1
2
3
1
0
2
0
2
3
1
2
0
2
0
3
0
1
0
2
0
1
2
2
6
13
26
23
17
14
9
12
10
3
3
1
1
1
1
1
2
1
0
1
0
2
1
1
2
1
2
0
3
0
0
0
0
0
0
1
1
0
0
0
1
0
2
0
3
1
2
0
2
1
3
1
1
1
0
0
0
1
2
0
0
0
2
2
0
0
3
2
0
0
0
1
0
1
1
1
1
1
1
0
1
0
0
1
1
0
1
1
0
2
0
1
0
1
1
1
1
0
2
0
2
0
0
0
0
1
2
1
1
0
0
1
0
2
0
0
3
3
1
0
0
0
2
1
0
0
1
0
1
1
2
1
0
1
0
0
0
1
0
2
0
1
0
0
0
0
0
1
0
0
1
0
2
1
2
1
1
4
1
1
0
2
0
0
1
0
1
1
1
1
1
2
0
1
0
2
2
1
0
0
0
0
1
1
2
2
0
0
1
2
1
0
0
0
1
1
2
0
1
1
1
1
0
2
0
0
2
3
1
0
1
3
1
1
1
2
0
2
3
2
2
1
0
2
0
0
1
1
0
2
2
1
3
3
3
4
1
1
1
0
2
2
0
1
1
2
1
1
1
0
1
1
0
1
1
0
1
2
2
2
0
1
3
0
0
1
0
1
0
0
0
1
0
0
1
1
1
2
2
0
2
2
0
1
1
1
2
0
0
1
0
1
3
3
1
1
1
2
0
1
1
2
0
1
0
3
0
0
2
0
1
0
1
0
0
0
1
3
1
0
2
1
1
1
1
0
1
0
0
1
0
0
0
1
0
0
1
0
0
2
0
0
1
0
0
1
1
2
1
1
0
1
1
2
1
0
1
1
1
2
0
0
0
2
3
0
0
0
1
0
1
1
0
1
0
0
1
1
3
2
2
1
2
1
0
1
0
1
2
0
3
0
2
1
0
1
1
0
0
0
2
1
0
0
0
1
1
0
0
1
1
1
0
0
2
0
0
1
2
0
0
0
0
2
0
1
0
1
0
1
2
0
3
2
2
1
3
1
1
1
2
0
1
0
0
2
1
0
0
0
2
2
0
2
0
0
2
1
0
2
1
1
0
1
2
0
3
1
1
1
2
1
1
2
2
0
1
1
1
0
2
1
0
2
1
0
0
1
1
0
2
0
2
2
0
1
0
2
1
1
0
0
0
2
0
0
2
0
0
0
1
1
0
0
0
0
0
0
1
1
1
0
1
0
2
4
1
0
0
1
1
0
0
0
0
2
1
0
2
2
0
1
3
0
2
1
1
1
0
2
1
1
1
2
1
1
2
0
1
1
0
0
0
0
0
1
1
1
1
2
1
1
0
0
0
0
0
1
1
1
0
1
0
1
2
1
0
0
0
1
2
0
0
0
0
2
1
1
0
1
0
1
2
0
0
0
2
0
0
1
2
1
0
1
3
2
0
3
0
0
0
0
0
3
1
0
1
0
0
0
0
1
2
0
0
1
0
0
0
0
0
0
0
2
0
3
1
0
0
1
0
0
0
0
1
3
1
1
0
0
0
0
1
0
1
1
2
0
0
0
3
1
0
2
1
0
0
0
0
0
0
0
1
0
0
0
2
2
0
0
1
1
1
0
2
1
1
1
0
0
1
0
0
2
0
1
0
0
1
0
2
3
0
1
0
1
1
2
2
1
1
1
1
1
1
0
1
1
3
0
0
0
1
0
0
0
1
0
2
1
1
0
0
1
0
2
0
1
1
0
1
0
1
1
0
0
2
1
1
0
0
0
0
0
1
0
0
1
1
2
1
1
1
1
1
1
2
1
2
1
0
0
1
0
1
0
1
0
1
1
0
0
0
2
1
1
0
1
1
0
2
0
0
0
0
1
0
0
1
0
1
2
2
0
2
0
0
0
2
0
0
0
1
0
0
0
1
1
1
1
0
1
0
0
0
0
1
0
1
0
2
1
1
0
1
1
2
0
1
0
3
1
2
0
0
1
0
0
1
1
0
0
0
1
0
0
0
0
1
0
0
0
0
1
0
1
1
1
1
1
0
1
1
1
0
0
0
0
1
0
1
0
0
1
1
2
1
0
1
1
0
0
1
0
0
0
2
1
1
0
1
0
1
2
1
2
2
1
1
2
2
3
1
1
1
0
0
0
1
1
1
0
0
1
0
1
0
0
0
1
1
1
2
1
3
4
1
9
6
4
5
2
4
0
3
0
1
2
3
0
0
2
1
0
0
0
0
1
1
0
1
0
0
0
0
1
1
0
1
0
1
2
0
0
3
1
0
3
0
2
1
1
0
1
0
0
0
1
0
0
0
1
0
0
2
1
1
2
0
0
1
0
0
2
0
0
1
1
1
0
1
0
1
0
1
0
1
0
2
0
0
3
2
0
0
1
0
0
2
0
1
0
0
0
1
0
0
0
1
0
0
2
0
1
1
1
1
1
1
0
2
0
0
1
0
1
0
1
1
1
1
1
1
1
0
0
0
1
0
2
1
0
1
1
0
0
0
1
0
1
1
0
0
0
0
0
0
1
1
0
0
0
1
1
0
0
0
1
0
0
1
0
0
0
0
1
1
0
0
0
0
3
0
1
0
0
0
1
1
1
4
1
2
0
1
2
0
0
0
0
2
0
1
1
0
1
1
1
0
0
1
0
0
1
0
1
0
1
0
0
0
0
1
0
1
0
0
0
0
1
0
0
2
0
0
1
0
0
1
2
1
1
1
1
1
1
0
2
0
1
1
0
1
2
0
0
0
0
2
0
2
3
2
1
2
0
0
1
0
0
0
0
1
0
2
1
0
0
1
0
0
0
0
2
2
4
4
5
7
7
7
1
4
4
1
2
1
0
0
1
1
0
1
1
2
0
0
0
0
0
3
0
1
0
1
1
0
0
0
2
0
1
0
0
1
2
0
1
2
5
0
1
1
0
2
0
1
1
0
2
0
0
2
1
1
1
1
1
1
2
2
0
1
0
1
0
1
3
0
1
0
0
3
0
1
0
0
0
3
0
1
1
1
0
2
1
0
0
2
0
0
0
1
0
0
0
0
1
0
0
0
0
1
0
2
2
1
0
0
0
0
0
0
1
0
0
0
1
2
1
1
0
1
0
2
0
1
0
1
2
1
1
1
1
1
0
0
0
0
2
1
0
0
0
0
0
0
1
0
0
0
2
0
0
2
2
0
0
0
0
0
1
0
0
0
1
1
0
0
1
1
1
0
0
0
1
1
0
1
0
0
0
0
2
1
0
0
0
0
0
1
0
2
3
0
0
0
0
1
1
3
1
0
1
0
1
2
0
1
0
0
0
2
2
1
1
3
1
1
1
2
0
0
2
1
1
0
1
0
0
0
2
2
1
1
0
1
0
1
0
0
0
1
0
2
0
2
1
1
1
0
1
0
1
1
0
1
1
0
1
0
1
0
0
0
2
1
0
1
2
0
1
0
0
1
0
1
0
0
0
2
1
0
0
0
1
1
0
0
0
1
0
1
1
1
1
1
3
0
0
2
0
0
2
4
1
0
2
0
0
2
2
1
0
0
1
2
0
3
0
0
1
1
4
1
1
0
1
0
0
1
3
0
0
0
1
0
0
0
0
0
0
3
0
2
0
1
0
2
2
2
2
0
1
1
2
0
3
2
0
1
1
1
0
2
0
1
1
1
1
0
0
1
0
1
3
1
0
0
0
0
0
2
0
0
1
2
0
0
0
1
1
1
0
2
3
0
1
1
1
0
1
0
0
1
0
1
1
2
4
1
2
1
3
1
1
2
1
1
0
1
0
0
2
0
0
1
1
1
1
1
1
1
0
0
0
2
0
3
1
0
0
2
1
0
1
1
2
2
1
1
0
2
0
0
0
0
0
2
0
1
3
2
1
2
1
0
1
1
0
1
0
0
1
1
1
0
2
2
0
2
1
0
2
2
2
0
0
1
2
3
1
0
0
0
0
2
0
2
0
0
1
0
1
1
0
1
3
0
1
1
3
0
2
1
1
1
0
1
0
1
2
2
1
0
0
1
0
0
0
0
2
0
1
1
0
2
0
0
0
1
0
2
0
1
1
1
0
0
0
0
2
0
1
2
0
0
0
0
0
1
0
0
1
1
0
0
1
0
1
0
1
1
2
0
0
1
0
1
0
0
0
0
0
0
0
1
0
0
1
1
1
1
0
0
1
1
0
0
1
0
0
1
1
1
1
2
0
0
1
1
2
0
1
0
0
0
3
0
0
0
1
0
0
0
0
0
1
0
2
0
0
1
0
0
0
0
1
1
0
0
0
0
1
1
0
0
3
1
0
0
1
4
1
0
0
0
1
1
0
0
0
1
1
1
1
1
0
2
0
0
0
0
0
0
0
1
2
1
2
0
3
1
0
1
0
2
0
0
0
0
0
0
0
0
1
1
0
0
3
0
1
0
0
0
0
0
0
0
1
0
0
1
0
1
0
0
0
0
0
0
0
1
0
1
2
0
0
0
0
0
0
1
0
0
0
0
1
0
0
2
1
1
0
1
0
3
0
1
1
0
2
0
0
0
0
0
0
2
1
0
0
0
2
0
0
1
0
0
0
0
0
0
1
0
0
1
0
0
0
0
0
0
0
0
0
0
0
0
1
0
0
0
0
1
0
1
0
0
0
0
0
0
0
0
0
0
0
0
0
0
0
0
0
0
0
1
0
0
0
0
2
0
0
1
0
0
0
0
0
1
0
0
0
0
0
0
0
0
0
0
0
0
1
0
0
0
1
0
0
0
0
0
0
1
0
0
0
0
1
0
0
0
0
0
1
0
0
1
2
0
0
1
0
0
0
1
1
1
0
0
0
0
0
0
0
0
1
0
1
0
1
0
0
1
0
0
1
0
0
0
0
0
0
0
0
0
1
0
1
0
0
0
0
0
0
1
1
0
0
0
0
2
0
0
0
1
0
0
0
1
1
0
0
1
0
0
0
1
1
0
0
0
0
0
1
0
0
0
0
0
1
0
0
0
0
0
0
0
0
0
0
0
0
1
0
0
0
0
0
0
0
0
0
0
0
0
0
1
0
0
1
0
0
0
0
0
0
1
1
0
0
0
1
0
0
0
0
1
0
0
0
0
0
0
0
0
0
1
1
0
0
0
0
0
0
0
2
0
0
0
0
0
0
0
0
0
0
0
0
0
0
1
0
1
0
1
0
0
0
1
1
0
0
1
0
1
0
0
0
0
1
0
0
0
0
0
1
0
0
0
0
1
0
0
1
0
0
0
0
0
0
0
1
0
0
0
0
0
0
0
0
0
0
0
1
0
0
0
0
0
0
0
0
0
0
0
0
0
0
0
0
0
0
0
0
1
0
1
0
0
0
0
0
0
0
0
0
0
0
0
1
0
0
0
0
0
1
0
0
0
0
0
2
0
1
3
5
8
12
15
21
22
26
18
15
21
19
12
8
0
4
2
1
0
0
0
0
0
0
0
2
0
0
0
0
0
0
1
0
0
0
0
0
0
0
0
0
0
0
0
0
0
1
0
0
0
0
0
0
0
0
0
0
1
0
1
0
0
0
0
0
0
0
0
0
1
0
0
0
0
0
0
0
0
0
0
0
0
0
0
0
0
0
0
0
0
0
0
0
0
0
0
1
0
0
0
0
0
0
0
0
0
0
1
0
0
0
1
0
0
0
0
0
0
0
0
0
0
0
0
0
0
0
0
0
1
0
0
0
0
1
0
0
0
0
1
1
0
0
0
0
0
0
0
0
0
1
1
0
0
1
0
0
0
0
1
0
0
0
0
0
0
0
0
1
0
1
0
0
0
1
0
0
0
0
0
0
0
0
0
0
0
0
0
0
0
1
0
0
0
0
0
0
1
0
0
0
0
0
0
0
2
0
0
0
0
0
0
0
0
0
1
0
0
0
0
0
0
0
0
0
1
0
0
0
0
1
0
0
0
0
0
0
0
0
0
0
0
0
0
0
0
0
0
0
0
0
0
0
0
0
1
0
0
0
0
0
0
0
0
0
0
0
0
0
0
0
0
0
0
0
0
0
1
0
1
0
0
0
0
0
0
0
0
0
0
0
0
0
1
0
0
0
0
0
0
0
2
0
0
0
0
0
0
0
0
0
0
0
0
0
0
0
0
0
2
0
0
0
0
0
0
1
0
0
0
0
1
0
0
0
0
0
0
1
0
0
0
0
0
0
0
0
0
0
0
0
0
0
0
0
0
0
0
1
0
0
0
0
0
0
0
0
0
0
0
0
0
0
0
0
0
0
0
0
0
1
0
0
0
0
1
0
0
0
1
0
0
0
0
0
0
0
0
0
0
1
0
0
0
0
0
0
0
1
0
1
0
0
0
0
0
0
0
0
0
0
0
0
0
0
0
0
0
0
0
0
0
1
1
1
0
0
1
0
0
0
0
0
0
0
0
0
0
0
0
0
0
1
0
0
0
0
0
0
0
1
0
0
0
0
0
0
0
0
0
0
0
0
0
0
0
0
0
1
0
0
0
0
0
0
0
0
0
0
0
0
0
0
0
0
0
1
0
0
0
0
0
1
1
0
0
0
0
0
0
0
0
0
0
0
0
0
0
1
0
0
0
0
0
0
2
0
0
0
0
0
0
1
0
1
0
0
0
0
0
0
0
0
0
1
0
0
0
0
0
0
0
0
0
0
0
0
0
0
0
0
0
0
0
0
0
0
0
0
0
0
0
0
0
0
0
0
0
0
0
0
0
0
0
0
0
0
0
0
0
0
0
0
0
0
0
0
0
0
0
0
0
0
0
0
0
0
0
0
0
0
0
0
1
0
0
0
1
0
0
0
0
0
0
0
0
0
0
0
0
1
0
1
1
0
0
0
0
0
0
0
0
0
0
0
1
0
0
0
0
1
0
0
0
0
0
0
0
0
0
0
0
0
0
1
0
0
0
0
0
0
0
0
0
0
1
0
0
0
1
0
0
0
1
0
1
0
0
0
0
0
0
0
1
0
0
0
0
0
0
0
0
0
1
0
0
0
0
0
0
0
0
0
0
0
0
0
0
1
0
0
0
0
0
1
0
0
0
0
0
0
0
0
0
0
0
0
1
0
1
1
0
0
0
0
1
0
0
2
0
0
0
0
0
0
0
0
0
0
0
0
0
0
1
0
0
0
0
0
0
0
1
0
0
0
0
0
0
0
0
0
0
0
0
1
0
0
0
0
0
0
0
0
1
0
0
0
0
0
0
0
1
0
1
0
0
0
0
0
0
1
0
0
0
0
0
0
0
0
0
0
0
0
0
0
0
0
0
0
0
0
0
0
0
0
0
0
0
0
0
0
0
0
0
0
0
0
0
0
0
0
0
0
0
0
0
0
0
0
0
1
0
1
1
0
0
0
0
0
0
0
0
0
0
0
1
1
0
0
0
0
0
0
0
1
0
0
0
0
0
0
1
0
0
0
1
0
0
0
0
0
0
0
0
0
0
1
0
0
0
0
0
0
0
0
$ENER_FIT:
-0.139 0.359202 2.42911e-008 -7.51360e-012 0.00000e+000
$MCA_CAL:
5
-0.139 0.359202 2.42911e-008 -7.51360e-012 0.00000e+000
$PEAKLABELS:
111.070, "Pd-103"
995.517, "Pd-103"
174.203, "Pd-103"
1384.439, "Pd-103"
56.584, "Rh X-ray"
63.930, "Rh X-ray"
821.901, "Pd-103,Pb-214 (Bkgd)"
7283.369, "Th-232(d),(Bkgd)"
4067.548, "K-40,(Bkgd)"
28.696, "Ge XRF,Escape"
36.075, "Ge XRF,Escape"
203.110, "Pb XRF,(Detector)"
209.285, "Pb XRF,(Detector)"
236.831, "Pb XRF,(Detector)"
243.173, "Pb XRF,(Detector)"
$ENDRECORD:
