$SPEC_ID:
PeakEasy Library File: Pd-103 (Shielded) IdentiFINDER, 2-3 mm Pb, 1.0 mCi @ 21 cm 
$MEAS_TIM:
12833.00000 12839.00000
$DATE_MEA:
1-Oct-2013 13:20:04
$DATA:
0 1023
0
0
0
0
0
302
8233
3544
2604
2885
3191
3447
3638
3853
4105
4558
5031
5415
5883
6780
7622
8720
9970
11770
13290
14264
14551
14899
14811
15097
15031
15129
15223
15697
15712
15943
16167
16914
17059
16668
16041
15461
15298
15206
14999
14862
14886
14894
14767
14854
14659
14244
14113
13907
13503
13132
12912
12519
12196
12078
11777
11475
11098
10706
10358
10091
9800
9415
9088
8986
8684
8500
8453
8401
8166
8150
8043
8043
7893
7597
7367
7037
6840
6553
6341
6027
6045
5788
5721
5619
5691
5645
5595
5888
5834
5747
5652
5576
5466
5263
5005
4834
4556
4508
4130
4216
4338
4443
4688
5140
5821
6464
7162
7873
8753
9262
9444
9580
9367
9103
8344
7719
6487
5604
4781
4021
3317
2923
2456
2066
1934
1788
1762
1660
1614
1570
1484
1512
1495
1507
1492
1464
1450
1462
1455
1356
1285
1335
1344
1304
1338
1397
1347
1438
1433
1502
1645
1666
1805
1871
1909
2027
2015
2013
2031
2005
1921
1786
1735
1570
1485
1368
1281
1179
1094
1040
938
927
855
912
852
819
863
837
794
850
805
841
875
888
895
869
845
887
886
938
910
929
869
844
877
820
788
780
812
740
717
692
624
645
578
596
577
561
550
525
531
526
520
566
515
498
497
545
504
488
518
496
490
501
484
494
492
495
502
492
447
500
452
518
476
416
435
406
431
433
451
452
445
429
420
415
425
392
394
405
419
402
428
413
405
392
414
403
401
409
400
383
388
406
377
357
335
332
373
347
348
360
337
365
352
355
327
323
337
368
366
324
344
338
372
344
358
343
359
334
377
374
368
351
361
375
369
370
365
330
371
395
361
395
355
350
340
306
347
369
331
317
314
327
317
319
329
342
292
281
291
291
278
312
268
276
280
263
259
260
252
243
254
252
252
272
248
268
273
249
236
248
228
262
273
239
245
258
261
249
304
281
260
254
264
248
275
254
244
247
248
259
280
293
267
284
246
272
304
286
255
256
257
269
272
250
269
268
259
239
246
243
215
223
228
230
218
221
196
216
212
199
211
203
187
204
192
169
182
182
170
179
175
155
155
150
143
140
151
152
146
153
143
161
134
120
128
129
108
122
124
119
105
114
122
103
116
102
108
99
96
109
98
101
102
109
101
107
120
133
97
97
99
113
118
103
101
110
120
129
133
148
156
145
172
179
166
169
183
190
198
214
249
277
245
281
293
306
339
328
325
323
325
322
349
319
346
348
320
277
297
252
280
242
233
209
209
199
179
164
146
160
117
103
105
99
106
98
80
76
79
65
63
62
66
71
63
64
68
66
62
59
60
57
55
62
46
57
75
43
44
52
48
57
42
50
51
50
42
45
54
45
41
40
53
49
47
36
31
48
41
36
47
35
37
31
34
32
33
34
34
34
38
39
35
40
39
33
37
43
49
48
39
49
42
45
35
62
50
59
43
43
56
49
44
40
57
50
53
51
43
65
51
49
36
37
42
51
40
40
47
54
44
46
39
46
40
35
37
40
33
39
25
32
29
26
28
31
34
29
28
36
22
21
35
29
25
33
17
23
35
28
27
29
23
22
32
12
26
24
27
30
26
21
24
25
21
28
21
20
32
23
17
21
19
20
21
13
13
18
16
18
24
20
20
21
23
22
19
19
18
18
24
20
21
26
22
15
23
21
26
23
21
23
20
17
23
17
29
31
23
31
26
22
25
29
30
28
16
26
28
29
34
26
27
35
33
33
26
28
24
20
26
27
23
31
31
24
27
21
25
32
30
34
25
23
33
21
25
26
27
29
21
25
31
25
25
18
23
21
17
21
20
12
16
19
28
29
16
21
23
21
29
28
19
16
15
12
19
20
20
20
21
18
20
23
11
23
19
13
24
14
23
18
11
19
18
13
23
8
16
14
20
8
13
9
7
15
14
17
18
12
18
7
6
8
13
9
12
12
7
17
6
10
8
4
9
7
8
8
6
6
8
8
14
9
12
8
12
9
6
11
8
8
13
14
11
14
4
5
5
10
7
7
14
9
6
7
10
10
10
6
11
14
12
20
18
19
13
14
15
14
20
19
21
27
27
22
24
21
16
25
28
25
22
26
17
21
19
21
24
23
15
32
22
19
13
18
17
14
16
16
10
18
12
16
11
15
7
8
17
2
6
5
10
11
13
8
4
8
6
4
2
4
3
4
0
2
3
12
3
5
4
4
2
2
2
3
6
0
5
1
0
0
4
0
6
3
2
1
1
1
1
0
1
4
1
0
1
1
4
1
2
2
1
1
0
0
0
1
1
0
3
1
3
2
4
1
2
2
0
0
1
1
1
2
0
3
2
2
1
1
1
7
0
0
3
1
1
3
4
0
0
2
6
0
2
3
1
0
0
2
4
1
1
1
0
3
0
1
4
1
0
0
2
2
0
2
0
2
2
1
1
0
2
1
2
0
2
3
2
3
2
2
0
2
1
3
$ENER_FIT:
-2.429 3.073718 -4.14014e-005
$MCA_CAL:
3
-2.429 3.073718 -4.14014e-005
$PEAKLABELS:
117.260, "Pd-103"
95.889, "Pd-103"
163.899, "Pd-103"
857.962, "Th-232(d),(Bkgd)"
477.519, "K-40,(Bkgd)"
$ENDRECORD:
