$SPEC_ID:
PeakEasy Library File: Pd-103 (Shielded) Interceptor (CZT), 2-3 mm Pb, 1.0 mCi @ 40 cm
$MEAS_TIM:
12791.90000 12792.10000
$DATE_MEA:
1-Oct-2004 04:25:02
$DATA:
0 1023
0
0
0
0
0
0
0
0
0
0
0
0
0
0
0
0
0
0
0
0
35
60
72
61
66
68
64
62
61
65
60
70
75
86
82
79
85
77
94
93
96
100
102
103
106
113
126
138
150
149
144
172
157
164
154
171
176
162
163
164
149
171
178
139
146
167
177
170
146
168
143
150
138
147
147
155
143
184
155
148
136
145
105
132
138
138
146
134
117
127
106
130
117
147
119
124
112
118
122
109
101
90
107
97
102
112
118
96
105
100
90
95
80
101
90
86
80
75
75
68
68
69
81
74
73
66
57
72
59
55
62
69
41
58
56
47
52
61
46
40
55
38
47
47
46
55
33
33
40
38
47
31
37
41
31
33
45
39
39
41
42
44
35
28
32
29
26
23
24
26
24
24
25
26
21
19
19
24
25
22
27
28
25
26
19
23
19
22
19
20
27
19
28
20
16
36
26
36
18
15
11
15
18
17
14
14
18
13
12
16
8
16
15
14
14
15
11
17
17
14
14
18
20
12
7
28
19
13
19
14
13
18
25
39
45
50
43
59
59
39
38
23
16
12
8
10
10
7
7
4
7
10
10
11
11
7
6
2
8
5
4
9
5
5
5
4
3
2
4
5
4
4
4
7
5
4
7
6
4
8
5
6
7
5
5
3
5
6
6
4
5
5
6
5
5
11
3
2
6
4
7
1
4
7
6
5
2
3
5
6
1
1
2
3
4
5
5
3
4
4
2
7
6
4
4
7
3
8
8
6
3
2
7
5
4
4
6
3
4
4
4
3
1
5
3
4
0
0
0
6
1
2
5
3
4
4
3
2
1
3
2
4
5
1
2
3
0
1
1
5
5
4
1
2
4
2
1
2
3
1
3
3
2
1
1
4
2
4
3
5
1
1
3
1
3
4
4
2
1
3
0
1
2
1
1
3
3
3
1
2
1
4
1
1
1
2
2
3
2
5
0
3
2
1
3
2
1
2
1
0
1
1
1
1
0
1
1
0
1
3
1
2
2
2
2
2
3
1
3
1
2
1
1
1
2
1
3
1
1
2
2
2
2
3
2
1
2
2
2
1
1
2
0
2
2
1
0
2
1
1
2
2
0
1
1
1
2
3
0
0
2
0
1
1
2
3
3
1
1
2
1
1
3
1
0
0
0
2
1
0
1
1
1
2
1
0
1
1
1
0
0
0
0
2
1
1
1
0
1
2
2
2
3
3
0
3
3
2
1
0
1
1
1
2
2
1
1
0
1
1
0
1
4
1
2
1
0
2
2
0
5
3
0
1
0
1
0
4
2
0
0
2
0
0
1
3
0
1
1
1
0
1
1
1
0
1
1
3
1
2
1
1
2
0
0
0
0
2
1
1
2
0
0
1
2
0
1
0
1
0
0
1
1
1
0
1
1
0
1
0
2
0
1
2
2
1
0
0
1
1
1
0
1
0
0
0
1
1
0
0
0
0
0
0
1
2
1
0
1
0
1
0
4
2
0
0
1
1
2
0
0
0
0
1
1
0
0
1
0
1
1
0
1
0
2
1
1
0
0
1
2
4
0
1
0
1
0
1
1
1
0
2
0
2
1
0
1
0
1
0
0
0
1
0
2
2
0
0
1
0
1
0
1
0
0
0
1
1
0
1
1
1
1
1
0
0
0
0
1
2
0
0
0
3
0
0
1
1
0
1
0
0
2
2
1
0
0
1
0
0
0
0
2
0
1
0
0
2
1
0
0
1
0
0
1
1
1
0
2
2
0
1
0
0
1
1
0
0
1
1
1
0
1
2
2
0
1
1
0
0
1
0
1
2
0
0
2
0
1
1
1
0
0
1
1
0
1
1
1
0
0
0
0
0
0
0
0
0
0
0
0
0
0
0
1
1
0
1
1
0
1
1
1
0
0
0
0
1
0
0
0
2
0
0
0
0
0
0
0
0
0
0
1
1
0
1
0
0
0
0
0
0
0
0
0
0
1
0
0
0
0
0
0
1
0
0
0
0
1
0
1
0
0
1
0
0
0
0
0
0
1
0
0
2
0
0
1
0
1
2
0
0
0
1
0
1
1
0
0
0
0
1
1
0
1
0
0
0
0
0
0
0
0
0
1
0
0
0
1
0
0
0
0
0
0
0
1
0
0
1
0
0
2
0
0
0
1
1
1
0
0
1
0
0
0
0
0
0
0
0
0
0
0
1
1
0
1
0
0
0
0
0
0
0
0
0
1
0
0
0
0
1
0
0
0
0
0
0
0
0
1
0
1
0
0
1
2
0
0
0
0
0
0
0
1
0
0
0
0
0
0
0
0
0
0
0
0
1
0
1
0
0
0
0
$ENER_FIT:
-9.557 1.550871 0.00000e+000
$MCA_CAL:
3
-9.557 1.550871 0.00000e+000
$PEAKLABELS:
236.825, "Pd-103"
196.174, "Pd-103"
328.292, "Pd-103"
$ENDRECORD:
