$SPEC_ID:
PeakEasy Library File: Pd-103 (Shielded) IdentiFINDER (LaBr3), 2-3 mm Pb, 1.0 mCi @ 22 cm
$MEAS_TIM:
12868.00000 12873.00000
$DATE_MEA:
1-Oct-2013 15:36:06
$DATA:
0 1023
0
0
0
0
0
246
2305
2947
3297
3967
10166
29979
41319
23245
8088
4860
4762
5050
5300
5686
6175
6965
7592
9013
10358
10889
10644
10485
10731
10883
10780
10478
10570
10596
10699
10707
10958
10922
10763
10692
10706
10723
10756
10849
10417
10343
10378
10097
10248
10039
9881
9811
9560
9153
9032
8617
8444
8239
8021
7961
7648
7604
7365
7017
6952
6721
6513
6357
6206
5920
5788
5626
5442
5189
5031
5005
4953
4940
4921
4841
4815
4400
4079
3832
3783
3631
3584
3485
3430
3439
3433
3217
3200
3302
3365
3503
3876
4110
4217
3984
3574
3056
2859
2654
2450
2408
2317
2410
2356
2350
2269
2382
2555
2952
3747
5253
7138
8776
9835
9830
8490
6851
4911
3349
2222
1680
1415
1272
1260
1230
1222
1249
1221
1147
1152
1138
1148
1090
1124
1106
1088
1061
1004
1016
990
1096
1018
1007
1007
994
931
965
976
951
926
961
930
958
893
994
1123
1192
1426
1574
1779
1918
1911
1816
1685
1422
1268
1060
953
866
813
766
749
737
719
711
754
715
715
685
703
672
687
656
725
692
755
706
773
751
722
821
760
787
750
776
776
801
766
788
779
762
700
654
613
557
578
557
587
571
507
532
503
547
575
532
497
528
516
478
486
517
498
501
482
489
467
451
447
494
463
453
448
435
472
486
462
455
446
447
467
439
414
427
426
408
413
399
418
414
417
426
414
419
446
444
478
437
506
510
512
528
561
615
543
575
599
554
573
574
546
549
604
558
541
550
554
516
512
565
605
561
537
514
556
517
540
528
544
488
497
487
486
502
541
545
542
531
516
548
536
501
533
549
503
487
439
470
439
453
439
478
447
453
419
423
469
472
468
438
438
416
429
413
411
401
397
359
336
366
343
325
324
354
349
330
312
299
285
267
307
286
314
309
296
274
290
302
284
308
289
279
282
294
300
280
314
276
270
268
273
281
305
309
293
302
293
355
330
339
304
321
311
320
290
349
352
324
307
319
327
300
308
274
300
308
333
290
277
341
322
287
303
293
320
310
270
312
318
296
281
296
299
291
264
280
257
268
274
260
279
231
223
230
185
217
199
207
177
174
150
137
130
154
125
128
133
115
109
116
107
109
94
98
97
101
99
91
90
86
80
88
71
76
78
76
74
68
72
64
76
73
66
78
91
68
70
79
72
88
83
79
87
108
110
125
139
164
157
209
230
272
319
382
403
454
542
601
631
649
752
768
765
862
830
854
865
789
744
744
648
530
512
409
376
269
242
167
142
126
99
72
67
51
36
36
42
32
41
32
30
37
26
36
39
26
36
28
35
32
37
38
28
36
34
33
35
38
44
39
29
34
34
30
41
24
25
33
23
26
29
30
25
26
24
25
20
23
20
19
18
23
28
21
22
26
23
21
26
27
29
23
21
22
32
26
32
27
29
35
32
32
39
44
34
37
38
43
44
45
53
59
51
46
51
46
49
57
51
57
46
46
35
53
35
40
34
41
32
37
38
37
41
35
39
50
55
41
53
40
41
58
55
46
45
52
50
52
57
37
47
42
63
59
59
76
70
66
73
66
62
71
72
80
82
84
78
82
74
82
82
82
100
82
79
83
92
96
105
99
101
107
97
99
111
103
106
106
104
119
118
106
115
132
120
117
165
130
122
142
132
144
148
152
141
146
145
151
140
138
134
132
120
144
151
129
112
99
115
110
109
93
106
97
101
98
86
93
92
94
84
97
96
100
103
94
93
96
81
96
91
79
97
84
79
91
75
97
99
107
86
96
101
82
98
87
104
96
114
102
79
85
114
96
93
101
110
90
114
98
104
88
98
108
109
113
113
106
107
129
113
112
110
122
134
137
116
127
114
128
127
126
129
130
127
134
131
120
125
107
119
119
103
109
110
100
93
101
84
87
87
70
84
83
95
100
102
78
86
86
101
89
86
98
84
79
97
82
68
66
74
55
64
68
58
59
50
48
52
33
46
46
44
51
48
39
33
41
52
48
38
34
39
55
43
40
34
36
48
40
36
48
37
44
53
52
67
56
55
61
35
50
37
46
55
42
52
52
42
56
60
56
54
56
58
73
72
54
65
65
63
72
77
88
78
79
68
76
84
78
87
92
85
68
89
83
70
80
108
102
81
104
97
78
71
89
67
73
70
60
72
61
54
58
36
48
37
39
48
43
27
25
27
20
15
16
15
12
11
15
11
4
8
7
8
3
6
7
2
8
5
4
1
1
4
2
1
2
2
2
4
5
2
0
1
1
1
0
1
8
2
1
2
5
2
1
3
1
2
2
3
1
2
2
1
0
1
4
2
1
0
2
2
2
0
1
1
5
0
0
1
2
2
3
0
2
2
1
1
0
0
0
0
2
0
0
0
0
0
0
0
0
0
0
0
0
0
0
0
0
0
0
0
0
0
0
0
0
0
0
0
0
0
0
0
0
0
0
0
0
$ENER_FIT:
5.013 2.943825 2.10271e-004 -2.17914e-007 0.00000e+000
$MCA_CAL:
5
5.013 2.943825 2.10271e-004 -2.17914e-007 0.00000e+000
$PEAKLABELS:
118.455, "Pd-103"
97.952, "Pd-103"
165.163, "Pd-103"
883.869, "Th-232(d),(Bkgd)"
489.044, "K-40 (Bkgd),La-138"
11.847, "La-138,X-rays"
$ENDRECORD:
