$SPEC_ID:
PeakEasy Library File: Pd-103 from GR135 in field
$MEAS_TIM:
343.67000 385.00000
$DATE_MEA:
10/15/2006 5:15:37
$DATA:
0 1023
0
0
98
98
110
127
253
492
2167
3050
3882
5418
6933
7948
8306
7731
6907
7021
7703
8139
8908
9256
9663
9966
9928
10049
10510
10878
10430
10244
10049
10146
9709
9739
9510
9421
8895
8791
8674
8879
8478
8218
7964
8132
7740
7481
7355
7252
7119
6991
6786
6755
6589
6388
6360
6273
5723
5782
5361
5456
5150
5003
4712
4786
4429
4359
4047
3955
3866
3628
3674
3596
3234
3251
3106
3169
2974
2972
2904
2807
2762
2705
2608
2607
2549
2486
2334
2464
2100
2251
2248
2210
2068
2131
2089
2126
1976
2021
2059
2110
2033
1999
2000
1980
1778
1823
1614
1687
1520
1452
1434
1415
1380
1461
1500
1662
1900
1943
2207
2435
2415
2717
2765
2638
2364
2095
1912
1566
1198
927
673
566
399
333
282
237
187
216
160
173
172
143
124
135
124
143
156
141
117
154
137
152
128
140
125
123
127
135
162
191
198
236
253
271
294
297
311
347
260
299
301
255
208
217
156
139
99
67
58
54
36
50
26
24
25
24
27
30
14
22
24
18
24
24
17
20
37
22
30
23
15
22
16
25
16
19
23
12
16
15
11
13
11
6
16
11
6
11
13
10
7
14
6
8
9
12
14
11
11
8
14
18
10
15
15
9
7
14
4
17
10
14
11
11
6
5
9
6
16
7
7
8
13
18
8
9
9
8
10
10
11
10
9
11
5
9
11
8
9
11
10
8
4
5
5
10
5
9
6
6
4
8
6
7
4
5
5
5
7
13
6
8
4
8
6
10
9
5
9
6
8
6
6
4
6
11
5
8
6
12
3
7
6
9
9
3
12
6
7
11
3
5
5
5
6
7
4
8
5
2
7
12
3
5
8
3
5
3
5
2
9
3
8
10
6
7
3
11
6
6
4
4
8
11
4
4
10
4
4
6
8
8
7
4
4
2
7
10
3
6
4
5
5
5
4
6
4
7
5
0
5
3
4
7
4
5
4
4
7
9
5
7
5
4
7
3
5
5
7
6
5
7
1
2
4
6
0
5
2
1
4
4
1
6
4
4
2
4
1
6
2
3
2
2
1
3
4
2
3
1
3
4
4
3
2
1
3
4
5
2
0
3
4
2
4
2
5
7
1
7
6
11
4
6
2
7
4
14
7
8
8
7
12
6
10
10
7
8
6
9
7
6
5
7
6
6
3
5
2
8
3
2
3
0
0
3
1
2
0
2
2
0
4
0
1
2
0
0
3
0
2
2
0
0
0
2
1
0
1
1
0
2
0
1
2
2
1
0
2
2
2
1
0
2
0
0
1
1
0
0
1
1
0
0
1
0
1
2
1
0
0
0
1
1
1
0
3
2
1
1
0
0
1
0
1
0
0
1
0
2
1
2
0
0
0
0
0
3
0
0
0
0
0
0
0
1
0
1
0
0
0
1
0
3
0
0
0
0
0
0
0
1
0
2
1
0
0
1
1
0
0
2
0
0
1
1
1
0
1
1
0
0
1
1
1
0
1
0
0
1
0
2
1
1
0
1
0
0
1
0
0
1
0
1
0
1
0
0
1
1
0
2
0
0
2
0
0
1
0
1
0
0
0
1
0
1
0
1
1
2
1
0
1
0
0
1
0
0
0
0
1
0
1
1
1
1
2
1
2
3
0
0
1
0
1
2
0
0
0
1
1
0
1
1
0
1
1
1
1
3
0
1
0
2
0
0
1
0
1
0
1
1
0
3
0
1
0
0
0
0
0
1
1
1
1
0
0
0
0
0
1
0
0
0
1
1
0
0
0
0
0
1
0
0
0
1
1
0
0
0
0
0
0
0
0
0
0
1
0
0
0
0
0
0
0
0
0
0
0
0
1
2
0
1
0
0
0
1
0
1
0
1
2
0
0
1
2
1
1
1
0
1
0
0
0
1
0
0
0
0
1
0
0
1
0
0
0
0
0
0
0
0
0
0
0
1
0
0
0
0
0
0
0
0
0
1
0
1
1
0
0
0
0
0
0
1
0
0
0
0
0
0
0
2
0
0
0
0
0
0
0
0
0
0
0
0
0
0
0
0
0
0
0
0
1
0
0
0
1
0
0
0
0
0
0
0
0
0
0
0
0
0
0
0
0
0
0
0
0
0
1
0
0
0
0
0
0
0
0
0
0
0
0
0
0
0
0
0
0
0
0
0
0
0
0
0
0
0
0
0
0
1
0
0
0
0
0
0
0
0
0
0
0
0
0
0
0
0
0
0
0
0
0
0
0
1
0
0
0
0
0
0
0
1
0
1
0
0
0
0
0
0
0
0
0
0
0
0
0
0
0
0
0
0
0
0
0
0
0
0
0
0
0
0
0
0
0
0
0
0
0
1
0
0
0
0
2
0
0
0
0
0
0
0
1
0
0
0
0
1
0
0
0
0
0
0
0
0
0
0
0
0
0
0
$ENER_FIT:
2.016 2.847540 6.57075e-004
$MCA_CAL:
3
2.016 2.847540 6.57075e-004
$PEAKLABELS:
13.103, "Pd-103"
122.478, "Pd-103"
98.987, "Pd-103"
167.231, "Pd-103"
462.924, "K-40, (Bkgd)"
$ENDRECORD:
