$SPEC_ID:
PeakEasy Library File: Pd-103 (Shielded) Detective (HPGe), 2-3 mm Pb, 1.0 mCi @ 15 cm
$MEAS_TIM:
12725.34000 12800.24000
$DATE_MEA:
1-Oct-2004 4:24:01 AM
$DATA:
0 8191
0
0
0
0
0
0
0
0
0
0
0
0
0
0
0
0
0
0
0
0
0
0
0
0
0
0
0
0
0
0
0
0
0
0
0
1
1
0
0
49
1528
3199
3263
3293
3270
3230
3229
3186
3211
3289
3109
3124
3145
2993
3109
2976
2950
3006
2905
2913
2955
2863
2864
2786
2931
2732
2912
2784
2764
2771
2801
2652
2710
2671
2594
2659
2678
2682
2645
2549
2629
2499
2518
2484
2529
2547
2463
2369
2437
2444
2319
2352
2302
2390
2285
2325
2256
2324
2274
2256
2263
2212
2078
2171
2184
2121
2161
2205
2097
2123
2144
2061
2133
2045
2138
2030
2013
2142
1950
1941
2009
1983
1927
1874
1902
1859
1876
1907
1921
1871
1834
1811
1799
1884
1781
1777
1871
1798
1902
1796
1805
1791
1784
1719
1771
1744
1821
1751
1791
1745
1661
1759
1711
1768
1763
1739
1755
1770
1773
1733
1673
1778
1619
1711
1733
1756
1767
1728
1689
1802
1732
1694
1726
1679
1831
1802
1751
1786
1794
1781
1821
1841
1843
1856
1929
1903
1957
1878
1925
1850
1783
1871
1799
1866
1960
1954
2170
2185
2216
2118
2077
2311
2542
2714
2439
2181
2079
1893
1985
1916
1931
1853
1955
1842
1856
1837
1862
1900
1871
1867
1927
1798
1861
1855
1837
1906
1916
1991
2144
2327
2382
2176
2081
1999
1969
2042
2087
2031
1956
1963
1928
1867
1935
1939
1961
1950
1940
1863
1909
1932
1962
1925
2034
1983
1956
1999
1921
1966
1978
1938
1953
1957
2003
1944
1976
1968
1907
2050
2006
2007
1979
2029
1976
2083
1976
2114
2100
2020
1999
2081
1993
2054
2037
2086
1984
2071
1895
2014
2049
1986
2032
2105
2069
2077
2094
2035
2034
2015
2092
2041
2072
2049
2086
2099
1996
2073
2085
2061
2026
2057
2087
2021
2082
2065
2020
1999
2125
2037
1979
2035
2064
2127
2072
2142
2032
2077
2018
2003
2078
2056
2006
2074
2027
2021
2050
2028
1993
1978
2016
1995
2083
1987
2065
2049
1996
2083
2024
2075
2050
2089
2014
1958
2056
2007
1998
2076
2004
2000
2030
2001
2001
2005
1988
2007
2011
2070
1953
1987
1998
2010
1994
1890
1970
1919
1899
1954
1971
1968
1958
1943
2026
1959
2040
1976
1963
1965
1971
1970
1940
1942
2015
1880
1987
1917
1946
1957
1966
1954
1847
1947
1880
1959
1993
1955
1869
1996
1966
1954
2007
1977
1964
2010
1952
1963
1990
1995
1990
1981
1996
1962
2001
1983
1895
2005
1908
1947
2011
1880
2026
1958
1874
1851
1830
1860
1908
1798
1821
1839
1834
1797
1873
1820
1835
1762
1824
1752
1846
1690
1744
1719
1774
1719
1793
1708
1774
1812
1743
1711
1795
1772
1755
1733
1719
1693
1656
1741
1721
1732
1711
1670
1781
1710
1656
1670
1657
1650
1672
1647
1630
1695
1617
1670
1622
1578
1685
1678
1581
1560
1666
1616
1633
1610
1661
1633
1600
1543
1610
1556
1577
1620
1686
1597
1551
1668
1683
1645
1575
1603
1584
1510
1522
1615
1552
1521
1567
1526
1520
1489
1475
1552
1487
1515
1510
1524
1548
1499
1540
1370
1566
1487
1506
1496
1455
1445
1493
1514
1480
1456
1529
1483
1429
1486
1452
1386
1454
1476
1497
1486
1410
1432
1440
1369
1356
1382
1368
1373
1330
1338
1348
1407
1380
1347
1327
1305
1255
1345
1229
1251
1283
1302
1290
1178
1210
1189
1191
1148
1204
1150
1176
1166
1120
1150
1166
1061
1135
1136
1070
1102
1145
1171
1112
1097
1106
1087
1110
1098
1020
1077
1149
1133
1101
1105
1049
992
1088
1018
1033
1026
1065
1010
1058
1025
1074
1058
1053
1050
998
1020
985
1010
1024
998
973
1014
972
929
1002
939
939
969
964
1019
980
973
991
969
961
985
965
976
944
932
1049
975
1093
1090
1277
1360
1306
1108
999
968
932
956
914
965
1010
979
937
887
817
867
851
799
922
837
839
815
859
891
850
858
811
831
830
802
853
814
831
797
848
823
821
770
770
769
796
846
812
785
809
763
750
833
797
769
800
790
808
759
810
737
764
736
782
783
686
737
721
742
764
795
774
776
757
772
775
754
732
750
772
775
692
762
771
732
751
704
744
745
731
749
786
715
746
738
743
703
735
716
726
690
679
733
726
701
690
700
670
725
644
703
704
711
699
668
683
689
696
729
646
657
649
702
663
716
701
690
678
722
678
626
682
684
706
615
681
617
690
637
651
671
679
665
719
716
618
620
689
667
644
677
697
716
815
871
1092
1555
2162
3097
3595
3277
2378
1383
901
701
630
681
610
617
621
626
628
619
620
588
634
591
582
604
612
616
592
546
558
633
568
609
639
579
557
547
591
542
609
598
585
576
595
559
611
586
633
569
556
518
571
599
571
579
581
573
607
569
564
590
549
519
518
584
546
595
582
584
584
566
584
541
541
576
550
540
547
557
545
536
568
547
541
568
573
539
561
577
531
514
550
531
521
570
545
545
526
498
515
494
547
507
505
522
507
502
488
499
506
533
487
449
519
482
504
481
481
510
525
506
537
615
554
581
517
540
411
501
454
512
486
458
444
474
463
469
439
460
477
489
457
438
472
440
493
478
462
485
473
474
529
476
515
521
552
525
656
729
847
941
848
716
655
701
788
865
1163
1480
2197
3533
5828
10623
16669
21807
21938
16595
9436
4037
1340
457
283
257
283
252
270
283
287
260
271
235
251
247
267
284
243
247
298
241
253
232
236
247
242
258
264
245
248
224
279
281
229
258
258
232
243
229
233
236
220
244
237
251
239
237
238
212
218
260
232
211
259
224
207
207
241
238
214
222
230
247
196
215
212
247
231
234
199
252
226
231
217
216
218
207
239
211
225
218
212
220
208
198
210
211
196
247
206
235
206
232
204
207
209
209
196
217
257
209
209
203
207
213
214
206
203
214
199
206
211
209
207
186
200
202
207
203
202
178
195
204
210
201
200
199
216
192
200
192
197
198
207
182
229
205
220
188
212
181
201
184
177
178
230
196
147
169
210
201
173
191
184
193
190
204
206
206
164
190
189
160
202
175
180
174
175
152
189
196
179
183
192
181
172
172
179
165
166
167
170
187
170
181
166
163
192
169
174
139
164
157
194
178
177
167
160
157
162
153
173
158
175
181
190
158
152
157
160
175
189
168
162
179
181
130
180
177
167
153
163
181
163
178
148
164
151
172
183
164
154
198
179
151
173
122
160
163
161
142
164
169
156
152
168
161
159
162
166
158
172
157
153
156
166
165
170
161
190
158
160
152
162
154
154
165
147
183
147
150
146
142
138
131
122
150
162
150
176
180
174
164
198
188
164
164
137
151
123
170
143
140
159
128
143
141
150
150
118
136
142
142
142
141
134
137
139
134
135
134
133
116
131
149
143
131
138
144
135
146
128
137
142
141
123
118
138
132
147
144
137
133
139
153
123
152
118
134
146
136
133
121
133
151
122
128
160
168
130
158
137
146
124
152
140
150
153
125
130
147
140
130
181
178
213
252
236
304
360
504
735
1179
1868
2789
3525
3634
2734
1732
801
336
155
109
123
125
107
105
113
98
112
131
119
96
113
98
119
116
108
122
99
119
114
114
113
107
129
137
138
144
159
182
194
209
222
205
194
180
148
131
118
105
123
98
120
87
100
93
106
97
130
117
101
92
101
107
95
108
99
109
98
125
98
101
100
114
99
98
104
119
101
93
96
99
103
102
97
105
119
102
94
111
90
101
118
91
97
88
90
95
94
92
112
103
108
94
115
89
83
99
106
113
108
101
101
103
93
98
101
96
95
122
98
93
114
77
101
89
102
92
106
85
95
99
100
112
103
76
88
108
102
75
100
106
94
102
100
112
97
102
109
85
90
97
80
99
86
89
98
94
101
92
106
94
94
93
107
87
97
94
96
85
90
100
73
81
80
83
93
97
81
115
111
100
105
89
87
96
96
81
80
90
93
96
108
77
107
101
92
101
78
97
93
91
75
88
79
96
77
79
75
79
100
101
85
87
80
97
89
98
87
82
92
77
82
80
99
93
95
88
87
97
96
90
96
111
139
129
186
218
235
279
220
176
120
97
82
75
82
90
79
71
81
83
89
77
79
76
71
82
84
67
77
91
84
79
75
80
68
73
84
69
95
60
81
93
88
79
80
78
77
89
83
89
87
92
76
93
84
88
96
77
75
74
78
94
87
81
95
73
90
85
93
93
95
123
113
156
197
275
348
401
427
319
245
149
95
79
83
65
96
64
70
64
63
83
80
91
80
74
72
81
83
81
88
71
70
73
65
69
80
70
79
62
57
62
69
78
63
80
75
64
72
63
63
84
73
66
77
70
66
86
74
69
77
71
82
68
61
77
75
58
66
70
75
83
71
63
67
59
84
55
74
63
70
78
61
73
76
75
67
82
71
67
56
57
71
79
70
81
64
69
78
61
68
74
58
67
76
70
55
61
72
58
71
75
67
70
72
72
59
63
62
69
64
60
75
72
70
70
64
75
60
71
60
74
47
66
67
70
63
82
61
85
60
75
70
69
72
71
63
65
83
74
68
70
68
65
68
64
66
65
79
83
67
74
77
61
64
70
69
67
50
66
50
69
71
71
90
62
67
64
71
61
63
62
76
59
65
66
71
52
68
67
65
77
63
53
75
75
73
82
67
63
66
76
81
61
64
63
62
69
68
73
57
68
51
61
58
66
67
53
66
58
82
76
66
66
70
53
60
60
75
76
75
79
66
71
68
56
63
68
59
59
59
66
56
63
65
63
59
51
67
54
66
67
62
63
62
56
70
66
64
77
68
61
70
74
59
71
70
75
67
75
65
51
67
65
61
62
68
69
50
75
60
63
68
51
70
61
73
59
63
57
49
62
63
50
65
56
53
55
53
77
59
59
53
61
59
61
53
69
65
59
70
66
60
64
53
49
48
74
67
59
55
49
66
75
67
73
88
101
90
82
80
72
65
63
51
49
56
59
56
61
59
55
55
46
70
62
53
60
61
62
60
40
68
57
61
64
37
57
66
50
68
51
58
59
58
50
69
56
59
63
62
50
83
58
59
60
66
69
51
54
53
57
58
57
44
45
61
59
52
40
62
45
58
72
60
58
57
59
60
60
68
66
50
48
69
66
60
60
58
61
54
54
68
52
61
53
46
62
58
49
48
56
49
52
54
47
32
72
61
64
39
58
55
60
48
64
72
60
77
98
91
80
74
55
54
73
51
60
61
62
62
63
46
60
52
53
45
57
65
42
53
55
50
54
64
53
49
40
52
50
50
47
58
53
51
45
47
47
50
36
40
63
56
58
48
54
71
46
58
56
62
73
54
52
56
45
55
60
41
43
45
59
45
45
49
55
56
41
55
73
66
68
73
79
66
53
71
50
65
43
52
35
38
47
42
54
47
54
44
50
49
67
63
60
60
42
53
51
62
65
41
64
60
49
63
56
53
47
50
44
59
36
44
53
40
57
43
47
42
42
47
45
45
40
45
55
60
50
39
52
43
56
55
45
53
39
42
45
43
48
67
43
34
46
44
49
54
49
46
44
50
51
56
56
42
41
42
54
49
55
51
51
46
56
37
53
46
46
48
48
54
36
49
50
46
50
59
44
53
48
39
50
49
55
50
59
50
50
48
50
52
48
43
58
56
55
59
43
56
37
52
51
47
50
35
48
42
41
48
49
43
53
42
48
51
39
37
49
39
43
51
51
44
44
49
29
51
42
32
46
41
48
57
46
45
50
53
45
41
44
36
56
57
52
44
41
44
52
46
54
76
63
48
65
58
46
44
47
50
42
45
48
52
33
30
50
50
50
41
40
37
45
37
40
51
33
46
42
46
44
42
48
43
39
41
59
46
39
46
56
48
49
48
51
49
39
48
40
47
49
44
33
44
57
53
60
56
50
38
47
44
30
46
49
40
52
43
42
44
63
48
40
41
55
41
43
35
38
49
35
54
49
39
47
49
53
50
29
46
48
43
38
40
33
38
45
54
35
31
35
32
40
39
42
43
38
41
34
42
45
39
42
42
37
39
45
49
52
45
41
45
40
41
47
38
39
45
41
58
50
54
67
64
65
69
88
140
159
139
125
118
95
67
45
41
38
41
28
44
35
44
34
42
46
38
51
36
48
44
29
35
46
33
46
43
36
41
43
46
46
53
48
41
38
34
40
43
44
42
32
43
41
32
35
32
44
45
40
43
53
35
42
33
37
40
35
48
49
45
43
52
58
52
61
45
34
48
27
40
51
44
35
43
38
30
40
46
41
36
46
33
38
39
38
29
35
39
35
35
45
50
46
44
42
42
41
36
45
49
40
47
41
41
35
41
54
35
42
45
47
41
38
40
42
39
33
41
38
50
30
53
36
39
50
39
44
38
41
44
40
36
36
30
32
33
39
31
44
47
51
58
57
66
55
66
58
52
54
48
45
59
60
54
74
112
125
92
84
64
47
44
31
52
42
25
29
35
38
35
35
31
35
57
28
41
29
35
37
40
39
39
35
30
52
34
40
31
37
27
35
37
46
31
41
40
30
32
33
38
43
42
40
51
37
40
30
38
39
40
41
38
33
36
40
38
42
36
29
37
30
35
31
43
32
39
41
32
32
38
41
44
37
44
44
37
29
27
35
44
39
34
53
43
36
36
46
36
28
44
38
34
33
40
39
36
35
43
40
52
28
39
29
33
37
38
30
40
34
30
29
33
42
33
38
33
36
36
35
30
47
35
31
29
37
24
33
33
33
31
38
34
35
33
32
31
43
43
30
32
37
31
28
43
39
21
40
40
37
27
29
47
18
39
37
33
37
40
29
33
33
32
46
35
40
33
38
26
44
29
27
31
39
37
33
33
44
25
29
30
30
46
26
29
39
49
35
50
21
33
21
38
40
31
38
43
48
26
32
26
30
33
30
38
31
41
40
39
28
36
35
29
42
27
33
35
47
29
41
38
31
36
44
44
37
34
36
36
35
21
39
29
34
36
30
31
28
37
29
33
28
33
30
38
33
36
33
29
32
41
38
35
38
30
41
33
21
32
29
39
43
32
37
30
34
32
29
35
23
28
36
40
40
32
28
30
34
32
30
34
29
46
30
33
42
38
30
38
34
26
37
38
39
31
22
36
40
33
31
40
37
29
41
38
31
43
41
35
32
34
36
42
24
27
24
50
36
31
40
37
38
27
28
27
31
43
37
31
43
29
37
37
32
43
31
43
36
27
35
31
29
39
47
34
31
42
37
33
33
39
32
31
27
29
35
33
39
45
46
45
27
46
33
49
37
31
38
33
35
34
42
41
34
29
40
43
28
27
32
44
34
48
43
37
30
41
36
33
37
35
40
42
31
34
44
44
43
42
38
34
40
45
46
55
61
86
101
107
99
86
61
43
45
45
40
35
34
31
28
34
39
33
37
30
32
33
40
35
24
31
30
30
28
34
36
33
36
32
43
43
29
36
37
35
44
36
27
35
36
41
30
31
39
25
38
39
33
25
32
49
44
39
32
32
27
29
37
31
37
25
40
47
34
29
42
39
30
38
41
22
36
44
29
35
29
23
39
33
47
35
42
34
30
48
39
32
47
38
39
35
56
46
44
48
43
38
32
43
26
38
34
30
43
37
23
37
34
32
42
30
33
35
39
44
35
24
33
49
27
25
38
33
50
28
41
29
36
38
30
40
42
35
35
32
37
39
34
32
39
41
41
32
40
32
32
36
32
48
45
40
35
33
30
32
34
41
29
30
45
37
32
36
41
33
36
38
40
37
38
39
37
39
41
31
35
44
34
31
30
42
26
29
40
40
31
29
35
36
48
39
43
31
33
29
39
40
24
32
31
37
50
33
38
34
31
43
37
41
42
31
41
37
25
39
29
45
47
44
43
40
39
42
36
41
38
39
47
49
42
42
35
41
48
39
35
35
42
30
45
31
31
36
33
47
33
37
34
35
33
43
42
37
40
42
37
38
36
31
37
39
40
42
46
37
33
26
31
51
35
46
33
37
41
32
41
32
42
38
29
38
32
38
46
30
58
34
36
36
43
37
30
29
32
51
38
33
39
41
28
39
44
43
44
39
44
36
34
38
47
32
29
60
56
47
59
63
60
59
69
52
44
35
37
36
35
33
26
38
29
31
23
30
30
27
41
30
39
39
41
33
35
30
33
35
30
29
28
26
29
37
18
29
23
31
32
31
18
21
20
21
29
29
27
30
32
30
22
27
33
30
27
20
24
19
25
20
24
26
23
24
23
28
32
27
25
24
32
22
19
25
23
22
27
20
17
19
29
25
20
25
23
33
23
19
22
22
26
34
25
26
28
31
25
25
25
29
22
30
19
24
28
24
23
22
20
26
34
37
32
29
18
29
31
27
26
20
31
26
33
19
16
21
22
31
19
33
17
27
12
21
26
19
25
22
19
19
25
24
16
32
25
14
22
24
22
26
23
24
28
22
19
20
25
25
29
26
23
25
21
19
29
23
23
13
22
16
20
18
20
29
23
16
15
23
22
21
26
18
23
15
18
23
18
18
30
13
21
19
19
16
27
16
27
26
31
24
23
27
12
27
26
12
18
25
19
15
13
16
22
22
22
21
22
13
15
18
25
18
13
27
12
18
10
23
24
23
25
19
14
16
15
13
11
19
20
16
20
25
22
18
21
20
15
11
22
18
27
15
15
15
20
24
25
15
16
9
11
14
12
17
16
17
14
22
20
15
19
19
19
19
10
15
19
20
9
17
22
18
10
15
12
11
17
16
16
17
24
15
10
14
13
13
15
16
21
12
18
13
13
13
17
18
9
14
17
10
22
25
12
14
15
18
13
11
18
10
13
17
17
16
19
7
13
15
22
15
13
20
11
15
14
14
17
16
15
10
9
13
11
13
11
22
10
8
9
18
11
12
19
24
21
12
9
21
11
16
12
13
9
9
20
19
14
24
21
11
17
16
16
7
17
19
24
29
36
28
27
23
26
26
12
19
16
14
15
9
15
7
13
17
16
10
15
17
13
18
18
19
19
13
20
11
8
11
11
11
14
10
10
9
11
17
12
9
14
14
12
13
14
14
11
13
8
15
8
13
18
11
7
13
9
11
14
11
11
9
12
14
13
24
18
12
20
8
16
16
10
12
19
12
14
12
13
19
17
22
27
13
26
23
17
13
10
18
10
12
7
14
7
10
7
12
18
15
10
11
9
12
14
12
11
11
16
14
8
13
10
13
13
19
8
13
10
12
14
7
10
14
13
14
19
7
12
10
19
12
10
18
10
16
14
10
10
9
8
9
9
14
14
8
16
14
12
15
14
13
18
17
13
14
16
15
13
16
8
13
12
12
9
8
9
13
17
13
10
18
15
12
16
8
13
19
9
18
16
18
8
20
12
15
22
10
12
18
18
17
7
12
18
18
22
12
17
23
19
24
21
14
22
27
30
32
30
18
39
34
38
45
48
61
52
77
99
125
113
143
181
265
382
436
532
614
634
549
477
257
161
89
42
20
14
4
10
5
3
11
8
7
9
10
6
10
7
7
6
7
9
9
13
10
5
5
7
9
10
5
14
11
3
7
7
12
10
8
12
8
5
10
9
5
6
9
5
10
8
6
10
8
4
7
10
6
6
8
8
8
6
7
7
10
6
8
5
10
9
11
5
9
8
6
7
9
5
3
7
5
9
6
4
5
9
7
4
10
10
9
15
12
15
5
5
8
10
7
4
10
8
8
7
8
8
12
10
11
12
4
11
3
8
9
9
12
10
11
9
7
13
8
9
9
18
8
11
25
21
23
5
9
11
10
7
3
9
7
6
15
7
9
9
4
10
8
4
7
5
2
7
5
6
8
4
12
4
12
6
3
3
6
7
11
8
4
2
8
6
5
7
3
12
8
5
4
8
1
10
5
5
7
8
6
7
5
8
6
12
9
13
7
5
7
6
2
8
3
6
7
12
11
4
3
5
6
6
2
1
5
9
10
10
5
4
4
7
7
7
3
5
7
6
6
9
2
8
3
7
5
7
3
9
7
6
5
8
5
5
9
11
5
9
3
8
5
3
8
4
8
8
8
6
9
5
2
7
4
6
6
8
4
8
4
11
14
8
3
8
7
6
11
5
4
7
5
6
3
7
5
4
3
8
5
10
7
9
5
3
6
6
7
7
7
7
3
3
7
6
7
7
5
10
10
9
7
5
9
7
6
7
3
5
8
5
6
9
4
8
7
19
4
8
5
11
6
8
15
12
8
7
8
8
10
10
10
5
11
16
7
17
16
22
18
14
10
13
18
19
12
19
21
21
27
23
15
13
18
12
8
4
13
5
9
7
3
8
12
8
6
7
7
12
11
6
7
7
5
7
8
6
5
6
6
4
9
6
7
5
8
6
6
4
3
6
5
11
4
7
7
6
5
3
2
8
4
5
4
1
7
3
2
4
7
6
10
6
5
6
5
4
4
8
6
11
7
9
8
7
12
7
8
8
10
7
7
6
5
8
4
5
5
3
5
10
1
10
4
8
7
7
4
7
6
8
7
13
9
9
8
4
9
6
4
4
9
4
2
5
5
2
8
10
4
4
4
1
6
3
8
7
4
4
5
8
3
6
4
7
8
4
8
6
4
3
6
4
4
6
5
5
5
6
5
3
3
4
3
7
1
5
7
3
0
8
7
8
5
3
4
6
5
6
7
4
10
1
3
3
2
5
6
2
5
8
4
8
15
13
9
7
8
7
4
3
3
7
2
8
4
3
4
4
6
5
6
4
4
2
4
7
3
6
5
5
8
4
3
4
4
3
2
5
7
6
6
7
8
4
10
3
3
6
6
8
2
4
5
10
7
4
13
6
7
2
6
1
2
3
9
5
7
1
6
8
5
11
3
5
7
0
2
5
4
2
5
2
6
3
5
8
5
4
7
4
4
5
7
9
10
4
5
3
6
5
3
7
10
8
7
6
4
7
5
4
3
6
4
6
2
2
2
7
1
7
6
5
8
7
7
4
4
4
5
5
8
4
6
4
5
4
5
6
2
5
9
9
7
7
4
4
3
6
0
6
8
6
4
1
5
2
3
0
5
7
3
2
4
2
3
3
3
1
11
5
6
3
7
4
4
6
9
4
6
2
4
7
5
4
6
6
10
8
10
9
5
9
9
12
8
10
3
3
7
2
7
3
3
2
1
1
7
7
3
5
7
2
8
4
9
3
2
10
5
7
5
3
1
1
5
3
9
2
3
4
1
5
4
2
7
4
2
2
5
2
6
6
5
2
4
8
4
7
6
4
4
7
6
7
8
6
4
8
4
3
5
5
5
6
4
7
6
4
10
7
6
5
17
8
11
7
7
21
14
16
33
25
36
41
39
64
57
45
43
23
17
12
5
4
2
5
6
2
5
3
2
7
1
3
8
6
6
2
4
2
2
6
6
3
6
4
5
7
1
6
2
5
3
6
1
3
2
3
4
6
1
9
7
2
5
2
3
2
6
2
6
0
7
3
3
2
6
2
5
1
4
0
6
7
2
4
5
6
4
4
4
5
6
1
8
4
3
4
8
0
9
4
4
4
4
4
3
3
5
3
3
2
8
3
8
1
2
2
2
3
4
2
3
3
7
1
5
5
2
4
3
5
5
2
4
3
2
5
6
7
3
4
4
2
3
3
2
6
7
2
6
6
1
6
5
4
2
6
6
3
5
2
2
2
6
5
1
4
7
3
8
4
7
6
6
3
2
1
2
1
2
2
5
4
4
3
5
5
3
3
3
5
1
2
8
7
1
6
5
1
5
3
5
1
5
7
8
3
7
1
3
6
5
9
5
5
2
2
4
2
5
5
3
5
4
4
4
6
4
4
2
2
7
3
5
4
6
5
7
11
18
8
11
4
8
9
6
4
3
7
2
6
3
4
5
3
5
2
3
3
3
4
3
7
4
3
3
3
1
5
4
4
3
1
4
6
3
3
5
2
2
2
9
3
3
3
3
5
5
3
7
5
3
3
2
6
8
3
5
4
4
3
5
4
2
5
6
4
4
6
9
4
5
1
4
5
3
2
5
4
6
7
2
5
1
4
2
5
2
0
4
2
4
3
5
5
2
1
7
5
5
6
4
7
5
4
6
2
2
3
2
5
5
3
6
5
2
0
6
4
4
2
8
4
3
4
3
2
4
3
2
1
2
7
2
5
6
2
5
3
3
5
4
5
4
7
3
5
3
4
8
4
4
5
1
2
3
4
3
1
2
6
1
3
6
3
5
5
1
8
5
4
7
1
1
4
5
6
6
1
2
1
3
5
5
1
4
3
7
5
2
5
5
3
2
5
3
4
6
4
2
3
3
2
4
4
6
3
4
2
4
3
5
3
5
2
3
3
4
5
2
3
4
4
4
4
3
3
2
7
7
4
4
6
2
5
1
2
6
4
3
7
3
4
5
1
1
4
6
5
4
4
4
2
5
5
11
3
5
6
3
3
7
2
3
7
2
1
2
2
3
5
4
8
5
5
3
4
5
5
4
3
0
3
6
4
3
1
7
6
3
2
4
5
7
2
4
4
4
2
2
5
4
5
3
5
2
4
6
4
4
2
8
3
7
4
3
4
2
7
2
5
2
6
4
5
0
4
4
3
6
3
7
3
4
5
4
3
2
3
3
7
2
4
4
4
5
1
5
4
1
4
4
3
7
3
6
1
2
4
4
2
2
7
2
6
4
3
3
1
5
5
2
0
1
3
1
3
3
5
6
4
5
2
7
4
1
8
3
4
3
5
4
5
8
2
4
3
1
5
5
7
5
0
2
4
3
4
3
4
5
3
1
3
1
7
5
7
6
0
6
4
6
3
1
3
1
2
7
3
3
9
4
3
1
1
1
2
4
4
2
6
6
3
5
2
4
0
3
2
4
1
4
4
3
2
4
1
0
5
5
1
1
2
2
1
4
3
6
4
4
0
1
0
4
3
4
1
6
2
5
1
4
4
3
7
2
3
3
6
1
1
0
3
3
6
4
1
2
2
2
3
8
0
4
6
3
7
1
1
8
4
1
3
3
5
3
3
5
5
2
3
2
5
3
1
6
3
0
1
1
3
3
2
2
3
3
1
2
1
1
4
5
5
3
4
2
2
3
3
4
2
6
1
1
5
1
0
5
3
3
4
6
3
1
2
4
2
5
3
2
2
1
2
5
1
4
8
1
2
5
4
2
4
3
5
4
1
3
3
2
1
9
3
7
6
2
2
2
5
2
2
4
3
5
2
4
7
5
3
3
1
4
4
5
3
2
2
2
5
6
3
2
5
4
2
2
1
3
6
5
4
2
5
4
3
6
3
2
4
2
5
5
1
6
5
2
7
1
5
1
3
4
5
5
4
2
0
1
2
4
7
3
6
2
4
2
5
8
1
1
4
7
3
2
1
4
3
4
5
6
5
3
3
9
7
9
8
7
12
8
11
8
17
12
13
6
14
13
6
7
4
2
7
9
3
6
4
3
3
5
10
8
5
8
3
1
2
4
3
3
3
7
4
3
3
3
3
2
4
1
7
6
8
7
7
8
9
6
3
4
1
2
5
5
1
2
1
3
2
3
6
3
3
1
1
3
5
2
1
4
3
3
1
5
2
8
1
1
2
7
3
2
7
3
5
9
0
6
3
2
1
1
2
4
5
1
6
3
1
3
2
4
1
4
1
7
4
2
1
4
4
5
2
5
4
4
4
3
0
3
1
3
8
6
3
1
2
4
2
5
3
0
3
3
5
3
2
3
3
3
1
3
4
8
1
1
2
6
3
2
4
3
7
6
4
2
1
4
2
4
3
3
1
3
5
4
3
3
0
4
5
5
1
1
7
2
2
3
2
4
3
2
3
2
4
1
3
5
4
4
0
3
3
0
4
5
0
3
1
2
4
7
4
1
2
1
4
4
2
4
3
5
3
2
2
5
3
3
4
6
1
6
4
0
4
4
3
4
2
3
4
2
4
6
2
4
1
7
4
5
1
1
5
2
2
3
6
2
2
2
6
1
2
4
2
4
4
4
5
7
5
4
5
2
7
8
4
7
2
6
4
10
13
13
13
9
20
15
24
11
14
10
10
5
6
6
4
1
3
8
5
2
6
5
0
0
0
3
2
6
3
1
3
1
5
3
3
7
4
1
3
2
1
3
3
2
4
4
4
6
1
2
1
7
6
2
6
2
1
3
2
3
3
3
2
6
4
4
5
2
3
1
4
3
3
1
5
5
1
2
5
3
3
2
3
3
1
5
4
2
8
3
6
6
4
2
5
5
2
2
1
2
3
4
2
0
0
3
3
4
2
3
5
2
2
4
5
2
2
3
4
4
2
4
2
1
1
4
1
4
3
3
5
4
3
3
4
5
2
5
3
5
2
4
5
4
4
1
4
4
3
4
2
3
5
0
5
4
5
4
2
4
3
6
0
1
2
4
1
1
5
2
1
2
4
2
3
2
7
4
4
4
2
1
2
5
4
3
3
5
3
2
1
5
3
2
2
2
3
1
4
6
3
4
2
2
7
2
6
6
3
4
2
3
3
4
4
3
5
2
6
1
6
2
0
1
3
2
1
3
5
2
6
4
2
7
7
5
5
4
2
0
5
3
4
3
5
5
4
5
5
7
4
2
5
8
0
2
1
5
3
3
1
4
6
3
2
5
4
2
3
1
4
9
5
2
1
1
2
2
3
4
5
2
4
6
5
0
3
1
3
3
1
4
4
0
2
2
3
5
3
2
4
5
8
1
2
6
2
8
7
0
4
2
1
4
3
1
3
4
1
6
3
4
1
4
6
2
2
4
2
3
6
3
7
4
5
2
6
7
1
2
2
9
6
2
7
4
1
3
2
3
4
1
1
3
5
6
5
4
3
4
4
2
3
3
5
9
3
3
6
8
5
4
1
3
5
4
5
3
3
1
2
2
4
3
4
7
2
3
2
1
4
5
12
6
5
4
7
3
5
6
3
3
8
5
6
3
3
4
2
2
1
2
3
2
3
7
3
0
3
4
1
4
2
6
4
1
5
3
5
6
4
3
1
3
4
6
5
7
6
1
4
1
3
1
4
2
1
5
4
6
5
4
5
2
3
1
4
3
3
3
3
5
8
0
3
4
4
6
2
2
1
0
2
2
2
5
3
2
3
6
2
4
3
4
2
3
5
1
4
3
2
4
3
3
5
2
3
3
1
1
4
5
1
2
2
5
4
1
5
2
4
2
3
3
3
1
0
5
3
4
2
4
1
1
1
7
2
2
2
4
0
3
0
3
4
6
1
1
1
3
0
1
6
3
2
2
1
1
2
3
4
1
4
2
2
1
4
2
4
6
1
6
1
5
4
5
2
0
3
2
4
2
1
0
1
4
3
2
5
0
3
2
4
4
1
5
0
6
0
1
3
1
1
1
3
0
1
3
2
3
3
0
4
1
0
4
2
1
1
1
1
2
3
3
2
2
1
2
2
3
2
2
1
2
2
4
2
2
2
3
6
0
2
2
7
1
6
1
2
2
5
2
4
2
3
1
2
0
2
3
1
3
2
1
3
1
6
4
4
1
3
6
4
2
9
8
10
4
2
7
2
3
1
5
2
0
6
2
2
1
0
1
2
0
4
0
3
3
0
0
2
2
3
0
0
3
3
3
2
2
2
3
2
1
2
2
0
1
1
1
3
1
4
4
0
0
2
2
0
2
1
0
1
1
3
3
1
3
0
3
1
2
2
1
1
1
2
2
1
0
1
2
1
3
2
2
1
7
1
1
4
2
2
1
1
2
3
2
1
4
2
1
0
1
3
3
2
1
1
1
4
1
2
0
3
0
2
3
2
2
0
0
1
2
1
1
2
0
1
0
3
2
2
0
0
0
2
1
1
2
0
1
0
3
0
2
3
1
0
0
2
3
0
1
3
3
0
1
1
2
4
0
2
0
1
0
1
3
1
0
1
0
1
2
2
0
0
1
0
1
2
1
0
1
0
0
0
3
1
2
1
1
0
1
0
1
1
0
1
0
1
3
1
1
0
2
1
0
2
0
0
1
0
1
0
1
0
2
2
2
0
0
0
1
0
1
0
1
1
0
1
1
0
1
1
1
0
0
3
1
0
1
0
0
0
0
0
1
1
2
0
2
1
0
0
0
2
0
0
0
2
0
2
1
0
1
0
1
0
1
1
2
1
2
0
0
0
0
0
2
0
0
0
1
0
0
0
0
1
2
1
2
1
0
1
2
1
0
0
2
1
0
0
0
1
0
0
0
0
1
1
0
3
0
1
0
2
2
0
0
2
0
2
0
0
1
0
0
3
0
1
1
1
2
0
1
2
3
0
1
2
4
1
0
0
2
0
1
1
0
0
2
1
0
1
1
1
0
2
0
0
2
0
0
0
3
1
2
0
1
0
1
0
0
2
1
2
0
2
1
0
0
0
2
0
2
1
1
2
0
0
0
1
1
0
0
2
0
2
0
1
0
2
1
2
0
1
3
1
3
4
0
2
0
3
0
2
1
1
1
1
0
1
1
1
4
1
2
1
1
3
6
3
0
5
5
1
3
3
4
3
6
6
3
7
7
13
7
11
11
14
16
21
29
38
29
44
54
65
71
53
53
51
35
16
12
9
4
1
0
1
0
1
0
0
0
1
2
0
0
0
0
0
0
0
0
1
0
0
0
0
0
1
0
1
0
0
0
1
0
0
1
0
0
0
0
1
0
0
0
0
1
0
1
2
0
0
0
1
0
0
0
0
0
0
0
0
0
0
0
1
0
0
1
0
1
0
0
0
0
0
0
0
0
1
1
1
0
0
0
1
0
0
1
0
0
0
0
0
0
0
0
0
0
0
0
0
0
0
0
0
0
0
0
1
0
1
0
0
0
0
0
0
0
0
2
0
0
0
0
0
0
0
0
0
0
1
0
0
0
0
0
0
1
0
0
2
0
2
0
0
0
0
0
0
0
0
0
0
0
0
0
0
0
1
0
0
0
0
0
0
0
0
0
0
1
0
0
0
0
0
0
0
0
0
0
0
0
0
0
0
0
1
1
0
0
0
0
0
0
0
0
0
0
1
0
0
0
0
0
0
0
1
0
0
1
0
0
1
0
0
0
0
0
1
1
0
0
0
0
0
1
0
1
0
0
0
0
0
0
0
0
0
0
0
0
0
0
0
0
1
0
1
0
0
0
0
0
0
0
0
0
0
1
0
0
0
0
0
0
0
1
1
1
0
1
0
1
0
1
0
0
0
0
0
0
1
1
1
0
1
0
0
0
0
0
1
0
0
0
0
0
0
1
1
0
0
0
1
0
0
0
2
0
0
0
1
0
0
1
0
1
0
0
0
0
0
0
0
0
0
0
0
0
0
0
0
0
0
0
0
0
0
0
0
1
1
0
0
0
0
0
0
0
0
0
0
0
1
1
0
0
0
0
0
0
0
0
1
0
0
0
0
1
0
0
0
1
0
0
1
1
0
0
0
0
1
0
0
0
0
1
0
0
0
0
0
0
0
0
0
1
0
0
0
2
2
0
0
1
0
0
0
1
0
0
0
0
0
0
1
0
0
0
0
0
0
0
1
0
0
0
0
0
0
0
0
1
0
0
0
1
1
0
1
0
0
0
0
0
0
0
0
0
0
1
1
0
0
0
0
0
1
0
0
0
0
0
0
0
2
0
0
0
0
0
0
0
0
0
0
0
0
1
0
0
0
2
0
1
0
0
0
0
0
0
0
1
0
0
0
0
0
0
0
1
1
0
0
0
0
1
0
0
1
0
0
0
0
0
0
1
0
0
0
0
0
2
1
0
0
0
0
1
1
0
1
1
0
0
0
0
1
0
0
0
1
0
0
0
0
0
1
0
0
1
0
0
0
0
0
1
0
0
1
0
0
0
0
0
2
1
0
0
0
0
0
0
1
0
0
0
1
0
0
1
0
0
0
0
0
0
0
0
1
1
1
0
1
0
0
0
0
0
0
1
1
2
0
0
0
0
0
1
0
0
0
0
0
0
0
1
0
0
0
0
0
0
1
0
0
0
0
0
0
2
0
0
0
0
0
0
1
0
0
0
1
0
0
0
0
0
0
0
0
0
0
1
0
1
0
0
0
0
0
0
0
0
0
0
0
1
0
0
0
0
0
1
0
0
0
0
0
1
0
0
0
0
1
0
0
0
1
0
0
0
0
0
1
0
0
0
0
0
0
0
0
0
0
0
0
1
0
1
0
0
0
0
0
1
0
0
0
0
0
0
0
0
0
0
0
0
0
0
0
0
0
0
0
0
0
0
0
0
0
1
0
1
1
0
1
0
0
1
1
0
0
0
0
0
1
0
1
0
0
0
1
0
0
1
0
0
1
0
0
0
0
0
0
0
0
0
0
0
0
0
1
0
0
1
0
0
0
0
0
1
0
0
0
0
0
0
1
0
0
0
0
0
0
0
0
0
0
0
0
0
0
0
0
0
0
0
0
1
1
0
1
0
1
1
1
0
0
0
1
0
1
0
0
1
3
1
0
0
0
0
0
0
0
1
0
0
0
1
0
1
0
0
0
0
0
0
0
0
0
0
0
1
1
0
0
0
1
0
0
0
0
0
1
1
0
0
0
0
1
0
0
1
0
0
0
0
0
0
0
0
0
0
1
0
2
0
0
0
0
1
0
0
1
1
0
0
0
1
0
0
0
0
0
0
0
0
0
1
0
0
0
0
0
0
0
0
0
0
2
0
0
0
0
0
0
0
1
0
0
0
0
0
0
0
0
1
0
0
1
0
0
1
0
1
1
0
0
0
0
0
0
0
0
0
1
0
0
0
1
0
0
0
1
0
0
0
0
0
0
0
0
0
0
1
1
1
0
1
0
0
0
0
1
0
1
0
0
0
0
0
0
0
0
0
1
0
0
1
0
0
0
0
1
0
0
0
0
0
1
0
0
0
0
1
0
0
0
0
0
0
1
0
0
0
1
0
0
0
1
0
0
2
0
0
0
0
0
0
0
0
0
0
1
1
0
0
0
0
0
0
0
1
0
0
0
0
0
0
1
0
0
0
0
0
0
0
1
0
1
0
0
0
0
0
0
0
0
$ENER_FIT:
0.220 0.368659 -1.74353e-007 1.80626e-011 0.00000e+000
$MCA_CAL:
5
0.220 0.368659 -1.74353e-007 1.80626e-011 0.00000e+000
$PEAKLABELS:
969.504, "Pd-103"
1348.436, "Pd-103"
800.032, "Pd-103"
7097.638, "Th-232(d),(Bkgd)"
3966.226, "K-40,(Bkgd)"
183.609, "Au XRF,(Detector)"
202.778, "Pb XRF,(Shielding)"
229.474, "Pb XRF,(Shielding)"
$ENDRECORD:
