$SPEC_ID:
PeakEasy Library File: Tl-201, IdentiFINDER (LaBr3), 83 uCi @ 50 cm
$MEAS_TIM:
12030.00000 12087.00000
$DATE_MEA:
25-Sep-2013 13:12:17
$DATA:
0 1023
0
0
0
0
0
3641
24185
29893
35443
48879
86754
139940
148664
96443
76126
102197
149196
223326
323656
420809
548651
884995
1516797
1881094
1433711
806139
583033
470716
264050
102535
44819
35335
37649
41043
43653
44074
42533
40495
38498
37207
36522
38381
47213
63766
79234
77266
58342
38514
27762
24699
25450
31815
51953
93702
147798
181115
164349
108777
53321
23072
11813
8814
8182
7985
7798
7523
7243
6989
6726
6583
6315
6295
6175
6064
5918
5761
5700
5743
5585
5526
5331
5004
4647
4558
4434
4365
4178
4135
3918
3757
3572
3368
3294
3208
2986
2955
2944
2826
2720
2633
2498
2376
2248
2286
2125
2068
2046
2055
1999
2000
1964
1972
2004
1971
1949
1926
1873
1892
1810
1596
1603
1490
1448
1469
1430
1373
1295
1330
1345
1357
1360
1271
1347
1285
1427
1496
1354
1462
1721
2196
3083
4324
6385
8772
11161
12268
12208
10908
8534
6117
3976
2301
1636
1149
958
842
794
809
785
774
803
794
753
771
768
775
783
806
843
869
821
820
806
768
762
760
704
676
674
654
675
653
667
668
636
682
664
653
676
687
692
705
720
736
742
732
710
750
749
769
748
758
789
710
709
679
631
596
549
535
556
514
524
509
493
468
502
490
473
511
494
473
495
469
466
477
470
482
459
430
416
452
400
411
415
388
395
387
427
403
401
432
399
402
392
432
416
400
396
371
369
373
400
399
384
358
385
380
426
454
477
465
479
506
543
560
531
563
579
564
561
519
530
575
556
525
557
514
523
521
498
496
534
501
513
552
518
463
481
470
458
445
446
452
481
474
479
506
503
473
485
479
487
478
486
485
518
438
427
449
450
440
458
413
432
451
420
412
407
420
449
437
399
442
416
394
376
364
361
349
304
333
318
316
318
312
308
310
328
318
299
299
281
255
264
264
308
273
294
280
254
275
292
272
256
295
261
277
292
289
283
303
280
281
279
280
297
323
320
317
316
286
335
335
292
276
268
306
292
309
316
275
306
283
283
261
266
274
319
294
292
278
311
282
305
311
268
285
287
274
253
262
274
269
286
259
250
268
253
265
220
213
228
235
240
203
183
206
181
166
153
173
156
165
131
148
129
116
105
118
101
106
79
104
93
104
91
76
95
75
70
85
81
75
84
73
68
65
71
72
59
68
63
69
65
62
69
70
71
96
71
70
83
76
99
94
104
122
153
154
184
217
258
290
359
400
431
458
534
539
650
673
715
725
762
780
790
765
762
751
613
580
574
502
365
317
259
218
165
147
114
102
74
51
54
47
34
39
25
38
42
34
35
25
23
31
29
36
32
31
43
33
35
28
35
25
31
34
38
40
40
42
43
40
35
29
28
29
31
32
25
22
22
33
21
24
22
26
20
22
29
23
16
20
23
19
18
26
18
22
16
26
26
28
28
33
28
27
25
29
19
31
35
26
33
23
36
29
35
34
43
38
49
46
51
57
54
56
47
48
43
44
49
41
35
36
33
30
25
36
36
48
36
42
46
49
36
28
43
45
47
39
41
47
53
58
57
62
46
54
50
53
58
66
47
64
66
58
55
76
57
54
72
66
70
77
72
79
44
59
73
87
78
70
86
89
94
91
90
81
82
86
87
101
96
100
105
116
75
101
99
116
116
108
106
110
111
111
112
135
126
110
145
145
149
152
139
129
134
129
133
123
121
120
123
129
120
106
113
118
109
97
92
87
91
85
101
76
91
110
96
81
84
78
78
80
87
89
76
80
72
83
75
86
74
61
74
73
82
71
82
88
99
103
78
90
96
110
110
101
119
97
97
103
100
94
98
90
97
98
97
95
103
111
101
93
81
103
89
109
117
111
111
113
121
112
108
142
131
118
122
119
114
121
128
110
114
128
104
96
126
87
98
103
107
105
100
99
94
74
89
99
93
72
81
83
88
84
72
80
74
84
86
79
74
79
73
89
57
80
67
62
63
48
54
61
44
39
44
52
41
31
49
35
47
36
36
41
44
42
36
41
33
33
34
30
40
37
44
38
36
46
37
44
39
38
44
34
36
37
51
46
43
42
42
40
45
62
53
46
38
43
44
51
55
46
55
64
73
75
55
67
72
82
69
77
84
72
71
74
88
88
86
82
89
77
71
82
80
90
90
67
82
79
65
63
86
70
58
56
55
56
73
59
54
34
48
46
36
32
27
28
19
20
22
15
14
12
11
7
11
5
5
12
5
8
4
5
5
4
5
4
2
6
2
3
1
2
3
2
3
0
0
5
5
0
1
2
0
1
1
0
1
3
4
1
0
0
0
0
2
1
0
1
1
2
0
1
0
1
1
3
0
1
0
0
1
2
0
0
1
0
1
2
0
0
0
0
1
1
1
0
1
2
2
2
3
2
0
0
0
0
0
0
0
0
0
0
0
0
0
0
0
0
0
0
0
0
0
0
0
0
0
0
0
0
0
0
0
0
0
0
0
0
$ENER_FIT:
2.299 2.988001 1.47573e-004 -1.74501e-007 0.00000e+000
$MCA_CAL:
5
2.299 2.988001 1.47573e-004 -1.74501e-007 0.00000e+000
$PEAKLABELS:
23.484, "Tl-201"
54.871, "Tl-201"
44.508, "Tl-201"
145.500, "Tl-202"
485.915, "K-40 (Bkgd),La-138"
875.469, "Th-232(d),(Bkgd)"
11.961, "La-138,X-Rays"
$ENDRECORD:
