$SPEC_ID:
PeakEasy Library File: Tl-201, IdentiFINDER (NaI), 1-day Old, 1.2 mCi @ 104 cm
$MEAS_TIM:
3696.00000 3756.00000
$DATE_MEA:
13-Sep-2013 16:10:04
$DATA:
0 1023
0
0
0
0
0
1030
26734
50910
71471
88493
104799
128333
160766
185419
179473
160482
170738
223825
308939
413298
552458
770303
1099356
1432000
1512617
1274968
921207
633084
435912
280919
159506
88264
60386
54588
54910
55969
54354
52895
50436
48166
47926
49886
56216
63393
67127
65802
60253
51845
45367
42911
47814
61473
80498
103160
121132
128309
121815
103544
79180
55108
34775
20363
11576
6815
4449
3385
3027
2936
2760
2644
2661
2471
2582
2533
2501
2461
2391
2360
2337
2333
2309
2124
2067
1975
1841
1801
1666
1628
1533
1543
1510
1391
1397
1376
1324
1270
1279
1269
1256
1152
1179
1104
1078
1001
1008
1001
945
910
940
953
942
957
1005
943
931
944
950
990
1018
1003
987
1056
997
950
973
853
812
759
717
694
620
563
553
577
574
617
623
630
735
792
830
863
924
958
991
1020
993
970
900
857
819
810
700
659
563
513
476
448
416
370
369
326
277
317
320
342
302
332
334
336
318
330
333
322
286
260
298
285
293
323
290
270
243
259
283
245
266
308
284
280
286
301
312
304
287
297
303
281
273
311
296
291
312
270
281
280
269
275
234
228
232
222
226
208
184
190
198
214
206
209
194
180
212
179
201
173
178
199
172
172
156
158
152
156
160
144
150
152
144
148
121
138
146
137
149
150
141
129
144
128
113
156
140
136
134
132
134
139
141
131
126
135
139
136
122
118
122
128
147
131
132
140
151
152
116
134
123
128
145
119
123
116
125
122
134
96
102
117
124
117
113
112
120
110
121
126
95
108
128
124
137
116
123
117
121
122
119
117
129
119
90
108
130
108
111
120
116
107
118
116
117
98
96
90
97
74
79
83
109
83
78
83
89
87
87
85
83
93
98
94
80
72
80
76
82
89
85
54
66
80
80
78
77
81
83
68
84
70
74
69
94
66
69
74
92
66
98
86
81
75
84
86
84
76
99
80
74
87
77
79
73
99
82
83
81
74
83
84
94
80
82
83
65
87
94
86
62
77
93
90
76
78
68
76
74
78
61
79
59
70
57
59
63
53
49
53
50
45
46
53
43
52
43
33
43
41
41
46
38
43
51
38
35
36
46
43
40
33
44
25
38
37
36
39
34
22
30
30
28
40
29
39
45
42
38
37
31
26
30
39
39
40
40
45
56
41
47
57
53
65
65
79
82
80
83
79
93
101
87
101
105
104
107
107
84
88
112
105
103
105
92
84
83
88
78
72
63
61
62
65
46
47
43
37
41
35
32
34
36
25
22
24
30
21
22
21
17
20
19
19
28
18
21
22
15
16
20
15
14
16
16
17
20
19
12
17
22
9
18
19
8
23
10
16
11
16
9
11
13
11
14
7
10
13
18
10
9
15
11
10
6
10
14
9
8
6
9
12
9
12
9
4
8
12
15
18
18
15
14
14
18
15
12
16
22
11
9
14
10
13
15
17
12
17
13
8
15
11
12
14
14
15
9
13
13
15
19
15
7
14
7
14
12
11
5
5
8
8
8
7
13
5
5
14
8
5
8
8
5
7
12
2
5
9
6
3
10
8
8
8
5
6
2
7
4
8
3
4
5
8
1
8
8
4
5
8
5
7
6
5
8
7
8
7
4
7
5
7
7
0
2
6
4
5
4
5
1
4
7
8
13
9
3
7
8
6
5
6
13
2
5
7
10
4
5
5
7
11
5
8
8
4
4
11
9
1
5
10
8
9
10
9
10
11
12
14
8
5
11
6
11
7
10
3
10
11
4
5
4
4
3
7
9
7
9
6
3
4
8
10
3
7
4
5
4
5
5
8
8
5
8
3
3
5
5
6
8
6
12
4
7
5
2
8
4
4
4
3
4
10
3
2
2
3
3
1
6
9
5
4
5
6
1
2
6
1
1
1
2
2
6
3
2
2
4
4
1
7
3
4
5
1
2
1
0
1
3
3
8
3
3
1
4
4
2
3
0
1
1
3
4
3
3
2
2
3
1
1
2
2
1
7
4
2
2
4
0
1
3
3
3
2
1
3
1
4
1
3
4
3
2
2
6
3
6
5
5
2
4
8
6
7
6
4
3
6
8
8
4
7
8
5
4
6
6
4
4
3
5
7
5
4
5
4
3
7
2
5
5
7
6
4
3
1
1
2
5
2
1
1
2
1
0
1
2
1
0
0
0
0
1
1
0
0
0
0
0
0
0
1
1
2
2
0
0
1
0
0
2
0
1
0
2
0
0
1
0
0
0
0
0
0
1
0
0
1
0
0
0
1
0
0
1
0
0
0
0
0
0
0
0
0
0
1
0
0
0
0
0
0
0
1
0
1
0
0
1
1
0
0
0
0
0
0
0
1
1
0
0
0
1
0
0
1
0
0
0
0
0
0
0
0
1
0
1
0
0
0
1
1
0
0
0
0
0
0
1
0
0
0
0
0
2
2
$ENER_FIT:
-0.447 3.021427 3.67484e-005 -7.13736e-008 0.00000e+000
$MCA_CAL:
5
-0.447 3.021427 3.67484e-005 -7.13736e-008 0.00000e+000
$PEAKLABELS:
23.875, "Tl-201"
55.148, "Tl-201"
44.266, "Tl-201"
145.647, "Tl-202"
483.450, "K-40,(Bkgd)"
869.104, "Th-232(d), (Bkgd)"
$ENDRECORD:
