$SPEC_ID:
PeakEasy Library File: Tl-201, Detective (HPGe), 83 uCi @ 61 cm
$MEAS_TIM:
11685.96000 12173.46000
$DATE_MEA:
25-Sep-2004 2:01:36 AM
$DATA:
0 8191
0
0
0
0
0
0
0
0
0
0
0
0
0
0
0
0
0
0
0
0
0
0
0
0
0
0
0
0
0
0
1
1
3
4
5
4
3
7
20
468
19015
43908
44222
43296
42324
41313
40679
39656
39040
38131
37809
36142
36062
35130
34628
33917
33392
32535
31972
31467
31156
30203
29841
29347
28658
28337
27674
27138
26618
26272
25595
25219
25067
24373
24274
23760
23009
22781
22575
22027
21607
21564
20761
20447
19976
19716
19409
18954
18807
18294
18223
17965
17777
17456
17171
16858
16680
16658
16379
16459
16024
16140
15937
15743
15861
15446
15736
15807
15468
15547
15540
15738
15533
15654
15833
15688
15931
15839
16072
15852
16226
16251
16150
16304
16725
16542
16992
17179
17402
17540
17586
18195
18226
18341
18732
19115
19376
19552
20025
20202
20435
21170
21909
22407
23377
24305
25362
26566
28382
30025
31777
33981
35531
36779
37906
38848
39695
39950
40287
41356
41487
41933
42194
43214
43343
43729
43915
44362
45179
46208
46312
46936
47822
48469
49942
51210
52967
54361
56317
58627
61787
66014
76611
104876
166266
262836
346517
354763
303315
295077
391685
528007
555180
422352
227717
93363
36816
20558
17285
16329
15989
16090
16506
16604
16842
17138
17471
18336
18974
19740
20972
22764
28336
43778
78835
137071
200714
228662
196882
128856
70883
48763
55907
69617
70201
54176
31881
15617
8044
5240
4429
4424
4189
4079
4173
4224
4145
4085
4298
4256
4416
4500
4608
4663
4633
4638
4688
4706
4717
4786
4863
4774
4649
4747
4746
4785
4952
4976
4844
4865
4717
4862
4870
4898
4984
4927
5145
5111
5239
5225
5263
5536
5568
5752
6020
6117
6337
6412
6514
6647
6613
6660
6745
6719
6629
6639
6610
6671
6502
6522
6513
6539
6677
6601
6512
6489
6574
6441
6363
6479
6406
6336
6317
6279
6423
6383
6186
6237
6218
6223
6199
6200
5938
6138
6096
6019
6021
5912
5832
6095
5770
5889
5768
5798
5828
5651
5616
5701
5544
5594
5555
5626
5616
5431
5495
5482
5341
5414
5427
5211
5406
5264
5304
5238
5323
5248
5248
5123
4973
5407
5060
5083
5178
5184
5189
5056
5346
5272
5167
5297
5484
5859
7234
10844
19431
33992
50765
58477
49409
30393
14250
7010
4617
4189
4108
3963
3992
4158
4131
4123
3992
4130
4226
4185
4115
3993
4004
4067
3893
3900
4032
3978
4055
3997
4062
3913
3948
4231
4012
3992
4083
4171
4132
4021
4120
4079
4147
4068
4140
4093
4171
4020
4211
4198
4280
4076
4101
4160
4084
4048
4150
4049
4147
4151
4178
4113
4159
4164
4274
4321
4157
4205
4249
4288
4260
4214
4408
4345
4366
4466
4420
4626
4521
4655
4737
4859
5649
6718
9374
15430
26798
52271
97345
154631
187897
164884
102473
45253
14582
4342
2149
1702
1620
1653
1565
1569
1518
1547
1467
1488
1536
1524
1417
1452
1472
1439
1405
1500
1440
1396
1435
1393
1433
1444
1294
1393
1404
1265
1369
1405
1327
1304
1371
1327
1348
1356
1345
1263
1358
1322
1323
1382
1382
1301
1389
1381
1338
1311
1228
1261
1283
1267
1201
1312
1224
1249
1183
1193
1198
1194
1194
1202
1217
1194
1253
1138
1145
1149
1224
1177
1173
1163
1209
1133
1123
1146
1149
1169
1165
1142
1162
1133
1169
1148
1137
1144
1080
1185
1112
1093
1195
1097
1104
1018
1084
1089
1068
1072
1169
1097
1084
1060
1118
1097
1030
1008
1026
1100
1106
1053
1079
1008
1020
1020
995
1042
1037
994
1028
1050
1007
977
1033
999
1016
1003
1050
956
990
913
986
985
966
989
976
973
958
910
963
966
941
904
937
912
973
892
892
977
920
968
936
941
859
902
954
948
927
900
905
909
905
914
903
925
954
854
875
887
877
879
862
895
900
877
849
863
887
924
923
869
911
913
906
1005
950
1140
1270
1312
1279
1068
970
870
875
877
887
884
917
941
905
817
847
848
785
812
804
785
824
791
812
803
812
852
789
782
807
795
745
771
814
776
769
801
762
764
762
770
782
739
799
760
754
731
764
731
754
782
779
756
770
749
716
711
803
782
752
760
755
751
736
729
701
784
746
762
770
777
745
787
709
831
770
780
734
757
790
754
711
768
751
765
726
697
781
780
749
748
776
746
763
712
707
759
712
701
744
720
692
659
707
734
720
692
667
680
680
651
614
636
620
602
637
577
586
594
525
561
529
562
562
550
513
519
545
531
519
528
528
529
528
538
513
513
554
491
471
518
499
484
482
527
458
501
490
491
488
517
490
499
549
579
647
642
666
576
487
443
452
496
489
421
497
393
445
477
454
445
461
442
432
433
454
454
442
440
432
445
423
464
424
406
399
416
423
369
408
395
440
433
403
394
412
412
390
410
415
422
401
384
399
367
372
383
381
379
389
379
350
393
405
353
405
371
359
390
339
388
355
388
372
325
419
366
363
320
355
359
380
355
406
364
362
355
368
366
356
335
355
339
320
364
359
358
326
320
333
340
318
374
301
310
316
337
356
343
345
349
343
309
345
291
348
340
335
340
333
342
374
372
390
389
345
346
312
337
314
314
297
283
286
320
315
305
285
328
309
294
303
313
300
322
299
306
285
307
271
327
330
284
306
313
337
372
441
554
621
653
560
432
369
307
272
262
292
234
287
284
261
266
274
284
257
264
272
236
226
252
267
241
252
261
255
257
295
256
245
261
281
262
246
257
246
258
253
257
294
246
245
239
266
252
259
287
246
252
252
268
243
257
271
277
262
258
271
268
261
250
235
248
251
236
246
236
242
250
239
251
248
207
238
242
229
225
241
252
233
279
243
241
240
251
223
251
251
225
213
215
283
258
237
223
251
250
225
238
252
240
248
237
256
255
215
238
218
225
229
266
215
210
253
247
209
234
231
243
200
235
205
210
217
216
225
239
191
243
222
257
224
220
204
231
229
200
217
212
211
204
215
238
174
237
192
205
219
210
197
223
203
213
232
221
238
226
213
231
224
208
188
201
251
208
236
205
220
223
217
205
207
230
190
211
194
215
227
216
187
229
214
212
199
211
230
205
208
227
191
231
191
191
223
203
149
214
198
202
215
185
236
221
196
224
212
215
210
222
204
210
219
228
244
210
233
236
218
237
252
279
291
271
289
306
349
344
445
548
683
889
1121
1724
2796
4662
7961
11950
15064
14531
10818
6054
2676
923
314
159
136
143
153
129
159
122
144
137
136
152
142
123
101
109
138
112
144
113
131
121
127
134
140
139
121
111
122
142
128
126
132
127
111
123
116
142
126
141
126
121
106
132
120
103
116
121
123
92
120
128
118
117
127
134
137
156
159
157
123
120
121
131
114
111
117
113
109
108
115
117
109
127
99
104
111
123
111
134
94
126
101
104
105
106
104
109
128
116
110
97
87
129
92
104
125
105
117
114
98
99
115
117
100
105
107
108
103
115
104
109
104
105
115
108
112
99
94
102
105
106
103
104
112
98
97
116
103
114
81
100
94
99
93
104
91
105
110
103
106
103
99
103
99
121
99
96
102
101
99
105
89
110
128
93
107
102
101
96
116
94
93
95
101
96
108
97
112
101
109
105
78
96
100
112
101
114
100
103
144
110
121
140
134
174
177
223
214
179
171
158
128
129
113
130
107
104
108
107
93
105
100
90
95
84
84
93
89
101
134
112
145
179
160
153
142
99
98
79
91
95
93
91
77
79
98
96
84
82
83
88
112
77
95
76
96
96
110
104
89
79
94
93
74
80
92
76
86
104
94
89
94
78
86
91
97
86
72
64
93
105
89
78
81
88
93
83
89
82
83
87
81
103
93
95
92
89
94
98
89
82
87
96
93
82
95
98
99
91
100
97
91
77
89
68
80
82
97
99
86
84
84
94
82
87
86
121
62
86
78
96
65
72
89
87
51
78
106
80
86
77
66
87
97
78
88
74
75
89
87
90
83
82
87
76
69
84
94
108
84
100
81
71
86
78
82
81
85
78
96
92
94
92
84
76
85
107
84
99
89
81
82
65
96
77
69
75
76
83
94
95
75
79
70
92
99
80
97
111
117
151
181
187
242
219
214
135
91
92
82
86
77
76
77
71
70
74
50
85
74
62
78
81
59
84
94
95
78
72
72
71
78
72
69
79
84
74
71
78
62
73
81
84
78
72
72
74
78
67
71
74
54
85
74
83
59
64
87
62
78
68
77
72
94
98
75
75
83
105
108
153
173
238
305
393
378
294
220
119
118
67
64
91
63
77
63
77
68
65
70
66
69
69
71
69
55
58
73
61
65
60
46
77
56
55
66
55
61
64
72
61
70
75
62
59
63
74
69
55
68
51
64
63
65
59
75
58
76
74
71
49
60
59
69
70
75
58
50
84
64
69
75
63
73
75
74
80
65
60
63
62
59
69
57
56
55
57
51
72
45
60
62
59
54
65
71
59
60
65
65
43
60
53
61
47
70
54
55
72
65
52
65
57
69
59
62
75
75
78
64
58
54
69
72
62
68
65
74
58
60
56
56
85
48
68
75
74
45
55
51
70
59
48
66
77
64
66
72
75
54
66
68
54
70
72
72
76
57
75
63
64
55
69
76
71
62
49
53
41
58
67
53
62
62
77
68
64
60
58
74
55
78
51
61
73
57
52
61
57
62
52
58
46
61
60
48
63
69
55
48
76
61
58
58
58
47
61
60
52
54
52
61
64
48
53
54
54
66
61
50
54
58
65
60
72
67
59
66
58
54
65
64
59
48
57
63
52
80
50
56
56
62
52
49
56
54
49
57
58
55
56
44
65
60
70
51
61
49
69
54
48
41
54
46
54
59
60
70
59
59
65
50
50
42
50
57
52
74
56
48
61
47
58
56
55
52
48
54
65
55
51
66
34
46
57
56
67
55
63
53
64
51
45
53
54
51
69
53
62
56
43
45
64
51
42
42
44
59
59
66
70
54
65
91
77
88
84
91
51
64
51
53
47
43
59
48
55
45
52
62
50
48
52
59
44
54
62
38
53
36
45
57
48
56
56
55
61
45
65
58
55
45
69
48
63
47
50
56
56
53
47
45
61
49
51
45
51
38
48
43
53
59
48
50
49
49
54
65
62
58
42
53
48
49
50
49
69
51
57
58
46
47
53
51
51
43
53
51
30
57
50
57
66
55
45
62
50
49
52
57
54
49
58
50
67
56
50
52
51
55
52
56
52
60
58
61
75
77
75
58
60
63
51
44
62
44
44
43
61
47
53
69
44
57
58
55
49
54
47
59
45
42
59
51
43
51
43
45
54
48
35
44
41
42
50
64
47
53
46
53
50
58
44
53
54
61
49
50
48
46
45
52
37
36
57
39
41
37
37
49
41
40
46
54
35
49
67
52
61
67
71
52
58
43
60
47
49
63
47
35
40
40
55
36
36
40
33
33
51
43
47
47
41
38
43
35
38
44
45
39
49
46
46
40
50
47
52
45
47
43
32
47
40
36
48
59
43
48
41
38
38
39
53
45
43
64
28
35
42
38
44
51
43
47
52
47
46
39
51
34
60
43
52
56
48
43
49
45
31
51
38
34
38
52
37
44
44
39
35
28
40
33
46
39
41
50
37
33
47
43
43
38
38
45
32
54
43
43
37
42
39
38
38
51
49
34
38
43
47
49
50
49
45
44
44
36
30
50
32
45
38
62
44
42
48
48
39
44
46
27
31
38
44
37
45
37
37
44
40
36
33
54
51
42
26
43
35
41
42
30
46
60
40
30
35
44
34
40
47
54
43
58
37
44
36
59
58
70
53
50
58
47
38
36
41
29
42
38
41
40
32
48
51
40
48
39
49
48
45
45
40
47
35
40
41
44
53
35
30
45
41
50
49
27
38
48
46
38
44
35
28
49
42
38
36
47
39
39
35
46
36
27
37
32
45
37
34
32
28
37
45
31
30
45
37
39
36
39
39
46
51
32
35
44
38
38
41
40
49
41
34
37
30
39
43
43
39
36
39
38
34
38
41
37
38
38
33
41
36
41
35
41
28
42
50
41
34
40
34
41
39
43
41
32
45
38
48
49
51
39
26
28
35
47
51
49
43
52
50
47
59
82
108
133
142
129
133
92
72
61
35
34
50
36
49
28
28
43
32
25
35
42
37
41
30
34
31
35
38
39
37
22
25
38
32
32
31
40
40
42
34
30
36
44
27
27
41
40
27
32
28
39
29
28
36
31
40
46
52
45
38
35
40
42
52
38
49
57
58
51
50
42
34
37
35
40
46
38
26
38
45
54
49
29
33
40
45
32
35
31
31
32
40
43
32
34
29
40
47
50
36
42
34
34
35
30
43
45
44
60
25
43
40
38
36
28
32
43
35
30
23
36
24
30
35
31
28
32
34
31
39
36
34
41
39
42
36
39
40
38
38
37
37
33
41
32
41
41
54
52
59
48
55
47
47
42
39
43
62
61
90
92
97
77
65
55
47
40
31
39
31
22
41
42
32
22
31
32
35
32
22
17
31
18
28
38
38
43
39
26
30
26
29
36
33
36
32
45
29
27
33
30
36
31
26
38
28
41
36
33
24
26
28
29
27
28
22
27
43
32
28
32
26
30
39
33
41
35
33
34
24
28
42
28
35
37
26
38
38
39
38
31
38
35
28
29
38
36
41
44
25
42
32
32
32
33
20
32
38
32
33
39
29
39
35
26
30
25
36
38
39
24
36
23
34
38
27
43
33
33
41
30
33
36
35
28
23
30
35
27
40
35
32
29
19
31
31
29
29
33
29
40
42
24
28
22
43
30
36
26
45
35
35
35
33
24
25
34
35
35
26
34
30
33
34
37
33
31
33
33
28
37
32
28
32
35
27
34
38
26
32
35
34
35
32
20
39
43
26
29
35
36
37
37
28
28
19
33
34
32
35
27
35
29
35
49
44
31
26
37
37
36
41
31
30
30
30
28
24
33
38
28
40
26
30
27
34
31
32
32
32
39
33
35
33
33
31
25
29
21
34
29
30
23
33
34
33
25
36
35
38
29
41
33
22
31
34
26
27
37
31
26
33
42
36
30
28
32
39
26
38
26
42
36
20
41
31
31
39
33
27
38
20
36
25
37
37
35
27
32
33
37
39
29
34
40
27
26
35
43
44
26
30
29
38
33
25
21
34
36
27
32
41
26
34
34
36
24
37
24
35
36
16
30
26
34
32
24
34
32
38
24
28
28
34
29
30
32
36
32
32
32
28
42
33
24
32
33
27
38
18
36
22
26
27
38
35
21
37
31
33
39
34
26
30
40
37
40
30
31
29
27
30
36
39
34
32
34
36
31
42
27
38
42
27
30
30
33
31
33
31
28
27
35
37
34
41
26
45
36
27
28
35
30
46
40
37
43
51
70
75
80
93
87
100
72
51
42
42
26
31
34
27
33
35
38
35
29
29
38
32
23
32
33
45
42
30
35
29
31
39
45
36
35
29
32
41
24
31
36
30
26
29
29
27
34
34
30
26
32
28
39
30
28
32
28
26
41
36
37
36
29
16
30
39
34
30
29
24
31
26
31
37
25
34
30
31
35
43
39
27
37
44
25
34
41
33
32
41
36
30
33
36
49
44
29
39
37
39
23
37
29
27
31
31
39
22
33
31
38
35
31
37
31
29
29
31
30
46
38
21
27
37
24
43
32
46
40
27
40
41
27
35
39
33
35
43
27
39
32
40
32
28
40
30
31
36
29
37
48
40
38
34
25
28
32
37
38
37
42
30
36
30
35
44
42
32
30
33
34
42
33
42
29
36
20
36
30
32
23
36
30
33
32
32
32
39
37
30
31
35
31
21
33
31
32
45
27
31
40
38
42
43
38
35
32
39
32
29
24
32
36
32
37
33
28
36
40
33
35
35
28
32
29
36
32
21
32
39
43
38
39
31
48
35
30
43
41
28
26
38
28
42
44
33
40
29
31
30
28
32
38
33
39
36
35
34
38
40
33
39
34
47
37
34
30
23
42
36
42
42
35
34
34
41
39
31
34
32
25
34
38
38
28
47
45
36
24
36
27
38
40
34
37
29
49
40
33
48
31
30
33
30
39
35
36
29
29
43
41
34
20
34
42
33
43
32
33
33
46
44
54
66
54
64
39
35
44
30
31
31
24
33
30
37
25
31
26
26
39
25
28
22
29
30
33
34
23
30
21
23
31
22
28
18
28
34
23
29
26
25
24
23
32
32
34
32
29
24
28
27
22
23
27
27
22
26
17
31
32
18
26
22
24
27
21
23
29
23
24
27
23
22
26
25
22
26
20
20
26
25
30
25
22
20
12
21
20
22
16
16
26
14
16
28
20
19
25
27
28
22
30
26
16
27
30
20
27
20
28
28
22
21
24
27
33
23
35
27
27
29
27
27
29
16
20
26
19
20
19
21
15
20
21
24
16
23
15
25
28
11
23
24
19
13
25
13
15
23
17
26
20
18
17
24
16
17
21
14
18
19
22
23
20
27
12
19
24
9
20
19
23
12
12
11
12
18
20
25
18
23
13
15
17
23
17
18
17
14
14
16
26
15
27
19
18
22
16
12
15
13
20
21
14
23
19
17
18
17
12
16
17
25
20
17
14
21
17
18
19
14
15
12
10
14
18
16
15
18
9
11
14
15
13
13
19
25
20
11
11
17
20
23
12
20
14
14
22
14
18
18
15
19
14
14
21
23
12
22
19
13
13
12
15
19
12
15
15
12
10
13
20
11
16
19
10
10
8
12
13
12
21
18
16
18
17
8
15
14
18
15
13
14
18
12
10
14
21
11
13
11
19
12
12
9
10
15
9
16
15
14
10
19
13
11
9
11
14
16
11
20
6
7
15
9
16
15
8
19
14
17
9
10
15
10
13
16
13
5
8
12
9
13
14
14
14
18
15
12
13
12
4
5
14
13
12
16
13
14
8
17
13
10
14
11
18
17
13
10
13
14
12
16
13
8
31
12
18
22
22
21
39
24
30
16
21
13
12
13
8
11
11
12
11
12
9
9
14
14
17
9
11
16
13
15
8
6
15
14
10
15
11
14
12
6
7
16
12
8
10
15
9
11
9
15
11
12
9
8
11
8
15
11
13
11
13
12
15
17
12
15
13
18
16
17
13
17
12
15
17
25
11
12
10
16
9
14
8
19
19
12
16
11
16
26
25
18
18
12
9
13
11
13
10
14
10
11
12
6
14
13
13
13
8
15
7
16
11
6
19
9
10
17
13
14
10
8
15
12
18
12
10
16
10
10
13
4
16
14
14
9
13
11
13
7
16
9
13
12
13
6
15
13
9
7
14
7
13
14
13
14
18
11
8
8
12
15
12
12
17
13
12
8
8
13
9
6
7
10
11
16
14
9
9
13
10
11
17
10
8
15
12
15
9
10
15
17
13
13
17
15
9
8
8
12
12
22
10
20
19
28
21
16
12
17
14
29
28
25
27
25
27
33
45
42
53
58
69
68
90
132
143
211
251
321
436
560
567
575
484
419
286
128
85
38
13
10
7
5
6
3
2
9
5
6
3
6
3
11
8
11
8
7
5
7
7
7
5
6
0
4
9
7
8
7
6
7
6
6
3
4
3
5
8
6
4
6
7
6
10
9
3
11
8
6
8
8
7
8
5
7
7
8
7
9
10
4
4
6
8
9
5
7
5
7
4
11
12
7
9
8
10
3
11
7
6
13
4
5
11
2
10
16
10
9
7
9
6
9
5
10
6
7
12
8
14
7
7
10
3
9
2
12
7
7
2
6
8
8
9
2
7
7
9
6
13
8
11
18
16
11
9
10
10
12
13
11
7
3
9
5
6
8
5
4
5
7
10
10
7
6
5
2
4
11
15
7
12
7
9
8
6
3
10
8
9
8
2
5
6
8
10
9
7
5
8
6
8
6
9
3
7
7
9
11
7
6
3
8
7
10
10
5
6
7
8
4
6
6
7
7
4
5
9
7
9
6
2
6
3
5
7
3
8
7
6
7
8
6
6
5
8
2
4
4
3
2
4
9
5
6
4
7
6
6
3
6
3
5
7
1
5
7
3
9
5
4
4
4
4
3
3
5
3
6
2
8
7
7
5
4
4
9
5
7
3
3
5
7
5
8
7
8
3
2
6
8
5
2
3
9
4
8
6
2
7
7
6
3
6
5
5
4
8
3
8
10
3
4
4
5
5
5
7
8
7
5
7
9
5
5
9
5
7
5
3
9
3
7
6
5
3
8
6
7
7
9
10
7
13
14
5
9
14
11
9
10
7
6
10
7
10
11
12
15
8
11
12
12
14
9
7
20
15
21
17
18
25
15
10
6
12
7
6
6
8
8
7
11
5
2
6
8
5
7
5
4
4
8
5
6
2
4
4
8
5
5
3
5
3
4
4
8
5
0
8
1
4
6
6
9
6
6
3
7
8
4
1
5
3
9
4
5
7
4
5
4
7
10
1
6
4
6
7
2
6
8
4
6
9
9
1
7
4
12
4
5
4
7
4
9
6
6
3
8
6
7
4
7
10
13
2
6
6
5
8
9
6
7
6
4
3
8
6
5
2
5
5
10
4
1
4
5
6
4
3
3
5
9
12
3
8
5
5
2
5
1
8
7
2
3
6
5
7
6
5
4
3
3
2
2
4
4
2
4
7
4
2
5
5
8
6
4
9
5
0
5
0
8
3
5
7
5
5
3
5
5
5
4
6
4
2
3
3
1
1
3
7
9
9
7
6
13
8
6
7
3
0
3
3
2
4
4
5
1
5
6
5
5
5
6
3
4
6
4
3
6
5
4
7
9
7
3
6
4
7
2
4
3
8
6
2
11
2
11
0
8
2
0
2
2
1
4
1
5
7
4
4
3
7
5
2
2
5
4
4
2
4
6
3
4
3
1
3
2
4
4
2
4
5
6
5
0
6
2
2
3
7
2
2
7
8
3
3
3
5
1
4
4
3
4
2
4
5
6
2
9
1
0
8
5
5
2
2
6
7
5
4
5
2
6
3
6
4
3
5
9
4
1
4
5
4
5
2
5
5
3
5
5
6
8
4
8
3
2
5
2
5
3
0
5
4
3
4
6
3
6
5
2
2
4
4
11
7
3
7
3
3
6
6
2
5
7
5
5
2
7
5
5
11
3
7
6
4
20
13
11
9
10
14
10
6
7
1
3
3
1
4
4
2
1
2
4
2
6
6
7
6
2
4
6
6
7
5
3
7
5
3
2
5
6
1
3
3
1
3
6
1
1
10
4
2
7
5
3
5
4
5
5
2
4
5
5
4
3
1
6
0
2
5
7
1
5
5
8
6
4
5
4
6
7
1
6
3
6
8
13
5
4
3
12
15
9
13
5
11
12
22
34
23
38
56
58
34
38
32
17
16
7
2
8
5
5
1
2
4
3
1
2
1
5
2
2
4
3
0
2
5
2
3
2
1
1
4
5
2
1
3
3
5
5
3
4
4
6
7
2
4
4
3
3
2
2
3
2
2
4
4
2
3
1
2
3
0
5
4
5
2
6
2
7
1
3
3
3
7
3
2
3
3
0
5
3
5
2
3
3
8
3
3
2
3
5
2
2
2
4
3
6
3
3
4
2
5
6
3
5
4
3
3
5
5
5
5
4
3
3
3
2
5
8
3
4
1
4
4
3
2
3
3
3
2
3
6
2
2
4
6
5
2
4
3
1
4
4
3
5
1
2
4
1
2
3
6
5
5
4
3
5
4
4
5
5
5
2
3
2
3
4
5
5
5
2
4
3
5
4
5
5
5
2
4
3
4
2
4
3
5
2
5
7
5
3
2
0
10
6
11
3
6
1
3
2
4
3
2
4
2
7
5
2
5
3
6
1
6
2
7
4
4
5
5
5
9
6
9
5
10
18
8
6
8
4
5
2
6
4
1
8
4
3
3
2
4
3
3
5
1
4
1
3
2
5
1
5
3
2
4
4
7
9
4
5
4
5
3
2
3
3
3
3
4
3
5
1
3
4
6
5
1
4
5
3
3
0
5
3
3
1
5
2
1
3
7
3
8
3
2
7
11
4
5
0
7
4
5
5
4
2
1
3
1
2
2
3
4
3
2
1
2
5
2
7
6
3
4
4
4
3
5
7
3
5
6
3
4
9
7
2
2
1
1
4
2
4
1
4
4
3
3
1
1
4
4
3
3
2
4
4
7
2
4
5
2
5
1
1
2
4
3
2
3
4
6
2
1
3
4
4
9
3
3
2
3
7
5
3
3
5
3
4
7
4
4
2
2
4
5
5
4
4
2
6
2
2
3
3
2
2
11
0
7
6
3
5
1
1
3
1
4
9
5
3
7
5
5
2
4
2
1
6
6
3
1
0
1
4
5
3
3
2
9
3
4
5
11
3
0
4
1
1
3
5
3
1
7
4
4
3
4
3
3
3
7
6
4
7
5
5
3
2
3
2
4
2
6
3
7
4
2
0
5
2
2
4
3
2
5
5
4
3
2
9
4
3
3
2
5
1
5
4
5
1
1
5
6
2
4
7
4
4
7
6
3
4
2
5
1
3
6
2
5
9
3
1
1
3
4
3
4
2
5
3
2
2
5
3
2
1
3
4
7
5
1
4
2
7
5
5
3
3
4
3
1
1
2
3
1
2
3
6
1
6
3
5
5
2
2
3
4
2
4
5
5
2
4
2
4
3
2
5
5
2
1
1
2
4
3
2
3
1
1
4
4
5
1
6
4
3
3
0
5
4
6
4
3
5
8
6
1
3
6
1
5
3
1
5
2
6
3
2
4
3
4
2
1
5
4
4
3
3
4
1
5
2
1
1
6
3
1
3
3
2
3
2
3
3
5
5
1
2
2
3
4
6
2
8
1
1
2
4
4
4
1
7
4
4
5
2
3
4
3
0
5
5
1
2
8
2
6
1
7
0
0
2
2
3
1
1
4
5
4
2
3
2
2
4
4
6
2
2
4
4
3
4
3
2
2
3
4
3
2
5
3
2
1
5
2
5
2
5
4
2
2
1
5
2
0
7
2
0
0
3
2
3
2
0
2
1
3
0
1
3
2
7
4
2
3
5
4
5
4
1
1
2
6
2
2
3
7
1
4
9
4
3
4
6
6
3
0
5
3
2
3
5
5
2
2
8
1
4
4
3
1
3
4
4
1
2
3
4
3
5
1
3
1
5
6
6
3
1
3
2
0
3
5
4
2
4
2
3
7
4
2
4
3
5
3
1
3
3
3
2
2
2
1
3
5
5
2
2
1
4
5
3
2
0
3
5
2
2
2
2
2
3
3
4
2
1
3
4
4
2
4
5
2
1
1
4
3
5
0
0
4
2
1
2
2
2
3
2
5
0
1
1
2
3
5
2
3
3
2
5
2
3
0
8
4
8
3
4
6
4
3
0
4
6
2
5
4
5
4
3
6
7
4
5
3
2
4
8
6
2
2
3
8
9
11
12
7
11
10
12
13
9
8
7
9
10
7
2
6
2
3
6
4
4
3
3
4
4
8
1
4
1
4
5
4
5
4
3
1
5
3
2
3
1
6
5
5
6
3
5
3
5
4
10
4
4
1
1
4
3
4
3
1
3
2
2
1
1
1
1
2
1
2
2
2
2
3
2
3
2
4
5
2
4
2
4
4
3
4
3
2
0
2
0
7
3
4
5
0
3
4
3
1
4
3
2
5
3
7
1
3
2
5
4
3
5
4
5
3
2
4
2
2
1
3
4
1
3
4
3
4
4
2
1
3
0
6
2
1
1
5
5
2
1
3
2
4
4
2
2
3
6
5
4
3
3
2
3
5
2
1
1
3
5
4
4
5
4
3
3
3
2
0
3
3
4
4
2
1
4
0
2
4
3
3
1
2
2
5
5
6
2
3
2
2
2
4
5
3
1
3
5
1
6
1
4
4
3
3
2
2
0
2
4
3
3
0
2
4
5
10
2
3
3
4
4
0
5
4
2
4
4
3
4
6
5
3
2
1
4
5
4
7
3
0
2
4
3
4
4
3
2
5
3
2
6
0
6
3
2
4
5
2
3
2
1
4
3
7
6
7
1
4
5
5
9
12
6
8
12
14
10
9
15
9
9
11
6
1
4
1
2
0
4
1
6
4
4
0
4
4
3
2
3
3
3
2
8
3
6
2
6
2
4
1
4
1
4
2
6
4
0
2
1
1
2
2
2
1
1
4
4
5
1
3
1
3
2
3
2
3
7
3
4
3
4
2
3
1
4
5
0
6
4
1
0
2
2
1
3
2
0
2
1
4
3
6
4
4
4
4
0
3
4
1
0
2
3
1
5
3
3
1
2
4
4
3
2
1
1
0
3
1
8
4
2
2
2
5
1
4
2
0
2
1
2
2
1
2
1
3
5
2
6
5
2
1
1
6
2
3
5
4
1
1
3
2
4
3
0
5
2
4
5
2
4
6
3
3
5
0
3
4
8
1
5
2
4
4
2
2
4
4
2
1
3
4
0
2
1
1
1
2
2
5
2
4
3
5
1
5
6
4
4
4
1
2
4
2
0
7
6
0
0
2
3
3
4
3
8
5
3
1
2
2
1
1
1
3
2
3
0
3
3
2
2
4
3
4
3
2
4
1
1
3
2
3
1
0
2
4
2
0
5
4
4
4
6
4
3
8
6
6
2
2
3
4
2
2
3
7
1
3
5
1
1
3
2
2
2
3
5
3
6
2
2
3
2
1
2
4
0
3
2
4
3
4
0
3
3
1
3
1
5
3
4
2
3
3
4
3
4
3
2
2
3
5
3
3
7
4
3
3
4
1
6
5
5
5
3
1
2
0
2
5
1
1
7
3
4
5
1
3
6
6
4
6
4
3
4
5
5
3
4
6
3
6
4
2
3
3
4
5
6
3
0
3
3
3
0
6
1
1
1
8
7
2
4
4
4
1
3
1
2
5
6
6
2
1
4
5
3
3
1
2
6
2
0
2
5
6
0
2
1
3
4
3
4
5
2
3
2
5
2
3
8
7
2
3
1
3
4
3
6
8
4
2
6
3
4
3
9
0
3
6
1
6
4
5
3
4
3
3
4
2
3
7
6
3
9
6
2
4
3
0
6
2
4
5
2
7
3
7
4
4
3
5
3
1
6
6
4
4
7
3
4
2
2
1
6
4
3
4
4
3
2
3
3
2
4
2
2
0
2
0
2
1
3
1
3
1
1
4
5
4
3
4
3
0
1
2
4
2
1
3
4
2
3
0
2
1
3
5
2
4
1
4
2
2
3
4
0
1
4
6
1
3
3
3
2
1
2
0
1
1
1
4
4
6
2
1
1
1
1
1
3
2
4
1
3
2
1
2
3
2
0
0
3
2
1
3
3
3
3
4
1
4
4
1
4
2
5
2
1
4
1
4
2
4
2
1
1
2
1
2
2
0
5
2
1
5
0
2
5
2
2
1
1
3
6
4
1
2
2
1
0
2
4
3
4
1
2
6
2
1
3
4
1
4
3
1
0
2
1
4
2
2
1
2
2
1
2
0
4
3
0
2
2
1
2
1
4
3
2
0
2
3
2
1
3
2
4
4
3
8
4
3
5
5
4
7
8
3
6
5
6
7
2
3
1
2
2
4
3
4
3
1
2
0
2
1
2
2
1
4
1
2
1
1
3
3
1
1
4
4
0
2
3
1
2
0
2
0
3
0
2
1
2
0
3
1
1
2
0
0
2
0
2
2
2
1
1
1
0
3
1
2
2
2
2
1
2
1
2
0
3
3
0
1
0
3
1
0
1
2
0
1
1
0
1
1
1
4
2
0
1
2
1
0
0
1
1
2
0
3
0
1
3
2
1
2
0
0
1
0
0
2
1
1
1
2
0
1
1
1
0
0
2
1
0
2
3
0
1
0
1
1
0
2
0
2
2
2
0
1
0
1
0
0
0
3
0
0
0
3
0
0
0
3
0
0
2
0
0
1
0
0
0
1
0
0
2
1
2
1
0
0
1
1
0
1
0
2
0
1
3
0
0
1
0
1
0
2
2
1
1
0
1
3
1
1
2
0
1
0
0
2
1
1
0
1
1
2
0
1
0
2
0
2
0
1
2
0
1
1
1
0
1
2
0
1
1
0
1
2
0
0
0
0
1
1
0
2
1
1
0
0
1
0
1
0
0
2
1
0
1
0
0
1
2
1
0
0
0
2
2
0
0
0
3
0
1
1
0
0
1
2
0
0
0
0
0
2
2
1
2
0
0
0
1
2
0
0
1
0
1
0
0
0
0
0
1
1
1
0
0
2
0
1
0
0
0
3
2
1
0
0
0
1
1
0
1
1
0
0
0
1
0
1
1
0
1
2
0
0
2
0
1
0
0
1
2
1
2
0
0
0
0
0
0
0
1
1
0
0
0
0
0
2
0
1
0
2
1
1
1
1
1
0
0
2
0
1
1
1
0
2
1
1
0
1
1
0
2
2
0
0
2
0
2
0
2
0
0
1
1
2
0
3
3
0
0
0
0
0
0
1
0
0
0
1
1
0
0
1
2
4
1
1
3
0
1
1
1
3
1
5
1
1
2
3
3
1
3
9
3
7
5
6
6
5
5
2
5
10
13
8
15
20
21
23
26
40
44
62
48
52
60
44
38
26
22
16
3
3
2
1
0
0
0
0
0
0
1
0
0
0
0
0
0
0
0
0
0
0
0
1
0
0
1
0
0
0
0
0
2
0
0
1
0
0
0
0
1
0
0
0
1
0
1
2
0
0
0
1
0
0
0
1
0
0
1
0
0
0
0
1
0
1
0
1
1
0
0
0
0
1
0
0
0
0
0
1
0
0
0
0
0
0
0
2
0
0
0
1
1
0
0
1
1
0
0
0
0
0
0
0
0
0
0
0
0
0
0
0
0
0
1
1
0
1
0
1
0
0
1
0
1
1
0
1
0
0
1
0
1
0
0
0
0
0
1
0
0
0
0
0
0
0
0
0
0
1
0
0
0
0
1
0
0
0
0
0
1
0
0
0
0
0
1
0
2
0
0
1
1
0
0
0
0
0
1
0
1
1
0
0
0
0
0
0
2
0
2
0
0
0
1
0
0
0
0
0
1
0
0
0
0
0
0
1
0
0
0
0
1
0
0
0
0
0
0
1
0
0
0
0
0
0
0
0
0
0
0
0
0
0
1
0
0
0
0
0
0
0
0
0
0
0
0
0
0
1
0
1
0
0
0
1
0
0
0
0
0
1
0
0
0
0
0
0
0
1
0
1
1
0
0
1
2
0
0
0
1
0
0
0
0
0
0
2
0
0
0
0
0
0
0
0
0
1
0
0
0
0
0
1
0
0
0
1
1
0
1
1
0
0
0
1
0
0
0
0
0
0
0
0
0
0
0
0
0
0
0
0
0
0
0
0
0
1
2
0
0
0
0
0
1
0
0
0
0
1
0
0
0
0
0
0
0
0
0
0
0
1
0
0
0
1
0
0
0
0
0
1
0
0
0
0
1
1
0
0
0
1
0
1
1
0
1
0
2
0
1
0
0
1
1
0
0
0
0
0
0
1
0
0
0
0
0
0
0
0
0
1
0
0
1
0
0
0
0
1
0
1
0
0
0
1
0
0
0
0
0
0
0
0
0
1
0
0
0
0
0
0
0
1
0
0
0
0
1
0
0
0
0
0
0
1
0
1
0
0
1
1
0
0
0
0
0
0
0
0
0
0
1
0
0
0
0
0
0
0
0
0
0
0
0
0
0
0
0
1
0
0
0
0
0
0
0
0
0
1
0
0
0
0
0
0
0
0
1
0
0
0
0
0
0
0
1
0
0
0
0
0
0
0
0
0
0
0
0
0
0
0
0
1
0
1
1
0
0
0
1
0
1
0
0
0
0
0
0
0
0
0
0
0
2
0
0
0
0
0
0
2
0
0
0
0
0
1
0
0
0
0
0
0
0
0
0
0
1
0
0
0
1
0
0
0
0
0
0
0
0
1
0
0
0
0
0
0
1
0
0
0
0
1
1
0
0
0
0
0
0
0
0
0
0
0
0
0
0
0
0
1
0
0
0
0
0
0
0
0
1
0
0
0
0
1
0
0
0
0
0
0
0
1
0
1
1
0
1
0
1
0
0
0
0
0
0
0
0
1
0
0
0
0
0
0
0
0
1
0
1
0
0
2
0
0
0
0
1
0
0
0
0
0
0
0
0
0
0
0
0
1
2
0
0
0
0
0
0
1
0
0
0
0
0
0
0
0
1
0
0
0
0
0
0
0
1
0
0
0
1
0
0
0
0
0
0
0
0
0
0
0
0
0
0
0
0
0
0
0
0
0
1
0
0
0
1
1
0
0
0
0
0
0
0
0
0
0
1
0
0
0
0
0
0
0
0
0
0
0
0
0
0
0
0
0
1
0
1
0
0
0
0
0
0
0
0
1
0
0
0
1
0
0
0
0
0
0
0
0
0
0
0
0
0
1
0
0
0
0
0
1
0
0
0
1
0
1
1
1
0
0
2
0
0
0
2
0
0
0
0
0
0
1
0
0
0
0
0
0
1
0
0
1
0
0
0
0
0
0
0
1
0
0
1
0
0
0
0
0
1
0
0
0
0
0
0
1
0
0
0
1
0
0
0
1
0
0
0
0
0
0
0
0
0
0
0
0
0
0
0
1
0
0
0
1
0
0
0
0
1
0
0
0
0
0
0
0
0
0
0
0
0
0
4
0
0
0
0
0
0
0
1
0
0
1
0
0
0
0
1
0
0
0
0
0
0
0
0
0
0
0
0
0
0
0
1
0
1
0
0
1
0
0
0
1
0
0
0
0
0
0
0
0
0
0
0
0
0
1
0
0
0
0
0
0
1
1
1
0
0
0
0
0
1
0
0
0
0
0
1
0
0
1
0
1
0
0
0
0
0
0
0
0
0
0
0
0
1
0
0
0
0
0
0
1
1
0
0
0
0
0
0
0
0
0
0
0
0
0
0
0
0
0
0
0
0
0
1
1
1
0
0
2
0
1
0
0
1
0
0
1
0
0
1
0
0
0
0
0
0
1
0
0
1
0
0
0
0
1
0
0
1
0
1
0
1
0
0
0
0
0
0
0
0
0
0
$ENER_FIT:
0.095 0.368794 -2.04918e-007 2.01840e-011 0.00000e+000
$MCA_CAL:
5
0.095 0.368794 -2.04918e-007 2.01840e-011 0.00000e+000
$PEAKLABELS:
192.117, "Tl-201"
186.145, "Tl-201"
217.395, "Tl-201"
454.142, "Tl-201"
224.250, "Tl-201"
366.893, "Tl-201"
1192.275, "Tl-202"
1411.577, "Tl-202"
7097.391, "Th-232(d),(Bkgd)"
3966.065, "K-40,(Bkgd)"
$ENDRECORD:
