$SPEC_ID:
PeakEasy Library File: Tl-201, Interceptor (CZT), 83 uCi @ 50 cm
$MEAS_TIM:
12032.70000 12036.10000
$DATE_MEA:
25-Sep-2004 02:09:17
$DATA:
0 1023
0
0
0
0
0
0
0
0
0
0
0
0
0
0
0
0
0
0
0
0
1057
2089
2041
2189
2357
2526
2899
3244
3740
4074
4496
4524
4565
4614
4872
5278
6175
6959
7819
8543
9139
10329
12571
16018
21827
27699
32260
31620
26429
18962
12617
9752
9189
9668
9414
7549
5400
3143
1786
977
727
645
604
603
660
686
702
680
706
769
734
761
720
713
710
731
688
652
648
626
634
672
613
644
683
704
814
967
1118
1282
1316
1244
1025
775
635
512
465
454
486
450
443
455
531
523
579
653
793
1020
1408
1812
2372
2520
2538
1870
1335
714
354
181
106
104
88
85
81
95
76
98
67
75
73
65
72
62
65
66
62
65
59
56
64
67
53
56
57
66
55
51
52
55
47
45
37
52
40
39
45
43
43
31
35
62
43
43
36
35
49
38
33
28
38
26
34
24
14
33
30
29
24
33
24
30
30
25
25
25
19
24
18
14
28
16
19
16
23
18
17
24
15
22
15
11
10
21
11
11
20
16
14
12
9
14
13
12
10
20
10
21
12
11
16
13
13
10
6
3
7
9
9
12
19
6
9
7
11
13
12
14
9
5
8
9
9
10
8
8
8
4
5
7
8
10
11
10
9
8
11
12
9
10
7
2
9
15
7
11
7
6
8
10
18
8
14
5
7
14
13
8
13
9
16
11
19
13
13
24
16
30
25
35
31
59
64
55
67
48
45
42
27
24
11
8
4
3
3
5
0
6
6
1
4
6
3
0
2
6
1
1
5
1
2
3
3
4
2
2
3
4
4
6
1
1
2
3
5
3
2
5
1
2
1
3
3
5
3
2
6
5
5
4
2
3
1
3
4
0
1
1
4
3
2
2
0
2
6
2
1
1
0
3
2
1
1
3
4
2
1
1
4
4
5
1
0
3
1
3
5
3
1
1
2
4
0
9
2
3
1
2
2
1
1
3
3
1
3
1
4
1
1
7
5
1
2
0
1
1
0
1
2
4
2
1
2
1
2
1
2
2
1
0
0
0
0
2
1
1
4
4
2
1
3
1
1
0
0
1
1
2
1
3
0
1
1
2
2
1
3
1
2
3
2
1
1
1
1
0
0
1
2
1
1
2
1
0
3
2
1
1
2
1
0
1
0
1
2
0
1
4
1
2
3
0
1
3
1
0
0
0
0
1
1
1
2
0
0
1
0
0
2
3
1
3
1
1
0
3
1
2
3
1
2
1
0
3
1
0
1
1
3
1
0
1
4
0
1
0
1
2
1
2
2
1
0
0
0
1
1
1
2
2
0
1
0
0
0
1
2
2
0
1
2
2
1
0
1
1
2
0
0
0
3
1
3
1
0
2
3
1
0
2
1
2
3
1
2
0
3
2
1
1
1
0
0
0
0
0
1
1
0
0
0
0
0
0
1
2
0
2
0
0
0
2
1
1
1
0
2
1
2
1
0
1
1
1
1
4
1
0
1
1
1
1
1
1
0
1
0
2
2
2
0
3
1
0
0
0
1
1
1
1
1
1
0
0
1
0
0
0
1
0
0
0
1
2
1
1
0
1
0
1
3
0
2
2
0
0
0
0
0
2
0
0
0
1
2
0
0
0
1
1
0
0
1
1
0
1
1
0
0
3
2
0
2
2
2
0
1
0
0
1
0
2
1
1
1
2
1
0
1
2
2
0
2
0
0
1
1
2
1
0
1
0
1
2
1
0
1
3
2
1
0
1
3
0
0
1
1
1
4
2
1
0
0
1
0
1
0
0
2
1
0
0
0
0
1
0
0
0
0
1
2
1
1
0
0
0
0
0
1
1
1
0
1
1
0
0
0
1
0
1
1
1
1
0
0
1
0
1
0
0
0
0
0
0
2
1
3
0
1
1
0
2
1
1
2
0
1
2
0
3
2
1
0
1
1
0
1
0
2
0
0
0
0
0
1
0
1
0
0
1
0
1
0
0
0
0
0
0
1
2
0
0
1
0
0
0
1
0
0
0
0
1
0
0
0
0
1
0
0
1
1
0
1
0
1
1
0
0
0
1
0
0
0
0
1
1
0
0
1
0
1
1
1
1
0
0
0
1
2
0
0
0
0
0
0
0
0
2
1
0
0
1
1
0
0
0
0
2
0
0
0
0
0
0
1
0
0
0
0
0
0
0
1
1
0
0
0
0
1
1
0
0
0
0
1
1
1
0
0
0
0
0
1
1
0
0
0
0
0
0
1
0
1
2
0
1
1
1
1
0
0
0
3
0
1
3
0
0
1
0
0
1
0
0
0
0
1
0
1
1
0
0
1
1
1
0
0
0
0
0
1
0
0
0
1
1
0
1
0
0
0
0
0
0
0
0
0
0
0
0
1
0
0
0
0
0
$ENER_FIT:
0.000 1.500000 0.00000e+000
$MCA_CAL:
3
0.000 1.500000 0.00000e+000
$PEAKLABELS:
46.340, "Tl-201"
54.401, "Tl-201"
111.325, "Tl-201"
90.186, "Tl-201"
291.063, "Tl-202"
$ENDRECORD:
