$SPEC_ID:
PeakEasy Library File: Tl-201, IdentiFINDER (NaI), 13-days Old, 83 uCi @ 50 cm
$MEAS_TIME:
11808.00000 11881.00000
$DATE_MEA:
25-Sep-2013 10:59:00
$DATA:
0 1023
0
0
0
0
0
466
25564
52922
75198
96355
117186
144257
182169
214120
216090
193648
191061
235269
317441
432113
579858
798796
1135079
1522597
1718815
1574890
1204623
845816
586140
395366
239109
133921
80122
63320
61322
61922
62460
63289
62075
60836
59900
61476
66698
74803
81361
83615
80769
72627
63881
57618
56924
65072
82290
104934
127892
145040
150938
141549
121536
94734
68358
46185
30722
21175
15926
13058
11656
10953
10547
10346
10020
9814
9505
9477
9302
9178
8943
9092
8850
8763
8411
8329
8063
7719
7350
7109
6753
6642
6269
5756
5711
5476
5325
5151
5067
4783
4709
4563
4477
4376
4171
4095
4000
3801
3648
3595
3498
3427
3344
3284
3336
3250
3268
3216
3225
3178
3096
3051
3011
2914
2831
2814
2597
2591
2464
2411
2327
2217
2170
2236
2271
2186
2238
2296
2394
2503
2766
3174
3763
4401
5233
5947
6862
7609
8505
9346
9762
10194
10245
10131
9578
9075
8451
7403
6379
5428
4577
3873
2982
2601
2102
1773
1430
1329
1210
1112
1051
1002
1002
992
1000
973
957
954
959
918
897
918
909
883
859
843
837
758
768
814
800
763
775
752
723
751
794
797
811
755
808
825
835
853
863
813
876
837
859
840
758
754
753
714
682
689
669
612
599
535
555
542
562
506
510
538
484
489
507
457
476
455
506
464
453
484
480
469
435
433
438
440
428
468
426
449
422
453
436
435
425
441
427
418
401
404
433
419
384
379
417
388
395
405
392
366
369
388
374
370
379
357
387
394
361
346
342
388
373
352
355
346
362
347
334
322
376
373
343
356
311
347
345
343
324
341
318
324
311
340
328
318
346
326
334
329
285
322
350
342
352
364
350
324
353
344
329
347
363
355
331
331
332
324
310
302
322
314
288
317
290
318
340
306
297
259
286
264
269
276
269
261
232
253
267
233
240
245
243
263
257
234
218
244
219
232
209
214
254
241
226
240
248
240
234
239
246
257
228
245
238
252
269
257
247
240
261
242
235
259
263
239
247
229
247
239
257
275
246
254
221
236
238
236
249
240
220
241
225
220
234
213
217
228
188
200
194
186
190
185
188
200
163
189
190
171
172
167
141
164
162
173
176
149
142
140
152
138
131
147
136
130
138
145
119
115
133
121
109
114
99
114
116
113
105
94
101
100
110
104
109
107
104
102
94
94
96
94
97
105
96
98
96
104
100
95
103
110
109
101
123
132
117
122
138
154
150
132
165
151
187
204
222
229
203
240
249
275
280
295
290
310
294
310
306
300
309
310
306
293
291
283
269
267
274
241
204
209
197
197
174
165
153
143
134
132
109
103
93
81
85
93
68
56
60
75
54
56
67
68
58
69
59
48
50
50
45
52
45
59
55
59
49
48
50
46
42
47
40
34
45
34
37
45
34
49
42
49
43
37
40
32
31
35
33
38
26
24
41
33
34
43
33
25
34
45
44
36
41
34
36
45
37
40
40
41
43
44
46
40
38
36
46
41
42
35
51
57
33
44
44
49
46
60
43
51
47
45
52
42
28
29
32
32
41
30
36
30
35
38
45
35
34
34
33
35
22
27
22
25
29
27
28
26
23
26
32
16
20
32
29
26
28
26
22
30
23
23
22
16
22
25
24
26
21
24
19
17
20
17
20
15
26
17
26
17
19
17
18
27
23
19
16
26
16
15
15
18
15
15
20
17
26
22
13
20
17
15
13
19
22
15
20
24
30
23
20
18
24
22
25
27
18
15
21
12
19
27
31
17
23
34
31
40
29
29
28
23
23
33
33
22
24
31
30
26
20
26
30
24
23
19
24
29
20
20
23
22
23
26
31
21
11
29
23
25
25
26
18
19
28
21
17
23
19
22
24
28
18
22
18
15
12
24
21
18
26
23
25
11
17
19
19
23
22
26
19
18
15
17
18
18
21
24
16
20
16
16
15
18
18
16
19
13
16
23
18
17
18
18
16
20
13
16
19
18
10
7
6
16
14
7
8
12
5
17
12
10
10
7
12
9
16
10
7
4
10
3
12
7
8
9
11
9
8
9
9
8
3
5
3
5
6
6
8
7
3
1
3
2
11
12
9
4
9
6
8
10
6
14
5
8
7
11
11
14
10
12
14
10
16
16
11
17
11
12
12
27
18
23
21
14
20
29
22
21
19
29
26
28
19
22
23
22
25
22
17
20
17
23
14
16
26
18
11
9
11
11
5
14
15
2
9
4
7
8
8
5
4
5
5
6
2
6
4
8
7
6
5
0
2
2
4
2
2
3
2
2
3
1
1
2
2
0
1
3
1
1
4
1
2
0
2
2
3
2
3
4
3
3
2
2
2
1
1
2
1
2
1
1
4
0
0
2
3
3
3
0
0
2
0
4
1
1
1
0
2
1
2
0
0
1
1
3
1
0
3
2
1
1
3
3
0
0
1
0
1
2
1
2
1
0
1
1
1
1
0
0
2
0
1
2
2
0
1
0
1
1
$ENER_FIT:
0.635 2.968718 4.00257e-005 -6.27233e-008 0.00000e+000
$MCA_CAL:
5
0.635 2.968718 4.00257e-005 -6.27233e-008 0.00000e+000
$PEAKLABELS:
23.926, "Tl-201"
57.027, "Tl-201"
44.973, "Tl-201"
148.089, "Tl-202"
491.361, "K-40,(Bkgd)"
885.127, "Th-232(d), (Bkgd)"
$ENDRECORD:
