$SPEC_ID:
PeakEasy Library File: Pu-239 Indentifinder / FieldSpec
$MEAS_TIM:
299.00 702.00
$DATE_MEA:
6/30/2004 10:20:17
$DATA:
1 1024
0
0
16972
17348
18571
20666
23561
28100
32617
38831
43730
49104
54050
60103
67195
73707
80723
85304
87036
82141
75398
66989
58478
52875
51595
54591
60050
68662
78600
90946
104594
122323
141691
164786
194355
233643
280995
332869
379425
404837
395285
358377
293967
217669
143187
84852
46265
25967
16558
14148
13347
12944
13120
12818
12646
12468
12444
12592
12731
13051
13472
14074
14397
15707
16176
17185
17228
17493
16967
15993
15197
14124
12889
11844
11285
10774
10103
9956
9500
9021
8612
8432
7800
7293
6975
6652
6064
5736
5306
4821
4608
4462
4067
4017
3800
3907
3866
3907
3822
3882
3867
3950
3876
3949
3849
3940
3810
3904
3787
3717
3719
3596
3546
3471
3340
3338
3293
3259
3180
3041
2896
2864
2726
2736
2700
2629
2662
2575
2610
2565
2672
2614
2490
2614
2592
2523
2441
2401
2346
2284
2144
2073
2012
1974
1853
1845
1722
1748
1646
1641
1568
1593
1520
1472
1406
1436
1435
1383
1389
1303
1296
1341
1271
1302
1230
1325
1205
1193
1201
1240
1173
1198
1147
1165
1127
1081
1147
1074
1052
1040
1042
1019
999
1017
994
1004
984
984
978
962
971
935
909
941
911
984
969
986
913
970
958
898
916
984
1089
999
1021
1026
1149
1115
1074
1170
1140
1212
1243
1205
1318
1315
1328
1358
1394
1333
1382
1421
1432
1472
1422
1415
1382
1382
1400
1406
1425
1363
1291
1324
1383
1411
1347
1439
1469
1487
1548
1603
1564
1598
1718
1743
1773
1796
1793
1715
1821
1730
1807
1752
1628
1688
1633
1608
1606
1628
1526
1489
1360
1404
1337
1400
1278
1316
1300
1246
1302
1254
1234
1260
1162
1129
1122
1084
1000
968
978
972
928
819
777
718
683
647
613
513
523
465
404
431
368
341
376
314
306
318
267
271
245
250
240
219
230
222
218
195
170
189
185
145
162
151
115
117
142
118
94
124
109
90
104
105
85
88
88
85
84
83
66
75
69
81
76
58
76
73
53
69
58
49
59
61
59
61
46
57
62
58
69
64
44
45
47
56
49
42
38
44
50
44
46
47
48
50
36
45
50
46
45
47
41
48
43
49
36
40
42
48
43
42
49
46
36
45
39
34
46
41
43
50
51
49
27
48
36
43
49
45
44
50
51
65
48
48
60
66
65
72
64
78
66
64
88
92
83
93
86
95
96
111
105
99
121
112
143
140
123
113
157
174
158
147
142
170
165
165
154
171
163
165
162
169
156
174
138
131
146
100
115
100
117
109
104
100
118
82
78
74
62
59
51
50
50
50
53
35
40
37
46
51
42
37
42
40
27
38
38
29
36
44
26
34
43
22
33
30
26
30
27
36
22
32
29
34
21
34
19
26
23
28
30
22
16
22
21
16
17
23
19
21
19
23
19
16
15
17
13
19
18
19
21
15
11
13
11
9
11
13
15
14
9
8
7
13
7
9
7
17
11
15
6
8
13
5
11
5
5
11
16
10
11
8
10
10
5
11
5
9
8
8
12
10
5
9
9
7
6
7
11
10
8
15
9
8
7
6
12
4
8
6
8
4
3
8
6
4
8
8
3
7
11
7
6
6
12
10
3
12
6
6
7
10
9
7
4
7
6
3
5
9
9
7
7
5
2
10
9
10
5
7
2
4
5
8
8
8
8
3
5
3
4
11
9
6
7
7
7
3
8
10
7
7
10
5
9
7
4
3
8
7
9
7
10
7
5
2
11
5
8
5
2
5
3
11
7
7
3
9
8
5
10
7
4
5
3
0
4
6
5
4
7
3
10
4
5
7
4
4
8
6
2
4
8
9
5
7
2
6
1
4
3
8
7
5
1
5
10
8
8
5
5
5
3
5
6
5
3
6
6
6
5
5
5
8
6
3
4
3
1
1
2
3
5
5
11
6
4
5
9
6
9
5
2
5
5
10
5
1
8
4
5
5
10
5
2
3
5
3
3
1
6
8
4
6
7
2
6
2
4
5
4
6
5
7
3
3
9
4
9
6
2
3
0
7
5
4
4
6
4
3
7
3
5
4
3
4
7
0
4
9
3
2
1
3
6
5
5
7
6
3
4
5
1
7
3
6
6
2
5
3
4
3
2
3
5
0
5
2
5
0
1
3
2
6
5
4
3
3
4
6
5
3
4
1
7
1
4
2
8
1
0
6
2
7
2
3
4
7
3
3
0
1
4
3
2
4
2
2
3
3
2
2
4
2
3
1
3
4
5
2
3
2
5
2
5
2
1
3
3
5
2
5
2
4
6
3
4
4
3
3
1
4
3
1
1
4
2
5
8
1
2
2
4
4
2
3
2
5
6
3
6
2
3
6
4
4
4
5
4
2
3
3
4
3
1
3
5
2
4
1
5
1
3
2
1
3
3
3
5
4
3
5
4
4
6
1
2
4
3
2
5
4
5
2
1
3
4
2
4
5
7
3
5
5
5
7
3
0
5
2
4
3
3
2
1
0
4
6
0
2
3
3
2
2
3
8
1
2
1
1
3
2
4
3
2
0
1
5
0
2
1
3
3
2
1
2
1
0
$ENER_FIT:
0.000 1.500000 0.000000000000
$MCA_CAL:
3
0.000 1.500000 0.000000000000
