$SPEC_ID:
PeakEasy Library File: Lutetium Oxide, IdentiFINDER (LaBr3), 23 lbs. measured on contact.
$MEAS_TIM:
60000.00000 60117.00000
$DATE_MEA:
1-Mar-2011 18:25:42
$DATA:
0 1023
0
0
0
0
0
8190
74989
78507
78532
85925
113000
214462
286472
199825
135030
152354
243809
392461
425137
314944
251013
208252
152281
128679
128762
132472
138868
148186
167398
181531
175369
157906
150955
154818
162164
170397
184064
199907
215330
225252
224212
221952
219511
219409
224714
235597
254391
270242
275732
269923
260263
249221
236555
228370
217017
205825
191370
176397
162703
154148
148540
147982
161000
219135
376954
657996
941848
1010039
788363
455430
218527
112520
81171
74119
72310
72263
72537
72646
73242
73096
71790
70976
70289
70137
70460
70337
70196
70975
72133
73240
73480
72636
71529
71120
73735
84702
121144
214111
408251
713701
1049876
1262032
1221057
950802
591620
294638
121947
44764
17741
10015
8331
7821
7761
7638
7840
7931
8254
8515
8814
8639
8102
7643
7196
6702
6236
6018
5866
5741
6091
6955
7880
8972
9913
10262
9644
8361
7402
6216
5449
4827
4889
4655
4506
4519
4477
4464
4290
4228
4366
4364
4366
4269
4404
4294
4118
4079
4069
3971
4080
3971
4007
3954
4072
4411
5002
6006
7091
8337
9412
9609
9188
8030
6539
5252
4287
3539
3249
3142
3061
2906
2979
2940
2836
2862
2909
3066
2929
2969
2993
3142
3293
3404
3634
3627
3716
3583
3585
3272
3190
3161
3149
3241
3179
3155
3015
2962
2819
2649
2502
2431
2360
2356
2321
2253
2236
2232
2199
2165
2170
2182
2226
2176
2085
2179
2061
2097
2047
2022
1988
2005
1988
1945
1953
1951
1979
1950
1892
1981
1934
1974
1871
1958
1889
1890
1899
1829
1780
1687
1732
1740
1737
1720
1673
1664
1593
1685
1648
1692
1780
1802
1885
2019
2192
2257
2374
2419
2636
2606
2561
2590
2562
2439
2512
2455
2523
2598
2536
2396
2472
2461
2491
2482
2461
2453
2336
2329
2339
2354
2360
2343
2343
2274
2285
2223
2171
2164
2232
2282
2263
2254
2392
2356
2336
2331
2363
2329
2296
2251
2083
2103
2094
1982
1976
1985
1893
1919
1907
1975
2052
1954
1950
2003
2006
1978
1928
1944
1781
1773
1751
1643
1633
1543
1559
1521
1447
1490
1413
1432
1328
1350
1289
1349
1264
1283
1279
1260
1246
1247
1217
1188
1156
1147
1202
1152
1180
1209
1194
1205
1211
1238
1225
1191
1202
1203
1192
1207
1285
1312
1268
1269
1298
1286
1390
1331
1363
1343
1325
1333
1338
1318
1335
1254
1327
1306
1279
1250
1265
1359
1340
1278
1332
1236
1242
1259
1311
1233
1248
1216
1242
1225
1171
1232
1220
1213
1200
1173
1160
1184
1178
1133
1128
1108
1049
1005
1006
933
869
886
839
750
768
740
723
679
623
606
629
554
553
559
545
481
465
495
470
461
437
378
394
404
377
381
310
327
307
319
287
322
293
277
282
272
297
287
262
268
260
286
263
266
255
249
264
253
273
278
286
336
341
415
486
546
685
840
974
1184
1396
1583
1900
2105
2254
2427
2700
2915
3166
3259
3528
3670
3793
3807
3806
3681
3516
3221
2915
2528
2125
1766
1425
1188
904
749
535
432
353
297
264
221
198
152
174
128
124
128
134
113
124
130
124
135
121
128
160
163
158
155
166
201
187
188
210
188
184
194
203
203
200
166
170
154
154
128
131
137
130
136
121
108
95
108
116
112
86
113
109
106
99
97
106
107
100
124
85
117
108
134
89
96
109
124
134
109
105
153
145
146
146
160
132
150
147
176
195
191
182
195
214
196
203
212
202
228
190
199
176
196
196
198
173
167
166
168
166
163
194
175
180
186
230
216
223
186
205
199
230
241
239
252
249
234
237
267
247
282
261
266
240
272
279
306
299
327
295
334
342
365
365
382
421
411
365
380
388
414
406
401
442
403
473
427
444
495
474
473
489
480
473
440
507
485
505
521
478
491
547
578
561
584
619
585
618
636
660
670
693
693
726
778
742
780
812
810
775
806
782
730
743
729
671
653
606
632
549
570
562
522
532
505
506
496
485
517
474
476
506
477
474
468
475
456
474
424
483
469
410
451
490
440
462
450
471
457
438
449
460
461
492
484
461
479
527
479
513
496
534
553
517
533
510
555
548
575
530
542
564
555
550
516
555
578
561
578
530
615
594
617
644
669
654
620
681
677
653
714
699
703
720
716
696
669
635
653
647
630
630
579
594
523
528
525
516
503
502
493
489
482
443
487
490
482
521
526
518
483
534
456
518
488
489
477
442
447
465
417
373
395
343
337
309
310
268
275
235
235
217
242
219
185
224
187
203
205
206
211
194
230
213
220
211
214
220
212
206
212
219
215
222
213
214
240
244
239
245
238
272
236
251
233
248
234
249
283
273
249
268
288
286
270
268
304
312
342
336
365
351
383
405
394
436
452
468
435
473
469
480
486
457
480
498
479
492
480
512
476
470
504
464
412
468
513
427
404
405
414
382
355
348
332
303
275
254
211
215
185
165
162
130
121
102
82
74
71
59
65
54
57
41
39
38
35
25
18
28
26
23
20
18
24
12
12
10
12
9
19
11
16
12
16
10
7
5
7
8
10
12
6
8
7
12
6
6
5
5
5
7
6
8
7
6
7
6
8
7
6
6
4
5
4
7
5
3
9
8
8
9
10
5
2
9
6
5
4
6
4
7
5
6
4
6
5
6
6
9
5
8
7
0
0
0
0
0
0
0
0
0
0
0
0
0
0
0
0
0
0
0
0
0
0
0
0
0
0
0
0
$ENER_FIT:
1.529 2.980551 2.42376e-004 -5.81696e-007 3.21361e-010
$MCA_CAL:
5
1.529 2.980551 2.42376e-004 -5.81696e-007 3.21361e-010
$PEAKLABELS:
101.399, "Lu-176"
66.364, "Lu-176"
17.494, "Lu XRF"
29.080, "Lu-176"
133.060, "Lu-176"
168.945, "Sum Peak,(Cascade)"
487.855, "K-40 (Bkgd), La-138"
881.412, "Th-232(d), (Bkgd)"
11.888, "La-138, X-rays"
47.928, "Backscatter"
39.406, "Backscatter"
$ENDRECORD:
