$SPEC_ID:
PeakEasy Library File: Lutetium Oxide, Detective (HPGe), 23 lbs. measured at 1 meter
$MEAS_TIM:
60000.00000 60211.62000
$DATE_MEA:
4/25/2011 9:52:50 AM
$DATA:
0 8191
0
0
0
0
0
0
0
0
0
0
0
0
0
0
0
0
0
0
0
0
0
0
0
0
0
0
0
0
0
0
0
0
0
0
0
0
0
0
0
0
0
0
0
0
0
0
0
0
0
0
0
0
0
0
0
0
0
0
0
0
0
0
0
0
0
0
0
0
1
0
0
2
0
0
0
1
0
0
1
116
2346
5127
5411
5412
5266
5254
5305
5248
5145
5222
5154
4972
4885
5003
4999
4889
4846
4826
4830
4695
4693
4708
4678
4603
4526
4494
4584
4414
4500
4390
4271
4381
4322
4360
4307
4384
4287
4237
4277
4375
4239
4227
4129
4266
4197
4181
4337
4210
4229
4113
4173
4129
4089
4191
4212
4228
4119
4280
4280
4201
4264
4410
4697
4794
4987
5257
5388
5404
5241
5019
4845
4871
4616
4553
4539
4435
4419
4368
4361
4428
4544
4567
4660
4788
4943
5065
5330
5316
5143
5151
5413
5216
5180
5217
5149
4930
5125
5114
5217
5465
5664
6151
6422
6415
6661
6826
7048
7140
7009
6510
5894
5747
5417
5627
5606
5772
5865
5931
5895
5876
6091
6118
6313
6289
6552
6455
6517
6561
6975
7128
7395
7423
7364
7015
6653
6665
6650
6622
6572
6774
6667
6709
6399
6550
6462
6523
6585
6797
6712
6730
6862
7011
6739
6926
6986
7038
7197
7286
7500
7747
7693
7576
7456
7397
7376
7216
7146
7263
7237
7382
7411
7532
7477
7534
7432
7579
7635
7310
7384
7240
7372
7450
7377
7564
7586
7612
7455
7535
7490
7630
7712
7635
7484
7661
7550
7716
7606
7742
7658
7660
7728
7673
7864
7721
7800
7819
7946
7890
7896
7787
7948
7777
7899
7916
7929
7965
8144
7854
7893
7967
7889
7965
7999
7857
8129
8105
8064
8422
8223
8234
8299
8292
8279
8369
8224
8282
8183
8114
8294
8199
8165
8376
8292
8207
8131
8105
8013
8189
8136
8169
8236
7945
8006
7935
7976
8028
7973
8034
8050
7963
7906
8102
7863
7910
8084
7940
7924
7908
7907
7913
7952
7927
7884
7810
7980
7630
7775
7825
7869
7920
7658
7639
7723
7621
7650
7557
7602
7817
7393
7615
7520
7492
7620
7499
7387
7685
7672
7337
7691
7691
7564
7698
7670
7760
7838
7668
7651
7644
7697
7774
7739
7723
7579
7603
7663
7569
7431
7537
7537
7452
7546
7299
7209
7479
7224
7326
7375
7206
7176
7162
7115
7096
7083
7047
7077
6900
7008
6900
6912
6961
6790
6886
6835
6795
6725
6632
6598
6450
6600
6542
6447
6456
6364
6397
6313
6458
6260
6463
6207
6224
6291
6163
6188
6025
6142
6062
6044
5839
5953
5979
5788
5883
5783
5801
5728
5606
5572
5561
5666
5449
5638
5543
5370
5489
5508
5304
5342
5247
5163
5282
5078
5118
5149
5127
5101
5131
5067
4972
4971
4989
4911
4992
4930
4979
5036
4940
4879
4813
4812
4801
4722
4801
4755
4760
4660
4721
4639
4594
4659
4668
4615
4769
4613
4761
4855
4908
4858
4756
4777
4527
4449
4441
4392
4352
4321
4346
4354
4243
4422
4229
4257
4312
4381
4197
4147
4135
4243
4281
4153
4134
4194
3981
3981
4074
4102
4084
4071
3954
4082
4015
3998
4005
4069
4317
4963
6690
9855
14686
19655
22899
22307
18225
13150
8352
5671
4246
3840
3635
3495
3498
3543
3429
3437
3362
3371
3375
3401
3397
3426
3524
3457
3505
3354
3306
3357
3342
3169
3176
3215
3152
3172
3098
3154
3086
3179
3176
3138
3220
3223
3152
3127
3141
3105
3009
3049
3134
3160
3150
3098
3006
3071
3059
3044
3001
3005
2986
3052
2967
3037
2993
2858
2955
2907
2826
2825
2840
2897
2917
2859
2896
2872
2844
2850
2828
2857
2802
2771
2724
2687
2670
2720
2729
2820
2822
2766
2747
2678
2612
2717
2673
2635
2642
2712
2810
2749
2849
3109
3690
4083
4492
4601
4187
3753
3272
2964
2717
2823
2912
2940
2853
2778
2646
2512
2373
2417
2338
2414
2277
2283
2276
2327
2331
2312
2259
2292
2259
2262
2222
2210
2208
2320
2265
2273
2161
2213
2274
2253
2208
2206
2198
2179
2197
2221
2063
2159
2077
2108
2251
2138
2138
2125
2116
2122
2117
2156
2120
2102
2074
2010
2099
2074
2084
2037
2028
2086
1955
1968
2017
2001
2007
2026
2020
2000
1943
1969
1904
2000
1912
1919
1974
1952
1951
1977
1986
2085
2057
2106
1997
2023
2038
1938
1843
1876
1870
1874
1897
1832
1851
1898
1882
1899
1873
1973
1911
1828
1880
1919
1851
1835
1814
1761
1866
1819
1749
1817
1833
1742
1702
1740
1818
1810
1737
1699
1754
1746
1701
1705
1751
1746
1699
1705
1747
1770
1767
1696
1666
1757
1752
1674
1751
1656
1697
1673
1655
1687
1694
1640
1725
1630
1711
1888
2070
2266
2577
2555
2337
2119
1928
1778
1640
1657
1663
1558
1561
1613
1748
1694
1613
1724
1725
1603
1621
1690
1659
1579
1582
1667
1697
1896
2474
4140
7559
13233
20980
28372
32401
30427
24477
16181
9213
4723
2559
1606
1282
1195
1221
1152
1241
1197
1118
1158
1141
1182
1143
1142
1189
1114
1184
1124
1121
1147
1114
1127
1193
1154
1121
1107
1042
1084
1102
1128
1095
1102
1057
1066
1063
1148
1084
1087
1064
1072
1090
1133
1045
1022
1039
1083
1098
1078
1083
1104
1073
1134
1195
1095
1147
1106
1055
1021
1022
1069
1061
1029
1047
992
1056
1068
954
1051
1042
1025
922
1034
1024
992
1038
1071
1070
1276
1215
1348
1423
1354
1330
1227
1061
1030
1047
976
953
949
965
923
910
985
909
945
859
963
950
935
909
938
886
908
857
917
894
903
886
920
959
955
1113
1190
1548
1917
2238
2504
2385
2020
1686
1267
1036
920
869
871
827
820
824
816
813
858
849
880
855
819
836
762
815
862
799
808
802
790
809
782
825
781
865
839
814
832
755
786
823
785
816
765
822
793
771
829
803
771
764
766
777
814
815
745
778
774
795
718
764
755
778
759
736
697
743
789
729
763
744
710
754
735
773
786
754
766
736
726
750
749
760
739
795
714
723
740
776
729
742
779
718
666
728
741
710
744
772
781
692
698
674
755
700
722
705
708
711
691
696
701
671
717
713
694
736
718
658
728
654
703
773
656
673
604
696
687
708
664
694
691
683
719
736
813
903
847
789
752
719
687
691
612
700
640
629
660
701
696
622
671
655
689
644
654
679
684
715
741
720
712
721
691
671
649
641
604
636
648
643
596
652
641
601
651
649
633
658
634
626
589
596
642
634
601
648
639
619
631
575
643
578
585
605
643
593
619
570
569
625
592
594
600
541
612
581
554
560
630
596
602
559
601
537
565
565
613
580
577
608
539
534
514
577
540
617
519
549
591
585
608
587
569
576
528
591
599
576
612
572
593
549
554
549
567
553
572
537
542
513
556
610
526
531
584
576
522
521
520
552
542
548
529
547
528
562
533
527
542
556
564
526
513
502
521
542
523
550
551
531
510
521
526
573
524
519
502
519
521
516
546
492
513
502
514
476
547
526
555
509
525
573
616
611
611
614
617
585
508
512
485
464
486
477
473
490
505
481
487
508
497
464
525
463
505
496
464
479
463
482
482
494
449
466
505
503
494
498
471
440
472
423
469
465
472
485
503
516
457
465
495
493
471
498
530
473
478
461
472
466
453
460
480
466
442
477
472
477
448
472
458
454
468
475
491
459
480
465
447
411
463
441
432
448
452
437
445
484
454
456
422
403
439
443
425
416
457
444
438
445
473
432
433
420
441
467
411
441
465
439
455
483
417
501
401
443
478
424
462
446
420
413
436
459
429
453
436
524
486
539
630
729
809
902
918
914
930
865
732
663
585
510
495
475
458
430
442
423
393
399
408
393
439
440
396
432
404
418
414
401
430
373
393
391
422
404
377
401
399
414
392
415
397
418
379
404
386
377
391
405
374
369
394
395
425
416
397
383
350
364
401
380
352
386
414
379
408
377
416
374
378
389
383
398
382
390
406
371
387
390
433
373
365
380
393
386
381
373
341
391
372
338
400
351
373
394
382
386
361
368
354
380
400
413
391
403
395
404
360
348
379
403
354
390
364
363
365
363
352
358
370
345
387
337
351
374
417
363
393
381
379
407
356
380
370
388
360
351
367
374
353
354
393
387
342
367
406
327
391
342
365
336
365
346
318
353
374
377
361
359
364
389
367
371
356
351
329
366
363
375
397
348
364
346
351
345
358
351
359
347
355
338
359
330
353
354
316
339
353
337
335
358
379
350
372
396
414
460
592
725
891
1066
1114
1072
921
790
602
487
368
357
305
323
298
328
361
278
340
357
328
328
320
322
306
331
332
322
320
300
310
319
279
324
347
318
296
293
342
336
331
325
304
309
307
314
318
302
316
315
297
347
298
325
346
324
342
309
331
362
296
337
338
303
303
335
358
327
397
440
514
714
957
1270
1524
1589
1579
1384
1068
735
547
391
370
309
306
310
300
296
297
331
268
277
281
284
297
304
307
324
273
266
302
299
280
294
285
298
263
323
263
286
270
300
281
288
300
266
295
293
312
286
267
287
323
283
290
315
295
292
278
267
319
290
278
273
299
261
299
267
278
289
267
295
272
286
282
293
284
308
249
274
260
290
276
273
276
283
275
288
258
285
260
297
264
293
300
322
276
286
284
283
266
302
273
301
295
291
263
261
267
283
264
277
272
288
244
263
293
280
294
265
271
296
264
283
257
283
257
290
261
267
273
266
288
259
295
247
263
255
252
263
289
259
244
274
304
292
244
309
279
286
272
262
262
280
287
331
290
310
322
306
303
234
269
285
273
253
293
268
279
292
272
271
271
255
231
240
247
285
252
263
237
264
256
260
270
266
280
270
255
258
273
280
271
311
255
245
242
250
262
258
232
254
257
237
231
276
247
250
274
243
258
265
266
240
266
259
266
247
252
269
234
249
243
276
261
233
251
269
251
252
236
272
242
270
287
263
247
255
256
241
248
292
278
248
241
263
232
273
245
247
228
259
254
253
248
244
232
251
249
296
267
264
250
290
280
248
243
258
280
273
237
250
272
248
262
251
235
261
229
244
277
229
246
245
224
235
217
254
232
244
240
225
243
235
207
224
220
247
205
269
249
232
240
247
243
216
279
214
223
240
229
211
239
230
283
282
243
264
232
238
250
253
278
314
323
338
396
378
394
325
334
280
239
265
233
247
221
187
223
248
234
233
198
231
225
205
217
232
239
221
205
230
209
222
218
253
230
246
204
231
232
233
222
235
228
217
222
250
253
256
253
203
241
249
226
241
228
205
226
214
224
216
194
194
208
211
216
236
218
196
212
248
225
236
217
218
248
222
220
219
243
226
262
235
239
240
238
241
208
222
237
211
188
204
202
221
232
227
217
218
230
235
216
215
213
223
258
238
241
206
237
228
234
259
259
272
278
309
320
305
302
264
265
253
229
238
237
232
276
254
223
270
195
205
225
198
219
213
181
178
189
217
229
184
220
208
199
188
226
205
220
192
217
222
196
199
222
209
199
217
242
219
239
225
225
259
253
244
235
228
243
207
236
199
190
181
194
187
187
180
196
184
204
211
214
205
222
244
258
249
283
288
268
267
235
229
218
194
198
216
187
211
207
188
201
182
187
180
197
189
199
182
204
192
178
198
216
223
224
211
201
243
238
219
203
204
204
197
184
216
201
177
171
187
194
202
204
195
180
186
190
182
206
185
220
173
203
181
195
212
161
181
182
156
167
199
203
166
191
170
194
183
166
214
183
197
192
177
176
186
210
183
167
193
206
185
214
174
181
209
214
187
184
188
213
200
182
202
179
193
194
202
204
184
179
168
198
181
189
195
195
185
218
219
192
205
199
208
198
189
192
217
190
160
204
226
195
221
192
221
179
183
163
181
159
142
174
196
182
176
176
188
181
179
194
195
170
198
186
173
167
179
176
170
183
164
186
175
185
166
199
203
171
160
181
176
178
184
187
203
175
158
191
165
185
216
197
228
257
256
254
231
222
202
180
207
190
184
173
182
158
181
156
188
165
195
172
179
172
172
180
176
193
192
181
151
183
162
178
153
188
159
159
188
188
161
182
185
163
165
200
167
168
180
157
164
168
199
144
164
189
164
162
184
181
182
168
176
187
147
167
189
180
179
166
170
178
154
166
163
192
170
173
184
173
177
193
172
158
183
158
174
174
194
178
164
179
180
176
174
166
168
181
165
190
160
175
181
171
159
181
196
196
164
170
171
169
197
178
175
185
175
160
188
197
182
179
191
156
186
195
171
174
176
189
177
147
185
165
188
223
283
336
389
479
571
669
680
572
549
416
349
278
225
194
171
164
171
136
153
167
173
162
150
170
151
177
181
143
170
144
146
165
169
156
176
166
170
137
168
175
156
176
182
156
167
160
169
165
161
162
154
171
179
165
173
148
175
163
141
180
186
169
184
154
192
216
223
195
240
204
201
161
196
190
162
174
165
137
153
160
180
176
145
156
152
158
190
160
136
158
149
144
182
162
151
157
170
148
149
149
171
135
164
189
163
164
167
163
182
188
181
184
180
174
159
157
146
147
146
152
166
162
176
155
138
129
160
148
147
139
150
153
142
160
154
161
163
150
133
142
144
142
146
150
154
159
176
177
215
216
245
235
244
231
228
214
244
234
243
265
316
367
429
407
407
398
307
277
215
184
151
175
139
169
141
158
150
128
160
160
180
129
159
130
148
140
163
153
132
144
136
132
152
166
168
144
148
156
148
143
147
152
150
138
158
147
151
162
171
160
148
155
151
132
134
143
175
194
141
135
141
164
142
143
143
149
139
152
132
129
140
161
140
147
145
152
161
132
134
163
156
157
122
163
162
140
166
156
160
173
168
178
177
148
151
164
145
154
125
144
166
148
136
154
138
165
150
136
172
151
141
151
136
146
139
137
145
164
161
139
141
142
146
136
150
134
135
139
158
130
123
158
141
169
150
143
159
140
145
155
136
139
158
142
148
144
151
140
156
143
155
140
133
134
146
136
126
163
174
149
144
135
156
141
123
155
145
148
145
143
151
152
129
139
147
143
149
139
142
147
128
137
140
155
131
121
136
121
136
142
150
171
148
140
174
142
154
170
147
144
149
150
139
125
128
139
138
158
122
169
141
162
136
128
147
129
142
132
142
129
123
132
136
108
149
143
154
131
147
138
154
149
174
134
140
157
122
147
112
129
143
126
137
140
138
137
123
153
158
171
116
160
128
135
171
146
128
141
144
121
137
147
137
143
139
145
136
143
146
146
122
115
147
132
156
146
136
132
130
151
137
127
148
141
156
126
164
149
117
142
154
139
152
114
138
138
137
133
145
161
154
142
139
145
156
139
138
134
134
144
133
144
133
138
145
132
139
153
135
146
122
142
155
147
126
127
151
116
152
122
121
135
122
141
135
120
141
137
131
156
130
130
139
158
123
142
156
159
147
137
150
136
166
127
154
128
158
142
142
151
160
158
142
117
145
125
159
138
120
145
116
134
159
120
147
127
159
134
140
128
149
157
145
137
147
142
138
155
154
153
145
161
134
143
121
152
143
147
146
125
153
128
131
147
136
145
169
165
192
213
260
277
285
377
395
440
408
390
352
264
245
189
183
148
164
139
125
148
173
126
143
170
149
136
160
142
145
142
130
134
153
143
123
130
139
145
122
138
156
145
165
163
158
177
138
132
146
168
153
138
147
137
142
146
149
143
147
146
160
138
132
142
138
148
140
121
144
151
143
138
138
151
137
145
142
139
143
122
152
161
149
153
141
146
134
165
136
149
147
148
154
131
149
140
162
169
175
170
163
191
165
178
151
170
138
168
155
150
167
166
147
127
159
148
140
146
152
132
159
147
148
158
134
133
175
133
143
144
156
133
145
155
143
153
135
152
159
167
145
140
150
164
158
133
129
166
131
144
152
168
149
139
134
177
139
140
133
144
139
147
139
130
135
165
155
151
141
177
148
142
156
154
149
169
153
151
116
188
152
157
150
143
161
134
150
146
130
163
142
139
164
161
168
164
126
161
147
139
134
143
175
163
151
154
143
159
141
164
165
137
143
151
173
143
142
144
137
150
148
142
171
128
150
159
161
145
158
139
144
156
159
144
177
154
145
145
156
134
147
165
140
152
177
148
179
163
179
139
163
155
144
145
157
145
155
132
160
163
151
163
161
159
161
144
140
138
164
153
170
163
153
140
146
162
165
156
150
166
147
152
165
176
153
166
187
163
157
150
163
178
164
161
162
154
164
166
135
163
162
169
174
167
141
183
177
169
170
151
143
154
152
160
162
166
172
141
142
164
169
165
204
212
220
242
243
255
235
234
225
235
180
184
168
156
144
149
169
126
135
135
123
129
119
128
129
126
131
128
135
128
131
153
146
119
110
127
114
115
114
133
107
129
131
113
131
120
86
109
119
119
121
126
107
114
103
127
117
91
113
114
77
102
117
104
130
98
118
94
104
121
105
87
114
120
122
86
112
101
91
102
93
97
104
108
92
113
72
99
108
90
94
103
103
83
112
109
111
102
72
89
105
106
115
104
85
104
99
97
84
96
105
104
103
97
100
103
103
121
100
119
101
121
106
102
112
111
126
93
111
110
86
91
97
94
91
104
101
101
102
98
99
91
88
68
105
95
67
94
88
86
102
82
97
79
93
98
82
92
95
100
78
87
87
86
93
75
98
69
79
84
68
105
86
82
89
86
92
70
63
99
76
75
80
84
86
81
77
98
96
73
77
79
77
81
89
82
88
68
73
99
80
84
79
77
89
88
98
105
77
84
80
62
71
73
83
87
79
80
85
73
76
80
91
66
86
76
89
82
61
76
83
71
61
77
89
72
70
81
66
73
61
75
75
82
78
62
88
75
68
89
72
70
75
94
62
68
78
57
68
68
84
58
76
64
72
70
64
73
66
62
75
71
63
89
77
61
55
69
72
78
61
78
70
57
69
68
62
60
64
79
64
64
62
62
73
60
68
57
79
62
68
55
78
56
60
56
66
58
55
55
52
51
62
66
43
44
58
65
54
57
52
51
59
54
45
46
65
50
74
57
57
76
72
63
59
69
50
58
64
70
65
61
55
67
66
59
66
55
63
63
54
55
62
50
54
59
49
52
47
45
54
36
58
57
60
60
69
55
54
53
62
45
51
59
53
49
53
74
67
69
84
105
79
109
99
107
96
116
99
95
76
81
60
57
54
54
58
46
41
49
48
53
57
67
64
64
68
61
54
44
52
46
52
42
59
50
57
54
47
42
38
38
58
62
62
57
51
49
58
58
52
45
42
54
45
55
44
62
58
46
56
50
60
46
48
59
61
59
65
75
64
59
68
66
67
54
65
50
56
64
45
59
68
72
67
79
77
66
71
82
76
87
71
64
60
65
52
61
46
41
41
56
51
52
47
55
46
40
51
46
46
48
57
43
52
32
63
33
50
46
48
50
36
49
53
42
52
52
46
48
42
51
56
47
44
38
46
46
62
47
62
62
41
44
54
32
48
52
62
44
49
45
54
46
36
51
51
44
63
47
43
50
42
38
51
47
47
49
58
31
49
53
53
52
44
46
42
43
51
43
38
43
47
50
66
58
54
48
53
44
51
50
44
58
49
32
70
59
45
49
41
49
44
57
42
43
46
61
59
47
48
64
53
53
48
60
55
59
74
73
125
173
257
357
526
705
929
1243
1480
1775
2103
2337
2440
2331
2161
1825
1448
935
654
333
201
134
56
39
23
34
29
26
19
32
41
27
34
33
32
33
25
35
28
38
26
25
28
25
28
34
36
44
42
38
35
46
34
38
21
23
29
35
27
39
29
29
42
31
27
31
39
30
35
31
39
23
34
24
38
43
31
40
45
21
30
28
32
30
26
30
25
40
32
28
39
33
34
28
27
23
37
30
34
23
39
35
28
30
37
38
36
41
46
33
55
32
40
33
37
33
38
36
37
35
39
55
33
35
40
39
33
43
32
31
32
22
38
29
38
38
35
37
43
51
53
49
56
69
61
61
78
60
52
41
32
38
38
33
34
39
36
29
41
28
30
30
27
27
27
27
31
36
33
27
30
18
29
28
22
28
26
32
27
31
36
24
28
32
37
32
27
29
36
34
25
28
24
33
23
28
35
30
28
24
29
22
30
26
21
35
29
31
39
28
26
39
31
24
26
19
32
41
24
32
40
38
25
29
47
37
34
29
37
33
32
29
29
35
30
38
42
34
32
40
21
34
30
30
21
27
36
33
23
34
29
23
32
20
19
24
24
18
35
27
25
23
33
23
34
29
27
19
26
34
34
26
28
30
27
30
30
17
29
29
32
38
19
20
25
24
27
31
20
20
28
18
24
21
23
23
35
27
27
23
19
27
26
25
26
27
24
26
33
26
22
25
21
20
19
32
25
24
28
30
27
20
13
24
22
24
30
18
32
23
25
21
38
30
31
33
38
30
40
32
31
30
37
39
34
36
33
27
38
37
35
44
38
43
48
51
55
58
76
78
75
55
86
74
67
75
83
89
92
99
95
81
86
79
80
72
48
54
34
38
37
27
24
28
24
33
23
33
20
21
20
28
23
22
26
17
23
23
27
13
26
15
25
32
17
33
27
28
21
23
37
26
27
25
19
26
32
31
31
26
25
24
23
25
26
25
17
30
36
26
22
25
26
28
28
22
18
19
19
29
28
32
27
33
39
38
40
37
35
29
37
27
31
26
24
17
26
24
19
20
18
22
25
26
23
22
42
22
29
40
29
44
32
36
44
38
35
34
35
30
22
29
25
17
23
22
23
19
20
21
21
22
38
32
24
30
40
23
19
22
19
22
25
30
19
18
22
22
25
13
24
14
22
15
26
21
21
18
21
25
21
20
22
23
15
18
9
19
21
18
17
24
16
29
20
17
17
16
20
14
27
26
29
24
17
28
25
27
27
18
23
29
24
23
32
32
29
33
29
47
36
32
31
22
19
22
24
31
19
20
28
22
32
31
16
21
19
19
17
22
26
17
13
33
26
19
28
19
16
19
19
13
17
20
14
20
27
19
17
22
22
10
16
26
18
27
27
17
23
25
25
22
27
22
20
19
30
19
19
20
27
21
25
25
24
21
23
24
23
16
19
18
20
20
20
26
35
14
24
20
21
25
23
23
21
23
32
20
25
22
26
22
15
16
21
18
20
18
23
21
13
21
13
15
26
22
33
24
16
15
17
28
24
19
27
16
21
15
18
20
11
11
25
13
21
14
15
22
13
13
15
17
19
26
13
17
24
19
18
16
17
19
19
17
23
17
11
29
17
21
21
23
14
22
19
23
14
16
18
14
18
18
21
12
19
22
19
15
18
18
19
14
23
17
17
26
30
27
27
41
30
40
41
62
55
66
48
42
41
29
24
28
19
24
12
16
17
23
22
17
17
20
22
19
15
11
12
20
25
16
18
19
25
27
17
25
18
12
19
14
24
20
15
17
19
26
20
23
19
29
17
18
16
24
15
22
18
15
15
13
16
18
12
12
14
13
24
22
24
19
17
24
17
17
11
16
18
22
24
19
15
22
13
18
32
21
30
26
37
43
52
80
89
118
132
150
212
178
202
212
201
192
153
135
85
61
43
39
25
23
24
21
21
20
21
20
21
19
18
24
16
12
19
19
18
16
15
11
20
10
15
27
17
21
16
17
16
16
15
21
20
12
15
17
11
11
15
19
17
15
19
22
13
16
16
25
22
14
16
12
20
19
13
10
17
10
26
14
14
8
13
20
18
16
19
19
10
21
17
19
18
11
33
15
20
17
18
14
14
21
16
26
15
16
15
21
26
14
23
16
17
20
14
20
14
19
18
18
17
15
13
18
19
13
14
21
22
32
17
19
16
24
27
19
11
17
14
13
15
19
12
27
12
13
15
15
15
17
19
24
16
21
17
19
15
25
21
19
10
19
23
18
21
13
16
15
14
22
14
11
15
15
18
15
9
18
14
17
18
8
16
16
22
29
20
22
22
13
15
17
26
17
17
16
18
22
25
14
19
14
22
13
18
10
19
15
34
17
16
13
23
20
19
19
25
11
19
12
26
18
21
18
17
21
24
24
26
18
30
36
27
39
35
40
31
31
47
40
46
33
23
22
22
17
21
15
19
18
20
17
19
18
18
10
17
19
17
17
19
17
22
10
19
10
21
20
21
18
14
13
17
15
16
9
23
21
18
22
15
19
14
15
15
19
13
23
16
22
17
16
13
26
23
14
16
19
24
21
13
14
18
18
18
20
16
12
18
14
31
16
18
22
20
14
15
20
11
16
12
18
20
18
12
15
15
22
19
25
22
14
14
23
13
20
14
10
11
21
16
11
11
19
15
17
15
22
14
9
13
15
19
19
25
30
20
11
11
19
19
20
16
14
18
17
14
20
14
22
23
19
16
19
15
18
22
15
26
16
14
18
16
11
10
16
21
20
10
20
16
21
29
18
18
25
15
26
14
22
19
20
10
13
12
11
10
15
15
18
18
19
13
16
11
15
10
15
20
21
24
20
11
18
16
14
21
17
14
21
12
25
11
14
19
16
13
20
15
16
20
12
10
15
14
20
17
19
19
16
19
18
21
11
13
17
18
15
16
26
26
14
20
20
21
21
20
12
16
17
12
22
23
15
29
20
26
20
18
22
16
18
21
18
14
11
17
17
11
13
15
16
17
24
18
19
12
17
15
13
12
13
21
13
14
15
22
17
19
16
17
19
20
20
20
20
20
13
23
16
27
14
15
17
16
17
24
15
18
17
18
18
13
4
12
13
10
11
13
20
19
22
11
17
15
11
15
10
14
9
19
13
20
16
18
10
15
21
13
24
16
9
14
14
19
21
15
9
23
16
18
29
19
15
23
16
13
17
10
11
21
16
19
15
9
20
10
14
17
14
15
13
22
22
19
14
19
18
15
12
17
16
12
19
11
17
20
13
14
15
10
18
17
16
16
11
18
15
20
14
16
19
22
15
10
16
12
18
10
16
14
9
18
14
10
16
15
18
12
11
13
17
7
22
20
11
15
11
15
11
17
11
9
15
7
13
16
17
19
18
14
14
9
9
10
14
10
13
17
12
10
12
11
12
14
12
15
14
18
17
16
17
11
17
17
10
13
16
19
10
21
15
16
6
17
19
11
12
11
17
13
18
14
10
11
19
15
15
12
13
14
13
10
11
19
17
13
12
16
17
12
12
15
12
9
9
16
10
22
12
13
13
10
13
11
17
13
12
10
15
10
12
14
12
9
13
12
17
10
17
19
14
18
14
17
21
18
11
19
17
14
6
18
19
14
24
11
14
26
21
14
15
13
15
13
18
24
10
10
12
11
17
11
16
18
23
13
14
15
21
11
17
18
8
11
17
17
17
19
19
20
18
19
15
14
15
13
12
10
15
11
10
13
15
13
18
11
9
14
13
7
6
12
8
16
10
9
14
5
15
17
9
13
12
13
23
12
13
8
7
11
15
15
17
14
20
13
10
13
15
12
17
15
12
6
16
14
21
14
8
12
12
6
16
17
17
13
15
18
12
14
14
18
16
12
12
9
11
11
16
10
14
13
15
8
14
14
18
14
12
19
13
8
12
10
22
16
13
11
22
13
10
18
14
11
14
13
17
13
10
15
10
15
20
13
23
16
17
21
18
22
23
37
16
34
35
33
48
46
45
42
55
43
41
46
46
44
49
40
36
22
19
27
28
18
24
17
14
17
17
12
9
15
21
12
17
13
24
18
16
10
16
15
17
14
16
13
19
15
21
23
22
19
19
21
21
36
27
23
21
25
20
12
12
14
15
10
12
13
12
16
15
10
18
19
15
11
12
14
16
23
10
8
11
19
7
19
15
15
9
15
18
7
12
17
10
9
17
10
8
12
10
16
8
12
11
14
15
9
14
14
19
12
6
15
14
12
16
13
11
18
19
15
17
8
14
9
14
17
15
14
9
17
19
13
15
10
13
7
16
17
10
18
15
10
10
17
14
11
9
13
15
19
12
10
22
20
15
14
16
10
14
19
14
17
15
17
18
18
14
24
13
20
8
11
13
24
10
15
11
13
22
15
8
21
15
19
19
24
10
11
22
18
7
8
11
12
17
18
15
13
10
9
21
9
26
16
17
14
14
18
16
15
16
13
11
15
10
23
15
18
19
13
19
16
13
16
14
19
6
21
10
8
15
13
18
14
9
21
12
7
12
14
18
9
13
14
16
8
10
12
19
18
13
17
19
11
19
13
11
13
7
14
11
12
17
15
10
14
16
23
22
17
20
19
25
13
27
29
31
37
46
43
39
61
58
72
61
72
53
50
57
45
36
25
14
13
26
18
14
12
11
15
19
10
14
12
18
13
13
13
15
16
13
16
13
22
20
14
13
16
10
7
12
12
16
18
13
20
18
16
15
16
14
14
15
14
18
8
25
17
16
15
14
20
18
8
15
23
17
8
16
12
14
15
17
11
13
13
17
16
21
19
13
14
12
15
13
10
15
15
20
12
12
14
15
17
14
10
19
13
21
21
14
17
18
14
11
13
17
12
12
18
15
9
11
15
17
19
11
11
16
15
19
18
19
17
16
10
15
9
15
14
13
17
8
16
14
17
19
15
15
14
22
9
17
15
18
13
23
16
13
16
14
15
19
15
21
18
21
15
9
8
17
21
14
10
18
17
21
19
15
16
14
11
18
16
13
13
13
11
17
16
12
15
18
17
17
11
20
22
21
13
16
19
11
18
12
20
18
15
17
23
15
15
12
23
22
14
13
15
8
19
21
15
16
17
14
23
9
17
14
13
18
15
16
14
10
11
15
21
5
15
9
7
12
22
13
17
13
15
20
15
16
15
13
20
23
16
20
21
14
12
20
28
18
19
13
10
9
15
14
24
18
15
15
17
13
18
11
18
13
22
17
20
20
18
13
11
17
14
28
10
18
15
15
22
18
11
11
17
11
19
18
22
19
11
20
16
7
10
22
12
12
14
12
26
19
10
22
12
9
13
19
13
14
22
11
14
20
16
18
13
11
17
15
22
13
12
14
11
12
16
18
11
18
16
20
17
13
14
26
13
14
11
17
22
9
26
16
8
19
21
13
12
19
18
18
21
16
12
17
12
24
10
22
11
14
19
12
20
18
11
17
21
18
17
21
18
15
19
15
14
21
17
19
16
11
19
16
18
17
16
17
15
13
13
20
13
20
13
18
12
23
17
19
18
19
18
21
16
18
19
21
18
15
22
14
17
29
18
20
15
26
22
25
15
23
18
16
16
16
22
18
15
18
25
12
15
16
12
16
17
17
15
24
18
13
13
22
23
17
15
13
17
16
13
21
15
11
12
20
23
24
20
12
19
21
23
15
14
23
16
16
20
14
17
18
12
15
11
12
16
22
17
12
16
13
8
13
15
13
7
16
10
16
9
18
9
14
17
12
14
13
11
13
11
15
14
8
15
9
3
11
4
15
19
8
15
11
10
11
16
15
13
17
20
15
14
8
8
10
10
8
9
10
6
12
11
16
11
11
10
9
24
13
15
9
15
10
8
14
12
11
12
13
12
13
7
12
17
12
7
9
17
5
9
17
15
11
12
7
9
8
19
7
10
5
6
12
10
14
5
10
9
12
12
10
5
8
12
8
14
12
13
13
9
13
5
11
5
9
6
9
10
14
13
10
11
9
8
8
8
9
10
8
9
13
10
12
9
9
7
11
9
6
9
6
11
10
4
10
7
9
10
13
9
5
8
13
10
6
8
6
14
9
8
10
10
12
8
7
7
4
9
12
11
7
13
11
12
8
22
16
17
16
12
15
23
28
23
16
14
24
16
17
16
18
9
4
14
9
10
6
5
4
9
6
5
9
9
10
7
5
9
10
12
9
9
12
4
3
9
7
8
6
9
3
8
12
12
7
12
7
12
9
11
8
11
12
5
7
6
8
10
9
9
9
7
10
8
7
0
10
3
6
9
10
8
3
9
3
9
4
8
8
9
7
4
5
8
8
7
4
6
5
7
4
9
9
5
2
6
6
6
6
5
4
5
1
2
7
4
6
3
7
8
5
7
7
5
4
5
4
4
5
4
5
6
3
7
4
3
6
4
7
7
1
6
5
5
6
4
8
4
5
2
7
4
3
2
6
6
6
1
3
4
1
2
4
4
3
3
6
3
7
3
5
6
4
5
5
5
7
4
3
5
6
4
2
2
4
2
3
1
4
6
3
3
6
1
6
3
5
1
1
2
2
2
3
5
1
5
3
3
5
0
1
2
6
8
4
1
4
3
6
7
2
4
5
1
1
9
4
1
3
3
1
3
3
4
3
2
2
1
3
2
0
1
4
3
1
2
2
3
2
5
2
4
1
1
4
2
6
1
3
3
0
4
1
1
4
2
0
3
1
1
0
5
7
4
3
0
1
4
4
5
1
5
1
3
3
2
1
6
1
3
3
2
2
5
1
4
7
4
6
2
2
2
3
3
4
1
5
3
1
3
0
1
2
3
2
3
1
0
5
3
2
1
1
1
4
3
4
2
4
2
2
3
2
3
4
4
3
5
2
3
2
2
2
3
3
3
2
1
4
3
2
2
4
6
4
2
1
9
4
3
1
2
4
2
4
6
4
3
5
4
2
1
2
0
7
5
1
2
4
3
4
4
1
2
3
2
1
1
3
5
1
2
3
3
2
5
4
1
3
3
2
2
4
2
3
2
6
5
2
2
5
3
3
1
5
4
3
6
3
2
3
5
0
3
6
3
4
2
3
3
6
7
4
4
6
5
5
3
1
6
4
8
5
2
11
6
6
18
12
22
26
30
34
44
65
73
71
91
100
110
144
165
173
220
193
227
244
258
226
205
214
168
138
111
86
60
29
18
13
10
5
0
3
2
0
1
2
3
0
2
1
1
1
3
1
0
4
0
1
1
1
3
1
0
0
0
5
3
6
1
0
1
0
1
0
1
2
1
0
1
4
2
3
4
3
2
0
1
2
1
2
2
1
2
4
2
1
2
0
3
2
1
1
0
1
2
2
6
1
0
2
1
1
0
2
4
2
1
1
3
2
0
5
3
1
0
2
2
1
1
1
1
4
1
1
3
2
0
2
2
1
0
1
1
0
2
3
1
0
2
1
1
0
3
0
1
1
1
2
1
1
2
2
2
1
2
2
2
1
0
1
1
1
3
1
2
1
0
2
0
2
0
2
3
2
1
0
1
2
3
2
0
2
2
0
0
1
3
2
1
2
1
1
4
1
1
4
3
1
2
2
2
2
4
1
2
3
2
1
0
1
1
1
3
2
1
0
1
3
1
0
3
0
1
0
2
0
4
2
5
1
1
1
3
2
1
2
1
1
1
2
1
0
0
1
2
2
1
1
0
0
2
1
2
1
1
0
2
2
0
1
2
1
0
3
1
1
1
2
2
0
1
1
3
2
4
2
2
1
3
1
3
1
2
2
0
4
2
2
2
2
0
0
0
4
0
0
1
2
0
2
2
2
1
0
4
1
1
3
0
3
0
0
1
2
1
0
1
2
0
1
2
1
2
0
1
1
1
1
2
0
0
1
3
2
1
0
2
1
2
1
1
2
0
0
1
2
0
1
4
3
1
0
2
3
2
3
1
1
1
2
2
1
1
1
1
1
0
3
0
2
2
1
1
0
1
0
2
3
5
5
0
2
1
3
0
5
1
1
3
2
1
0
3
2
0
3
2
0
2
1
1
0
4
0
0
0
1
2
0
3
1
3
0
0
3
1
1
0
1
2
1
2
0
2
0
0
0
2
1
1
2
3
2
4
2
0
1
0
1
0
1
0
1
1
3
0
2
2
1
3
2
3
1
0
3
1
0
2
0
2
2
1
1
3
2
1
0
1
0
0
0
3
1
3
1
2
1
1
2
2
1
0
2
1
3
0
1
2
1
2
1
0
0
1
3
1
1
1
1
1
2
0
2
1
2
1
1
1
2
1
0
2
0
1
1
0
1
0
2
0
1
0
1
1
0
2
2
1
0
0
2
1
0
2
0
1
0
1
0
2
1
1
0
0
1
2
2
1
1
1
1
0
2
0
1
0
1
0
0
0
2
1
0
1
0
0
1
2
1
2
1
1
1
1
1
0
0
0
0
3
3
4
1
1
2
1
2
1
3
2
1
1
1
3
2
3
1
0
1
0
0
0
0
2
0
4
3
0
0
2
2
1
0
3
2
1
1
0
0
1
1
1
0
1
1
0
2
1
0
1
0
0
2
4
0
0
0
1
1
2
0
3
0
1
0
1
1
0
1
1
1
0
0
1
2
1
1
0
0
0
1
3
3
0
1
1
1
1
1
1
1
3
2
2
3
2
4
0
2
0
1
2
2
0
0
0
1
2
0
2
0
0
1
1
3
1
0
1
1
0
1
2
0
1
1
1
3
0
2
2
2
0
2
1
1
2
1
2
0
1
2
3
3
1
0
1
1
2
1
0
1
1
1
0
1
1
1
1
2
0
2
2
1
3
2
1
1
3
2
0
2
2
0
1
3
3
1
0
1
1
1
1
2
0
1
0
0
2
1
0
0
0
1
0
3
4
2
1
1
0
2
1
0
4
2
2
2
2
0
2
1
0
2
1
1
4
2
2
0
4
0
2
1
0
1
2
0
2
1
0
1
2
2
1
4
1
1
2
2
0
3
0
0
2
3
1
3
1
0
0
0
0
2
1
3
1
1
2
2
2
1
1
1
1
0
2
0
1
2
0
1
0
2
0
1
1
2
0
1
2
4
2
1
1
2
3
0
0
1
1
1
0
0
0
1
1
1
1
3
1
5
0
0
4
1
1
0
4
0
1
1
2
0
0
3
2
3
1
1
1
1
1
0
1
0
1
1
4
2
1
1
2
0
1
3
1
1
2
0
2
1
1
2
1
1
0
2
2
3
3
1
1
1
0
1
1
1
0
2
0
0
0
3
2
2
2
1
1
1
1
0
1
1
1
1
0
3
1
0
1
1
2
1
1
0
1
1
0
0
2
4
2
0
0
2
2
1
1
1
1
1
1
2
1
1
1
1
1
1
6
1
3
0
1
2
1
1
0
2
1
0
1
0
1
1
6
0
1
1
0
0
4
0
1
0
0
2
0
1
1
1
1
1
1
3
1
1
3
0
1
3
1
0
3
1
1
0
1
2
0
0
0
1
0
0
1
0
0
3
1
4
1
1
1
2
1
0
2
2
0
0
0
0
1
1
0
3
1
0
1
1
1
0
0
2
1
1
1
0
2
1
2
3
0
1
1
1
0
1
0
1
$ENER_FIT:
0.230 0.367082 4.54760e-008
$MCA_CAL:
3
0.230 0.367082 4.54760e-008
$PEAKLABELS:
835.207, "Lu-176"
549.359, "Lu-176"
239.397, "Lu-176"
167.748, "Lu XRF"
146.346, "Lu XRF"
1091.416, "Lu-176"
186.566, "Au XRF, (Detector)"
210.573, "Au XRF, (Detector)"
3976.763, "K-40, (Bkgd)"
7115.811, "Th-232(d), (Bkgd)"
$ENDRECORD:
