$SPEC_ID:
PeakEasy Library File: Lutetium Oxide, Detective (HPGe), 23 lbs. measured on contact.
$MEAS_TIM:
60000.00000 62234.56000
$DATE_MEA:
3/1/2011 4:09:42 PM
$DATA:
0 8191
0
0
0
0
0
0
0
0
0
0
0
0
0
0
0
0
0
0
0
0
0
0
0
0
0
0
0
0
0
0
0
0
0
0
0
0
0
0
0
0
0
0
0
0
1
0
0
0
1
0
0
0
0
1
0
0
0
1
1
1
0
0
1
3
1
3
2
0
0
3
5
4
3
4
22
33
45
65
83
1830
32745
71451
74542
74165
74048
73768
73048
72814
72644
71513
71349
70698
70160
70449
69177
68884
69344
68298
68098
67696
68014
67573
66701
66757
66409
66234
65370
65685
65500
64702
64680
64199
64127
64032
63739
63699
63278
63548
63655
62741
63287
63207
62717
62915
62706
63171
63035
62898
62596
62734
63342
63377
63464
63672
64640
64126
65029
65409
66532
67966
69793
74969
80512
90409
99280
107856
114958
115317
108961
99024
89638
82575
77335
72036
66960
62500
60365
60070
59505
59982
60129
60905
63210
67888
75384
83262
88742
88848
84811
79652
77855
76650
73886
69302
64766
60306
58743
57488
58038
58871
60794
63076
64852
65046
65845
66826
68970
70425
68296
65599
61099
58682
57669
56780
56771
56752
56559
56987
57187
57442
57178
57642
57810
57877
58710
59060
59020
59088
59656
61503
62693
64578
64372
63737
62300
61451
61077
60799
60849
60396
60359
59805
59337
59249
59664
59723
59355
59692
60060
60672
60438
60784
61057
60753
60888
61113
63901
67850
74818
82289
86541
84311
77256
68723
61597
58482
56585
55847
55470
55116
55490
55084
55573
55382
55792
55309
55316
54676
55334
55257
55711
55736
55741
55863
55895
55643
56177
56272
56129
56266
56284
56552
56653
56920
56701
56802
57095
56822
57373
57566
57567
57583
57860
58710
58110
58484
58866
59034
59203
59365
59481
59195
59921
60155
60203
60406
60766
60953
60783
61567
62015
62368
63091
63348
64534
65229
66223
67351
68198
68897
69174
70190
70916
71135
71246
71343
71366
71823
71553
71722
72008
72249
72003
71456
71844
72011
71526
71519
71537
71594
71039
70099
71027
70838
70585
70941
70520
70437
70462
70882
70305
70208
70305
70358
70161
69978
69776
70267
70147
70290
70361
69972
70294
70789
70582
69958
70819
70505
71023
70683
71187
71174
70824
71309
70962
71367
71691
71621
72074
72365
72528
72977
73210
73928
74940
75339
76249
77122
78259
79997
81149
82427
83656
84264
85257
86070
86946
87208
87839
87534
87169
87299
87798
87163
87059
87484
86040
86794
85858
86049
86234
85662
85710
85081
85315
84126
84414
84308
83401
83400
83543
83469
82521
82782
82498
81986
81862
81213
81373
81014
81074
80921
80106
80262
80141
79854
79998
79844
79322
78712
78927
79112
78637
78615
77791
77621
77270
76672
76731
76571
76178
75789
75952
75092
74461
74249
73380
72913
72407
71760
71326
70318
69509
68881
67472
66748
65271
63809
62911
61274
60581
59868
58941
58110
57427
56970
56201
55942
55267
54652
54142
53652
52801
52552
52826
51689
51939
51726
50908
50838
50543
50337
50018
50027
49714
49245
49453
49049
48488
48947
48688
47937
48145
47698
47961
47641
47102
47238
47202
46942
46682
47071
46994
46797
46418
46951
46619
47065
46509
46115
46687
46030
45814
45770
46075
45737
45795
45616
45826
45595
46368
45711
45849
45762
45269
45554
45550
45687
45496
45580
45606
45475
45799
46295
46306
46309
46562
46516
47030
47454
48145
48579
49999
56574
76667
134352
266282
508508
845193
1166184
1308504
1189012
878193
529616
268835
121214
57167
34314
27537
25374
25007
24566
24474
24583
24550
24649
25181
25417
25876
25202
24922
24049
23898
23492
23233
23041
22886
22748
22868
22670
22680
22748
22745
22660
22389
22350
22114
21975
22614
22195
22121
22098
22069
22027
22334
21893
21892
21979
22008
21871
21911
21690
21636
21736
21787
21811
21362
21543
21560
21538
21318
21510
21768
21434
21607
21362
21329
21436
21512
21297
21164
21337
21078
21353
21419
20988
21476
20949
21271
21406
21484
21335
21330
21191
21439
21016
21219
21106
21180
21172
21087
20972
21352
21182
21217
21248
21724
22066
22541
23605
24016
24144
23974
22958
22071
21675
21763
21584
21663
21632
21605
21098
21223
21381
21413
21261
21105
21283
21245
21135
21246
21090
21140
21282
21293
21104
21178
21164
21447
21319
21223
21488
21592
21617
21424
21432
21402
21414
21582
21618
21618
21659
21576
21681
21785
22023
21949
21949
21971
22065
22042
21674
21733
22103
21672
21603
21784
21416
21253
21678
21764
21586
21703
21541
21758
21707
21781
21847
21871
21901
21852
21934
21882
21835
21486
21941
21897
21882
21556
21708
21639
21428
21541
21634
22014
21801
22202
21852
21954
21954
21926
21835
21981
21831
21690
22002
22087
21812
21813
21764
22017
22124
22236
21825
21930
22055
22332
22326
22378
22046
22187
22057
22320
22158
22245
22642
22312
22424
22474
22355
22526
22560
22351
22839
22660
22381
22850
22915
22844
22955
23080
23168
23203
22946
23105
23171
23589
23578
23622
24156
24186
24404
24242
24297
24107
24254
24092
24482
24353
24276
24710
24908
25029
25334
25555
25610
25656
25692
25519
25152
25284
25496
25494
25831
25912
25894
26169
26713
26982
27139
27472
27785
28177
28476
28829
29475
30384
31635
35690
47926
85233
180915
396676
777482
1304924
1835536
2133003
2037142
1600378
1032139
549659
242460
91946
30985
10457
4923
3334
2902
2861
2785
2622
2533
2550
2454
2329
2428
2368
2228
2275
2227
2269
2215
2143
2118
2174
2131
2165
2075
2145
2103
2191
1980
2015
2028
1980
2160
2070
2049
2008
2084
1932
1930
1929
1917
1928
1933
1857
1941
1918
1867
1842
1891
2037
1997
2010
1946
1938
1936
1795
1764
1857
1782
1789
1872
1834
1712
1773
1837
1791
1738
1788
1667
1723
1700
1740
1724
1695
1701
1847
1824
2064
2135
2206
2239
2096
1956
1849
1748
1822
1771
1710
1807
1662
1682
1762
1778
1731
1779
1683
1790
1771
1673
1752
1686
1733
1730
1736
1641
1789
1650
1641
1676
1712
1702
1723
1858
1999
2257
2450
2609
2788
2463
2238
2070
1865
1727
1700
1700
1632
1686
1761
1709
1707
1698
1651
1675
1727
1790
1894
1885
1886
2115
2158
2117
2247
2134
2084
2039
1982
1947
1747
1695
1654
1631
1561
1599
1611
1471
1591
1614
1671
1672
1749
1839
1822
1742
1777
1731
1644
1669
1551
1485
1415
1437
1411
1404
1384
1385
1392
1381
1379
1356
1350
1303
1395
1316
1367
1315
1302
1371
1326
1328
1334
1269
1265
1301
1343
1294
1269
1264
1325
1279
1341
1247
1313
1253
1300
1279
1369
1244
1229
1309
1307
1299
1306
1253
1266
1323
1262
1274
1256
1261
1279
1265
1301
1265
1234
1212
1243
1252
1341
1291
1333
1372
1491
1590
1720
1802
1641
1585
1375
1262
1209
1184
1179
1215
1277
1541
2156
3414
5155
7425
9643
10836
10369
8295
5753
3652
2191
1522
1256
1135
999
1033
1006
970
993
960
982
926
946
942
938
948
917
1034
976
1059
1010
958
974
918
904
880
951
883
933
905
960
929
895
913
871
857
899
949
830
923
934
896
960
902
894
912
871
892
909
921
907
922
995
876
958
898
820
913
942
870
942
922
913
938
882
902
919
870
856
940
870
850
874
849
905
861
874
858
884
874
893
830
873
793
851
830
838
833
864
849
852
837
895
880
854
867
913
892
843
891
814
891
852
810
839
820
797
818
846
844
859
837
817
794
830
839
762
837
808
811
784
804
828
837
779
811
818
799
810
839
841
754
751
841
874
896
813
815
806
857
792
792
795
842
767
804
796
772
770
830
784
816
784
780
852
810
772
791
786
773
840
861
837
949
952
1002
896
918
819
777
790
801
765
712
798
750
738
795
770
744
723
746
752
696
797
739
747
815
734
753
754
749
784
793
730
744
792
759
766
778
724
770
727
758
732
773
722
743
773
792
754
736
754
717
731
756
758
804
762
764
728
701
738
757
722
760
730
715
743
756
739
732
745
804
735
764
706
721
736
793
780
688
743
735
779
724
726
769
737
746
756
744
766
707
755
761
737
795
806
776
769
806
705
733
759
752
802
793
793
794
827
798
842
787
827
782
852
845
867
922
943
1046
1473
2301
3942
6685
10219
13693
15713
15675
12950
9362
6198
3752
2368
1829
1458
1225
1061
851
688
596
525
531
416
499
447
427
416
438
425
464
447
396
416
444
416
392
436
415
392
405
447
433
408
428
438
409
427
420
405
412
424
424
398
463
407
403
388
429
429
434
427
392
388
381
418
410
417
391
359
404
418
413
402
399
403
367
405
401
418
372
361
397
389
437
419
380
412
396
436
403
411
373
369
405
398
383
401
397
440
379
401
396
389
394
373
424
391
387
371
410
372
395
409
422
383
407
425
382
385
398
386
389
369
411
395
383
364
375
374
371
347
384
414
366
355
355
375
395
380
364
374
345
403
351
376
393
399
372
373
384
356
413
416
410
424
396
390
397
351
376
354
366
395
383
331
366
403
376
345
353
373
367
369
372
387
380
349
373
426
402
357
366
365
357
365
382
384
365
350
379
373
363
335
359
364
381
374
339
358
325
389
416
369
460
548
642
949
1312
1690
1974
2126
2161
1814
1257
902
622
456
415
363
341
322
333
346
337
364
345
354
320
325
352
326
331
346
312
350
344
319
335
347
351
304
362
368
337
361
350
354
345
342
361
363
315
322
361
344
318
310
341
333
295
383
390
386
374
399
370
345
358
341
314
329
322
347
349
351
377
451
546
715
960
1124
1285
1293
1084
922
745
507
486
437
435
430
471
547
526
440
404
356
338
299
303
308
296
303
305
281
255
266
275
305
272
268
309
335
271
274
282
287
300
286
300
294
265
263
272
289
294
290
280
275
281
265
279
301
292
300
270
321
284
271
288
260
270
292
270
304
295
248
283
274
302
286
281
282
283
288
286
264
275
282
282
302
292
293
274
268
286
299
283
279
278
256
284
283
250
254
244
282
308
270
276
298
265
248
276
240
271
271
246
300
289
277
263
264
250
269
287
287
262
270
313
254
217
293
299
280
283
261
250
265
265
285
274
259
271
269
289
241
290
247
248
282
260
292
260
273
298
280
284
255
268
262
294
315
295
324
294
295
295
262
288
293
272
271
285
264
268
281
260
263
280
257
251
262
264
248
261
273
277
263
276
258
233
274
291
266
243
257
275
252
238
258
278
288
255
254
253
260
244
215
258
271
244
236
255
281
257
255
299
291
253
239
250
240
291
243
278
291
244
262
228
266
247
235
257
271
274
265
273
241
251
273
249
239
242
240
226
264
253
243
246
242
270
227
272
249
266
254
248
234
265
253
258
249
261
278
277
279
231
247
268
235
229
258
256
289
236
279
303
310
316
301
300
285
268
296
261
242
253
231
247
266
232
262
243
250
235
237
253
252
262
224
221
230
233
279
239
262
227
255
251
249
226
293
270
234
198
233
248
206
221
268
217
213
226
216
255
265
266
312
418
440
520
577
584
581
515
419
327
307
281
223
211
222
230
205
196
245
259
208
206
227
196
249
250
215
230
236
228
222
240
226
216
211
208
204
220
235
231
221
215
243
239
240
254
228
231
231
240
250
195
223
221
234
198
205
219
216
212
207
253
225
209
210
235
200
205
205
222
203
228
238
225
210
214
230
247
220
239
238
251
247
257
241
232
230
205
229
220
185
223
215
208
224
238
210
195
222
218
237
239
232
270
216
262
274
225
222
220
224
224
217
257
265
271
287
286
283
292
262
261
211
197
206
220
239
271
235
252
237
224
183
201
231
188
199
196
188
192
213
176
195
213
232
206
201
184
198
218
213
208
192
218
223
194
204
225
234
197
255
224
258
281
286
275
240
220
230
197
191
211
201
211
182
195
210
177
192
180
176
194
191
224
212
251
279
269
281
312
306
285
269
230
202
203
188
164
196
186
197
178
183
188
163
175
204
173
195
171
188
183
186
178
189
175
187
182
228
209
208
205
199
219
153
206
210
185
158
173
172
159
175
184
165
162
165
171
174
196
174
185
171
174
188
163
170
185
198
170
184
172
201
192
178
155
172
155
161
179
189
178
160
193
187
180
191
206
183
180
204
165
161
173
165
160
182
172
184
163
167
155
181
195
178
188
202
191
191
183
186
192
159
178
165
213
175
196
199
209
218
246
205
207
194
198
186
197
178
205
237
179
214
187
219
188
200
188
168
164
160
141
183
184
165
187
172
172
162
139
168
169
182
165
177
170
163
151
161
170
167
180
179
169
168
131
180
164
180
179
185
144
182
131
187
151
181
181
144
204
191
168
188
215
271
320
319
354
360
346
322
306
246
212
206
150
171
143
154
159
184
154
190
156
166
183
152
171
150
168
162
181
137
169
169
161
169
144
186
158
175
145
159
187
140
170
164
169
159
162
167
166
142
129
174
161
151
143
166
163
152
180
158
158
159
155
159
161
152
158
153
146
159
157
163
156
166
164
155
167
142
175
153
156
166
153
140
163
158
167
166
167
178
158
166
167
145
193
184
171
151
168
186
172
163
179
169
152
140
170
165
161
171
154
155
144
133
147
165
158
162
164
162
184
158
176
197
178
190
151
170
153
170
147
163
157
166
156
173
196
279
357
457
595
668
841
788
834
731
589
393
313
256
200
166
158
155
141
154
158
127
160
153
169
158
151
156
160
161
144
147
136
150
150
147
153
130
131
141
141
146
152
159
139
147
147
150
150
140
151
142
149
156
148
127
156
147
172
144
139
167
147
175
152
186
140
173
202
201
195
214
203
193
161
159
135
132
147
146
148
136
139
141
155
157
154
156
150
149
154
124
138
145
159
145
154
164
139
154
140
130
149
141
172
141
162
160
158
176
180
157
181
157
154
161
151
166
167
154
145
153
150
149
137
148
140
139
146
154
158
149
162
161
135
157
150
149
148
130
127
147
167
150
145
148
156
160
174
186
234
224
265
292
226
274
232
201
211
241
284
366
429
478
511
537
520
432
330
256
169
162
154
147
143
140
122
156
149
137
134
117
123
125
145
148
131
141
121
132
132
123
135
147
136
144
145
144
134
122
139
123
130
138
145
150
139
146
125
134
119
123
130
140
133
130
134
133
145
151
126
133
140
137
144
139
143
136
117
143
134
120
129
139
120
138
129
132
131
122
136
157
147
133
148
148
136
139
139
137
153
158
174
154
167
153
132
144
137
143
138
116
130
133
136
147
133
134
118
128
140
134
144
114
106
126
136
138
125
134
158
145
134
134
112
136
119
147
114
128
111
137
126
132
133
134
130
129
109
130
147
133
134
107
137
131
121
131
126
164
132
124
158
132
107
134
120
125
111
125
127
140
142
138
137
143
119
133
117
137
124
124
123
128
147
140
107
138
138
135
139
121
112
127
130
137
118
121
157
121
120
126
137
132
144
120
139
130
132
138
121
121
142
135
114
126
137
120
132
130
121
122
133
117
111
123
138
128
134
141
130
128
125
118
108
143
145
128
122
118
137
104
141
117
122
139
143
142
124
127
125
102
104
131
139
131
122
115
136
141
120
137
142
125
135
118
140
120
122
140
128
136
155
130
128
142
160
145
125
132
139
130
148
134
142
129
118
127
160
128
131
136
129
121
128
114
140
143
142
134
138
128
140
131
146
149
139
128
135
140
167
140
131
141
145
138
135
115
134
135
131
139
124
105
126
125
128
116
125
113
110
128
128
127
136
132
113
140
124
134
105
102
119
119
126
122
134
121
122
148
140
153
130
135
128
146
127
131
152
125
122
125
140
143
127
128
129
144
115
128
127
141
145
123
128
126
119
132
157
145
126
177
114
131
114
134
114
129
135
129
144
134
127
136
132
141
131
119
140
157
140
134
131
126
134
126
128
131
140
132
129
113
141
132
137
134
126
145
141
141
151
172
171
242
297
314
314
365
352
294
235
216
197
154
141
133
123
138
121
144
120
127
139
148
132
138
128
137
149
112
122
136
124
121
114
137
132
138
125
149
139
149
135
144
124
123
125
124
130
128
125
113
121
124
121
111
136
130
130
125
124
116
139
125
141
121
140
120
127
127
123
130
134
119
135
111
103
149
118
128
153
130
129
139
121
157
131
144
133
148
150
132
116
128
127
132
159
161
155
139
155
154
163
163
153
146
139
157
118
128
148
139
146
123
126
134
134
130
134
144
139
173
123
117
139
116
136
115
131
136
140
152
130
121
155
94
124
145
142
130
109
130
113
128
130
136
137
125
146
143
125
141
125
118
146
120
145
127
109
144
126
118
149
133
115
146
121
137
138
160
131
132
126
135
138
145
141
143
138
146
118
126
145
142
140
132
156
139
126
151
137
148
152
132
139
135
151
130
135
144
120
125
144
129
128
120
139
132
125
133
136
130
138
141
151
134
152
148
117
114
126
129
117
145
143
128
140
135
135
146
139
149
133
138
119
129
129
148
164
158
123
136
137
153
154
141
139
153
125
129
156
136
161
128
118
144
145
146
153
143
137
127
155
139
144
128
142
131
112
136
141
128
138
130
138
135
163
120
125
146
150
149
139
138
120
130
118
139
139
122
119
150
141
133
125
140
164
138
150
153
142
140
121
162
117
140
150
148
114
130
140
148
124
139
137
132
122
134
119
158
113
118
151
163
166
178
193
199
200
207
211
197
179
159
144
142
121
116
138
123
110
122
122
114
128
121
109
123
118
121
111
89
118
107
117
133
111
131
124
124
98
109
104
114
123
100
106
101
103
119
110
102
99
87
105
110
112
105
82
103
107
111
94
119
106
121
114
91
112
98
83
85
90
114
89
98
77
88
82
78
104
96
108
85
88
105
80
103
72
103
91
81
92
94
82
106
102
105
94
91
102
100
82
93
82
100
92
94
81
95
96
97
94
86
94
93
82
91
92
106
107
107
120
113
92
106
108
118
103
82
80
89
86
80
82
95
86
87
80
92
93
85
76
88
90
98
98
63
93
71
86
86
82
71
78
76
86
74
75
72
92
68
78
78
89
92
69
82
66
97
78
61
84
84
77
93
91
62
93
65
76
82
94
93
86
78
70
76
71
80
90
91
93
76
69
66
79
78
89
87
76
75
92
70
94
65
79
80
77
96
72
80
110
77
82
94
92
68
85
66
80
60
66
79
75
68
90
73
59
71
84
77
74
64
69
82
86
81
61
71
68
75
78
59
61
65
63
92
72
84
73
60
71
76
82
82
55
70
64
62
60
80
73
63
78
70
77
67
74
74
63
60
71
61
56
62
61
68
74
69
60
67
54
53
52
82
68
75
68
64
80
72
65
73
73
50
60
62
68
63
70
63
66
66
73
61
57
60
64
64
63
54
60
76
51
61
70
58
54
55
67
68
61
58
56
61
53
54
64
60
74
74
49
66
52
52
54
63
61
59
59
51
59
67
52
54
61
66
56
60
58
66
60
59
69
61
53
51
57
53
49
53
50
47
60
66
44
61
56
53
54
51
76
62
61
76
60
47
58
50
40
57
80
64
76
82
81
82
106
113
99
94
95
76
50
53
68
46
50
50
57
40
49
56
63
74
41
40
62
75
62
59
61
63
52
51
60
54
58
56
49
59
55
49
52
46
39
48
47
53
48
54
51
45
50
67
53
46
47
56
46
39
53
50
51
47
63
64
62
65
73
48
73
59
61
68
53
49
57
55
53
55
53
58
42
72
65
58
74
69
89
82
80
80
63
64
56
73
46
48
54
54
45
61
49
59
41
41
45
55
56
50
57
37
38
44
50
43
45
39
46
48
51
43
49
41
48
57
46
53
53
43
45
53
44
42
43
42
47
55
46
58
51
55
47
46
54
44
47
42
55
51
53
44
44
54
42
38
48
49
48
54
53
52
51
53
54
46
49
64
58
48
40
36
52
61
61
46
58
50
52
54
37
45
50
53
42
53
56
50
51
46
39
43
46
59
54
62
55
62
50
47
56
63
47
58
57
52
45
47
53
58
45
43
59
57
60
43
57
50
65
62
80
93
133
161
261
339
439
617
830
1176
1403
1664
1855
1957
2036
1786
1588
1223
869
558
314
199
89
70
61
30
36
30
38
23
31
39
47
35
32
43
30
31
31
30
37
43
41
30
33
35
41
36
32
34
36
31
24
39
35
37
22
37
33
33
39
37
41
40
35
34
31
34
42
33
38
34
21
31
26
32
28
33
36
32
38
53
29
33
33
32
39
31
38
39
38
25
32
39
34
31
30
41
31
30
35
42
32
39
44
42
47
58
40
47
46
46
40
43
36
46
36
40
34
33
38
37
32
47
36
37
38
40
34
46
33
34
27
40
32
39
39
43
44
40
54
53
53
37
58
60
49
38
55
47
33
57
31
49
40
35
41
40
39
49
39
34
38
31
28
32
25
34
30
28
36
30
31
39
28
25
48
37
27
33
30
28
25
36
29
21
33
27
34
37
34
31
33
32
38
40
30
25
35
28
38
25
25
28
30
35
31
22
30
30
26
29
31
28
33
28
34
44
39
35
26
42
17
45
51
37
41
32
38
32
33
30
31
51
26
27
38
33
35
39
30
29
19
28
28
30
24
28
33
38
33
34
26
26
33
30
23
18
41
43
32
21
26
26
36
26
22
29
31
27
30
26
35
25
34
33
37
37
32
36
34
26
22
34
34
20
34
29
36
19
25
21
36
31
28
47
21
25
39
31
21
25
28
30
28
27
32
19
28
27
32
16
22
31
31
28
36
24
25
39
35
23
25
32
20
32
32
40
28
31
26
29
32
43
31
35
33
27
35
45
36
43
46
26
53
38
37
32
39
33
37
48
40
44
55
51
60
60
70
85
84
94
90
107
123
99
99
112
122
157
137
155
144
177
147
129
123
79
56
59
34
44
36
36
45
22
28
29
30
22
34
34
34
34
37
33
25
27
22
32
31
25
24
33
23
24
34
35
35
25
34
35
34
25
29
25
26
44
20
35
19
32
31
36
25
29
34
28
36
20
33
31
24
22
33
23
25
35
31
26
31
30
27
48
39
50
54
71
61
67
70
52
54
56
31
46
35
40
43
36
26
21
39
32
39
26
28
29
48
37
35
36
44
33
42
43
50
70
58
43
47
37
23
31
32
27
25
36
31
24
31
33
36
25
34
36
34
31
23
35
34
27
35
30
26
22
25
35
29
15
28
15
21
23
21
32
30
26
16
25
27
37
14
30
34
20
23
33
33
23
19
23
24
32
25
29
29
24
20
27
24
33
22
29
22
34
34
23
31
27
22
32
31
23
31
35
34
31
42
37
38
30
39
33
37
29
20
21
20
30
30
36
31
24
32
38
26
21
22
27
23
29
34
21
25
21
23
21
19
36
31
28
26
38
21
25
25
16
30
20
23
27
22
30
32
30
24
20
12
26
17
24
21
19
23
25
31
30
20
25
33
31
25
31
27
32
24
28
20
29
22
22
22
25
22
24
22
33
27
20
38
24
34
27
31
31
29
28
26
34
26
25
20
20
33
24
24
13
22
21
24
19
20
22
20
27
24
29
24
21
30
15
21
24
25
25
18
25
31
28
20
25
32
22
22
20
30
23
25
24
21
25
19
23
28
26
20
20
21
30
26
22
22
23
30
19
28
25
32
21
33
22
21
29
22
17
16
27
27
31
24
22
22
17
18
21
22
31
20
22
18
28
29
31
29
36
32
33
19
40
28
34
54
44
55
60
51
55
44
42
50
29
34
22
32
26
22
26
15
22
32
20
25
21
20
21
32
16
26
27
25
25
30
18
21
19
18
23
23
25
23
26
17
30
26
24
21
14
28
19
37
24
14
19
31
23
29
23
20
23
21
18
27
23
29
25
20
29
28
19
19
27
31
24
23
12
27
18
18
32
20
36
32
13
26
32
30
25
31
34
38
49
50
77
76
101
100
125
156
181
201
201
184
160
145
111
86
70
57
45
25
23
21
16
18
25
22
24
22
17
32
27
17
20
25
20
28
24
21
28
27
21
27
21
29
32
29
25
27
22
31
26
21
32
28
25
21
16
26
22
20
20
26
23
22
25
21
20
30
13
20
15
26
39
21
21
27
22
18
25
17
24
19
25
15
18
23
24
20
20
23
28
20
23
23
21
21
25
29
25
23
30
34
33
27
19
25
16
26
29
29
30
18
27
18
15
23
21
25
34
34
16
29
33
30
28
21
20
21
30
29
21
28
23
23
23
25
24
20
30
19
25
30
27
26
26
18
22
20
27
28
16
27
20
11
20
24
17
27
22
20
16
21
22
28
32
25
22
29
25
27
23
30
20
35
18
25
16
26
15
25
27
16
15
18
17
30
30
27
23
25
28
28
21
27
23
18
36
17
16
25
24
17
23
33
18
23
24
22
32
24
24
30
22
30
26
20
22
20
27
26
15
26
16
24
24
30
29
29
26
36
31
27
37
37
45
35
46
38
35
38
35
28
28
33
25
29
30
12
25
26
23
23
23
28
23
22
26
31
25
29
19
18
26
22
23
30
23
17
18
18
22
25
11
21
24
22
20
23
24
21
28
18
20
28
23
28
26
25
20
27
19
19
26
21
30
25
23
20
13
32
23
27
26
28
29
21
21
33
33
21
26
22
32
24
21
21
20
22
18
15
26
35
26
25
27
22
29
19
22
25
30
23
21
32
23
24
35
19
22
26
15
25
29
25
24
21
22
31
18
22
24
22
32
15
25
28
36
22
20
16
25
31
19
24
28
27
22
32
22
16
32
22
29
16
26
25
20
24
14
26
28
35
28
18
27
26
27
25
27
18
19
29
28
22
31
29
24
29
21
23
31
18
25
23
34
24
16
17
22
22
34
26
26
19
22
35
20
30
22
21
17
26
25
23
27
18
22
20
28
16
14
18
23
12
29
21
19
15
24
28
20
32
26
14
23
21
28
17
32
20
24
23
25
18
32
20
21
21
14
32
28
27
28
21
31
26
27
29
21
29
22
24
29
24
24
31
33
32
25
32
25
38
32
25
21
23
28
23
26
23
29
24
12
26
22
31
28
26
29
31
23
22
19
25
22
23
21
27
23
24
16
24
23
25
17
25
20
23
25
28
29
25
43
22
19
20
27
17
22
24
21
25
14
22
26
22
15
18
25
21
26
13
25
18
26
17
18
29
26
21
21
17
19
28
23
21
26
20
26
18
20
27
22
22
22
22
17
30
18
22
28
19
13
21
23
20
29
22
24
23
29
20
20
17
20
30
19
20
15
19
25
19
26
29
28
29
25
21
22
19
27
19
19
20
22
23
22
9
25
23
24
23
18
20
16
20
23
23
20
26
28
32
17
22
23
21
21
26
18
23
26
19
24
15
21
23
24
14
21
16
18
20
19
26
19
24
19
17
17
19
30
23
20
26
17
30
17
11
25
19
13
18
27
21
25
20
20
17
27
23
15
18
29
27
20
28
20
13
18
16
25
17
21
30
23
23
24
21
20
22
20
20
14
19
9
18
19
21
22
16
16
22
19
22
25
15
11
24
23
20
26
14
14
20
21
15
27
17
21
17
18
29
17
23
20
20
20
19
25
24
24
18
20
15
14
18
23
20
24
14
24
21
25
31
18
26
27
18
24
22
22
20
24
19
23
23
18
32
23
22
15
21
13
22
19
23
26
25
35
16
24
19
26
20
28
17
27
30
26
23
25
13
28
19
21
36
21
18
15
23
15
20
17
22
16
18
27
16
19
22
20
19
21
15
16
21
19
19
13
29
26
24
18
18
10
23
20
19
28
13
31
17
21
17
21
20
21
28
21
27
20
23
16
15
15
23
22
19
17
23
27
22
20
14
25
25
24
21
27
24
16
21
29
22
26
22
15
17
17
21
15
22
22
21
17
21
24
19
22
19
21
17
20
24
19
17
19
12
20
31
17
12
29
20
12
25
15
22
17
20
22
19
16
14
17
23
19
17
18
21
24
26
26
27
29
18
19
17
25
22
23
18
21
25
22
22
39
22
30
30
22
34
35
40
56
56
61
72
62
78
86
98
82
85
75
101
90
65
60
49
51
51
39
26
32
32
32
15
26
24
24
35
18
19
24
24
31
20
20
29
18
23
26
26
23
21
26
27
36
23
28
32
39
26
28
32
38
27
32
27
31
32
16
19
22
12
24
23
20
21
16
17
27
16
23
27
30
25
20
17
19
23
27
35
28
18
30
32
21
22
17
23
25
16
21
25
27
19
22
21
20
14
20
22
14
26
15
26
22
28
23
31
20
27
22
18
24
21
24
21
20
18
25
20
24
22
30
16
22
22
22
16
22
19
26
17
25
25
22
23
22
18
27
18
12
20
26
19
5
11
26
21
22
26
21
24
35
22
25
23
18
23
23
24
20
25
23
17
15
23
15
24
23
30
25
35
22
20
21
30
26
19
24
14
19
12
27
21
19
20
20
15
19
22
21
27
25
22
30
27
20
22
26
16
24
23
31
13
27
29
29
20
18
21
28
17
24
25
16
21
20
14
18
25
15
14
28
28
18
22
24
17
16
34
25
13
28
16
14
26
34
20
22
15
25
28
37
21
25
29
24
18
22
23
20
23
20
26
26
18
21
31
28
25
26
26
24
15
22
34
22
26
32
34
24
20
37
26
40
35
38
40
48
57
51
61
50
81
70
79
68
51
45
42
31
45
27
29
17
24
40
19
26
27
21
32
31
25
39
15
27
16
31
21
16
17
36
22
24
24
36
21
26
19
30
18
24
33
32
32
18
27
26
21
36
20
26
27
22
24
17
39
34
34
22
32
24
29
31
24
29
22
27
23
19
27
30
27
31
22
26
15
24
16
24
27
19
32
16
23
20
34
23
20
20
21
31
20
24
28
29
15
23
16
23
26
17
28
26
23
18
16
22
26
26
20
23
22
24
19
19
21
24
18
31
21
24
23
25
24
36
25
22
21
25
15
21
21
22
15
34
20
22
17
37
21
21
29
15
23
26
20
19
18
27
16
36
25
34
29
29
22
23
29
17
17
25
30
27
24
21
24
26
22
30
17
21
37
22
26
33
28
21
28
27
22
29
28
22
22
30
22
29
21
30
24
25
25
31
31
35
29
38
27
31
20
28
25
25
21
21
38
28
18
18
26
21
26
32
26
20
29
19
20
25
25
32
31
28
43
24
20
24
27
24
26
32
25
29
27
22
34
29
32
35
29
24
30
26
45
18
33
31
37
30
32
27
29
27
35
34
21
28
28
20
23
22
28
24
22
22
24
24
28
27
28
33
21
35
31
38
30
30
32
18
30
28
18
32
30
30
19
20
25
22
26
40
27
29
30
18
29
26
26
31
31
30
27
24
30
31
27
27
29
31
31
26
28
39
31
30
35
32
40
22
31
27
33
34
31
34
29
35
30
28
34
43
26
35
29
19
31
33
29
39
32
31
40
22
36
39
19
25
34
29
36
19
22
27
32
24
25
27
29
27
34
32
27
33
32
44
27
26
34
21
29
30
34
27
27
22
38
23
24
29
41
30
31
29
32
37
16
27
28
30
28
30
30
33
25
24
32
35
21
35
35
29
24
26
31
31
35
37
29
21
28
32
23
28
31
32
32
28
35
25
38
27
33
26
29
37
36
29
25
37
38
33
25
33
35
24
23
33
28
30
35
19
41
23
36
27
30
25
26
27
29
29
29
23
31
27
35
33
27
39
33
35
32
31
30
32
31
35
42
38
22
26
33
29
23
29
30
32
30
21
31
25
36
29
27
29
21
26
21
20
18
19
26
25
28
22
16
17
16
23
14
26
26
15
27
24
11
25
19
27
19
25
32
18
19
19
8
26
20
16
25
15
25
14
25
10
22
23
22
19
15
17
29
17
12
20
15
19
18
21
13
12
20
16
20
10
15
15
24
19
19
15
21
16
16
21
20
12
10
21
23
15
23
21
26
17
27
24
24
11
21
27
26
20
17
14
6
19
13
13
20
10
17
16
17
17
15
15
16
22
25
20
11
26
14
16
17
18
12
13
19
16
12
17
23
13
14
14
18
16
19
20
26
19
21
14
14
17
17
15
15
10
22
15
20
14
20
16
10
16
18
10
19
20
13
17
9
10
18
17
18
18
14
12
13
14
23
10
16
12
11
13
16
19
22
16
14
15
28
16
22
26
21
22
28
26
22
24
20
26
21
18
22
19
8
20
18
19
23
14
10
12
14
12
10
14
11
14
13
9
18
15
13
8
11
18
17
10
14
14
5
9
12
10
14
11
10
11
10
14
8
10
14
8
15
16
12
16
7
12
8
8
14
14
14
11
8
12
13
10
7
10
9
19
9
13
12
15
11
13
8
8
9
7
8
11
11
13
6
9
7
10
10
7
17
6
6
15
12
6
7
12
9
8
4
8
10
6
9
4
15
13
12
10
9
8
5
12
8
5
7
9
7
7
10
3
8
8
5
10
6
9
4
5
9
5
6
7
5
9
6
8
2
5
4
10
9
9
12
9
11
3
3
9
7
5
6
11
7
6
5
7
10
4
7
3
7
3
3
8
4
4
3
8
9
5
8
6
6
5
6
5
5
3
4
7
3
5
6
8
8
10
13
6
6
4
4
10
4
4
2
4
8
5
5
5
6
8
4
3
5
10
8
5
8
3
4
5
4
4
3
6
3
8
5
8
5
7
6
5
2
4
9
4
5
5
6
4
4
5
6
3
8
5
4
5
5
5
3
5
6
7
6
3
5
6
5
13
5
3
5
2
6
1
3
4
4
6
8
2
5
5
4
2
6
7
2
9
4
5
5
1
4
6
5
4
1
4
6
5
3
2
2
4
7
4
6
4
2
5
4
5
3
0
3
3
6
3
3
3
7
5
3
4
3
6
6
3
4
3
3
3
6
4
7
6
3
5
3
6
3
9
2
2
3
7
5
2
4
2
2
7
3
1
0
3
0
3
11
4
4
3
5
9
6
5
4
1
3
5
4
5
11
5
3
5
4
4
3
3
3
0
2
4
4
2
7
3
1
3
4
8
6
6
2
8
4
3
7
3
2
4
3
3
4
0
2
5
4
2
6
3
7
4
3
4
6
6
8
7
0
4
6
3
3
4
3
7
1
8
4
2
2
2
3
4
5
4
2
12
7
6
3
5
11
4
7
9
12
9
18
19
17
21
42
39
58
71
103
105
125
161
185
214
274
312
331
367
428
454
415
442
452
411
360
340
274
196
150
103
57
45
22
14
4
6
4
1
2
0
0
1
4
1
1
1
1
2
1
2
0
1
3
3
1
1
2
0
1
2
0
4
2
1
5
2
1
1
1
1
5
2
3
2
1
1
1
1
1
2
2
1
1
1
1
1
3
1
5
2
1
1
1
1
0
2
4
0
1
2
1
4
3
4
1
2
0
1
1
0
1
1
2
5
0
2
1
0
1
2
0
2
0
5
0
2
3
4
1
3
2
2
2
1
0
3
2
3
4
2
1
1
2
2
2
2
0
0
1
4
2
2
2
2
1
2
0
1
2
1
1
1
2
0
4
0
1
2
0
1
3
3
0
3
1
3
5
1
3
2
1
5
4
0
2
1
0
1
1
1
3
2
2
0
1
2
0
3
2
1
1
1
2
1
2
2
2
1
0
0
3
0
0
2
4
1
2
1
2
0
0
1
0
1
1
3
1
2
0
1
0
6
1
3
1
1
1
0
1
1
1
3
1
3
1
0
2
2
1
2
1
2
1
1
2
1
1
2
1
2
0
2
2
1
2
1
1
0
1
2
0
1
3
1
1
0
0
1
3
1
0
0
1
3
0
3
0
6
2
2
0
2
0
3
2
1
0
3
3
0
1
0
1
0
2
0
0
1
2
4
1
1
1
2
3
1
2
1
1
1
4
1
2
2
0
4
2
2
2
0
3
0
0
0
1
3
0
5
0
1
2
0
1
0
1
2
2
3
1
3
0
1
1
1
2
0
2
0
1
2
0
4
1
1
2
0
1
4
1
3
2
2
1
2
0
2
1
0
1
0
1
0
2
0
2
1
2
0
0
2
0
3
4
1
1
0
2
2
2
2
1
2
0
0
3
3
1
2
2
1
3
4
3
2
0
1
2
1
0
2
1
1
2
1
0
2
3
4
0
1
1
0
0
0
2
2
1
1
0
0
2
1
3
4
0
3
1
0
3
3
0
2
0
2
0
1
2
1
2
2
1
0
0
3
0
2
1
0
2
2
0
1
1
1
1
1
0
1
1
1
0
2
2
3
4
1
1
2
2
1
1
2
1
2
2
2
2
1
3
2
1
2
3
2
2
0
1
1
0
1
0
1
0
1
1
0
4
0
2
1
1
1
1
4
2
1
3
4
2
0
3
1
2
2
0
1
1
2
2
1
2
2
2
2
0
2
1
0
0
1
1
1
4
2
1
0
2
2
0
4
0
0
2
1
0
2
1
2
3
2
2
0
4
2
3
1
1
0
0
3
0
1
2
1
1
0
1
2
1
1
1
1
2
2
0
3
0
0
0
1
0
1
1
3
1
1
0
0
1
2
4
2
0
0
0
1
1
1
2
0
0
0
2
1
2
1
0
1
0
0
2
1
3
1
3
1
2
1
2
0
3
1
3
0
2
1
2
3
1
1
0
0
0
1
1
3
0
1
3
1
1
3
0
0
2
0
1
0
2
0
1
0
0
2
2
2
0
2
0
3
1
3
2
6
0
3
1
0
2
2
1
1
1
1
4
0
1
1
1
0
0
0
0
2
1
3
1
0
2
2
0
0
0
4
2
1
0
3
0
1
1
2
0
1
0
4
1
2
5
2
2
1
2
3
1
0
2
0
1
2
0
0
0
3
0
2
2
1
0
1
1
1
2
0
0
4
3
2
0
2
1
1
3
1
1
3
1
2
2
0
2
1
1
2
2
1
1
2
1
2
2
1
1
3
0
0
3
0
2
1
1
2
2
0
1
1
1
0
0
2
0
1
0
0
1
1
2
3
4
2
0
0
1
0
1
0
1
1
2
2
2
3
2
1
4
3
0
3
3
3
1
1
2
1
0
2
4
0
4
3
1
1
1
1
0
1
0
0
3
3
2
0
0
0
1
0
4
1
2
1
1
2
3
2
1
1
1
2
2
2
1
0
0
1
1
1
3
3
1
0
2
2
0
1
0
0
0
4
0
2
0
2
2
1
1
2
2
2
2
3
4
1
4
1
4
2
1
0
3
1
0
0
2
1
0
2
1
0
0
0
0
0
0
1
0
1
1
1
0
1
1
0
1
3
0
1
1
1
0
1
2
3
1
0
0
1
2
2
1
0
1
1
1
1
3
2
3
0
1
2
1
1
1
1
1
0
0
1
0
3
1
2
1
1
1
4
0
1
1
2
1
0
0
2
2
1
3
0
2
0
0
1
4
1
3
0
0
0
5
5
2
0
2
0
2
1
0
0
0
2
1
2
3
3
1
2
0
0
0
1
0
3
1
1
3
1
3
1
2
1
3
0
1
2
0
1
0
3
0
0
0
1
1
2
0
0
0
2
2
2
3
3
0
2
1
3
1
0
1
1
1
1
1
2
0
0
1
1
0
0
1
0
1
0
2
2
0
0
1
2
1
2
1
0
1
1
0
$ENER_FIT:
0.397 0.366329 7.93359e-008
$MCA_CAL:
3
0.397 0.366329 7.93359e-008
$PEAKLABELS:
836.256, "Lu-176"
550.046, "Lu-176"
146.572, "Lu XRF"
166.630, "Lu XRF"
240.219, "Lu-176"
567.666, "Lu-177"
1093.155, "Lu-176"
984.370, "Sum Peak"
1004.132, "Sum Peak"
1672.057, "Sum Peak"
1643.257, "Sum Peak, (Cascade)"
1929.418, "Sum Peak, (Cascade)"
186.329, "Au XRF, (Detector)"
211.490, "Au XRF, (Detector)"
3982.086, "K-40, (Bkgd)"
7124.805, "Tl-208, (Bkgd)"
1386.373, "Sum Peak,(Cascade)"
317.567, "Backscatter"
387.014, "Backscatter"
1076.795, "Sum Peak, (Cascade)"
$ENDRECORD:
