$SPEC_ID:
PeakEasy Library File: Lutetium Oxide, IdentiFINDER (NaI), 23 lbs. measured on contact.
$MEAS_TIM:
60000.00000 60178.00000
$DATE_MEA:
01.03.2011 16:18:40
$DATA:
0 1023
0
0
0
0
27556
72193
85395
111061
128671
124535
121587
123443
125944
133207
152457
184479
249689
355164
437153
420828
352291
294911
250979
226590
224882
230139
229653
229640
239200
246847
243405
237291
233316
239548
252107
271040
293838
323130
344921
351376
339922
328715
330351
338810
353799
369547
380751
390890
390989
383432
371866
356939
343331
329655
314657
301924
290584
281696
282883
298490
337702
415776
535268
685511
833259
938214
974014
929989
814727
664323
508078
372487
272326
205033
166973
146811
136990
132604
130259
128926
128794
129029
129061
130797
132822
134266
137223
138836
141948
148229
158984
180380
219680
279967
370420
489650
628535
778284
915892
1023426
1093735
1112963
1072452
989581
863293
716586
564088
421098
297489
199753
130104
83273
53794
35969
25938
20264
16918
14896
13728
12907
12312
12078
11768
11677
11520
11669
11706
11831
11980
11930
12010
12278
12150
11648
11214
10524
10278
9464
8690
8282
7808
7226
6787
6695
6327
6195
6082
5969
6009
5851
5750
5805
5502
5574
5659
5686
5504
5738
5524
5610
5750
5844
6032
6398
6713
7223
7776
8346
9019
9529
9981
10125
10211
10189
9656
9090
8250
7683
6777
6330
5465
4873
4432
4159
3954
3730
3760
3719
3664
3744
3748
3844
3848
3797
3868
3866
3804
3666
3715
3624
3600
3400
3311
3268
3098
3060
2939
2806
2657
2488
2487
2366
2384
2267
2229
2112
2082
2091
2059
2079
1930
2007
2011
1993
1965
1959
1853
1833
1926
1797
1844
1914
1874
1843
1864
1919
1878
1859
1896
1810
1759
1796
1835
1780
1744
1794
1748
1725
1755
1704
1638
1715
1721
1676
1646
1705
1681
1600
1576
1654
1583
1586
1558
1555
1518
1538
1536
1527
1556
1468
1434
1426
1448
1406
1407
1437
1426
1331
1403
1436
1400
1363
1352
1342
1386
1378
1355
1345
1402
1372
1399
1362
1358
1359
1399
1448
1445
1492
1490
1473
1466
1463
1495
1469
1500
1440
1395
1417
1391
1375
1310
1381
1281
1319
1293
1363
1310
1355
1301
1297
1281
1261
1227
1187
1206
1179
1210
1118
1110
1110
1052
1026
1017
983
996
981
1058
1077
944
868
920
948
931
958
916
982
935
922
899
882
906
919
932
957
895
920
939
966
957
963
941
942
952
1029
1002
1030
1001
997
1011
1020
1077
1039
1001
987
957
948
1012
981
955
1012
952
978
885
879
899
949
917
823
839
836
859
787
839
828
789
811
806
785
773
778
734
757
721
763
706
727
665
709
633
620
627
610
586
616
627
607
543
554
528
545
522
473
493
482
470
487
480
498
461
438
433
434
425
418
418
442
424
415
405
358
434
418
386
417
360
370
395
438
403
375
396
418
462
427
410
457
468
466
435
485
469
505
556
572
618
643
652
751
710
771
840
896
946
945
1020
1096
1098
1133
1139
1212
1219
1250
1268
1254
1176
1190
1142
1113
1082
1035
986
911
849
833
759
727
655
571
556
549
520
465
438
399
361
379
358
355
317
315
337
332
294
288
325
286
277
309
308
290
313
316
318
303
281
296
286
270
275
301
282
262
262
244
240
231
252
238
220
254
214
208
210
226
200
202
196
195
198
186
186
162
157
162
175
168
170
185
176
172
176
181
171
172
193
183
198
201
199
213
219
206
212
209
235
221
210
232
230
225
234
207
217
211
212
223
225
233
234
194
216
186
189
198
175
199
154
159
170
181
173
174
183
158
169
169
146
137
149
151
169
147
142
125
140
128
150
150
145
139
147
126
135
118
134
139
125
133
139
127
123
132
119
119
131
140
132
121
126
120
127
120
121
131
105
126
116
124
120
130
122
105
112
117
116
119
127
109
128
122
113
109
119
111
121
110
103
114
115
122
110
105
133
121
129
111
99
112
119
132
120
108
119
127
127
132
142
115
132
162
156
140
153
160
162
180
150
151
165
150
165
147
154
157
182
152
165
154
161
150
164
167
165
162
145
145
153
139
135
140
137
137
139
129
138
149
153
140
142
126
125
152
140
131
150
139
148
121
136
132
150
124
134
139
126
129
127
121
135
120
139
127
146
139
108
107
119
114
108
131
110
105
113
125
114
117
126
124
119
90
101
100
87
93
124
99
90
78
89
85
78
91
105
97
83
86
84
77
70
81
77
69
76
76
69
59
68
58
54
60
61
55
59
64
54
51
41
54
37
59
45
47
47
38
33
42
44
40
31
38
38
37
42
40
43
44
40
41
50
34
37
32
47
35
48
39
54
35
42
53
51
49
62
64
74
87
91
79
96
100
103
108
140
140
121
122
144
141
145
146
152
142
149
166
163
152
150
143
154
145
156
158
151
150
147
134
136
123
115
116
119
106
100
102
85
94
80
62
80
48
63
59
55
42
32
45
37
37
42
25
29
26
37
22
34
26
21
30
10
22
13
20
12
16
17
19
15
14
9
12
9
10
19
16
12
12
12
15
19
8
12
13
10
11
9
14
12
12
16
12
8
17
13
14
16
20
15
8
9
7
8
8
6
14
10
5
11
4
14
13
14
11
5
15
19
14
11
10
11
15
10
12
7
5
10
11
7
6
6
14
12
10
6
10
7
12
8
9
12
11
15
16
8
13
10
14
12
8
7
14
4
13
10
8
8
10
11
11
7
7
8
8
7
11
8
8
11
7
11
12
8
8
8
15
$ENER_FIT:
2.970 2.934319 2.88374e-004 -2.18503e-007 0.00000e+000
$MCA_CAL:
5
2.970 2.934319 2.88374e-004 -2.18503e-007 0.00000e+000
$PEAKLABELS:
100.935, "Lu-176"
65.982, "Lu-176"
18.218, "Lu XRF"
29.248, "Lu-176"
130.853, "Lu-176"
47.579, "Backscatter"
38.915, "Backscatter"
171.872, "Sum Peak,(Cascade)"
866.301, "Th-232(d),(Bkgd)"
481.610, "K-40,(Bkgd)"
$ENDRECORD:
