$SPEC_ID:
PeakEasy Library File: Lutetium Oxide, Interceptor (CZT), 23 lbs. @ 25 cm
$MEAS_TIM:
81751.50000 81753.10000
$DATE_MEA:
23-May-2011 08:52:57
$DATA:
0 1023
0
0
0
0
0
0
0
0
0
0
0
0
0
314
821
778
801
822
771
774
816
745
804
708
731
710
731
715
708
735
791
906
895
984
1081
1206
1344
1316
1263
1157
1128
1137
1163
1129
1107
1018
1146
1208
1219
1220
1319
1352
1359
1326
1360
1405
1487
1464
1598
1489
1600
1592
1493
1518
1549
1480
1494
1404
1522
1546
1589
1518
1608
1613
1583
1604
1669
1634
1617
1612
1690
1618
1604
1576
1500
1468
1518
1517
1471
1492
1487
1439
1508
1486
1499
1501
1449
1469
1385
1332
1333
1288
1236
1251
1226
1168
1167
1118
1103
1020
1038
1043
917
936
929
910
938
848
808
857
844
764
814
760
783
787
879
758
869
974
1066
1305
1566
1915
2141
2137
1710
1268
813
516
470
405
417
388
409
358
368
389
415
337
324
356
336
374
364
349
344
329
325
341
327
321
295
270
311
282
285
290
276
267
254
225
266
248
254
289
252
269
243
233
266
264
246
236
239
291
277
274
296
268
307
288
314
296
330
377
440
496
574
654
826
1017
1221
1516
1657
1583
1295
875
507
229
100
48
46
43
56
45
51
57
58
49
60
49
47
50
37
47
33
43
43
40
46
28
39
40
44
47
40
34
38
25
44
32
36
29
22
20
31
29
36
30
26
23
26
21
27
18
39
39
25
33
31
22
23
34
22
26
28
31
41
19
25
25
23
26
26
29
19
15
20
18
16
25
28
20
11
19
24
17
18
16
16
29
10
24
24
20
19
12
26
15
19
19
19
20
15
24
18
26
18
16
12
16
9
18
14
17
20
16
15
15
18
17
17
11
19
14
16
12
21
16
10
12
10
18
16
14
15
19
14
10
13
18
20
9
13
16
19
13
16
9
12
17
16
20
10
11
7
15
13
11
11
8
7
11
12
17
11
12
8
12
10
19
8
16
9
15
13
11
9
12
10
13
16
20
14
17
13
17
17
15
16
15
11
7
14
13
14
10
8
13
11
12
9
10
14
7
11
16
8
10
10
8
10
10
9
7
2
4
10
17
13
7
8
10
11
8
9
6
9
8
6
10
17
9
9
13
6
7
11
5
11
7
5
10
8
6
7
6
6
8
10
4
5
3
3
8
12
6
7
12
9
5
9
8
6
9
5
8
8
8
6
14
8
8
7
7
4
2
8
8
5
8
8
4
6
9
4
4
6
4
6
5
8
6
7
7
6
14
7
9
9
8
8
8
5
8
3
5
7
10
5
11
8
5
7
7
6
6
7
4
6
6
7
6
3
8
3
9
8
4
9
4
3
12
3
1
3
4
2
11
5
5
5
5
5
6
4
7
1
7
8
1
8
4
2
11
5
6
4
9
4
7
6
3
6
3
4
8
2
5
8
6
7
3
10
4
4
2
6
3
5
5
3
4
6
6
5
2
8
4
4
2
2
2
6
5
6
6
4
3
7
13
7
9
9
6
6
1
9
1
4
5
4
3
3
2
3
3
6
2
2
8
3
5
4
6
3
5
6
4
2
6
8
5
5
4
3
2
4
5
2
4
1
4
4
2
3
6
10
3
3
4
6
2
3
3
4
2
5
4
5
3
11
7
5
4
3
3
4
1
6
1
5
3
2
4
6
3
3
1
1
2
3
3
6
5
5
1
0
1
6
1
3
3
5
2
2
1
3
5
6
7
4
4
1
1
8
3
2
3
1
3
3
5
3
2
0
3
4
3
4
3
3
3
3
2
1
3
3
4
6
5
0
6
4
3
2
4
5
8
1
5
2
3
2
6
4
3
5
7
1
5
2
6
6
2
3
3
3
5
2
3
5
3
2
6
5
3
6
3
3
5
4
3
3
4
3
4
4
3
5
5
4
3
3
5
6
5
2
2
6
4
6
1
2
4
3
2
3
3
2
3
4
2
1
3
1
5
3
2
2
2
4
3
2
4
3
3
4
3
2
3
0
2
6
2
5
5
1
1
3
3
1
1
4
2
2
1
3
2
2
3
2
0
0
3
2
4
2
0
3
2
1
4
2
1
1
0
1
2
3
3
3
0
0
1
2
1
5
3
6
3
1
1
1
3
4
1
2
2
2
0
1
1
4
1
2
2
3
0
1
6
2
2
1
0
1
0
4
2
0
2
0
2
1
2
4
1
1
0
2
1
2
1
2
2
3
0
1
2
3
1
0
3
1
2
2
3
0
1
1
0
7
0
2
3
4
1
3
0
1
1
3
3
0
1
1
2
2
4
0
4
1
1
1
1
1
3
1
3
0
2
3
3
3
2
2
3
3
1
5
1
4
3
0
2
3
4
2
2
4
4
1
1
3
0
0
1
0
1
0
0
0
2
1
2
3
0
1
1
3
0
0
0
1
0
2
1
2
2
0
0
1
2
0
0
4
0
0
1
0
2
2
2
$ENER_FIT:
3.976 1.430043 2.84961e-004
$MCA_CAL:
3
3.976 1.430043 2.84961e-004
$PEAKLABELS:
134.448, "Lu-176"
205.117, "Lu-176"
58.104, "Lu-176"
36.350, "Lu XRF"
$ENDRECORD:
