$SPEC_ID:
PeakEasy Library File: Cs-131, IdentiFINDER2 (NaI with Cs-137 seed), 50 uCi thru  1.5" PE @ 60 cm
$MEAS_TIM:
61727.00000 61771.00000
$DATE_MEA:
12-Nov-2014 5:38:37 PM
$DATA:
0 1023
0
0
0
0
0
11164
56983
89265
226623
622815
1091307
1087511
614747
232487
86363
50341
46004
46764
50061
53627
57743
62757
66840
72789
78956
83146
86334
89683
90766
92595
93622
94265
94289
94899
94471
94905
94711
94288
93382
93625
92686
92112
91149
89551
88636
87085
85294
83789
81810
80402
79017
76835
75282
73950
72117
71732
71124
70064
70256
69434
70018
69433
68300
68755
68538
67573
65563
64784
62895
61841
60612
58959
57932
56919
56264
55030
54183
53198
51623
50222
49012
47904
46066
44837
43428
42281
41192
40178
39550
38712
38176
37600
36769
36423
35993
35477
34919
34489
33275
33025
32447
32249
31324
31394
30596
30149
29956
29714
29791
29322
29499
29314
29189
28870
28742
28666
28411
27946
27470
27091
26822
26310
26123
25640
25271
25489
25073
24862
24731
24391
24258
24453
24185
24201
23937
23574
23262
23244
23037
22790
22622
22570
22640
22776
22475
22404
22697
22099
21928
21859
21116
20694
20431
19776
19329
18332
17651
16431
16021
15135
14264
13424
12730
12032
11342
10590
10239
9716
9459
9036
8784
8547
8115
7791
7649
7223
7045
6805
6527
6472
6267
6104
5957
5894
5860
5700
5689
5628
5500
5640
5652
5626
5730
5720
5751
5789
5971
5967
6101
6386
6751
7179
7888
8830
10134
11831
14058
16882
20245
24461
29266
34534
40703
47536
54228
60567
67440
73635
79332
83258
86664
88582
88154
87224
84570
80252
74803
68576
61783
55045
48124
41247
34966
28989
24083
19598
15905
12839
10223
8319
6486
5341
4397
3715
3193
2911
2609
2473
2313
2316
2276
2174
2095
2126
2074
2085
2015
2028
2040
1988
1958
1896
1920
1905
1918
1892
1881
1878
1869
1879
1746
1743
1772
1708
1708
1700
1688
1707
1724
1657
1677
1656
1694
1650
1608
1705
1642
1720
1697
1675
1713
1677
1602
1601
1660
1727
1705
1770
1721
1728
1710
1715
1760
1669
1688
1692
1702
1652
1673
1591
1648
1630
1592
1651
1577
1624
1594
1542
1575
1501
1494
1495
1479
1468
1445
1399
1400
1404
1333
1352
1307
1309
1321
1304
1255
1250
1228
1213
1172
1226
1245
1206
1264
1132
1164
1173
1190
1222
1168
1191
1139
1144
1162
1216
1174
1244
1175
1223
1228
1263
1235
1271
1246
1267
1298
1296
1253
1328
1298
1254
1267
1218
1287
1265
1248
1310
1275
1258
1203
1226
1223
1216
1165
1183
1162
1149
1119
1114
1109
1106
1035
1054
1037
1071
1029
1013
1048
1023
952
940
953
930
930
905
886
936
873
878
874
812
804
838
801
745
746
789
702
747
733
631
664
667
661
629
624
603
590
609
558
603
560
557
525
546
516
542
541
520
487
484
503
472
495
462
493
483
465
505
497
478
487
512
530
549
533
585
530
572
592
659
666
680
714
769
773
820
892
925
971
1065
1092
1108
1233
1269
1329
1497
1446
1466
1530
1517
1537
1583
1527
1576
1518
1458
1419
1391
1301
1266
1248
1194
1129
1068
1018
901
831
783
737
696
623
632
535
522
504
486
420
384
391
377
370
377
356
335
329
347
328
353
321
320
288
284
293
289
280
289
315
269
277
262
251
259
252
226
239
244
211
229
229
231
235
205
190
213
244
197
193
182
180
179
179
183
210
184
180
154
169
175
173
188
202
191
178
216
197
204
210
234
196
219
221
212
207
220
224
235
230
232
243
230
237
227
248
234
235
235
231
216
220
218
230
197
218
194
192
187
181
214
165
173
175
159
158
169
170
184
155
163
173
156
129
162
150
153
131
150
151
126
158
129
129
142
143
125
113
128
139
133
139
129
107
121
109
109
110
117
121
130
118
116
126
136
117
112
106
100
110
118
104
108
109
107
92
94
105
97
93
96
112
100
80
117
100
100
93
112
112
89
92
111
107
102
112
111
115
108
97
109
108
105
95
94
122
104
129
128
121
109
110
117
105
125
119
131
130
125
153
156
142
175
152
128
130
138
160
126
152
108
126
125
130
137
130
145
142
126
141
116
116
129
123
118
117
133
110
125
128
129
124
114
135
115
130
108
103
101
115
124
108
113
120
114
107
111
109
114
117
111
124
104
94
98
96
96
96
89
97
103
99
94
107
105
91
92
71
99
91
89
87
99
82
82
83
82
87
99
89
82
65
88
97
72
93
71
83
70
61
69
59
60
73
73
73
64
69
56
55
56
50
52
57
53
47
53
56
62
52
54
45
52
42
42
43
44
46
42
40
40
40
34
38
38
36
42
33
34
31
40
44
27
43
37
33
47
34
45
52
41
51
62
54
51
56
63
57
65
76
76
68
67
85
91
88
89
96
93
97
119
99
108
95
101
109
114
109
123
133
114
133
129
109
116
107
107
93
99
80
86
89
84
85
91
83
72
74
68
65
58
59
56
57
57
51
43
35
45
44
30
25
24
26
33
36
37
19
28
33
19
21
27
17
25
26
17
16
16
20
15
13
22
16
18
15
15
14
17
20
13
11
10
11
10
18
13
15
20
20
13
20
12
10
11
9
8
9
9
11
8
11
9
9
12
16
11
14
13
10
18
19
13
7
6
11
14
13
10
11
17
9
9
11
8
8
10
10
11
10
12
13
10
11
12
9
14
7
9
8
10
10
12
9
8
8
8
10
6
9
11
12
6
8
17
16
13
10
13
10
9
6
13
5
8
10
8
10
10
7
8
5
9
12
9
7
3
$ENER_FIT:
2.197 2.888258 4.79900e-004 -3.97332e-007 0.00000e+000
$MCA_CAL:
5
2.197 2.888258 4.79900e-004 -3.97332e-007 0.00000e+000
$SHAPE_CAL:
3
3.4473 1.26969e-003 -2.07826e-008
$PEAKLABELS:
864.264, "Th-232(d),(Bkgd)"
480.289, "K-40,(Bkgd)"
221.644, "Cs-137, (Detector)"
11.951, "Ba X-rays, (Detector)"
9.341, "Cs-131,Xe X-rays"
$ENDRECORD:
