$SPEC_ID:
PeakEasy Library File: Cs-131, Interceptor (CZT), 50 uCi @ 60 cm
$MEAS_TIM:
596.60000 604.10000
$DATE_MEA:
10-Dec-2005 05:23:23
$DATA:
0 1023
0
0
0
0
0
0
0
0
0
0
0
0
0
3
7
15
27
29
30
39
30
31
26
15
8
2
4
4
3
5
1
0
3
3
0
4
4
1
3
3
8
5
4
7
11
4
10
5
9
9
7
5
11
8
10
6
10
10
7
8
6
9
11
7
8
5
12
4
8
8
9
11
8
4
7
8
13
2
6
8
6
6
9
5
5
4
4
3
5
5
4
5
6
9
6
3
3
7
6
3
5
4
9
10
5
10
1
4
3
3
1
2
3
2
3
5
4
2
3
5
2
1
3
3
6
5
1
2
3
2
4
2
1
0
0
4
2
1
1
2
3
2
0
1
1
1
0
0
1
0
0
0
2
3
1
2
1
2
2
2
0
0
0
0
0
1
0
0
3
2
0
0
1
1
0
2
1
0
2
0
0
1
1
0
0
0
1
0
0
0
0
0
0
2
0
1
2
0
0
2
0
2
0
1
0
0
0
2
0
0
1
0
1
1
0
1
0
0
0
1
2
0
0
1
0
2
0
0
1
0
0
0
0
0
5
0
0
0
0
1
0
1
1
0
0
0
0
1
0
1
0
0
0
0
1
1
0
0
0
0
1
0
0
0
0
0
1
0
0
0
0
0
0
1
0
0
0
0
1
0
0
0
0
0
0
0
0
0
1
1
0
0
0
0
1
0
0
0
0
0
0
0
1
0
0
0
1
0
0
0
0
0
0
0
0
0
0
0
0
0
0
1
0
1
0
0
0
0
0
0
1
1
0
0
0
0
0
0
2
0
0
0
0
0
0
0
0
0
1
0
0
0
0
0
0
0
0
0
0
0
0
0
0
0
0
0
0
0
0
0
0
1
1
0
0
0
0
0
0
0
0
0
0
0
0
0
0
0
0
0
1
0
0
0
0
0
1
0
0
0
0
0
0
0
0
0
0
0
1
1
0
0
0
0
0
0
0
0
0
0
0
0
1
0
1
0
0
0
0
1
0
0
0
0
0
0
0
0
0
0
0
0
0
0
0
0
0
0
0
0
0
0
1
0
0
0
0
0
0
0
0
0
0
0
0
0
0
0
0
0
0
0
0
1
0
0
1
1
0
0
0
1
0
0
0
0
0
0
0
0
0
0
0
0
0
0
0
0
0
0
0
0
0
0
1
0
0
0
0
0
0
0
0
0
0
0
0
0
0
1
0
0
0
0
1
0
0
0
0
0
0
0
0
0
0
0
0
0
0
0
0
0
0
0
0
0
0
0
0
0
0
0
0
0
0
0
1
0
0
0
0
0
0
0
0
0
0
0
0
0
0
0
0
0
0
0
0
0
0
0
0
0
0
0
1
0
0
1
0
0
0
0
0
0
0
0
0
0
1
0
0
0
0
0
0
0
0
0
1
0
0
0
0
1
0
0
0
0
0
0
0
0
0
0
0
0
0
0
0
0
0
0
0
0
0
0
0
0
0
1
0
0
0
0
0
0
0
0
0
0
0
0
0
0
0
0
0
0
0
1
1
0
0
0
0
0
0
0
0
1
0
0
0
0
0
0
0
0
0
0
0
0
0
0
0
0
0
0
0
0
0
0
0
0
0
0
0
0
0
0
0
0
0
0
0
0
0
0
0
0
0
0
0
0
0
0
1
0
0
0
0
0
1
0
0
0
0
0
0
0
0
0
0
0
0
0
0
0
0
0
0
0
0
1
0
0
0
0
0
0
0
0
0
0
0
0
0
0
0
0
0
0
0
1
1
0
0
0
0
0
0
0
0
0
0
0
0
0
0
0
0
0
0
0
0
0
0
0
0
0
0
0
0
0
0
0
0
0
0
0
0
0
0
0
0
0
0
0
0
0
0
0
0
0
0
0
0
0
0
0
0
0
0
0
0
0
0
0
0
0
0
0
0
0
0
0
0
0
0
0
0
0
0
0
0
0
0
0
0
0
0
0
0
0
0
0
0
0
0
0
0
0
0
0
0
0
0
0
0
0
0
0
0
0
0
0
0
0
0
0
0
0
0
0
0
0
0
0
0
0
0
0
0
0
0
0
0
0
0
0
0
0
0
0
0
0
0
0
0
0
0
0
0
0
0
0
0
0
0
0
0
0
0
0
0
0
0
0
0
0
0
0
0
0
0
0
0
0
0
0
0
0
0
0
0
0
0
0
0
0
0
0
0
0
0
0
0
0
0
0
0
0
0
0
0
0
0
0
0
0
0
0
0
0
0
0
0
0
0
0
0
0
0
0
0
0
0
0
0
0
0
0
0
0
0
0
0
0
0
0
0
0
0
0
0
0
0
0
0
0
0
0
0
0
0
0
0
0
0
0
0
0
0
0
$ENER_FIT:
1.242 1.500000 0.00000e+000
$MCA_CAL:
3
1.242 1.500000 0.00000e+000
$PEAKLABELS:
18.836, "Cs-131, Xe X-rays"
$ENDRECORD:
