$SPEC_ID:
PeakEasy Library File: Cs-131, IdentiFINDER2 (NaI with Cs-137 seed), 50 uCi @ 56 cm
$MEAS_TIM:
11331.00000 11343.00000
$DATE_MEA:
12-Nov-2014 12:25:11 AM
$DATA:
0 1023
0
0
0
0
0
4487
19903
27635
67173
238436
520708
557696
294871
94680
25801
10583
8681
8896
9417
9992
10747
11821
12623
13467
14489
15334
15955
16596
16895
17235
17241
17292
17448
17504
17406
17240
17493
17468
17192
17315
17258
16870
16761
16481
16079
15585
15608
15418
15123
14754
14656
14122
13872
13725
13408
12975
12961
12830
12837
12773
12896
12902
12821
12674
12464
12299
11957
11739
11711
11209
11025
10852
10552
10321
10159
10124
9934
9674
9378
9222
9191
8641
8413
8136
8020
7836
7593
7422
7240
7079
7014
6838
6772
6674
6740
6559
6259
6272
6239
6085
5917
5950
5755
5726
5766
5583
5481
5516
5524
5454
5511
5344
5325
5245
5253
5296
5265
5146
5112
5005
4850
4903
4895
4689
4556
4676
4573
4479
4531
4529
4506
4458
4373
4394
4349
4294
4280
4241
4053
4214
4188
4257
4210
4149
4140
4136
4123
3990
4063
3994
3864
3854
3755
3641
3562
3392
3226
3079
2933
2727
2599
2505
2361
2193
2081
2011
1884
1833
1698
1637
1590
1613
1485
1410
1360
1304
1292
1199
1267
1142
1140
1111
1079
1068
1067
1012
1041
1012
995
1016
999
995
1021
1081
1072
1031
1141
1118
1152
1136
1238
1359
1449
1634
1817
2218
2588
3066
3693
4480
5408
6332
7498
8553
9770
11083
12376
13644
14482
15390
15916
16180
16327
16068
15456
14907
13609
12574
11452
10050
8772
7646
6411
5405
4519
3615
2953
2309
1870
1482
1272
954
835
669
579
500
482
461
435
449
399
384
413
353
381
357
378
383
374
358
359
367
361
347
351
330
341
371
305
318
323
340
319
332
342
337
317
295
297
327
300
317
293
305
283
288
297
302
292
305
329
314
313
320
310
312
323
305
316
313
333
343
334
329
310
321
308
311
310
285
284
294
310
295
284
305
261
263
284
280
303
298
283
282
268
273
265
227
242
239
233
243
243
256
215
197
222
229
233
211
207
233
202
219
233
226
231
212
250
231
215
209
209
233
247
231
219
216
215
205
257
225
217
238
242
233
228
244
221
268
226
235
230
243
248
219
217
232
248
233
250
239
204
230
244
226
189
217
218
213
195
215
195
177
179
189
161
168
193
172
176
169
172
154
163
156
143
163
151
158
149
159
148
127
124
131
136
145
125
137
108
115
113
113
103
90
112
112
119
104
87
94
94
96
107
92
82
84
74
90
106
92
96
82
90
90
89
106
106
94
90
97
97
103
87
92
98
113
100
107
138
139
115
133
122
154
154
161
171
198
186
209
246
220
245
233
269
294
295
311
274
294
302
299
273
242
270
272
248
222
249
200
214
229
204
176
160
160
121
143
122
118
111
95
81
80
84
83
72
66
74
60
68
47
63
55
51
50
67
55
65
61
47
61
44
49
60
41
53
49
51
61
50
42
49
45
47
47
46
47
39
39
38
44
30
35
25
39
35
31
41
27
32
32
24
40
42
29
38
38
46
28
41
36
42
31
38
44
31
33
36
46
41
46
28
40
42
52
48
41
45
38
40
39
41
43
43
57
56
39
33
46
35
43
30
29
33
46
26
26
32
40
38
39
37
27
24
35
25
29
21
27
30
26
29
27
24
20
22
32
25
32
25
24
19
19
20
19
19
20
24
26
24
25
22
26
21
18
27
24
21
16
21
20
28
19
18
22
15
19
17
20
22
17
25
17
19
14
19
13
17
14
21
19
18
23
18
17
17
11
19
16
13
18
14
15
26
19
21
20
20
25
22
28
23
15
24
23
19
23
17
16
26
24
22
29
26
28
23
20
26
22
18
23
29
22
27
32
31
24
28
27
20
17
14
22
22
25
25
22
18
19
25
24
29
21
24
20
20
17
11
17
11
15
21
25
20
16
20
18
18
15
20
14
25
19
22
14
24
19
20
21
15
24
21
13
18
18
16
18
22
18
19
17
14
13
17
14
17
13
15
19
17
16
13
15
18
8
11
14
15
10
11
11
9
9
14
12
10
12
13
11
12
10
12
9
12
16
16
6
13
10
5
5
12
8
10
9
9
7
10
11
9
7
7
11
6
6
4
7
5
5
7
3
1
5
8
8
8
5
7
9
7
4
10
4
5
8
3
8
12
12
12
8
6
11
8
16
9
12
16
16
12
12
13
22
23
22
21
17
20
24
20
17
23
11
19
22
19
24
16
13
24
22
21
29
16
16
12
17
19
19
13
11
14
12
20
13
11
10
16
10
11
6
8
6
6
7
4
3
6
5
5
7
5
3
2
6
2
2
3
3
3
3
1
0
1
2
1
2
1
2
2
2
3
1
0
0
1
0
3
2
0
1
1
1
0
2
2
3
3
2
0
0
4
1
2
5
2
2
2
1
3
0
1
4
1
3
3
2
2
2
2
0
1
0
1
1
2
3
1
1
1
0
1
3
2
1
3
0
0
1
0
0
2
4
2
0
1
2
3
0
0
0
1
1
1
0
2
2
0
0
1
2
0
1
2
0
1
1
2
2
0
1
1
2
0
0
1
2
1
2
3
4
$ENER_FIT:
2.197 2.888258 4.79900e-004 -3.97332e-007 0.00000e+000
$MCA_CAL:
5
2.197 2.888258 4.79900e-004 -3.97332e-007 0.00000e+000
$SHAPE_CAL:
3
3.4473 1.26969e-003 -2.07826e-008
$PEAKLABELS:
481.337, "K-40,(Bkgd)"
868.461, "Th-232(d),(Bkgd)"
221.342, "Cs-137,(Detector)"
9.660, "Cs-131, Xe X-rays"
12.276, "Ba X-rays,(Detector)"
$ENDRECORD:
