$SPEC_ID:
PeakEasy Library File: Cs-131, Detective (HPGe), 50 uCi @ 75 cm
$MEAS_TIM:
60749.58000 61775.12000
$DATE_MEA:
10-Dec-2005 8:43:26 AM
$DATA:
0 8191
0
0
0
0
0
0
0
0
0
0
0
0
0
0
0
0
0
0
0
0
0
0
0
0
0
0
0
0
0
0
0
0
0
0
0
0
0
0
19
942
11667
20654
17925
14400
12008
10276
8998
8203
7431
6978
6644
6435
6311
6178
6084
5934
5809
5837
5854
5822
5699
5712
5610
5425
5403
5537
5393
5298
5292
5345
5084
5154
5141
5030
5047
5004
5045
4815
5009
4930
4945
4968
4960
4769
4907
4918
4803
4743
4786
4818
4880
4893
4826
4770
4631
4511
4397
4350
4458
4403
4286
4165
4236
4202
4186
4020
4055
3966
4001
3931
3844
3917
3895
3853
3955
3872
3768
3824
3838
3863
3855
3804
3732
3815
3683
3732
3617
3758
3595
3555
3698
3636
3673
3714
3599
3585
3585
3632
3583
3573
3681
3708
3639
3747
3640
3528
3672
3722
3612
3668
3716
3728
3688
3741
3679
3858
3771
3732
3831
3837
3861
3930
4021
3861
3903
3999
4131
3986
4166
4070
4193
4217
4158
4238
4368
4221
4465
4495
4526
4628
4779
4902
5046
5243
5527
5490
5604
5835
5751
5856
5666
5448
5268
5206
5010
5334
5150
5219
5307
5359
5321
5343
5569
5536
5606
5680
5768
5858
6031
5953
6063
6344
6245
6303
6285
6137
6043
6131
6138
5999
5947
6059
5889
5971
5898
5974
5891
5958
5928
6093
6091
6163
6192
6272
6237
6275
6329
6406
6577
6528
6579
6459
6494
6572
6483
6534
6595
6621
6482
6636
6684
6724
6891
6961
6862
6904
6933
6901
6951
6915
6996
6927
6959
6844
6934
6777
7036
6961
7091
7162
7083
7089
7201
7090
6948
7183
7218
7175
7188
7304
7248
7199
7150
7125
7205
7290
7119
7359
7411
7280
7171
7396
7369
7364
7400
7392
7243
7385
7309
7350
7222
7231
7439
7246
7205
7314
7365
7310
7435
7473
7421
7440
7284
7383
7396
7319
7349
7398
7433
7364
7434
7242
7341
7299
7288
7355
7445
7258
7260
7306
7193
7258
7458
7309
7198
7318
7174
7137
7253
7121
7231
7140
7079
7207
7224
7144
7316
7208
7133
7171
7220
7080
7141
7043
7055
7077
7037
6974
6920
6995
6895
7011
6912
6885
6947
6912
6768
6989
6832
6786
6852
6864
6896
6845
6732
6692
6674
6526
6732
6785
6641
6670
6640
6501
6439
6523
6498
6399
6555
6567
6658
6329
6431
6607
6376
6419
6286
6331
6130
6187
6379
6313
6323
6167
6211
6389
6152
5972
6103
6187
6272
6086
5857
5923
6059
6069
5925
5984
5943
5974
5881
5873
5738
5853
5847
5863
5738
5602
5889
5538
5621
5618
5661
5412
5589
5388
5640
5551
5388
5324
5398
5405
5434
5448
5407
5245
5200
5376
5285
5396
5259
5240
5222
5169
5138
5047
5076
5104
5190
5071
5065
5088
4994
5202
5055
5020
4932
4927
4900
4954
4970
4912
4851
4876
4837
4850
4794
4685
4714
4829
4699
4799
4701
4610
4677
4659
4661
4578
4490
4667
4607
4710
4539
4532
4531
4484
4527
4467
4433
4482
4468
4642
4538
4519
4435
4513
4500
4569
4573
4607
4425
4391
4421
4185
4261
4261
4115
4235
4118
4101
4097
4089
4101
4036
4049
4012
4029
3940
3966
3928
3980
4020
3797
3945
3885
3879
3962
3847
3914
3827
3787
3878
3851
3794
3757
3760
3668
3725
3852
3722
3713
3717
3589
3719
3634
3641
3611
3572
3683
3603
3678
3539
3599
3490
3502
3655
3474
3496
3533
3605
3498
3494
3627
3645
3545
3523
3493
3247
3295
3346
3400
3374
3290
3205
3327
3298
3310
3321
3203
3280
3219
3261
3192
3252
3148
3203
3225
3133
3189
3154
3016
3174
3001
3095
3064
3081
3062
3150
3067
3061
3083
2955
2946
3001
3041
2972
2998
2905
2963
3003
2895
2984
2906
2918
2955
2977
2916
2917
3017
2803
2922
2951
2712
2862
2777
2789
2731
2746
2792
2902
2799
2795
2732
2918
2904
2863
2951
3037
3215
3466
3594
3809
4129
3979
3639
3433
3214
3008
3068
2983
3068
2930
2890
2841
2606
2597
2568
2503
2424
2409
2514
2392
2368
2421
2386
2396
2349
2288
2291
2372
2199
2284
2263
2262
2259
2257
2205
2261
2189
2209
2249
2257
2287
2206
2183
2124
2105
2289
2161
2180
2169
2073
2154
2135
2176
2157
2085
2151
2128
2149
2152
2088
2051
2017
2010
2113
2063
2056
2040
2040
2012
2015
2031
2098
1998
2010
1923
1929
1945
1992
1979
2049
1980
1938
2012
2000
2052
2021
2026
2091
1977
1944
1973
1986
1896
1894
1906
1920
1807
1842
1872
1912
1876
1837
1855
1769
1888
1830
1862
1898
1870
1819
1813
1716
1714
1665
1755
1772
1774
1779
1726
1693
1772
1726
1702
1673
1677
1705
1669
1664
1722
1692
1661
1642
1687
1682
1624
1709
1620
1683
1652
1657
1586
1619
1636
1638
1590
1733
1628
1681
1743
1793
1836
1956
1994
2125
2207
2245
2176
2060
1909
1801
1732
1653
1595
1520
1595
1564
1580
1563
1599
1586
1539
1531
1492
1528
1451
1455
1475
1420
1423
1385
1439
1417
1422
1407
1409
1405
1449
1386
1438
1462
1399
1411
1361
1415
1411
1386
1385
1405
1322
1431
1324
1435
1337
1356
1300
1378
1337
1326
1272
1328
1301
1319
1349
1325
1266
1397
1320
1306
1293
1267
1264
1283
1291
1379
1264
1306
1281
1307
1262
1372
1261
1284
1303
1270
1297
1304
1299
1252
1250
1304
1298
1275
1314
1343
1311
1319
1345
1254
1292
1219
1275
1264
1228
1211
1214
1173
1252
1198
1247
1220
1192
1252
1234
1259
1267
1234
1245
1254
1278
1305
1348
1426
1407
1485
1446
1407
1328
1263
1279
1261
1217
1218
1125
1143
1126
1131
1143
1154
1086
1140
1119
1095
1187
1087
1039
1106
1100
1120
1121
1145
1172
1263
1273
1259
1371
1383
1579
1852
2086
2210
2250
2241
1956
1734
1469
1316
1254
1165
1106
1082
976
1028
1012
977
1023
982
994
1016
985
994
953
933
997
993
1006
1016
987
1002
921
1002
950
973
977
926
948
978
943
854
969
937
898
953
968
938
912
942
976
945
913
882
961
906
919
921
882
908
931
902
914
920
915
888
912
868
908
938
989
953
904
936
932
827
877
958
900
913
877
851
940
894
858
851
878
868
866
889
927
858
926
896
952
846
863
924
877
868
831
890
892
877
856
873
886
827
816
886
836
815
814
740
878
824
782
822
827
867
791
817
795
808
883
840
859
823
875
776
894
849
842
821
812
850
871
868
770
799
818
784
771
813
784
844
752
842
782
835
819
838
776
756
757
825
788
810
817
820
817
794
780
800
766
759
770
790
751
779
789
739
763
756
826
761
730
720
768
817
788
761
796
747
794
751
726
766
759
732
756
730
746
714
745
725
722
705
749
658
712
721
719
720
684
713
672
719
675
707
758
713
717
705
687
783
710
716
710
683
714
748
725
699
709
670
717
646
697
697
655
681
663
708
702
682
703
685
656
710
712
683
727
732
703
698
660
670
696
708
720
697
676
632
658
714
661
669
677
633
674
643
643
634
694
653
663
599
637
630
674
643
640
687
684
639
651
644
637
647
642
630
656
642
649
581
603
606
625
663
648
586
647
608
614
602
603
651
564
639
610
634
641
634
673
688
738
695
716
731
702
616
663
588
617
584
639
623
660
597
571
565
634
569
562
582
598
573
597
584
587
606
597
579
571
596
555
593
564
595
558
571
619
539
569
584
581
566
559
584
605
544
551
584
643
563
565
546
571
613
577
632
564
548
541
540
546
596
571
571
568
499
517
546
560
537
548
545
538
535
522
602
573
490
501
533
571
505
544
553
538
514
515
505
536
537
536
534
508
473
517
530
512
524
544
558
500
550
489
515
500
507
517
504
507
532
554
552
505
546
515
552
476
553
540
512
585
497
585
559
577
602
648
727
733
814
876
915
1003
862
907
861
793
727
631
627
603
597
570
585
532
514
500
482
460
489
476
462
515
459
489
481
497
499
520
435
445
472
484
486
456
493
517
471
520
456
479
432
478
492
493
489
415
488
463
506
474
461
501
494
492
446
460
463
470
487
493
468
477
475
517
477
504
503
444
456
458
465
491
459
431
475
470
420
448
457
467
515
468
461
452
459
452
449
463
475
432
462
445
466
469
470
419
436
416
484
453
433
485
450
437
445
431
462
460
439
495
446
428
491
426
398
423
446
447
414
413
444
447
399
444
438
438
424
400
435
449
460
442
422
433
463
444
411
444
458
427
435
412
441
431
432
450
448
422
443
440
446
457
438
466
455
420
420
433
426
441
419
443
404
447
430
446
425
452
431
426
459
392
457
409
422
393
415
436
416
420
418
429
465
384
420
442
431
412
434
499
447
486
505
604
568
647
771
867
961
1029
1048
921
817
698
625
508
494
458
407
425
393
424
429
421
380
368
387
390
374
395
358
396
438
398
405
382
391
381
394
380
426
377
394
371
372
369
372
386
386
393
406
367
387
402
384
376
367
388
381
372
383
380
391
401
387
427
372
392
381
396
477
455
486
531
561
659
715
932
1083
1324
1506
1566
1460
1216
1065
854
731
608
517
503
433
448
364
371
374
358
362
345
337
341
401
370
332
344
336
329
346
338
371
347
349
357
376
349
347
380
328
322
331
304
331
323
352
339
358
401
323
357
338
341
361
289
338
310
380
336
321
342
338
348
329
335
343
313
321
344
359
383
322
335
339
385
374
334
363
317
361
355
347
315
302
312
340
355
323
307
303
333
327
343
336
351
340
341
329
313
353
354
365
337
339
328
364
376
328
321
351
354
301
339
325
328
319
339
311
313
353
332
342
315
361
311
315
312
348
329
305
323
317
347
344
354
329
318
362
321
364
360
331
392
381
440
476
489
515
496
498
483
441
419
339
382
413
344
362
393
340
356
353
337
323
322
331
307
331
304
324
340
332
316
342
318
316
342
335
329
298
332
335
337
322
302
312
340
301
314
314
283
323
307
298
337
286
308
332
316
323
323
316
291
321
298
312
307
339
317
331
304
288
309
326
335
307
294
317
311
322
304
273
315
315
297
309
299
298
326
308
329
289
298
315
287
319
316
286
294
326
312
313
300
287
317
298
288
311
302
289
307
306
305
291
300
307
277
322
317
300
324
325
307
305
301
304
314
316
300
263
286
314
302
275
329
309
308
302
316
301
320
309
314
299
292
311
321
309
290
297
302
303
268
257
296
272
282
319
299
283
271
270
319
297
298
262
296
325
286
306
277
287
288
269
283
286
303
320
292
314
278
308
312
332
336
453
428
372
413
335
346
334
311
296
309
286
252
273
295
262
300
280
280
272
301
257
256
273
293
254
259
267
286
272
278
270
319
285
274
274
273
280
250
270
296
267
302
295
279
313
228
283
230
269
283
275
235
286
250
272
286
263
276
273
252
266
272
256
263
258
247
242
264
253
285
267
269
273
292
275
272
338
269
280
285
332
266
258
252
244
223
246
279
272
256
247
256
255
273
255
274
277
290
248
246
281
267
280
269
278
287
292
303
311
285
305
300
320
358
335
372
309
324
350
303
313
276
304
264
284
290
285
273
276
250
270
267
246
237
247
272
250
242
271
240
248
225
239
236
254
248
228
251
248
242
247
266
257
257
255
245
245
282
275
258
262
281
285
305
282
257
252
236
278
257
246
249
262
257
215
240
260
250
283
267
269
278
271
266
288
316
286
348
310
307
300
278
280
274
257
233
264
230
259
266
233
217
228
238
247
217
207
238
236
204
210
235
233
227
253
249
268
248
266
284
252
247
245
242
213
228
233
242
230
247
256
216
251
236
230
251
224
245
220
218
218
221
253
240
267
228
229
227
267
219
245
230
218
227
213
226
247
240
220
258
233
214
225
241
244
239
249
238
225
226
266
236
222
247
218
209
224
222
222
210
226
237
217
219
246
228
236
227
228
268
213
205
254
227
248
229
229
261
262
249
244
228
237
251
237
245
238
254
241
217
240
255
228
239
226
237
241
223
225
222
232
226
258
196
219
236
242
194
197
239
239
229
213
214
197
212
214
226
218
231
230
222
215
221
218
206
234
217
205
200
196
232
238
222
219
228
214
234
229
233
199
235
225
247
248
249
306
310
285
281
272
241
262
260
220
226
214
225
207
227
228
222
195
191
223
232
187
231
218
209
196
225
218
208
219
172
208
237
205
203
229
216
224
224
207
201
231
209
222
204
197
231
207
183
196
219
229
194
214
194
239
219
207
204
211
189
223
230
205
190
241
221
233
247
211
209
206
224
203
218
204
222
205
194
196
201
198
210
199
210
198
226
218
194
214
229
235
226
215
219
229
211
207
196
204
251
181
220
182
202
219
193
214
232
195
186
224
210
207
195
199
230
214
227
200
206
222
197
226
221
195
231
190
207
239
252
225
253
257
298
321
357
455
480
580
624
628
622
527
452
401
338
283
275
257
215
225
208
199
221
191
171
199
206
189
205
217
202
200
186
220
218
182
195
206
189
192
194
185
193
198
180
196
216
206
204
200
200
185
183
170
189
177
173
185
196
194
195
182
205
201
192
197
227
207
230
238
231
276
277
238
218
218
194
210
222
193
178
191
185
189
195
201
177
186
174
175
172
173
203
188
158
207
182
183
209
183
204
177
173
182
188
195
193
174
190
201
201
202
206
192
192
197
227
215
218
214
197
188
190
194
183
180
180
209
192
169
177
183
187
185
168
185
185
189
174
196
202
207
188
170
189
210
211
206
212
206
236
225
219
276
281
293
274
260
236
230
261
282
289
331
372
391
414
433
459
352
360
288
259
231
221
214
180
170
197
205
190
178
164
184
182
186
196
184
174
165
170
167
177
161
200
167
181
192
176
191
194
183
159
158
184
170
193
191
173
197
194
177
175
176
174
169
176
196
191
191
191
171
216
195
161
162
193
153
189
193
200
193
194
161
151
161
170
191
178
181
186
172
186
175
179
175
188
178
173
179
182
208
174
206
207
207
200
182
203
179
177
209
158
201
171
170
172
174
175
188
164
180
181
213
176
161
155
148
173
178
188
186
165
167
190
207
164
163
195
166
193
172
179
173
155
159
180
155
171
175
144
172
188
192
159
181
186
185
161
182
173
159
181
182
190
142
168
165
179
181
168
186
167
181
155
163
174
180
176
161
162
184
175
177
172
155
183
174
172
170
194
166
207
181
172
190
169
175
189
176
162
157
178
194
161
182
211
169
167
181
157
194
172
175
164
182
169
179
172
155
177
178
163
176
169
168
144
181
152
159
183
165
178
156
176
168
173
161
170
194
175
190
179
181
171
183
165
159
166
170
162
171
153
172
183
156
172
170
184
163
151
170
155
165
166
173
183
160
176
163
182
181
148
162
163
180
176
181
168
193
163
204
182
178
172
175
171
184
160
170
184
163
185
161
182
166
172
179
171
181
151
168
180
174
189
167
152
158
165
181
171
159
201
156
168
197
191
160
179
182
177
165
170
175
162
160
202
164
169
152
180
152
184
158
169
185
179
175
161
177
160
175
162
160
181
175
168
180
181
177
175
160
174
143
174
176
185
184
177
195
176
184
175
173
180
188
177
190
184
177
188
162
194
183
157
184
184
155
162
170
165
176
168
181
157
190
176
184
153
176
177
155
174
160
157
176
164
179
189
183
171
179
182
178
174
187
163
168
175
183
166
160
187
170
187
157
173
180
179
192
182
208
213
216
228
270
275
354
368
392
504
434
441
448
337
326
254
253
222
212
206
191
186
180
165
182
198
193
173
185
166
163
178
195
182
188
151
176
174
164
172
152
170
202
169
196
177
204
148
189
132
161
167
159
144
168
167
185
188
184
184
169
180
195
176
173
168
156
177
195
161
196
181
173
162
179
209
174
176
190
149
158
170
164
175
153
175
174
190
157
172
174
185
182
193
175
174
192
188
168
214
181
185
218
195
199
182
212
192
212
186
184
210
206
187
175
179
151
190
163
176
183
192
182
173
176
181
192
173
171
192
163
202
206
152
180
171
172
148
171
175
174
173
170
168
189
178
192
182
177
172
181
185
157
194
188
196
189
192
191
189
169
178
168
151
177
204
181
162
173
158
198
158
187
174
197
177
168
191
183
202
192
190
188
174
166
176
150
189
180
161
171
179
195
162
192
184
185
189
165
172
179
161
160
153
162
172
172
168
195
163
224
195
176
185
183
162
184
211
177
179
180
179
147
170
193
187
182
192
172
181
175
182
198
189
202
197
187
194
189
182
167
185
163
181
199
210
178
214
197
190
178
183
190
214
204
187
163
197
197
194
204
190
178
179
171
183
199
200
188
218
191
199
191
197
166
172
192
179
183
189
163
197
208
182
183
200
170
165
200
186
200
196
190
187
186
188
205
176
190
187
185
194
220
193
180
202
218
197
199
198
217
190
175
186
183
189
176
208
182
175
190
199
218
216
200
212
211
238
224
228
284
286
277
274
283
267
252
223
218
211
198
184
197
161
176
171
167
176
145
153
146
147
164
156
174
151
171
143
157
152
142
155
142
160
139
152
146
138
149
142
140
137
123
135
148
142
131
123
132
154
145
135
141
149
137
124
116
138
119
156
129
117
124
131
122
152
118
132
109
135
138
139
131
146
134
120
145
130
109
104
106
130
123
136
111
111
124
119
116
114
102
132
108
107
117
112
122
127
102
116
133
105
110
151
116
109
107
120
109
103
105
117
108
132
126
136
127
136
147
143
156
138
143
124
133
140
133
145
122
89
122
112
135
110
119
109
109
108
108
108
96
130
97
102
107
111
119
94
109
98
106
109
104
102
99
110
114
86
124
101
108
102
94
102
107
125
93
103
87
99
110
114
99
107
101
100
110
120
100
94
109
103
115
96
95
100
99
92
102
122
110
113
108
77
105
85
103
87
90
91
127
79
113
108
98
96
81
107
102
105
89
98
109
99
110
103
85
94
84
105
93
91
81
96
93
88
96
92
83
112
97
97
108
78
75
88
82
85
81
100
87
87
90
87
81
95
82
92
76
77
75
82
91
83
82
74
97
83
93
95
96
93
67
103
96
66
73
77
73
96
85
98
81
84
88
79
84
86
83
80
101
66
91
68
84
70
74
81
91
78
78
80
67
78
90
67
67
73
81
98
81
89
88
94
79
80
83
71
86
82
70
83
74
71
62
80
67
74
75
54
77
79
76
72
68
72
76
70
71
63
72
58
65
68
71
59
64
79
78
73
67
71
53
59
72
68
62
62
70
70
65
60
63
67
66
70
69
58
62
76
77
61
73
69
56
62
70
62
57
52
80
62
77
74
65
60
75
67
73
87
108
99
113
118
150
142
126
128
97
83
67
68
69
82
70
63
62
72
46
67
62
53
64
73
70
82
76
66
65
79
61
48
52
68
58
60
57
60
58
62
71
67
62
65
58
66
54
53
56
57
82
57
68
64
68
60
52
49
64
68
51
71
47
55
60
67
60
61
75
91
67
79
75
60
69
72
69
60
68
67
63
80
85
71
103
100
97
104
85
125
91
102
62
74
70
61
52
72
58
67
56
62
55
52
55
49
63
48
68
49
53
59
53
58
49
50
53
55
57
50
52
55
64
44
64
60
47
52
72
58
51
67
62
33
61
54
56
62
72
56
51
52
45
67
57
46
44
51
56
59
55
54
60
42
66
61
47
44
49
51
49
61
56
61
65
51
64
54
53
59
55
65
53
54
53
49
55
54
55
57
51
45
37
51
57
46
48
48
52
62
54
52
39
60
60
59
51
56
60
46
69
69
47
62
60
60
61
73
62
67
69
58
62
67
62
65
76
102
120
121
175
219
302
397
499
639
888
1253
1685
2009
2489
2843
2982
2827
2450
1944
1608
1090
804
609
440
344
287
193
125
99
87
53
51
44
59
35
40
44
35
45
28
34
33
32
39
44
49
31
41
28
35
26
36
38
23
34
36
32
38
39
33
37
40
41
28
28
44
35
33
35
35
44
29
37
40
39
28
35
34
41
27
30
38
33
29
31
30
47
50
35
35
23
37
36
39
35
29
37
37
32
40
36
36
34
30
39
50
50
33
38
56
43
59
55
53
51
49
36
36
45
36
44
50
47
48
43
39
32
44
36
42
48
56
39
42
37
46
49
37
36
39
41
39
49
61
54
64
74
80
64
67
67
52
40
54
48
40
38
43
38
46
42
36
29
24
30
30
31
33
41
31
44
41
32
46
40
41
27
43
37
37
31
27
43
35
28
36
24
27
31
32
33
28
33
35
32
43
37
35
32
38
34
38
37
30
33
22
41
36
39
40
30
31
30
21
40
36
40
40
32
25
29
37
39
39
50
40
37
40
54
45
27
36
46
40
37
37
40
33
28
32
54
45
31
38
37
44
43
26
31
40
28
37
35
32
30
31
39
25
35
24
34
36
30
28
42
32
26
31
29
29
37
23
34
26
25
27
37
25
25
26
27
31
33
30
24
20
35
46
33
29
34
34
31
23
23
24
28
27
24
30
26
22
34
32
39
36
26
34
30
23
30
27
24
32
32
28
26
38
30
27
33
26
30
37
37
30
21
24
21
30
26
28
15
34
35
25
22
27
37
33
28
36
40
34
38
55
38
38
43
48
37
38
35
31
38
28
44
31
40
51
53
64
77
72
80
64
77
65
70
82
70
76
89
115
120
113
123
106
93
81
77
66
58
52
52
27
41
28
41
39
42
43
30
32
38
32
29
43
32
29
30
33
27
41
19
27
27
42
27
15
39
30
28
26
31
27
22
25
37
30
29
22
33
21
28
28
21
29
33
30
21
25
31
28
20
22
26
25
29
34
29
32
16
29
30
29
26
40
36
30
44
34
47
60
46
36
40
58
42
35
36
28
27
34
31
28
18
25
29
39
17
36
39
27
28
30
34
44
46
44
41
48
33
40
33
33
26
35
26
23
23
25
29
22
25
30
25
34
30
22
28
32
29
25
32
33
23
35
25
26
28
23
17
19
28
15
17
23
33
26
22
28
24
24
24
24
27
24
21
24
23
26
26
22
20
23
24
21
24
22
26
23
27
24
22
32
20
20
21
19
23
31
14
19
22
22
24
27
27
33
42
38
38
40
42
46
25
35
33
45
18
26
26
21
26
22
20
28
31
21
25
30
22
19
26
33
28
30
23
19
27
20
16
22
19
21
24
20
24
19
21
18
26
25
21
27
20
27
18
21
23
18
34
16
26
24
22
19
30
25
24
24
19
23
26
23
29
16
25
24
23
20
31
20
16
22
23
16
16
21
22
30
16
27
24
25
22
26
27
21
23
36
30
18
23
25
25
30
20
21
18
24
22
25
21
20
18
14
18
22
33
23
21
12
24
26
29
22
24
14
22
18
22
22
16
19
18
18
19
28
27
21
24
21
23
21
21
19
16
29
20
30
18
13
24
17
20
27
31
14
26
17
13
26
18
22
21
21
20
16
23
26
20
32
19
21
30
20
22
25
36
18
29
12
21
21
31
23
25
20
22
33
26
35
30
37
40
49
73
63
73
70
64
54
47
38
56
46
28
34
30
19
22
19
21
14
22
24
16
29
28
17
23
22
26
21
15
24
19
21
19
20
26
15
19
21
26
23
22
24
24
27
25
19
24
17
30
19
20
20
13
26
23
22
13
21
20
10
22
19
17
25
29
16
24
19
13
20
24
12
22
29
19
11
25
15
12
18
23
26
26
27
32
25
33
31
43
43
57
75
98
147
175
200
253
262
269
235
222
173
160
114
81
64
51
40
36
33
29
28
26
27
23
13
21
15
17
26
23
14
24
24
21
12
17
18
18
23
24
14
17
19
20
23
15
19
15
26
14
15
30
15
13
24
19
18
13
27
23
22
14
19
21
14
16
17
21
18
16
17
23
14
13
24
21
25
17
22
21
16
18
17
23
20
20
23
23
20
17
23
24
18
23
20
21
23
25
18
16
23
21
21
17
19
14
22
22
16
12
22
9
15
19
19
23
22
23
21
34
12
16
20
19
14
16
12
25
22
20
20
18
20
19
19
24
23
17
10
22
29
24
21
12
14
23
21
14
14
24
25
16
19
16
25
23
10
17
15
19
23
25
21
21
12
16
14
18
20
22
22
19
14
28
18
21
22
20
19
23
23
19
12
19
24
16
24
12
27
20
20
24
22
17
18
24
24
18
16
14
21
16
17
19
20
30
17
21
25
22
16
16
16
23
19
18
26
17
20
22
21
21
29
23
18
21
20
28
44
39
41
46
44
46
55
49
37
32
33
33
38
34
27
20
23
22
24
28
17
21
12
20
19
16
24
17
18
28
15
19
24
23
18
24
24
18
22
22
12
18
19
22
13
26
16
17
30
23
22
19
24
18
19
22
15
13
16
23
17
20
22
21
18
22
22
28
25
14
14
24
20
30
20
14
31
17
20
16
23
18
24
16
25
21
16
20
17
15
20
25
23
18
19
25
18
17
15
18
21
25
25
20
33
23
18
23
27
14
15
19
19
17
22
14
28
23
20
13
17
17
30
20
21
22
18
17
24
26
20
25
21
16
24
24
15
18
18
23
20
14
18
11
24
25
16
23
21
21
16
17
15
19
23
21
14
14
19
14
17
27
20
25
26
23
23
15
17
12
21
21
27
26
23
20
26
19
24
15
21
22
23
23
14
14
14
20
17
17
24
15
16
17
18
22
14
16
21
22
19
24
14
24
21
23
22
23
23
27
20
18
20
18
14
19
18
24
11
31
23
21
20
16
15
10
27
13
27
15
15
17
13
20
21
29
16
20
18
21
23
23
22
12
23
11
24
18
17
21
21
21
25
17
15
11
17
20
23
22
16
17
18
18
23
17
25
15
21
22
16
20
19
20
18
18
21
15
19
23
25
15
20
18
14
14
27
15
16
15
18
19
17
14
18
15
25
25
13
16
19
20
15
15
30
20
23
21
22
16
20
17
19
29
18
13
24
20
18
15
15
26
19
22
18
18
17
16
16
19
17
13
22
18
21
15
20
16
22
19
15
15
18
17
19
15
22
23
22
23
14
18
21
15
13
24
16
13
15
21
20
17
14
12
20
12
18
11
14
20
12
22
20
18
21
10
21
24
22
18
12
14
14
18
11
13
15
11
18
16
20
21
12
19
19
16
16
26
13
10
22
13
18
18
13
10
25
18
15
20
26
17
15
14
12
15
12
20
14
15
17
21
16
14
24
19
20
24
25
15
13
13
22
18
11
20
14
20
13
18
15
10
14
13
24
16
20
17
12
11
17
30
18
19
20
17
22
15
14
12
19
15
15
21
14
25
12
12
17
22
17
13
17
13
13
16
15
20
11
22
23
9
17
17
17
16
12
18
23
29
21
11
13
21
12
15
19
12
13
13
15
16
15
12
5
14
13
20
17
14
14
12
13
18
22
14
18
29
15
15
22
15
18
19
16
17
10
17
16
19
9
21
12
18
12
14
11
17
20
19
13
10
15
12
18
16
20
14
15
16
18
18
18
16
13
14
21
20
19
19
16
20
12
19
13
16
25
11
13
13
13
15
19
23
14
9
21
15
17
15
24
17
16
18
19
17
18
8
13
23
16
14
22
20
17
17
15
18
11
19
16
18
20
25
14
17
10
17
20
7
20
20
17
18
12
17
16
16
16
14
8
15
19
16
15
19
14
15
16
15
10
15
19
13
22
18
20
11
16
10
17
10
13
12
17
18
12
12
11
21
12
17
15
19
19
18
18
19
17
18
19
12
12
16
10
18
18
20
14
24
14
14
20
16
11
17
16
10
15
13
12
16
12
10
14
20
17
20
14
14
16
19
22
12
25
19
24
28
35
37
38
49
47
51
73
56
61
69
54
62
64
53
33
31
29
28
21
19
24
19
16
23
24
21
13
30
13
17
17
9
15
24
11
16
13
17
16
17
19
15
23
21
21
26
21
30
38
28
27
32
25
30
22
15
13
17
23
16
15
20
17
12
19
20
15
15
11
16
17
15
17
21
10
14
8
22
16
16
11
15
15
18
15
20
9
13
12
14
13
16
12
12
14
15
16
18
11
22
18
13
15
17
13
18
14
20
11
13
20
14
14
15
12
12
20
17
20
12
14
14
11
13
16
11
11
15
19
18
12
20
17
16
14
18
15
17
26
17
17
15
14
15
10
16
24
18
12
16
14
15
12
12
20
19
18
8
16
19
13
19
16
20
18
17
22
17
9
12
16
15
13
19
21
12
17
16
12
23
17
14
23
15
20
19
16
16
18
21
12
20
18
14
14
24
20
17
21
13
13
26
21
10
8
22
18
16
20
24
14
21
17
16
13
18
26
22
16
15
11
14
16
23
13
9
16
20
17
14
19
20
25
20
20
14
15
23
20
12
18
21
8
21
11
18
12
24
21
12
10
9
12
20
17
15
14
15
15
18
16
15
14
18
9
18
7
14
21
21
18
12
22
15
36
22
46
30
47
56
66
78
73
71
85
84
67
62
41
37
26
30
32
23
24
19
16
18
22
15
18
21
28
19
13
17
16
17
15
12
11
14
18
11
15
12
23
15
16
19
16
11
17
14
17
14
13
15
21
17
24
14
17
31
25
14
14
17
23
27
14
22
17
18
15
23
18
17
19
18
10
16
14
21
13
13
13
14
14
22
17
15
19
20
13
23
22
10
25
19
19
11
15
17
19
7
19
17
18
17
27
16
15
20
20
16
18
15
16
7
17
11
20
12
22
14
17
13
17
19
12
16
12
16
14
13
16
17
24
19
12
7
9
18
24
15
11
13
19
19
17
15
18
22
28
18
15
19
16
11
15
18
18
16
12
15
17
23
16
12
19
15
13
19
13
11
15
16
15
15
17
17
13
14
17
17
14
9
15
25
17
21
19
17
18
18
12
11
15
13
18
12
7
14
16
20
14
25
21
21
17
16
19
14
14
11
17
16
10
17
26
12
19
14
15
20
21
13
8
21
21
17
15
21
15
12
15
22
17
21
24
14
11
25
21
19
22
18
15
20
13
10
23
18
20
29
19
20
17
16
24
21
20
16
23
21
14
19
17
19
22
21
17
18
19
15
13
11
19
13
18
23
18
14
19
17
23
14
18
19
11
21
17
17
14
17
19
15
15
21
30
21
32
15
17
16
24
24
25
21
19
17
19
21
16
15
11
14
16
15
17
23
23
23
19
17
14
17
22
17
27
10
17
19
16
21
15
26
21
10
21
15
13
10
23
18
14
20
23
23
17
20
22
26
25
7
19
17
31
26
24
31
15
22
21
23
13
16
18
20
21
19
24
31
17
16
17
24
13
16
23
12
22
17
24
17
16
19
14
16
11
23
12
19
25
24
16
18
27
22
11
25
18
26
21
23
16
22
21
22
9
8
14
26
18
17
18
20
17
26
25
26
23
24
19
18
17
24
17
23
24
22
22
14
17
17
20
22
12
19
21
24
20
19
22
18
20
20
20
14
23
21
22
13
26
26
21
21
30
21
20
21
25
20
16
22
19
22
14
25
22
23
19
9
15
10
19
16
18
20
24
11
16
24
22
21
21
22
14
17
12
15
15
14
18
16
22
15
22
21
15
17
22
12
19
14
14
15
13
12
23
7
11
14
18
14
13
18
7
21
17
11
13
9
16
11
12
14
15
7
13
8
12
12
11
13
13
17
12
14
11
14
18
17
16
7
18
8
14
10
11
13
9
12
10
4
12
11
15
14
15
14
16
12
10
15
7
7
10
12
15
16
11
12
13
12
16
13
12
9
19
12
19
9
8
18
7
13
7
15
19
11
17
9
12
11
11
10
17
14
13
17
11
18
9
10
16
11
13
14
10
12
5
10
9
5
9
2
10
10
12
10
14
6
7
11
13
8
4
7
9
14
10
9
12
16
12
10
16
13
11
9
7
11
4
12
12
5
10
6
9
11
13
5
9
7
16
12
6
14
10
10
5
16
8
10
14
9
12
15
18
15
15
20
24
23
25
27
34
38
33
20
27
27
29
12
13
13
21
9
6
11
9
12
12
14
8
10
8
8
15
6
10
6
5
10
9
4
11
6
17
10
7
10
10
7
9
8
13
8
10
5
6
8
13
9
7
8
14
11
3
5
9
7
8
6
12
4
6
11
7
9
8
10
9
8
6
5
9
7
9
11
4
9
10
7
13
11
3
4
4
9
3
7
3
5
6
10
9
5
6
7
8
5
4
8
9
8
4
5
5
8
6
3
3
4
8
8
3
9
12
6
4
1
6
5
5
4
9
3
8
6
5
2
2
5
3
8
5
3
8
7
2
8
1
8
10
4
6
10
5
7
4
6
8
6
5
3
10
5
1
6
2
1
7
5
5
4
2
4
4
4
4
4
5
4
3
4
5
4
3
3
4
3
2
5
4
7
2
9
3
6
3
8
1
7
6
1
3
7
3
8
2
3
8
2
5
4
4
1
3
2
2
3
7
2
1
2
4
2
1
8
4
2
6
5
2
2
4
3
2
2
1
3
1
4
3
3
1
3
2
4
5
3
4
3
6
6
3
3
1
3
3
3
5
3
6
4
0
1
2
4
3
1
3
4
4
4
2
4
3
1
4
0
5
3
7
1
2
2
2
3
4
1
1
6
4
3
3
5
6
1
5
4
4
1
2
5
1
3
2
3
3
4
2
0
1
1
3
3
3
1
4
1
3
2
2
1
2
4
1
0
3
3
3
3
6
5
3
3
2
2
1
4
4
0
4
3
2
3
2
4
2
1
3
5
3
5
3
3
4
3
1
2
3
0
1
6
3
1
7
2
2
2
0
2
2
3
2
6
3
4
1
2
5
4
6
3
5
3
2
0
3
1
0
2
3
5
2
0
6
3
3
6
2
4
6
3
5
1
2
3
4
3
3
1
0
4
4
3
6
2
2
2
3
2
2
3
4
4
3
6
3
0
2
5
3
3
6
2
2
2
6
5
0
3
2
0
1
4
1
3
4
1
4
2
3
10
5
7
11
15
18
23
35
43
51
89
108
142
165
227
266
341
371
339
319
332
298
275
157
147
97
82
68
42
24
22
6
17
9
5
2
0
3
3
5
2
2
1
4
2
0
2
0
1
2
4
1
3
1
1
1
1
1
3
2
4
2
1
0
2
1
2
1
4
1
1
3
1
0
4
0
2
3
1
5
2
1
0
1
1
3
1
1
2
2
0
0
1
1
1
2
0
1
2
0
2
1
0
0
2
0
1
1
0
0
2
1
1
0
3
2
2
0
0
1
0
4
2
0
2
0
0
1
1
0
1
2
3
0
1
0
1
0
0
2
0
3
0
1
1
2
2
3
0
0
2
2
0
2
0
2
1
1
0
0
1
2
0
0
3
2
0
1
2
2
1
1
3
2
1
2
1
2
1
2
1
2
0
0
2
0
1
2
0
3
1
2
0
1
1
0
1
0
2
1
0
1
3
1
0
6
3
1
0
2
3
0
2
1
1
2
1
3
0
0
2
3
2
2
1
1
1
1
1
1
2
1
0
2
1
0
0
1
2
3
1
1
3
2
2
0
1
1
1
0
2
1
2
0
1
0
1
0
0
0
0
2
1
0
1
0
0
2
2
2
3
1
0
1
0
1
2
0
1
2
0
0
1
1
1
1
1
0
1
0
0
1
2
0
0
2
1
1
1
1
2
0
2
1
3
1
2
1
1
1
3
3
0
1
3
1
1
1
0
1
0
0
1
2
1
0
0
1
0
1
1
3
3
2
0
2
2
2
1
0
0
2
3
1
1
2
0
0
1
0
1
2
0
0
2
1
0
2
4
3
0
1
2
2
0
0
1
1
0
1
0
3
4
1
1
1
0
2
2
3
2
0
0
1
1
1
0
0
0
1
1
1
2
0
2
0
3
0
2
0
1
0
0
2
0
2
1
2
2
1
0
2
0
1
2
3
1
0
0
0
1
1
1
2
0
0
0
4
0
0
1
1
1
0
1
0
3
1
1
3
0
2
0
2
1
1
2
0
0
0
0
1
6
2
1
1
0
0
3
2
2
1
2
2
0
0
2
2
0
1
1
0
1
0
1
1
1
1
1
1
0
2
2
5
0
3
1
3
4
0
0
0
2
3
1
1
0
2
2
2
0
1
2
2
1
0
1
2
1
1
1
1
1
1
0
0
1
2
0
0
1
2
1
3
2
0
0
3
3
0
1
1
0
0
3
0
1
1
2
0
0
1
1
2
1
1
0
2
4
1
1
0
5
1
0
2
0
2
1
0
2
1
1
0
1
1
1
1
1
0
2
0
2
2
1
4
0
0
1
1
0
3
0
1
3
3
0
1
2
0
1
0
3
2
1
2
2
2
2
1
2
0
0
1
4
1
1
2
2
0
0
1
1
0
1
1
1
1
1
2
1
1
2
2
1
4
1
0
1
1
0
1
4
1
1
0
0
1
0
2
0
1
0
1
1
1
0
0
0
2
2
1
1
0
0
0
0
3
1
0
2
1
1
1
0
2
1
1
0
1
1
2
0
0
0
1
0
0
4
1
0
2
0
1
1
1
0
0
2
1
1
2
0
1
2
1
1
1
1
1
0
1
1
0
2
2
1
0
2
0
2
2
1
3
1
1
0
0
0
2
1
1
0
1
3
0
0
0
0
2
0
2
3
6
1
0
0
3
2
4
1
2
0
0
4
1
0
1
2
0
1
0
1
1
1
0
0
0
0
2
1
1
2
0
0
2
1
1
1
0
1
2
1
1
3
1
0
1
1
1
1
1
0
0
2
1
1
1
1
0
1
1
2
2
0
0
2
0
0
2
2
3
1
0
0
1
3
1
1
2
1
1
0
0
0
2
0
0
1
0
1
1
1
1
2
2
0
1
2
0
1
2
1
0
1
0
2
0
0
2
2
1
1
1
3
0
2
2
1
1
0
2
1
0
1
0
0
3
3
2
2
1
0
1
0
1
1
1
0
0
0
0
0
0
2
2
2
0
1
0
1
1
1
0
2
1
0
0
1
2
0
0
0
2
1
0
1
0
1
2
3
1
0
3
2
2
3
1
2
0
1
2
2
0
0
0
0
2
2
2
0
1
2
1
1
0
3
2
0
0
3
1
1
1
1
2
0
1
2
3
2
1
0
1
1
2
1
2
3
3
0
0
0
0
1
2
1
2
2
1
4
0
3
0
0
1
0
0
0
0
0
1
0
3
1
2
0
0
2
0
0
2
2
0
0
0
0
1
0
3
1
0
2
1
3
2
0
0
0
3
1
0
1
1
0
0
1
0
1
2
2
3
1
2
1
2
1
0
2
1
1
1
0
0
1
1
1
2
2
2
2
2
0
0
2
0
1
1
2
2
0
0
1
0
1
3
0
0
1
0
2
2
0
2
0
1
1
1
$ENER_FIT:
0.575 0.365190 3.92337e-008
$MCA_CAL:
3
0.575 0.365190 3.92337e-008
$PEAKLABELS:
1809.753, "Cs-137, (External)"
7152.176, "Th-232(d),(Bkgd)"
3997.004, "K-40,(Bkgd)"
88.871, "Cs-131, Xe X-ray"
187.225, "Au XRF,(Detector)"
212.161, "Au XRF,(Detector)"
$ENDRECORD:
