$SPEC_ID:
PeakEasy Library File: Cs-131, Interceptor (CZT), 50 uCi thru 1.5" PE @ 64 cm
$MEAS_TIM:
61041.30000 61752.10000
$DATE_MEA:
10-Dec-2005 08:43:04
$DATA:
0 1023
0
0
0
0
0
0
0
0
0
0
0
0
0
269
602
790
940
1213
1430
1404
1388
1197
970
673
511
432
295
260
228
257
280
259
293
309
342
358
380
412
454
513
500
524
537
573
626
634
671
713
778
719
736
795
748
769
821
822
792
847
831
805
847
831
800
808
816
818
796
810
808
781
796
759
748
759
765
678
748
751
721
675
690
677
667
638
655
623
630
632
598
564
567
601
606
554
520
522
516
497
497
470
432
478
442
419
463
416
444
356
353
416
396
359
340
356
358
327
324
304
308
331
311
303
295
261
265
254
297
252
242
204
233
217
220
196
208
211
178
208
208
195
168
180
180
184
190
182
196
170
140
165
164
153
143
154
162
174
149
154
155
155
139
157
118
119
143
117
120
100
102
102
111
102
97
93
92
95
89
87
81
89
90
75
88
64
76
87
81
84
79
68
75
80
67
71
71
78
71
85
69
83
65
47
55
54
38
53
69
61
64
58
58
63
38
48
51
51
60
49
54
57
42
45
41
41
43
53
57
44
51
43
61
41
56
52
46
41
60
34
40
27
40
35
24
27
32
43
37
43
37
27
28
29
29
39
27
26
32
31
40
31
32
30
30
25
31
31
25
32
18
37
19
23
30
24
21
15
23
41
20
19
24
20
14
24
20
30
25
20
24
23
24
27
12
16
19
23
24
16
24
14
14
15
18
19
19
16
20
16
13
15
18
11
24
19
17
27
20
11
23
16
21
21
19
26
18
12
15
23
20
13
13
15
20
16
19
15
13
24
19
15
14
17
18
17
14
15
11
10
11
19
14
9
14
8
9
13
10
12
12
16
13
18
20
10
10
4
10
14
11
15
11
19
17
7
9
11
14
9
14
9
19
25
14
14
16
13
13
20
11
19
12
16
20
15
13
10
12
11
13
11
14
9
13
12
8
11
12
14
9
11
9
10
9
9
10
14
10
11
3
7
7
7
11
7
9
9
6
9
14
8
8
10
13
11
5
9
6
9
10
4
9
7
6
8
6
9
7
13
5
13
4
4
6
6
7
11
11
7
3
9
11
5
9
14
7
7
9
8
10
6
12
8
13
8
3
8
8
9
10
2
7
4
6
13
8
4
8
12
11
12
4
3
8
10
5
2
7
9
14
7
3
6
5
5
7
5
8
6
9
9
5
4
5
6
6
6
3
11
3
10
5
7
6
6
5
3
3
5
4
3
5
5
2
8
10
6
5
3
6
7
2
5
2
7
9
7
6
9
7
4
9
9
8
2
10
4
5
3
3
8
3
3
3
8
6
6
6
1
2
4
8
5
10
5
2
5
12
3
2
3
3
4
5
5
5
3
5
7
4
7
5
2
7
5
7
3
3
4
7
4
5
7
4
6
9
9
6
6
2
3
6
9
10
2
1
3
2
2
5
5
7
6
7
5
4
4
5
3
2
3
3
3
5
2
6
3
6
5
3
4
11
8
2
6
6
5
6
4
8
7
3
2
4
2
4
5
6
5
4
4
3
4
4
4
2
5
6
3
2
4
6
7
2
3
4
2
6
2
5
4
2
4
0
6
3
8
4
2
7
5
3
5
3
3
5
3
2
6
6
5
5
5
5
2
1
3
3
6
3
2
2
1
5
6
3
6
2
4
5
6
4
5
3
2
5
4
3
4
1
4
4
3
5
6
4
2
6
7
1
0
3
6
2
6
9
6
3
4
8
8
4
1
3
5
5
2
2
5
1
5
4
7
3
2
6
5
4
4
4
4
2
1
4
6
3
2
3
6
3
4
5
5
3
5
3
4
3
4
3
5
4
1
4
6
3
2
6
5
2
4
4
1
6
1
2
4
1
4
1
2
3
3
2
3
4
5
3
3
2
4
0
1
2
8
1
2
2
2
5
2
3
2
6
4
4
0
2
3
3
1
3
1
1
2
3
1
0
2
4
3
0
2
0
2
3
2
1
0
2
0
1
2
1
3
2
0
1
0
3
1
1
4
2
3
2
4
2
2
2
0
4
1
3
1
2
1
1
2
2
1
1
0
0
2
1
1
0
2
1
3
1
1
0
1
0
1
1
4
0
2
3
5
1
1
1
6
0
1
0
3
1
3
3
3
0
3
1
1
0
1
3
0
5
1
0
1
1
3
1
2
3
1
2
2
0
3
2
3
2
1
3
2
2
1
1
3
5
4
2
2
3
2
0
4
6
4
3
0
2
2
2
2
3
2
3
2
3
7
2
4
3
4
3
5
1
2
1
1
1
1
2
0
1
0
0
1
0
0
1
4
2
0
2
0
1
1
2
2
1
1
1
0
0
1
0
1
1
1
1
1
0
1
2
0
$ENER_FIT:
1.242 1.500000 0.00000e+000
$MCA_CAL:
3
1.242 1.500000 0.00000e+000
$PEAKLABELS:
18.836, "Cs-131, Xe X-rays"
978.980, "K-40,(Bkgd)"
$ENDRECORD:
