$SPEC_ID:
PeakEasy Library File: Sr-90, IdentiFINDER (LaBr3), 3.3 mCi in Pb/Fe pig @ 47 cm
$MEAS_TIM:
4905.00000 4944.00000
$DATE_MEA:
21-Apr-2015 11:31:41
$DATA:
0 1023
0
0
0
0
0
258
6038
9329
10705
12369
16373
24728
30393
26783
23536
26238
31924
39154
47217
55367
64268
74772
85990
102121
117939
123479
117203
113034
112096
111027
106593
103595
101591
101372
100833
100133
98223
96969
94527
92788
90385
88540
87586
85501
83845
81926
79870
77169
75170
72640
69801
67578
65392
63781
61695
59439
57670
55437
53624
52100
50986
49418
47572
46335
44474
43367
42206
40799
39402
38296
36444
35095
33836
32921
31737
30792
29532
28347
27631
26652
25365
24762
23825
23177
22303
21404
20922
20458
19890
18897
18492
18124
17178
16962
16059
15653
15245
14926
14462
14080
13751
13482
13068
12640
12389
11940
11589
11394
11072
10769
10426
10211
9874
9661
9291
9116
8839
8653
8463
8295
7840
7499
7257
6916
6691
6801
6507
6498
6370
6402
6206
5913
6009
5693
5513
5593
5260
5294
5080
4964
4932
4820
4761
4685
4675
4472
4267
4343
4195
4085
3995
4028
3807
3784
3739
3716
3685
3553
3440
3344
3303
3179
3156
3133
3190
3098
2975
2987
2997
2953
2920
2833
2726
2724
2606
2451
2387
2352
2341
2291
2299
2223
2264
2144
2101
2038
2003
2061
1958
1860
1929
1830
1866
1811
1714
1726
1682
1714
1638
1679
1659
1638
1541
1506
1535
1475
1502
1441
1345
1329
1333
1312
1247
1245
1228
1220
1140
1201
1180
1184
1070
1151
1138
1071
1107
1079
1045
1004
1000
996
901
901
1001
964
948
902
913
886
841
882
808
848
884
763
762
790
724
726
750
740
697
702
681
694
665
703
668
661
696
662
665
628
670
641
659
624
606
643
662
628
620
610
608
597
603
636
566
532
550
537
490
508
526
512
494
479
506
526
488
486
458
465
441
458
416
441
453
452
431
418
439
418
419
439
409
372
451
418
420
372
395
370
365
337
370
391
355
353
350
329
347
332
330
345
311
304
301
323
282
277
312
270
259
285
256
265
267
284
214
255
220
226
246
237
220
236
250
227
206
189
204
218
231
208
191
196
202
191
187
201
179
194
191
190
178
200
192
187
214
183
185
178
178
186
192
205
192
173
179
178
179
187
191
167
162
181
158
153
170
167
196
157
157
142
156
152
145
136
171
138
146
149
128
157
149
136
139
133
151
144
125
142
125
142
116
102
120
112
116
100
81
98
75
88
81
70
98
80
93
78
74
71
75
72
66
75
71
48
64
52
67
59
55
46
42
51
50
50
51
39
40
36
54
49
42
51
61
42
44
49
35
35
49
46
46
43
43
60
59
57
75
96
95
97
99
119
145
150
184
175
202
214
226
249
234
273
251
287
307
283
273
255
225
186
212
191
153
141
111
81
72
60
49
32
33
30
27
15
20
22
15
12
20
12
14
19
20
20
17
19
9
15
16
17
17
25
11
15
12
26
11
15
13
16
23
12
19
14
11
9
14
8
13
6
13
6
11
8
11
15
19
10
12
8
8
9
6
2
10
9
11
11
11
10
8
13
9
8
11
17
9
11
9
11
10
15
15
19
10
10
13
11
14
13
12
15
18
14
14
19
16
16
21
17
15
10
18
16
11
11
11
15
15
10
13
16
14
16
11
18
15
18
17
19
12
17
18
12
17
16
24
18
15
20
17
25
27
17
22
21
28
27
27
16
22
29
34
31
26
29
26
27
26
31
27
32
29
27
25
32
28
29
37
34
30
35
40
38
36
40
35
47
36
39
38
39
66
46
49
45
51
56
44
60
64
60
42
48
52
47
44
42
38
45
44
43
36
31
29
34
28
36
45
24
34
33
25
34
36
31
26
26
33
29
27
32
41
36
31
35
37
34
27
29
27
26
26
26
43
28
28
31
37
27
31
30
24
35
32
33
42
35
29
36
27
40
36
36
38
31
32
29
32
38
36
36
32
45
35
41
39
45
35
31
43
53
41
48
46
43
46
43
43
39
37
36
43
29
36
41
42
32
29
24
33
32
43
27
26
34
21
31
24
26
32
31
29
31
26
32
32
30
31
34
29
31
35
31
18
26
20
27
23
21
16
22
17
20
26
19
23
19
5
10
12
15
10
15
13
11
19
19
21
14
13
17
13
19
15
13
18
15
20
16
12
16
11
21
21
14
19
19
18
15
14
19
20
12
14
15
13
20
16
21
12
24
22
21
17
16
18
21
21
17
20
26
21
31
24
30
38
25
31
28
32
32
27
21
30
25
24
28
29
33
23
33
28
24
24
30
25
26
19
16
15
15
27
17
16
9
7
11
15
11
11
7
8
8
5
5
4
8
5
3
2
1
1
2
2
1
3
1
4
2
1
0
1
1
1
3
1
0
0
1
0
0
0
0
0
0
0
0
1
0
1
0
1
0
0
0
0
0
0
0
0
0
1
0
0
0
0
1
0
0
0
0
1
1
1
1
0
0
1
1
1
0
0
0
0
0
1
1
0
1
0
0
1
1
1
4
1
1
2
0
0
0
0
0
0
0
0
0
0
0
0
0
0
0
0
0
0
0
0
0
0
0
0
0
0
0
0
0
0
0
$ENER_FIT:
0.000 3.000000 0.00000e+000
$MCA_CAL:
3
0.000 3.000000 0.00000e+000
$PEAKLABELS:
487.043, "K-40 (Bkgd),La-138"
866.593, "Th-232(d),(Bkgd)"
11.830, "La-138,X-rays"
$ENDRECORD:
