$SPEC_ID:
PeakEasy Library File: Sr-90, Detective (HPGe), 14.8 mCi 
$MEAS_TIM:
3600.00000 4066.66000
$DATE_MEA:
12/10/2010 1:44:01 PM
$DATA:
0 8191
0
0
0
0
0
0
0
0
0
0
0
0
0
0
0
0
0
0
0
0
0
0
0
0
0
0
0
0
0
0
0
0
0
0
0
0
0
0
0
0
0
0
0
0
0
0
0
0
0
0
0
0
0
0
0
0
0
0
0
0
0
1
1
0
1
1
1
1
6
3
14
17
13
18
31
48
50
65
66
376
6215
13794
14577
14316
14204
14184
14250
13736
13793
13665
13585
13363
13477
13444
13259
13302
12981
12845
12957
12816
13016
12738
12806
12679
12584
12482
12613
12509
12401
12545
12487
12582
12457
12394
12526
12327
12346
12324
12620
12438
12672
12441
12804
12802
12612
12609
12839
12600
12837
12940
12775
13104
13116
13016
13202
13145
13201
13593
13475
13497
13713
13667
13832
13869
13755
14124
13852
14251
14158
14400
14207
14495
14440
14745
14735
15088
14993
15268
15284
15277
15683
16024
15965
15585
15808
15588
15631
15619
15761
15835
15825
16033
16125
16131
16450
16442
16281
16618
16754
17237
17833
18709
18808
19330
19312
19453
19883
20491
20164
19223
18241
17576
17479
16961
17216
17128
17483
17459
17038
17587
17537
17142
17721
17739
17823
17815
18041
17619
18069
18252
18633
18919
18736
18962
18272
18255
18190
18299
18052
18095
17873
17677
17383
17156
17136
17272
17308
17307
17445
17352
17533
17344
17584
17481
17218
17389
17112
17223
17390
17567
17210
17280
17522
17721
17773
17470
17392
17233
17542
17299
17299
17112
17361
17163
17235
17356
17246
17219
17434
17201
17432
17190
17208
17026
17236
17058
17163
16996
17264
17086
17196
17326
17169
16855
16785
16710
17013
16761
16850
16638
16932
16850
16613
16575
16797
17012
16669
16601
16706
16846
16567
16633
16431
16394
16536
16582
16429
16461
16255
16210
16462
16372
16348
16256
16353
16181
16095
15961
15930
16068
15849
16114
16185
16156
15986
15915
15872
16046
15864
15767
15536
15639
15731
15713
15655
15762
15592
15589
15666
15419
15291
15338
15341
15247
15345
15359
15197
15183
15209
15394
14869
15216
14801
15037
14968
14934
14884
14996
14749
14861
14949
14817
14540
14767
14690
14592
14278
14538
14743
14610
14466
14487
14554
14388
14590
14370
14259
14176
14211
13984
14072
13941
14210
13985
14059
13948
13881
13994
14053
14101
13886
13709
13926
13769
13692
13765
13859
13877
13690
13644
13629
13467
13549
13419
13332
13349
13488
13336
13369
13191
13379
13174
13457
13142
13218
13137
13234
13218
12994
12991
13042
12915
13212
12878
12997
12717
12716
12569
12708
12685
12797
12761
12510
12640
12564
12473
12604
12328
12362
12264
12404
12428
12457
12411
12219
12458
12483
12349
12103
12148
12029
12124
12217
12106
12017
12163
12005
11847
11812
12012
11939
11975
11759
12085
11813
11681
11831
11805
11701
11636
11622
11641
11508
11693
11668
11563
11406
11443
11506
11416
11485
11381
11449
11280
11173
11204
11312
11189
11282
11246
11082
11086
11221
11130
10984
11036
10996
10969
10739
10884
10851
10892
10842
10815
10802
10736
10688
10549
10697
10720
10815
10753
10626
10537
10427
10656
10691
10692
10528
10504
10411
10327
10297
10338
10330
10327
10337
10496
10176
10191
10137
10323
10023
10185
10125
9951
10106
10131
10024
10063
9998
9986
9965
10096
9943
9863
9768
9873
9832
9727
9964
9769
9935
9691
9816
9626
9698
9433
9708
9446
9626
9619
9564
9589
9577
9599
9601
9359
9506
9386
9448
9512
9274
9197
9438
9254
9154
9271
9122
9151
9116
9248
9201
9204
9156
9295
9243
9205
9177
9143
8969
8893
9038
8847
8966
8936
8923
8660
8676
8790
8822
8851
8779
8687
8664
8779
8649
8858
8558
8682
8527
8518
8589
8539
8655
8604
8516
8566
8635
8563
8630
8431
8386
8436
8405
8285
8129
8390
8473
8410
8352
8434
8163
8322
8205
8203
8393
8380
8194
8240
8243
8118
7995
8222
8135
8109
8150
8053
8022
8127
8143
8129
7899
7994
8006
7979
8138
8179
7984
8107
8126
8052
7995
7853
7932
7930
7788
7797
7912
7804
7796
7773
7806
7762
7772
7715
7743
7769
7821
7767
7684
7612
7561
7610
7660
7659
7728
7644
7465
7674
7650
7555
7672
7408
7420
7337
7622
7563
7516
7504
7450
7446
7320
7514
7486
7390
7403
7317
7330
7334
7372
7382
7330
7325
7384
7270
7286
7199
7266
7239
7371
7174
7127
7099
7282
7293
7144
7068
7173
7101
7038
6997
7112
7051
6910
6979
7088
7146
6905
6929
6975
7004
6908
7014
6788
6919
7085
7008
6857
6983
6855
6741
6910
6805
6901
6696
6884
6862
6816
6670
6907
6810
6785
6694
6873
6767
6838
6725
6792
6639
6788
6643
6621
6610
6628
6550
6591
6499
6496
6565
6644
6440
6539
6641
6374
6443
6506
6516
6533
6478
6540
6339
6483
6527
6511
6417
6558
6297
6428
6397
6258
6305
6347
6410
6299
6173
6069
6163
6152
6318
6371
6243
6338
6145
6201
6199
6246
6280
5967
6231
6166
6115
6058
6001
5976
6121
5953
5897
5977
6023
5951
6093
6058
6043
6001
6121
6027
5902
5904
6020
5830
5913
5788
5929
5771
5732
5828
5855
5810
5856
5807
5789
5830
5879
5720
5652
5778
5708
5725
5656
5828
5742
5592
5562
5637
5603
5599
5588
5593
5665
5544
5601
5575
5596
5684
5573
5659
5564
5439
5410
5590
5532
5474
5536
5426
5358
5444
5528
5408
5603
5476
5385
5460
5289
5374
5405
5400
5440
5319
5222
5339
5427
5209
5253
5316
5220
5206
5272
5259
5146
5264
5207
5277
5152
5143
5237
5227
5078
5187
5058
5130
5029
5028
5010
5084
5002
5043
5123
5045
5097
5078
5052
4988
4963
4920
4953
4863
4908
5010
5016
4913
4925
4825
4907
4763
4820
4807
4785
4744
4774
4801
4719
4831
4856
4764
4789
4763
4707
4744
4672
4795
4671
4695
4585
4686
4712
4735
4741
4666
4681
4715
4715
4739
4651
4744
4531
4425
4506
4436
4671
4554
4559
4482
4537
4390
4452
4399
4457
4367
4496
4404
4459
4315
4388
4419
4386
4442
4423
4354
4408
4326
4250
4212
4218
4282
4190
4252
4199
4323
4132
4238
4407
4233
4317
4190
4201
4121
4172
4220
4335
4101
4196
4062
4213
4109
4187
4098
4034
4193
4069
4011
3961
3994
4101
4061
4021
3884
3997
4072
3999
4034
4043
3975
4005
3913
3962
3940
3903
3961
3916
3870
3789
3936
3991
3939
4021
3795
3806
3914
3851
3792
3983
3803
3814
3776
3857
3645
3852
3757
3845
3820
3717
3736
3741
3644
3758
3727
3724
3701
3635
3656
3741
3665
3660
3658
3568
3658
3650
3603
3674
3630
3554
3594
3618
3641
3567
3456
3539
3483
3598
3443
3519
3536
3519
3476
3510
3528
3635
3427
3441
3364
3502
3433
3444
3335
3418
3386
3350
3406
3468
3426
3374
3379
3351
3493
3374
3414
3340
3328
3358
3295
3310
3322
3343
3233
3247
3305
3222
3301
3268
3234
3242
3274
3202
3174
3253
3177
3226
3301
3196
3104
3215
3174
3174
3153
3134
3131
3162
3154
3142
3134
3199
3089
3123
3085
3271
3104
2992
3108
3091
3094
3058
3122
3020
3087
3036
3071
3077
3044
3009
3078
2983
3020
2964
3024
2968
3065
2973
2938
3010
2997
2970
3047
2858
2884
2877
2941
2859
2839
2889
2855
2835
2872
2876
2813
2921
2752
2973
2877
2782
2747
2859
2769
2728
2838
2740
2776
2753
2722
2890
2804
2784
2869
2704
2787
2767
2791
2631
2584
2708
2774
2786
2731
2650
2717
2707
2678
2635
2634
2623
2670
2704
2660
2672
2676
2641
2674
2630
2649
2621
2628
2631
2620
2669
2548
2615
2572
2485
2525
2654
2489
2493
2488
2515
2572
2632
2459
2516
2413
2514
2469
2631
2549
2529
2392
2535
2474
2445
2507
2486
2382
2439
2357
2518
2475
2409
2431
2523
2433
2384
2442
2359
2424
2412
2436
2410
2348
2446
2301
2332
2357
2334
2282
2335
2389
2392
2397
2251
2376
2245
2260
2391
2329
2328
2244
2267
2302
2256
2338
2395
2334
2231
2384
2196
2274
2276
2316
2195
2228
2323
2232
2206
2300
2142
2231
2167
2191
2181
2248
2156
2212
2139
2181
2051
2199
2239
2058
2159
2145
2165
2192
2120
2153
2142
2137
2103
2129
2046
2041
2046
2135
2141
2060
2117
2134
2020
1998
2038
2080
2084
1957
2070
2043
2049
1987
2026
2064
2008
1990
2011
1964
2010
2026
2015
2065
2036
1994
1905
1976
1984
1929
2032
2033
2003
2030
2071
2135
2184
2404
2497
2558
2758
2968
3039
2990
2945
2865
2715
2527
2405
2175
2038
2074
1954
1897
1912
1872
1897
1841
1788
1927
1820
1888
1878
1755
1853
1930
1842
1829
1864
1812
1712
1820
1787
1789
1822
1780
1772
1807
1909
1734
1795
1764
1815
1776
1762
1702
1714
1731
1830
1750
1771
1686
1706
1724
1793
1812
1728
1737
1759
1711
1720
1727
1731
1711
1718
1671
1664
1677
1578
1667
1737
1644
1660
1669
1701
1660
1682
1685
1716
1623
1603
1660
1624
1682
1591
1644
1671
1672
1645
1601
1617
1616
1612
1572
1633
1569
1619
1551
1644
1553
1571
1637
1571
1574
1688
1568
1513
1582
1554
1582
1581
1586
1582
1574
1531
1448
1503
1554
1487
1515
1570
1473
1549
1544
1594
1474
1492
1498
1492
1465
1517
1529
1481
1462
1488
1480
1463
1474
1506
1469
1574
1509
1493
1428
1495
1517
1465
1372
1462
1467
1426
1454
1403
1388
1458
1440
1389
1506
1379
1403
1432
1402
1367
1428
1471
1432
1421
1392
1374
1298
1394
1477
1387
1428
1380
1366
1376
1352
1405
1374
1391
1353
1358
1414
1369
1352
1296
1339
1300
1397
1300
1365
1313
1284
1405
1334
1438
1375
1365
1361
1350
1295
1356
1306
1284
1278
1340
1344
1321
1251
1271
1237
1288
1274
1235
1299
1272
1294
1206
1275
1261
1279
1280
1227
1207
1254
1254
1202
1232
1280
1222
1205
1278
1269
1251
1217
1243
1170
1159
1185
1160
1181
1182
1174
1245
1197
1253
1176
1224
1263
1173
1208
1188
1133
1182
1131
1223
1182
1170
1200
1185
1150
1174
1198
1098
1212
1145
1191
1157
1159
1285
1199
1303
1171
1225
1124
1140
1094
1211
1107
1131
1159
1069
1089
1113
1115
1158
1096
1061
1128
1135
1145
1036
1078
1100
1090
1164
1068
1100
1128
1066
1104
1075
1077
1053
1084
1114
1037
1081
1078
1099
1039
997
1071
1057
1065
1007
1071
1055
1083
1073
1006
1030
1062
1042
1038
1006
1030
1017
1026
1026
1051
1013
1024
1090
1012
986
1031
1017
1021
1022
941
1005
973
992
1004
975
1007
1018
939
1007
998
956
1012
1036
915
1021
1020
981
904
971
906
918
919
915
927
955
913
982
928
897
903
920
968
1007
951
956
975
959
935
926
934
949
955
944
924
963
904
942
916
956
935
983
931
915
916
941
937
933
911
917
901
888
942
910
1005
935
861
922
877
866
888
853
917
853
905
897
915
910
866
914
878
913
897
868
855
879
845
818
893
873
826
861
865
831
885
822
812
822
847
808
830
858
848
826
849
840
810
859
796
793
813
801
875
840
785
852
842
824
837
844
865
788
816
808
804
816
818
819
822
801
792
821
795
744
812
860
778
807
804
775
788
749
812
769
769
814
825
810
738
766
786
791
761
747
772
744
749
726
733
767
732
746
731
717
760
807
778
729
747
727
717
739
684
771
756
717
709
792
727
726
727
708
694
748
759
737
719
726
717
714
721
767
712
715
731
716
667
697
660
734
709
704
715
710
683
702
718
723
713
724
759
671
676
655
632
659
682
689
686
691
731
659
697
699
682
723
687
651
695
682
640
638
673
635
637
678
688
658
630
654
685
668
680
632
685
629
652
697
642
625
667
688
650
601
671
680
630
674
637
652
658
612
634
722
622
608
634
646
624
595
589
621
657
612
598
605
659
633
643
651
577
603
620
586
602
628
618
667
557
596
609
580
568
584
611
612
621
607
627
624
643
586
585
557
630
566
566
607
578
555
600
587
598
571
579
560
616
573
563
527
558
585
571
578
550
564
624
580
543
600
548
551
534
574
591
518
561
579
592
519
547
563
561
551
569
518
572
555
578
545
546
548
548
554
526
563
554
534
496
527
558
542
545
531
553
516
537
529
553
531
531
496
513
500
491
500
519
530
512
535
502
507
511
470
482
515
534
528
503
494
547
501
515
501
503
467
517
564
523
516
503
500
528
512
488
552
515
486
543
492
505
468
476
499
468
495
493
468
451
487
465
518
515
476
465
458
474
481
483
455
489
465
506
469
505
496
464
477
461
461
441
434
418
418
473
444
471
436
446
476
456
467
464
489
488
481
441
460
444
469
444
427
434
473
453
479
438
400
416
421
480
462
437
424
431
445
423
444
412
434
419
458
401
405
438
471
414
444
365
427
418
447
436
430
457
423
408
411
413
389
421
390
424
401
354
408
395
437
367
422
425
414
404
437
447
400
431
400
389
388
370
391
409
379
398
457
391
377
439
432
379
399
359
389
398
380
400
369
368
414
385
408
375
406
421
393
380
417
385
376
401
408
423
407
370
375
376
366
406
380
383
392
376
388
394
376
342
379
396
380
351
378
396
377
370
345
341
365
361
362
357
370
374
366
329
403
391
384
379
342
375
379
309
324
350
351
364
350
327
348
334
360
322
321
349
351
308
320
339
338
348
353
337
360
374
320
307
343
331
343
350
352
336
322
329
328
323
334
316
331
355
311
344
366
337
334
326
353
329
329
308
313
336
363
359
329
369
296
310
347
304
347
328
303
332
327
335
345
296
325
314
353
313
305
312
344
356
299
286
314
313
298
306
321
312
322
292
312
320
281
346
324
298
299
295
283
296
329
323
310
304
300
302
298
299
309
298
292
313
315
300
298
290
267
289
287
296
317
273
321
284
290
278
267
311
293
266
269
295
321
275
291
286
268
310
298
277
295
280
277
298
292
312
314
268
304
279
291
284
300
301
271
293
289
300
299
269
281
295
278
319
281
306
293
313
294
286
236
258
259
260
279
295
263
266
252
262
279
274
254
272
285
262
271
225
234
302
287
254
295
261
255
241
250
272
267
271
226
248
246
245
236
273
242
242
270
282
236
231
279
262
254
234
270
260
238
217
267
263
265
264
270
252
243
242
250
260
249
254
230
250
274
225
227
252
229
241
222
260
255
250
226
232
229
258
213
232
243
221
239
238
233
229
246
230
256
243
250
260
239
235
239
243
249
240
232
236
234
239
209
237
240
224
222
216
217
223
219
228
241
207
177
226
222
243
245
254
218
230
231
213
226
211
221
223
230
198
220
247
223
195
225
227
219
247
200
210
215
211
237
222
223
229
230
233
233
227
241
238
233
229
227
218
218
244
220
206
203
221
224
175
189
201
219
189
218
209
196
206
213
222
215
191
194
201
185
193
222
189
211
185
203
170
194
176
185
226
170
201
219
195
203
195
212
192
205
213
200
183
168
198
193
186
190
210
201
214
193
198
183
176
207
169
185
194
184
184
195
197
176
177
188
196
191
214
194
198
212
199
177
180
170
189
186
194
204
190
181
172
198
193
170
207
178
167
188
193
191
180
176
181
184
182
185
183
169
183
181
197
209
179
192
183
184
187
187
175
176
181
153
185
170
175
164
182
176
151
166
206
150
175
190
160
198
143
179
161
175
180
184
167
180
163
164
163
169
185
179
153
159
145
168
158
152
165
175
162
158
165
156
156
167
156
149
163
163
145
181
154
190
156
174
160
159
150
170
176
161
152
168
156
149
152
129
168
154
155
162
147
160
156
152
171
158
151
152
164
166
156
147
171
142
136
149
139
143
138
152
144
152
148
156
151
152
133
144
156
147
145
155
157
140
154
155
142
158
119
151
141
121
149
134
153
149
148
145
150
149
128
136
140
145
138
151
148
132
147
136
139
139
149
159
142
142
147
140
132
145
141
157
143
120
136
121
131
118
150
141
136
121
140
123
143
127
125
134
131
146
128
132
135
134
129
137
139
137
138
125
150
131
160
161
135
134
143
138
119
125
150
150
119
123
120
139
125
133
134
136
120
116
130
141
113
115
111
124
118
123
116
126
120
114
125
124
128
98
116
113
134
118
119
117
122
132
119
121
141
124
118
126
116
135
120
116
121
120
106
111
129
106
131
105
123
108
130
98
112
128
119
123
148
121
124
127
98
124
113
111
122
108
92
110
136
122
120
120
111
133
98
119
105
121
120
128
129
93
119
130
113
107
112
91
114
111
94
100
106
115
123
113
98
106
103
98
111
103
109
122
111
142
132
126
123
119
115
122
123
109
110
114
104
113
120
95
112
98
118
86
99
105
97
137
100
113
100
96
115
84
98
115
100
109
111
116
121
106
99
109
103
79
112
89
93
91
92
106
96
113
109
88
101
96
106
120
105
91
90
114
120
78
92
99
97
99
95
104
109
103
102
88
84
91
91
90
101
107
110
72
110
109
96
88
106
93
96
90
116
93
94
91
76
86
103
84
92
95
118
97
103
89
100
94
99
106
96
101
88
87
100
92
72
94
81
89
90
101
118
77
81
102
79
78
90
91
85
95
87
89
83
80
101
84
93
93
70
80
83
76
82
86
75
79
95
91
95
90
100
89
82
81
90
78
87
81
79
77
88
94
84
87
84
86
78
79
76
81
96
69
91
78
94
71
75
68
82
99
79
70
82
78
86
86
81
78
60
64
68
62
80
79
81
77
88
69
88
74
71
98
86
61
80
70
74
101
78
83
84
80
74
84
72
51
84
87
70
78
77
74
67
75
87
77
87
70
79
61
78
86
54
85
75
74
79
81
88
68
70
70
62
79
84
83
72
67
61
90
77
69
64
81
83
69
76
74
63
74
87
64
61
78
78
60
62
53
63
57
78
79
88
81
61
72
63
79
67
65
78
48
71
54
74
57
73
71
60
57
72
70
73
87
56
83
79
53
57
53
74
70
70
71
64
69
71
57
60
55
62
75
73
65
52
67
61
94
66
61
66
70
83
88
54
61
65
63
63
74
70
68
61
50
61
50
65
72
72
65
71
56
56
69
44
59
62
63
72
66
60
69
50
59
56
52
64
49
61
63
56
51
53
51
69
49
59
56
55
55
57
64
75
58
67
47
59
63
51
59
62
65
64
68
68
56
55
42
53
49
54
64
49
62
55
58
68
62
51
48
58
52
51
63
39
58
56
51
54
56
59
43
61
53
49
51
66
62
59
55
52
40
60
56
47
59
49
53
60
44
50
55
42
65
55
69
54
46
35
45
61
41
60
46
54
32
57
49
44
43
51
51
56
45
38
55
49
50
42
42
53
49
47
40
66
58
45
42
45
47
53
44
47
47
49
38
52
52
44
48
42
47
46
55
39
57
52
56
47
49
62
55
53
39
52
47
46
48
48
44
50
59
47
41
44
43
49
48
47
48
55
43
43
30
51
42
54
46
42
33
44
41
48
58
40
38
50
35
37
35
41
42
36
36
40
43
39
40
40
35
51
48
46
46
24
43
53
40
34
42
43
45
33
40
32
42
47
37
41
48
30
41
41
47
33
41
47
40
41
33
51
33
47
46
42
52
38
32
49
34
38
38
45
39
36
33
30
41
44
42
49
40
35
48
44
33
28
38
40
39
41
31
39
42
41
27
42
42
33
37
38
39
28
38
45
37
32
27
33
32
38
31
34
33
33
37
25
41
36
23
44
41
36
35
50
29
33
27
34
39
38
25
38
44
27
32
34
28
42
27
42
38
22
33
34
22
30
26
33
35
26
25
36
38
25
33
26
32
22
33
34
47
29
21
37
33
34
33
29
39
39
30
27
28
32
36
28
32
28
33
31
30
37
39
19
32
33
37
29
34
27
29
34
29
25
37
48
34
34
38
29
32
34
41
32
38
25
33
23
33
21
30
35
29
31
22
27
30
36
34
36
21
39
23
37
27
25
31
28
29
27
21
28
30
21
26
29
24
38
28
29
34
36
25
30
32
38
21
21
40
20
34
14
32
30
23
22
36
23
31
28
28
32
34
29
21
27
32
28
28
30
26
26
29
26
21
24
26
31
23
32
37
20
24
23
24
24
25
23
30
26
20
25
25
23
21
16
27
36
26
21
22
22
24
23
35
27
27
29
17
33
22
27
24
20
28
23
19
25
26
17
29
15
19
31
24
25
24
24
22
28
22
27
18
21
26
35
27
20
26
23
23
20
23
32
23
24
29
21
23
16
22
26
18
33
27
35
15
24
25
22
30
40
27
27
22
17
21
23
14
24
28
17
27
27
17
29
27
18
26
27
22
23
19
26
24
25
38
17
18
19
17
23
26
20
20
24
19
27
18
15
26
19
15
19
14
16
20
25
26
23
25
15
20
18
27
37
40
40
66
77
101
106
156
177
201
195
178
147
139
92
63
47
39
18
24
15
32
13
14
16
21
21
19
23
13
14
16
14
18
8
21
20
22
12
21
15
15
23
15
15
17
14
20
26
21
14
19
21
16
16
15
19
24
12
13
15
14
20
21
7
19
19
10
19
5
21
15
14
16
15
15
18
14
25
14
13
16
15
14
17
16
15
18
14
29
20
19
16
18
19
19
17
21
18
22
21
20
19
15
7
16
23
15
16
13
23
16
15
16
16
16
14
11
17
19
22
16
20
17
20
14
21
16
14
15
20
10
15
13
12
11
23
13
20
13
22
23
14
17
22
14
16
16
12
15
15
17
19
19
14
15
17
20
12
17
17
22
15
14
15
24
22
16
15
16
15
13
17
17
16
12
14
14
6
13
14
15
17
15
16
14
10
20
18
13
7
11
14
13
17
11
20
12
13
14
17
12
14
13
12
17
13
14
18
7
19
6
12
8
13
8
16
17
16
15
7
16
15
10
10
10
13
15
13
17
11
15
9
9
9
11
10
6
19
12
6
19
9
7
15
9
7
16
18
16
12
14
15
9
16
13
12
11
14
20
12
13
13
11
12
14
15
20
6
19
14
10
14
8
12
18
11
5
17
9
14
5
11
13
15
9
16
11
13
12
7
10
14
8
12
17
8
7
11
11
18
6
8
14
9
8
13
7
4
10
11
6
13
8
8
7
11
5
6
16
11
12
8
12
17
8
12
6
8
5
10
11
9
12
10
13
15
16
14
8
16
14
10
11
17
18
6
10
13
20
6
7
12
13
11
11
12
12
14
12
15
9
8
11
6
14
5
12
12
13
16
9
17
12
12
7
15
9
13
10
9
9
13
11
5
12
9
7
8
11
5
9
11
8
11
9
14
16
3
8
6
11
10
9
10
10
9
7
8
9
7
14
8
9
7
8
9
8
6
7
5
9
9
9
4
5
8
9
1
6
12
10
9
5
7
10
11
3
5
5
10
9
8
12
7
5
10
7
6
10
11
10
7
9
4
10
7
4
9
9
5
10
7
7
6
10
5
9
7
7
9
9
6
13
7
14
8
9
8
5
5
5
6
7
9
7
6
7
8
7
11
6
6
11
8
5
4
8
9
3
5
11
4
6
3
5
4
4
5
4
10
11
8
3
2
6
5
7
5
10
5
8
5
3
7
7
8
5
7
3
2
7
8
6
6
10
6
7
8
8
4
3
3
6
8
6
11
9
5
6
6
7
6
9
7
9
6
10
8
9
6
6
5
3
8
7
2
6
4
5
7
2
7
5
5
8
3
9
6
4
10
5
5
6
7
6
6
6
5
5
2
13
7
6
7
8
8
1
4
8
2
4
6
4
6
4
5
6
3
5
5
5
8
3
3
5
3
6
8
8
3
6
6
3
4
3
6
7
7
11
8
2
7
4
7
5
8
5
3
6
4
5
5
11
6
4
6
5
0
6
5
3
3
2
3
1
7
3
5
7
4
3
6
3
5
5
6
4
7
4
4
2
4
4
2
3
2
3
3
2
9
7
6
8
5
7
9
7
5
2
9
3
7
2
1
5
8
2
6
0
5
4
1
5
5
4
3
6
5
1
4
3
5
6
2
2
1
2
0
7
3
4
6
9
2
3
6
8
9
6
4
3
3
4
5
2
5
3
2
6
10
7
10
7
12
5
5
4
9
8
2
6
5
1
4
5
9
3
2
2
2
8
3
3
5
2
2
3
0
6
2
4
2
1
1
10
4
3
6
3
3
4
7
5
6
1
2
4
2
5
3
2
6
2
5
5
4
8
2
4
6
5
5
4
3
5
5
3
3
2
2
0
8
2
4
7
5
4
1
3
1
2
0
4
1
3
4
3
6
4
6
8
11
12
6
17
18
15
18
13
8
15
11
5
5
8
7
3
4
6
7
5
0
4
1
5
4
3
2
2
4
1
0
2
3
2
1
4
7
3
1
5
5
4
1
2
3
5
4
2
0
6
4
3
2
2
2
3
5
3
4
4
5
2
2
2
4
3
3
1
3
3
4
2
4
5
4
2
4
4
1
6
3
3
5
1
2
1
1
0
6
3
2
1
3
1
1
0
2
2
2
2
4
3
4
3
2
3
5
3
1
5
1
4
1
6
1
2
5
4
7
1
1
0
5
2
2
4
3
2
4
5
1
0
2
2
1
3
3
3
2
3
1
4
3
3
2
2
3
3
1
0
1
3
3
2
3
1
0
1
0
1
1
1
1
1
3
6
3
3
5
3
3
4
3
2
3
4
4
3
1
3
1
3
2
1
2
0
2
6
0
0
1
3
1
2
2
2
1
6
3
1
2
2
2
2
3
2
4
0
3
2
4
4
3
4
4
5
4
2
3
6
3
0
3
2
1
2
2
2
4
1
3
2
2
4
7
0
2
5
1
3
3
3
1
2
2
3
3
1
0
0
4
1
2
2
3
4
2
4
2
2
2
4
2
1
1
1
3
2
0
3
4
3
0
5
2
3
4
3
2
1
2
4
3
0
4
2
2
5
1
3
3
3
2
2
3
3
1
4
2
1
2
3
2
0
2
0
0
1
1
1
2
1
2
0
0
3
2
1
6
3
2
1
0
2
4
3
1
3
2
2
0
1
1
3
2
3
0
4
4
2
2
2
3
1
1
0
1
3
4
5
2
2
1
3
1
2
0
3
2
0
1
1
4
4
4
2
0
0
3
1
3
4
0
1
1
4
2
1
1
5
3
0
2
0
3
3
0
4
1
0
0
2
2
3
2
1
3
2
1
3
2
4
4
1
3
1
1
3
2
1
2
1
4
4
1
2
3
2
2
2
0
7
1
2
2
0
2
0
1
1
1
3
4
2
1
2
1
2
2
3
1
3
2
1
2
1
2
2
0
1
0
4
1
1
1
0
0
2
2
3
1
2
1
3
1
3
1
2
2
2
0
1
2
1
1
0
1
0
4
0
2
0
2
3
2
0
3
2
3
1
3
2
1
0
0
0
0
2
0
2
2
4
0
1
1
1
0
0
1
0
0
3
1
2
1
0
1
1
2
3
1
1
2
1
2
2
4
0
0
2
0
1
2
1
2
2
2
2
2
1
3
4
2
1
2
1
1
1
3
2
2
2
3
2
2
1
1
2
0
1
1
2
1
2
1
1
2
2
2
1
0
2
0
3
1
3
1
3
2
1
1
2
2
0
1
0
1
1
4
2
1
0
1
2
2
2
1
1
2
0
0
0
4
0
1
0
2
3
2
1
1
1
1
2
0
1
2
2
2
0
0
1
3
0
0
2
2
1
1
1
1
0
1
2
2
3
0
2
1
1
1
0
0
1
2
1
0
3
1
0
1
2
0
2
0
0
1
1
0
0
2
1
1
1
2
0
1
2
0
1
0
0
3
0
5
4
1
1
3
2
2
0
0
1
0
2
0
1
1
1
1
1
0
2
0
1
1
0
2
0
3
2
0
1
2
1
1
1
0
0
2
0
0
0
0
0
0
0
2
1
0
2
0
2
1
2
0
2
1
0
2
0
3
1
0
1
1
3
2
1
1
0
0
3
2
0
0
1
0
0
0
0
1
0
0
0
2
0
4
1
0
3
2
2
4
2
1
0
0
0
0
0
0
0
0
3
0
2
1
1
1
2
0
1
0
0
0
0
1
2
0
0
2
2
2
3
1
1
0
1
1
1
2
2
1
2
1
1
0
1
2
1
2
0
0
2
0
0
0
3
2
1
3
2
3
2
2
2
1
3
1
2
1
1
0
2
0
0
1
1
1
0
0
2
1
2
0
2
0
0
0
0
3
0
0
0
1
2
0
2
1
2
2
2
1
0
0
0
1
0
4
2
2
1
0
3
1
3
0
1
3
0
0
2
1
0
2
0
1
0
0
1
0
2
1
1
1
0
0
1
0
0
2
2
1
3
1
3
1
1
0
1
1
1
0
1
2
0
1
4
4
0
0
1
3
4
6
2
7
6
2
6
4
0
2
3
1
1
1
4
5
1
0
0
1
0
1
3
1
0
1
0
2
1
0
1
0
3
0
2
2
1
0
0
0
3
2
0
2
1
4
1
5
1
3
1
0
2
0
3
2
2
0
1
0
1
1
1
0
0
1
1
0
2
1
0
0
1
2
0
0
2
0
0
0
2
1
1
1
2
0
1
1
0
1
0
0
1
1
1
0
0
1
1
1
0
0
0
0
0
0
0
0
1
1
0
2
0
0
0
2
0
1
1
2
1
0
1
0
0
0
1
0
1
1
0
0
3
2
1
3
0
0
2
0
0
0
1
2
1
2
1
0
3
0
0
0
2
1
0
4
1
0
0
0
0
0
1
1
2
2
0
0
0
4
0
0
2
0
3
2
0
0
1
2
0
0
0
1
0
0
1
2
0
1
2
1
1
1
0
2
1
0
0
0
0
0
0
1
1
1
0
0
1
0
2
0
0
1
1
1
2
1
0
0
1
0
1
1
0
0
0
0
0
1
2
2
1
1
1
0
2
1
1
0
0
1
1
1
0
2
0
1
2
2
0
2
0
1
0
0
0
0
2
3
2
2
1
0
1
1
0
2
2
1
4
2
2
3
3
3
3
4
4
6
4
4
7
6
4
5
2
3
1
1
1
0
1
1
0
0
1
2
2
0
0
0
0
0
0
1
1
1
0
1
1
1
2
1
0
1
1
1
2
1
2
0
2
0
0
1
2
1
1
3
1
1
2
1
1
0
0
2
0
1
0
0
2
0
0
0
0
0
1
0
1
0
0
0
2
0
1
1
2
1
1
1
1
2
1
1
2
2
0
0
0
2
2
2
2
0
1
1
1
1
1
1
0
1
1
1
1
2
0
2
1
1
0
0
0
3
1
2
0
1
0
2
2
2
1
1
0
0
0
0
0
1
0
0
1
2
2
0
2
0
0
2
1
0
1
0
0
0
2
1
0
0
0
1
1
1
1
1
0
0
0
2
1
1
5
2
1
2
2
1
0
1
3
1
1
2
1
1
0
0
0
3
0
0
2
1
1
1
0
1
1
0
0
1
2
2
2
0
0
1
1
1
3
3
0
1
0
1
1
0
0
1
1
1
1
1
1
0
2
2
2
2
1
0
3
0
0
0
1
3
0
2
3
0
2
0
1
1
0
1
1
1
2
0
0
0
0
1
0
0
1
0
0
3
0
1
0
1
1
1
2
0
1
0
0
1
0
0
2
1
0
0
0
0
1
2
0
0
0
0
0
0
1
0
0
1
1
1
0
1
0
1
1
0
0
3
1
2
0
1
0
0
0
0
2
0
3
0
3
0
1
0
0
1
0
0
0
0
0
1
4
0
0
1
1
1
0
2
0
3
1
0
1
0
3
0
0
1
1
1
2
2
1
0
0
2
4
1
2
2
2
1
0
1
0
1
1
1
1
2
0
1
0
1
0
1
1
0
1
3
3
3
4
0
1
2
2
1
1
0
0
1
0
1
1
1
1
1
0
3
2
0
0
0
1
2
1
0
1
1
4
0
1
3
2
1
2
2
0
4
1
2
1
1
1
0
0
0
0
1
1
3
1
1
1
2
2
1
2
1
1
1
1
0
0
0
2
2
1
0
1
1
1
1
0
1
1
0
4
2
0
1
0
0
2
2
1
0
0
1
1
0
0
2
0
0
1
0
2
3
2
1
1
1
2
0
3
1
1
0
0
0
0
0
0
0
2
0
0
1
0
1
0
3
0
1
1
1
0
0
1
1
0
0
0
2
1
5
5
0
2
1
1
0
0
1
0
2
1
1
1
4
2
1
3
2
1
0
0
0
1
1
1
0
1
1
1
2
1
0
2
3
0
0
0
0
2
0
0
0
0
0
1
0
0
0
1
0
2
1
2
1
1
0
0
2
2
0
0
0
0
0
2
2
1
0
0
0
1
1
1
1
1
1
2
2
1
3
1
0
1
2
1
1
1
0
0
0
0
1
1
1
1
1
0
0
3
0
2
0
0
1
0
1
0
0
0
0
1
0
1
0
1
1
2
1
0
0
1
0
0
0
0
1
0
1
2
0
0
0
1
1
0
1
0
1
0
0
0
3
0
0
0
0
2
2
1
1
1
0
0
0
2
1
1
2
0
4
0
1
0
0
2
2
0
2
1
1
0
0
0
0
0
0
4
0
0
1
1
0
1
0
0
0
0
0
0
1
0
1
0
0
1
1
1
2
1
1
2
1
2
0
0
1
0
0
0
2
1
1
0
0
1
1
1
1
0
0
0
1
2
0
0
0
0
0
0
0
0
1
1
0
0
0
2
0
0
0
1
0
0
0
0
0
0
2
1
0
1
1
0
1
0
0
2
0
0
1
1
1
0
1
1
0
0
1
1
0
0
0
1
0
0
2
0
0
0
0
0
0
1
0
1
0
1
0
0
0
0
0
0
0
0
0
1
0
0
0
0
0
0
1
0
1
1
0
1
0
0
0
1
0
0
0
0
1
1
0
0
0
0
0
2
1
0
0
0
0
0
1
0
0
0
1
0
1
0
0
1
1
0
0
0
0
0
1
0
0
1
0
0
1
0
0
0
0
0
2
0
0
0
0
0
1
0
0
0
0
2
0
0
0
0
1
0
0
0
0
0
0
1
0
0
0
0
0
0
1
0
1
0
0
0
1
0
0
0
0
1
0
0
0
1
1
0
0
0
0
0
0
0
0
1
0
0
0
0
0
0
0
1
1
0
0
0
0
0
1
0
0
0
0
0
0
0
0
0
0
0
0
0
0
0
0
0
0
0
0
0
1
0
0
0
0
1
0
0
0
0
0
1
0
0
0
0
0
1
0
0
0
1
0
0
0
0
1
0
1
0
0
0
0
0
1
0
0
0
0
0
0
0
0
0
0
0
0
0
0
1
0
0
0
0
0
0
0
0
0
0
0
0
0
0
1
0
1
0
0
0
0
0
0
0
0
0
0
0
0
0
1
0
0
0
0
0
0
0
0
0
0
0
0
0
1
0
0
1
1
0
0
0
0
0
0
1
0
1
0
1
1
0
0
0
0
0
0
0
0
1
0
0
0
0
1
0
0
0
0
0
0
0
0
0
0
0
0
0
0
2
1
1
1
1
2
1
5
4
4
3
5
7
10
11
6
13
12
19
15
19
19
15
21
9
8
9
4
4
2
0
0
0
1
0
0
0
0
0
0
0
0
0
0
0
0
0
0
0
0
0
0
0
0
1
0
0
0
0
0
0
1
0
1
0
1
0
0
0
0
0
0
0
0
0
0
0
0
0
0
0
0
0
0
0
0
0
0
0
0
0
1
0
0
0
0
1
0
0
0
0
0
0
0
0
0
0
0
0
0
0
0
0
0
0
0
0
0
0
0
0
0
0
0
0
0
0
0
0
0
0
0
0
0
0
0
0
0
0
0
0
0
0
0
1
0
1
0
0
0
0
0
0
0
0
0
0
0
0
0
0
0
0
1
0
0
0
0
0
0
0
0
0
0
0
0
0
0
1
0
0
0
1
0
0
0
0
0
0
0
0
0
0
0
1
0
0
0
1
0
0
0
0
0
0
0
0
0
0
0
0
0
0
0
0
0
0
0
0
0
0
0
0
0
0
0
0
0
1
0
0
0
0
1
0
0
0
0
0
0
1
0
0
1
0
0
1
0
0
0
0
0
0
0
1
0
0
0
0
0
0
0
0
0
0
0
0
0
0
0
0
0
0
0
0
0
0
0
1
0
0
0
0
0
0
0
0
0
0
0
1
0
0
0
0
0
0
0
0
0
0
0
0
0
0
0
0
0
1
0
1
0
0
0
0
0
0
0
0
0
0
0
1
0
0
0
0
0
0
0
0
1
0
0
1
0
0
0
0
1
0
0
0
0
0
0
0
0
0
0
0
0
0
0
0
0
0
0
0
0
0
0
0
0
0
0
0
0
0
0
0
0
0
1
0
0
0
0
0
1
0
0
0
0
0
0
0
0
0
0
0
0
0
0
0
0
0
0
0
0
0
0
0
0
0
0
0
0
0
0
0
0
0
0
0
0
0
0
0
0
0
0
0
0
0
1
0
0
0
0
0
1
0
0
0
0
0
0
0
0
0
0
0
0
0
0
0
1
0
0
0
0
0
0
0
0
0
0
0
0
0
0
0
0
0
0
0
0
0
0
0
0
0
0
0
0
0
0
0
0
0
0
0
0
0
0
0
0
0
0
0
0
0
0
0
0
0
0
0
0
0
0
0
0
0
0
1
0
0
0
0
0
0
1
0
1
0
0
0
0
0
0
0
0
0
0
0
0
0
0
0
1
0
0
0
0
0
0
0
0
0
0
0
0
0
0
0
0
0
1
0
0
0
0
0
0
0
0
0
0
0
0
0
0
0
0
0
0
0
0
0
0
1
0
0
0
0
0
0
0
0
0
0
0
0
0
0
0
1
0
0
0
1
0
0
0
0
1
0
0
0
0
0
1
0
0
0
0
0
0
0
0
0
0
0
0
0
2
0
0
0
0
0
0
0
1
1
0
1
0
0
0
0
0
0
0
0
0
0
0
0
0
1
0
0
0
0
0
0
0
0
0
0
0
1
0
0
1
0
0
0
1
0
0
0
0
1
0
0
0
0
0
0
0
0
1
0
0
0
0
1
0
0
1
0
0
0
0
0
0
0
0
0
0
0
0
0
0
0
0
0
0
0
0
0
0
0
0
0
0
0
0
0
0
0
0
0
0
0
0
0
1
0
0
0
0
1
0
0
0
0
0
1
0
1
0
0
0
0
0
0
0
0
0
0
0
0
0
0
0
0
0
0
0
0
0
0
0
1
0
0
0
0
0
0
0
0
0
0
0
0
0
0
0
0
0
0
0
0
0
0
0
0
0
0
0
0
0
0
0
1
0
0
0
0
0
0
0
0
0
0
0
0
0
1
0
0
0
0
0
0
1
0
0
1
0
0
0
0
0
0
1
0
0
0
0
0
0
0
0
0
0
0
0
0
0
0
0
0
0
0
0
0
0
0
0
0
0
0
0
0
0
0
1
0
0
0
0
0
0
0
0
0
0
0
0
0
0
0
0
1
0
0
0
0
0
0
0
0
0
0
0
0
0
0
0
0
0
0
0
0
0
0
0
0
1
0
0
0
0
0
0
0
0
0
0
0
0
0
0
0
0
0
0
0
0
0
0
0
0
0
0
0
0
0
0
0
0
0
0
0
0
0
0
0
0
0
0
0
0
0
0
0
0
0
0
0
0
0
0
1
0
0
0
0
0
0
0
0
0
0
0
0
0
0
0
0
0
0
1
0
0
0
0
0
0
0
0
0
0
0
0
0
0
0
0
0
0
0
0
0
0
0
2
0
0
1
0
0
0
0
0
0
0
1
0
0
0
0
0
0
0
1
0
0
0
0
0
0
0
0
0
1
0
1
0
0
0
0
1
0
0
0
0
0
0
0
0
0
0
0
0
0
0
1
0
0
0
0
1
0
0
0
0
0
0
0
1
0
0
0
0
0
0
0
0
0
0
0
0
0
0
0
0
0
0
0
0
0
0
0
0
1
$ENER_FIT:
-0.007 0.366669 1.26117e-008
$MCA_CAL:
3
-0.007 0.366669 1.26117e-008
$PEAKLABELS:
1393.767, "Pos. Ann."
187.244, "Au XRF,(Detector)"
213.260, "Au XRF,(Detector)"
3983.472, "K-40, (Bkgd)"
7128.558, "Th-232(d), (Bkgd)"
$ENDRECORD:
