$SPEC_ID:
PeakEasy Library File: Sr-90, IdentiFINDER (NaI), 14.8 mCi 
$MEAS_TIM:
3600.00000 3643.00000
$DATE_MEA:
10-Dec-2010 16:52:59
$DATA:
0 1023
0
0
0
0
18929
37043
46398
62932
81785
95681
101822
103361
108644
117705
125742
133629
141707
150792
157281
162114
165670
170726
175712
178043
176576
172782
168996
165206
160341
155596
152739
150468
148273
146228
144533
143474
141498
139400
137609
135556
133493
132544
131218
130525
128334
127381
125124
123521
121649
119657
117955
116329
115320
113887
112477
110413
109821
107922
106457
104482
103087
101525
99881
98576
97314
95791
94174
92209
91409
90136
89402
87715
86867
85875
84679
82710
82324
80495
79384
78228
76820
75457
74540
74296
72435
71625
70934
69329
68384
67426
66601
65238
64550
62677
61757
60983
59808
59493
58151
57092
55891
55120
54232
53292
52200
51660
50411
49250
48544
47420
46662
45903
45082
44179
43291
42257
41386
40868
40360
39388
38474
37696
37082
36292
35601
34925
34225
33855
33085
32338
31894
31513
30409
29691
29336
28565
28126
27562
27022
26653
26201
25601
25114
24692
24387
23879
23478
22928
22322
22403
21929
21510
21323
21159
20839
20740
20295
20097
19450
19236
18881
18346
18129
17592
17217
16618
16314
16043
15490
15197
14816
14551
14301
13996
14000
13584
13230
12887
12832
12592
12220
12043
11802
11710
11576
11237
10958
10944
10811
10515
10497
10283
10173
9933
9726
9693
9398
9079
9080
8793
8674
8474
8325
8349
8162
7959
7704
7783
7557
7467
7382
7090
6990
6844
6787
6804
6552
6584
6508
6307
6185
6147
6005
5915
5816
5631
5606
5588
5387
5276
5278
5231
5041
5005
4852
4778
4770
4663
4539
4561
4512
4523
4470
4290
4195
4120
4248
4062
3808
3892
3774
3799
3716
3635
3672
3513
3374
3436
3366
3288
3239
3248
3160
3052
2958
2954
2882
2872
2876
2768
2793
2848
2800
2755
2551
2496
2584
2528
2455
2440
2389
2314
2308
2249
2256
2283
2195
2147
2146
2098
1994
2010
2003
1956
1900
1932
1921
1841
1852
1729
1764
1752
1716
1675
1740
1696
1580
1577
1532
1560
1573
1493
1451
1442
1399
1430
1402
1369
1358
1369
1294
1232
1269
1255
1198
1195
1234
1226
1166
1195
1115
1122
1075
1068
1080
1035
1072
980
1056
1022
961
981
974
912
949
919
888
891
915
887
874
814
799
798
787
771
806
724
728
739
749
733
703
685
686
688
665
636
672
611
646
587
645
611
563
581
569
560
542
555
546
533
512
504
534
468
478
486
444
427
473
423
443
412
403
394
396
412
413
433
388
383
358
387
327
337
351
312
303
333
338
338
319
308
311
308
272
299
304
266
276
237
293
295
260
268
259
233
242
264
222
235
227
217
212
205
223
230
243
240
204
224
208
243
227
218
233
221
234
240
232
223
206
231
211
208
230
242
237
211
210
199
197
205
195
174
176
185
171
151
143
129
128
133
138
102
94
131
124
115
105
111
104
109
101
97
108
88
77
74
76
74
80
87
97
79
82
77
94
68
65
67
64
71
61
65
64
72
70
57
55
52
53
52
50
47
50
51
48
66
49
35
54
46
39
51
36
48
33
35
36
33
34
48
39
50
32
37
35
40
40
43
35
50
40
39
32
24
28
28
28
36
31
30
35
30
27
28
26
34
22
27
27
40
29
26
17
20
19
12
19
15
20
21
23
13
21
18
24
21
20
17
17
14
13
14
13
11
19
17
18
15
13
17
16
9
12
16
15
13
11
16
15
7
12
10
11
9
6
9
6
7
11
10
7
9
8
3
8
3
4
10
8
6
6
7
7
9
12
14
5
7
9
10
9
9
8
5
7
5
6
9
7
7
6
2
5
7
9
14
13
7
8
7
11
9
7
11
10
7
8
5
7
11
5
8
8
2
8
10
12
8
6
9
7
5
10
6
7
3
6
10
5
6
4
4
5
5
5
7
10
0
6
11
9
10
7
4
6
6
1
8
9
6
10
8
3
6
10
9
7
7
4
5
5
4
4
3
4
5
4
6
3
6
1
3
4
5
5
2
5
5
6
4
3
4
7
2
6
3
2
5
7
4
5
4
3
6
4
3
5
4
3
6
4
4
2
3
1
3
3
0
3
2
0
1
0
2
2
1
2
3
1
4
1
5
2
1
2
3
1
2
2
3
1
3
0
1
4
4
2
1
4
5
4
3
2
0
3
1
2
2
5
9
5
11
7
9
11
6
4
7
7
6
9
7
6
9
10
9
6
10
11
5
7
7
11
5
6
3
9
8
5
8
2
7
4
5
1
1
3
3
4
2
2
1
0
2
1
2
0
3
2
0
1
1
2
1
2
2
1
1
2
0
0
3
1
0
4
1
3
0
1
0
1
1
2
2
1
2
1
2
0
0
0
0
3
1
0
1
0
0
0
0
1
3
1
0
0
0
0
0
0
1
1
1
0
1
0
0
0
0
2
1
1
1
2
2
2
0
0
1
0
1
0
0
1
0
0
1
0
0
2
0
0
0
1
1
1
1
0
1
0
2
1
2
1
1
0
1
0
1
0
0
0
2
0
1
0
4
1
0
0
0
0
0
0
0
2
0
1
1
0
1
2
1
1
0
2
2
1
0
1
1
2
1
1
1
3
1
0
0
1
0
0
0
0
1
0
1
0
0
1
2
0
0
1
0
0
2
0
0
0
1
0
1
1
0
0
2
1
0
0
0
$ENER_FIT:
11.075 3.183706 0.00000e+000
$MCA_CAL:
3
11.075 3.183706 0.00000e+000
$PEAKLABELS:
453.445, "K-40,(Bkgd)"
818.588, "Th-232(d),(Bkgd)"
$ENDRECORD:
