$SPEC_ID:
PeakEasy Library File: Sr-90, IdentiFINDER (NaI with Cs-137 seed), 3.3 mCi in Pb/Fe pig @ 45 cm
$MEAS_TIM:
10795.00000 10887.00000
$DATE_MEA:
21-Jan-2000 21:27:41
$DATA:
0 1023
0
0
0
0
3763
26477
30866
37115
44910
57909
86450
100465
89386
83095
89160
101043
114232
131836
158541
188127
221450
255682
294589
335188
386011
421822
427084
411586
401523
400583
392752
384016
375293
373636
369182
367914
367088
380745
383637
366140
335560
311344
304041
297823
290524
282275
273748
268183
259694
253130
244575
237776
231399
226724
220423
214148
207385
202010
194859
190052
183233
178795
173573
168296
163746
158588
153312
148350
144026
138559
134879
129352
125952
121622
117800
113804
110615
107098
103206
100113
96935
93360
90569
87702
85932
83304
81171
78600
76454
73996
72003
70333
67359
66005
63991
62080
60903
59206
57742
55777
54693
53790
52144
50780
49523
48244
46697
45673
44328
43589
42724
41524
40755
39753
38722
38026
37016
36347
35519
34399
33582
32945
31942
31032
29830
29097
28853
28189
27908
26917
26838
26250
25846
25157
24749
24218
23878
23659
23063
22523
21803
21542
21190
20958
20675
20269
19681
19417
18927
18664
18275
17802
17330
16842
16325
15935
15637
15140
14775
14379
13967
13710
13476
13190
13039
12670
12437
12136
12040
11844
11576
11148
10938
10593
10423
10241
10000
9861
9481
9324
9007
9007
8690
8444
8327
8113
8006
7792
7828
7427
7401
7129
7285
7039
6889
6925
6746
6662
6522
6625
6516
6482
6508
6528
6760
6971
7214
7715
8312
9077
9890
10874
11823
12945
14204
15211
16537
17155
18041
18511
18756
18583
17914
17064
16130
14921
13639
12290
11013
9638
8414
7337
6347
5601
5072
4466
4087
3825
3515
3326
3218
3082
3020
3015
2894
2744
2748
2756
2668
2616
2645
2513
2530
2528
2478
2441
2328
2235
2302
2269
2165
2227
2149
2153
2044
2004
2059
2018
1926
1932
1881
1876
1861
1827
1817
1672
1728
1799
1684
1721
1623
1600
1596
1585
1535
1579
1506
1516
1400
1449
1398
1445
1409
1395
1353
1271
1309
1339
1263
1270
1247
1233
1249
1201
1186
1121
1152
1150
1101
1059
1109
1053
1049
1000
985
950
959
1007
980
964
908
969
876
905
914
879
889
827
862
814
800
780
808
783
784
731
726
738
764
717
691
698
675
649
642
694
673
626
651
616
665
564
598
624
616
582
567
548
553
550
584
529
530
567
575
501
532
508
484
497
478
475
459
459
458
477
496
456
448
421
435
444
431
387
403
439
410
395
382
367
391
396
413
351
359
342
334
342
328
314
307
300
284
305
279
305
319
293
295
289
261
248
261
261
266
266
234
238
226
234
258
235
221
222
206
218
189
209
217
195
196
195
201
172
191
184
195
180
162
146
162
164
157
163
154
151
152
153
160
151
146
126
128
147
146
142
137
158
143
134
163
147
143
169
153
149
150
158
165
171
175
197
188
188
190
210
209
198
224
240
225
216
199
206
224
214
230
206
218
233
186
187
156
157
141
153
146
142
105
120
115
106
107
90
90
85
80
71
74
76
68
73
59
51
62
70
52
59
70
59
58
52
62
58
56
55
40
42
52
56
48
52
46
49
46
51
39
50
49
35
34
41
35
53
43
43
43
37
30
28
32
34
40
35
34
37
40
39
33
34
27
37
28
33
39
29
30
27
31
35
36
35
31
29
32
34
35
25
34
31
30
27
36
43
41
34
32
28
31
39
33
29
21
25
20
25
27
24
20
19
29
24
30
25
18
30
22
25
23
22
22
19
22
17
19
17
16
18
14
16
17
13
16
16
23
21
16
13
23
20
17
24
19
16
18
13
20
8
9
13
17
13
16
10
10
12
10
14
16
12
18
15
23
10
17
14
12
20
15
10
15
15
10
11
7
16
10
5
15
16
10
13
9
14
13
12
12
9
13
12
11
12
10
14
11
12
14
13
14
15
15
15
12
15
10
16
21
15
16
20
13
13
13
16
18
9
19
16
12
12
18
18
15
10
17
22
13
9
18
13
13
12
12
14
6
17
21
19
16
12
12
9
17
17
11
10
17
21
16
12
15
13
12
13
21
13
15
12
6
7
16
18
15
17
12
10
12
12
15
11
10
15
5
11
10
10
19
11
6
11
9
6
11
8
6
13
12
6
6
11
5
5
5
10
9
11
7
6
5
13
7
4
8
4
4
5
6
6
9
5
5
4
5
4
2
3
4
2
7
3
7
5
7
3
4
4
3
2
3
3
7
2
4
5
1
4
3
6
7
2
0
3
0
4
6
3
5
4
5
2
6
4
8
0
2
5
6
5
8
10
5
7
4
5
6
11
7
10
12
17
7
18
11
19
7
13
14
12
12
13
12
13
13
7
10
10
15
12
12
12
9
7
9
10
6
5
8
4
7
4
4
3
3
4
2
5
5
5
4
3
0
5
1
2
3
2
1
3
3
2
1
0
1
2
3
3
2
2
1
0
1
3
0
1
0
0
0
1
1
1
0
3
0
1
0
0
3
1
1
3
1
0
0
0
1
0
0
0
0
2
0
0
0
2
4
0
3
1
0
1
0
0
0
2
3
1
1
1
2
2
3
3
1
1
0
3
2
0
1
1
1
2
1
0
1
1
0
0
1
0
0
0
1
1
1
0
1
3
0
0
1
1
2
2
0
0
0
0
0
0
0
0
2
3
2
1
2
1
0
2
1
1
0
1
$ENER_FIT:
1.066 2.962249 2.12559e-004 -1.82894e-007 0.00000e+000
$MCA_CAL:
5
1.066 2.962249 2.12559e-004 -1.82894e-007 0.00000e+000
$PEAKLABELS:
868.173, "Th-232(d),(Bkgd)"
482.821, "K-40,(Bkgd)"
220.159, "Cs-137,(Detector)"
10.733, "Cs-137,X-ray"
37.941, "Rebinning Artifact,(Detector)"
$ENDRECORD:
