$SPEC_ID:
PeakEasy Library File: Cs-137 IdentiFINDER (LaBr3) 6.7 microCuries @ 25 cm bare
$MEAS_TIM:
60000.00000 60058.00000
$DATE_MEA:
18-Jan-2008 2:53:33 PM
$DATA:
0 1023
0
0
0
0
0
0
4751
23428
28462
38493
84033
175760
255666
247950
128240
54616
45334
46203
48201
51527
55013
57906
61155
65825
71894
77208
78999
79223
81456
83016
84190
84948
85835
88034
88653
90211
91635
93432
95242
95842
95655
95655
95511
94632
94682
94630
94118
94020
93398
92922
92425
92166
90750
89954
89136
88274
88073
87812
88462
90087
93672
99150
106146
111388
113156
113045
110729
107161
103679
100123
96733
92853
90382
87632
84644
81985
79231
76503
74445
72338
70829
69227
67005
64630
62195
60185
58118
56251
53916
52692
50497
48230
46645
45169
43626
41795
40360
39726
39543
39213
38756
38428
37866
37130
36699
36141
35548
35189
35225
34926
34701
34616
34518
34237
34190
33937
34015
34365
34192
33673
33346
32896
32950
32595
32642
32223
32402
31896
32420
32426
32564
32939
33119
32832
33061
33603
33533
33567
33666
34077
33937
33924
34349
34987
34625
35019
34982
35151
35426
35668
35865
36031
36014
35489
35077
34436
33210
31657
29956
27716
25080
22415
20020
17926
16455
15172
14080
13331
12704
12344
11976
11459
10830
10296
10004
9344
8979
8596
8142
7810
7468
7153
7015
6747
6587
6608
6480
6146
6071
6014
5941
5895
5935
5702
5787
5772
5684
5426
5436
5434
5270
5193
5167
5082
5252
5151
5223
5039
5100
5165
5243
5512
6490
9368
14982
26492
45728
76221
116637
163812
209621
244487
256245
244657
211092
166007
117706
77375
45817
25621
13789
7307
4268
3035
2388
2097
1990
2029
1926
1897
1936
1865
1923
1835
1818
1781
1769
1835
1766
1749
1770
1712
1703
1742
1717
1675
1776
1745
1716
1705
1772
1811
1908
2039
2124
2315
2409
2467
2576
2507
2613
2604
2508
2559
2597
2542
2517
2538
2495
2559
2475
2500
2495
2495
2440
2383
2494
2338
2297
2300
2317
2216
2312
2301
2251
2267
2209
2220
2163
2247
2248
2282
2159
2285
2210
2296
2219
2270
2287
2193
2153
2156
2056
1986
1976
1935
1964
1959
1939
1924
2012
1989
1931
2005
2018
1935
1867
1797
1764
1709
1646
1623
1598
1531
1565
1468
1432
1453
1457
1419
1407
1404
1374
1325
1317
1290
1292
1233
1234
1248
1195
1223
1225
1257
1219
1220
1230
1189
1197
1204
1222
1193
1186
1274
1299
1258
1238
1278
1275
1312
1305
1297
1467
1333
1422
1417
1438
1455
1385
1445
1331
1400
1405
1373
1269
1386
1258
1314
1314
1330
1268
1360
1350
1295
1316
1283
1233
1340
1306
1295
1335
1311
1243
1326
1268
1329
1298
1253
1270
1232
1239
1173
1160
1174
1063
1063
1064
962
901
919
873
807
751
715
678
695
667
585
602
577
550
586
524
531
500
479
456
450
437
407
450
377
402
381
362
338
355
326
334
334
323
329
332
331
293
270
272
269
324
297
301
288
285
280
268
300
274
285
358
347
411
494
580
686
813
1006
1155
1381
1638
1851
2186
2443
2618
2970
3211
3328
3638
3710
3905
4149
4205
3988
3875
3561
3259
2872
2483
2019
1622
1321
967
752
593
441
343
277
233
197
182
160
141
152
134
107
121
107
107
104
92
115
99
111
106
140
145
117
153
133
159
167
162
168
178
169
144
148
151
143
131
116
119
110
112
112
107
116
107
94
86
93
100
107
74
97
100
88
81
94
84
92
75
87
74
86
85
99
86
84
88
100
94
101
92
92
99
87
107
102
96
114
103
135
142
136
123
144
162
157
152
176
178
149
156
132
153
122
122
113
108
98
107
107
89
103
89
85
91
95
82
102
98
99
79
81
113
99
100
99
91
96
118
112
101
93
102
87
111
100
95
108
106
110
111
129
103
102
91
108
91
107
105
113
122
128
112
139
121
115
112
116
132
141
129
115
119
126
135
113
131
129
125
114
130
122
137
147
137
140
131
139
124
167
152
150
141
166
160
173
162
163
185
147
167
165
184
171
172
139
169
149
131
146
163
129
120
152
142
151
142
142
140
159
157
140
151
144
151
144
129
144
130
138
125
113
110
104
111
103
102
101
108
103
114
95
126
117
120
127
145
118
131
125
143
168
133
167
139
145
118
134
139
139
132
138
124
136
101
105
119
131
143
105
125
139
123
136
137
139
152
133
168
166
156
142
158
148
151
145
171
150
167
156
151
149
165
144
126
128
117
119
121
132
125
131
130
128
123
107
115
125
135
118
103
96
115
120
101
109
119
127
121
105
90
101
95
100
103
87
83
69
67
76
73
56
41
61
57
45
49
54
43
43
48
47
51
51
48
44
53
42
55
51
45
50
38
36
48
39
40
66
43
30
42
46
48
42
49
41
43
48
44
38
38
50
48
48
43
48
64
59
55
74
77
76
87
72
94
113
109
113
122
137
136
143
169
131
119
168
147
140
137
148
139
135
121
126
121
102
104
99
102
99
93
85
104
93
77
79
65
74
68
68
54
54
48
39
47
37
31
27
27
30
24
18
18
12
15
14
10
15
7
9
5
5
9
7
8
7
8
10
5
5
7
4
6
2
5
5
6
2
3
1
3
4
5
3
1
5
1
4
8
4
7
0
3
2
5
6
1
5
5
4
6
3
1
1
4
4
2
2
6
7
4
10
7
6
5
4
9
2
4
6
3
1
2
4
5
5
6
4
3
2
2
2
4
1
3
2
4
3
6
3
4
5
5
2
3
6
6
5
2
5
5
3
3
1
3
4
5
4
4
4
9
5
$ENER_FIT:
-3.633 2.969800 1.58792e-004 -1.74109e-007 0.00000e+000
$MCA_CAL:
5
-3.633 2.969800 1.58792e-004 -1.74109e-007 0.00000e+000
$PEAKLABELS:
222.024, "Cs-137(d)"
880.121, "Th-232(d),(Bkgd)"
488.665, "K-40 (Bkgd), La-138"
63.132, "Backscatter"
150.761, "Compton, Edge"
12.279, "Ba X-rays"
$ENDRECORD:
