$SPEC_ID:
PeakEasy Library File: Cs-137 IdentiFINDER (NaI) 6.7 microCuries @ 25 cm bare
$MEAS_TIM:
60000.00000 60085.00000
$DATE_MEA:
18-Jan-2008 2:54:44 PM
$DATA:
0 1023
0
0
0
0
0
0
2904
25634
32349
47785
82386
121458
132266
110151
83193
66962
60553
60084
62091
65102
68842
73930
80079
87199
96309
106319
113402
117720
119558
120343
121506
123482
125521
126945
129513
132117
135006
137241
140810
142837
143122
144282
144721
145727
146109
146644
147427
147234
147508
147269
146225
144789
144455
143441
143442
143173
143832
145202
146818
150551
155121
159352
163283
166845
168481
168991
168412
167158
163986
160983
157576
153576
148138
145672
141314
137160
132549
129703
126603
122022
118466
115780
112266
108333
105907
102536
100012
97255
94651
92325
90018
88318
86047
84067
81457
79334
77366
75617
73376
72040
70673
69141
68408
66780
65546
64766
63837
63108
62269
61290
60339
59557
58507
58166
57508
56822
56524
56363
55811
55023
54916
54314
53759
53308
52929
52583
51876
51935
51863
51616
51861
52085
52348
51925
52043
52436
52372
51875
51833
51975
51753
51519
51519
50746
50103
49725
48619
48009
46234
45288
43734
41355
40271
38121
35930
33808
31846
29954
28149
26392
25058
23244
22291
20822
19983
19156
18264
17435
17092
16088
15574
14899
14503
13868
13494
12902
12509
12224
11899
11420
11170
10908
10698
10401
10024
10132
9746
9625
9458
9487
9436
9429
9543
9476
9507
9553
10002
10526
11072
11943
13175
14594
16703
19661
23001
27512
32644
39027
46431
55118
65019
76103
87099
98683
111296
123295
135620
145288
155485
163711
167378
170862
171091
169334
163485
156748
148048
137399
126551
115107
103034
91218
80638
69322
59543
50641
43314
36731
30380
26116
22045
18593
15886
13999
12026
10828
9569
8701
8079
7387
6705
6283
5877
5561
5208
5014
4602
4330
4182
4004
3997
3744
3462
3365
3230
3140
2938
2849
2778
2695
2650
2427
2303
2312
2234
2207
2177
2076
1953
1946
1931
1898
1798
1816
1766
1737
1690
1715
1694
1590
1604
1618
1560
1531
1463
1508
1526
1545
1496
1538
1496
1522
1582
1566
1540
1532
1460
1533
1502
1539
1497
1406
1462
1482
1485
1533
1496
1451
1431
1459
1434
1338
1386
1421
1384
1375
1331
1366
1361
1315
1255
1278
1215
1248
1207
1221
1145
1191
1259
1190
1141
1133
1115
1170
1195
1164
1134
1070
1143
1093
1161
1078
1102
1103
1077
1069
1072
1098
1114
1109
1169
1127
1121
1118
1069
1079
1093
1121
1122
1103
1128
1097
1129
1125
1173
1152
1154
1131
1106
1056
1122
1048
1091
1078
1033
1039
1050
1072
1084
1076
1034
1040
1020
1060
985
940
946
974
955
942
1017
883
884
856
890
876
850
830
846
799
796
846
829
803
727
733
722
714
695
724
734
650
643
645
628
630
546
617
568
583
570
574
566
557
540
516
512
527
490
504
493
493
469
474
504
440
493
454
509
502
485
454
488
473
444
480
467
501
494
534
498
526
532
559
556
596
645
683
674
662
682
752
816
814
868
898
878
898
958
1039
1047
1105
1181
1111
1181
1143
1228
1167
1159
1198
1146
1150
1169
1109
1115
1043
992
1007
900
960
888
810
821
755
701
699
677
636
587
563
561
516
486
472
439
438
411
388
391
405
376
335
328
355
330
351
314
321
318
291
309
285
269
296
266
269
272
306
251
249
267
236
223
234
231
220
210
226
196
214
227
214
230
186
187
220
210
200
199
194
194
204
201
210
200
177
199
200
212
213
223
195
194
191
177
195
211
188
206
193
215
233
223
209
194
226
212
182
200
229
197
195
185
194
197
194
194
205
201
190
178
160
181
167
164
167
170
179
154
169
154
143
151
136
169
169
132
131
149
160
149
148
109
135
106
137
122
136
144
136
122
139
115
108
113
104
113
114
114
122
113
110
134
110
110
115
111
99
104
104
93
102
116
103
93
111
115
101
87
109
101
117
101
92
105
102
98
92
116
127
102
104
99
103
88
100
96
112
98
76
97
95
102
100
106
102
116
126
117
130
125
121
119
112
119
113
129
127
139
115
117
118
125
111
141
116
108
129
119
134
118
131
115
125
135
141
138
116
107
144
129
146
127
114
116
113
119
128
129
112
120
109
107
108
113
97
107
103
119
103
111
98
108
101
115
101
132
95
101
80
103
107
97
86
115
115
104
94
99
118
83
87
93
84
93
88
86
86
92
96
82
77
87
81
73
75
84
69
76
77
74
56
65
77
57
71
65
71
74
60
67
51
68
70
70
49
56
41
52
62
57
43
55
46
59
45
48
51
41
39
44
43
39
51
51
52
34
39
34
45
51
51
44
45
47
52
52
57
46
55
69
49
66
46
52
59
55
70
63
60
69
74
67
67
84
85
74
70
86
98
96
94
109
80
103
84
82
92
87
99
93
108
108
87
100
92
85
87
96
86
75
74
72
76
80
68
70
61
69
52
56
44
45
49
40
44
29
46
44
34
31
36
27
26
34
29
27
12
28
23
28
20
27
24
19
16
20
16
15
17
28
21
14
13
12
15
21
13
17
20
12
14
11
14
14
10
8
20
16
12
16
20
11
10
10
15
15
12
14
19
4
12
10
11
9
11
10
14
13
13
12
11
10
13
11
11
13
12
15
16
9
12
6
13
13
14
8
16
19
9
7
15
14
6
5
10
9
10
10
6
12
12
9
4
13
13
15
11
11
8
7
13
7
6
12
9
12
3
7
7
8
9
12
6
5
8
15
7
9
9
6
8
5
9
3
8
7
0
0
0
0
0
0
0
$ENER_FIT:
-2.221 3.014905 -1.19304e-004 1.74673e-007 0.00000e+000
$MCA_CAL:
5
-2.221 3.014905 -1.19304e-004 1.74673e-007 0.00000e+000
$PEAKLABELS:
221.718, "Cs-137(d)"
860.178, "Th-232(d), (Bkgd)"
487.963, "K-40, (Bkgd)"
65.064, "Backscatter"
11.649, "Ba X-rays"
147.090, "Compton, Edge"
$ENDRECORD:
