$SPEC_ID:
PeakEasy Library File: Cs-137 Interceptor (CZT) 6.7 microCuries @ 25 cm bare
$MEAS_TIM:
71742.00000 71745.00000
$DATE_MEA:
15-Jan-2008 8:20:50 PM
$DATA:
0 1023
0
0
0
0
0
0
0
0
0
0
0
0
1360
1295
1478
1757
2072
2501
3061
3566
4002
4078
3809
3256
2575
1907
1599
1307
1210
1144
1081
1159
1132
1135
1234
1194
1290
1193
1302
1372
1296
1434
1489
1575
1507
1561
1680
1585
1749
1723
1745
1777
1823
1759
1713
1880
1797
1751
1853
1904
1858
1821
1863
1865
1892
1886
1850
1872
1877
1775
1929
1862
1887
1812
1825
1826
1869
1787
1841
1810
1782
1772
1845
1735
1773
1793
1776
1646
1696
1683
1698
1660
1671
1637
1659
1560
1552
1595
1529
1456
1483
1473
1435
1446
1420
1421
1384
1389
1366
1341
1390
1367
1353
1380
1322
1324
1376
1333
1419
1321
1364
1404
1472
1488
1331
1468
1391
1403
1431
1298
1262
1228
1249
1218
1239
1141
1170
1183
1124
1058
1092
1040
938
1007
940
987
1028
956
953
984
974
975
875
858
877
782
809
786
847
789
803
799
766
716
690
679
668
616
681
639
628
600
621
593
593
573
586
527
555
509
551
520
541
490
510
497
481
479
453
495
442
498
472
451
458
475
455
436
432
414
414
418
412
409
399
382
415
415
392
379
398
369
399
389
408
409
392
363
411
366
336
369
397
372
310
350
364
345
365
354
356
381
366
360
357
351
345
334
338
369
373
307
324
305
353
316
349
325
332
336
302
295
344
326
308
336
342
355
349
341
306
319
347
317
341
348
342
367
356
348
298
329
344
339
306
341
341
317
326
337
352
343
332
388
338
327
319
322
343
313
347
334
307
312
324
337
322
280
334
284
322
273
314
262
286
285
277
250
259
266
243
218
221
242
237
172
177
166
162
127
147
125
98
86
100
95
100
82
78
80
74
63
79
101
80
67
59
66
67
73
70
74
58
58
72
79
66
63
57
55
55
61
50
50
48
46
50
67
55
59
46
79
67
56
73
65
50
57
60
74
52
61
64
55
74
71
72
51
75
59
87
64
78
80
84
82
96
100
90
88
105
111
118
109
111
98
102
104
116
122
118
104
126
124
139
147
149
149
150
141
156
174
176
183
159
169
220
205
211
216
236
211
253
248
223
300
271
312
338
352
390
396
428
408
446
495
545
594
635
768
827
865
845
745
508
331
180
93
36
16
11
9
8
19
12
13
10
6
12
8
6
8
11
5
10
13
4
11
7
12
9
9
10
11
11
8
3
10
6
10
10
5
6
7
7
10
4
6
6
6
7
5
5
8
4
13
4
6
9
9
11
7
8
2
7
6
9
10
4
4
9
7
4
10
7
5
5
10
3
12
7
10
7
9
9
8
10
5
5
3
1
8
5
5
10
8
5
6
5
3
7
5
3
4
9
3
7
3
7
7
7
4
7
4
11
5
4
9
7
7
4
4
6
7
7
7
4
7
11
9
6
3
7
7
7
6
6
10
5
6
8
0
4
4
7
5
2
3
10
5
7
8
5
7
6
9
6
3
5
3
8
6
4
9
7
5
5
7
2
8
2
4
2
4
11
4
8
9
4
5
5
3
6
2
1
4
4
6
4
3
6
5
5
3
5
3
8
7
4
10
5
2
5
0
3
6
6
5
3
2
6
2
4
6
7
7
8
2
8
2
5
2
4
6
6
4
4
3
4
3
0
2
3
3
6
3
5
4
4
6
6
12
6
2
4
4
7
4
5
4
3
1
5
5
5
4
9
5
3
3
4
7
3
5
8
9
4
4
2
2
6
4
3
4
6
3
5
8
3
5
0
4
7
4
2
1
5
6
4
7
0
5
1
6
4
7
3
7
2
2
7
1
4
4
4
6
2
5
4
3
2
3
5
5
3
4
5
3
7
2
1
3
3
3
2
3
1
6
4
4
4
5
4
3
6
1
4
4
2
1
5
2
1
2
5
3
5
6
0
2
2
5
6
2
4
1
5
7
2
2
4
1
5
3
6
5
4
1
4
7
2
2
6
1
2
3
2
1
5
3
1
3
1
2
5
5
1
3
3
1
5
2
1
1
2
1
1
2
3
3
0
1
2
4
2
1
4
2
1
1
3
0
3
0
4
1
1
0
1
2
3
1
4
1
3
1
0
0
1
0
4
5
0
1
3
4
2
2
6
1
2
1
0
1
4
0
3
3
2
0
3
0
1
0
0
0
2
0
0
0
0
1
1
1
2
0
2
5
3
2
0
2
0
1
0
1
0
1
0
2
0
2
1
1
1
2
0
0
1
1
2
1
2
0
2
1
1
0
1
0
2
0
2
2
1
0
2
1
6
4
1
2
2
3
2
3
7
3
2
1
3
1
2
4
4
3
2
4
1
1
0
3
4
3
1
6
4
1
2
1
2
3
2
3
2
0
2
0
3
1
4
1
0
2
1
1
0
1
2
2
1
1
0
2
0
1
2
1
0
3
0
1
2
0
2
2
0
1
1
0
0
2
3
1
$ENER_FIT:
0.472 1.487100 2.74407e-005
$MCA_CAL:
3
0.472 1.487100 2.74407e-005
$PEAKLABELS:
441.451, "Cs-137(d)"
20.808, "Ba X-rays"
966.526, "K-40,(Bkgd)"
122.616, "Backscatter"
296.820, "Compton, Edge"
$ENDRECORD:
