$SPEC_ID:
PeakEasy Library File: Cs-137 Detective (HPGe) 8.96 microCuries @ 25 cm bare
$MEAS_TIM:
110112.42000 112302.62000
$DATE_MEA:
16-Aug-2008 12:09:41 PM
$DATA:
0 8191
0
0
0
0
0
0
0
0
0
0
0
0
0
0
0
0
0
0
0
0
0
0
0
0
0
0
0
0
0
0
0
0
0
0
0
0
0
0
0
0
0
0
0
0
0
0
0
0
0
0
0
0
0
1
0
1
0
1
1
1
0
1
1
0
1
0
4
4
3
10
13
12
13
19
32
38
48
49
65
1305
21959
47055
49385
49525
49262
49213
49505
49270
49133
48356
47488
47051
46458
46506
46116
45826
45835
46333
46615
46524
46397
45279
44485
44122
43847
42946
42405
42318
41753
41627
41643
41368
41357
40979
40831
40787
40978
40525
40762
40186
39911
40465
40089
39708
39687
40007
39389
39239
39262
39548
39400
39315
39363
39152
39038
39302
39242
39296
39172
39082
38883
39326
39005
38879
38797
38658
38906
38625
38577
38824
38522
38662
38599
38315
38642
38710
38820
38980
38782
38787
39034
39160
39337
39079
39213
39040
39018
39304
39503
39960
39654
40199
40225
40189
40568
40847
40603
40871
41661
42411
43427
44710
45912
46626
47117
47523
49300
49419
49782
48115
46282
43827
43330
42249
42407
42516
42803
42420
43506
43375
43739
43492
43811
44297
44387
44666
44789
44576
45129
45903
46485
47441
47482
47837
47284
46478
45978
45556
45653
45550
45209
44967
44770
44710
44688
44360
44875
44785
45279
45292
45705
45794
45445
45832
45699
45322
45796
46036
46090
46143
46275
46070
45931
46125
46751
46300
46962
46308
46614
46828
46976
46816
47532
47232
47189
47399
47187
47333
46911
47241
47564
47592
47350
47444
47616
47752
47155
47515
47489
47822
47596
47963
47767
47681
48094
48185
48086
47830
47978
48122
48154
48281
48480
48410
48562
48773
48431
48731
48665
48516
48791
49397
48881
49027
48712
49359
49041
48960
49472
49505
49096
49231
49470
49835
49806
49758
49743
50208
49893
50430
49849
50067
50046
50507
50884
50146
50699
50736
50458
50425
50700
50763
50626
50473
50681
50991
50977
50304
50673
50774
50593
50664
50638
50537
50450
50794
50834
50804
50977
50645
50969
50488
50794
50929
50631
50776
50284
50418
50983
51112
50330
50899
50706
50456
50171
50541
50441
50507
50727
50238
50102
50353
50563
50212
50137
50081
50185
50109
49959
49941
49882
49731
49498
49805
49711
49529
49880
49651
49504
49276
49340
49317
49194
49202
49102
49076
49208
48967
48955
48849
49015
49406
48715
48727
48867
48658
48672
48665
48492
48871
48445
48706
48731
48190
48250
48546
48295
48344
48082
48117
48004
47689
47700
47826
47783
47848
47704
47480
47557
47804
48059
47469
47306
47217
47297
47224
47028
47131
46891
46827
46958
47011
47087
47471
46926
46719
46857
47101
46830
46913
46607
46547
46522
46614
46726
46780
46296
46517
46095
46179
46456
46486
45685
46246
45827
46418
46111
46193
46001
45925
45786
46080
45464
45698
45800
46379
45591
45720
46253
46090
45976
45666
45994
45578
46026
45753
45736
46100
46163
46270
45559
46397
46291
46349
46191
46509
46608
46499
46467
46469
46875
47177
46950
47655
47175
47881
49023
48825
50263
50752
51223
52627
53550
54737
56006
56674
57537
58838
58607
59292
58941
59164
58808
58845
58467
58186
58188
57713
58007
57137
57177
56944
56582
55992
55887
55764
55364
54651
54477
54419
54438
53991
53916
53839
53700
52830
53026
52558
53058
52439
52440
52062
51884
51931
51040
50906
51130
51103
51057
50856
50666
50258
50550
50177
50568
50271
49815
49678
49568
49744
49351
49033
49288
48506
48454
48647
48358
48352
48079
48134
48142
48444
47800
47696
47746
47412
47815
47182
46799
46588
46912
46588
46471
45484
45644
45214
45939
44957
45098
44903
44451
44413
44482
44135
43628
43379
43368
42933
42702
42347
42193
41975
41841
41417
41153
41270
40612
40370
40096
39819
40037
39611
39631
38882
38956
38618
38940
38204
38068
37648
37571
37983
37354
37385
36994
37008
37355
36770
36869
36317
36547
36241
36515
36113
35610
35890
35589
35539
35625
35413
35062
34642
35088
34912
34615
34733
34889
35255
35632
35975
36612
37293
37192
36355
35343
34968
34332
33850
33979
33946
34146
33493
33493
33235
33071
32640
32750
32148
32603
32090
32046
32195
31910
31467
31494
31390
31645
31190
31070
31183
31341
30637
30507
30522
30770
30789
30561
30309
30176
30209
29793
29828
29697
29843
29560
29710
29549
29274
29408
29316
29127
29202
29137
28945
28900
28744
28568
28418
28550
28215
28209
28433
27977
28242
28143
27893
28035
27874
28015
27862
27475
27570
27549
27309
27679
27295
26883
27055
27289
26909
26697
26926
26993
26999
26873
26862
26998
26858
26522
26428
26353
26508
26348
26342
26359
26343
26099
26099
25826
25753
26173
25931
26288
25832
25778
25641
25953
25694
25897
25744
25558
25636
25745
25368
25480
25481
25465
25382
25445
25141
25420
25223
25445
25595
25261
25432
24972
25111
25332
24879
25303
25279
25231
25052
24948
24903
25077
24849
24657
25077
24729
24796
24714
24792
24756
24742
24533
24960
24742
24761
24870
24979
24813
25391
25552
25765
26140
26087
25583
25112
24684
24613
24783
24368
24654
24438
24401
24520
24738
24452
24602
24647
24627
24065
24581
24460
24196
24079
24163
24267
24162
24156
24212
24024
24266
24036
24201
24044
23807
24117
24092
24131
24241
24104
24198
24191
23935
24043
24066
24060
23964
23643
23863
23744
23692
23904
23660
23949
23785
23574
23632
23834
23822
23920
23949
23680
23816
23882
23543
23327
23411
23662
23913
23613
23668
23817
23752
23738
23544
23806
23303
23215
23729
23652
23545
23368
23391
23378
23209
23305
23284
23666
23474
23504
23552
23597
23738
23414
23707
23422
23507
23191
23315
23286
23093
23157
23352
23323
23252
23418
23091
23523
23324
22972
23415
23001
23101
23473
23320
23366
23418
23380
24040
23627
23849
23825
23758
23243
23542
23197
23443
22893
23274
23133
23277
23234
22990
23078
23090
22855
22810
23059
22711
22794
23114
23137
23015
22938
23266
23006
23179
22951
23027
23310
23280
23158
23446
23797
24522
24797
25601
25846
25809
24717
24081
23571
23368
23027
22997
22827
22933
23181
23316
23254
23251
23026
22817
22873
23013
23070
23059
23124
23063
23420
23045
22691
23311
22909
23104
23189
22999
23254
23062
23327
23069
22907
23003
22999
23108
23088
23133
22826
23292
23265
23141
22880
23255
23228
23149
23211
23275
22837
23144
23600
23259
23478
23159
23226
23378
23404
23481
23131
23431
23111
23334
23130
23251
23806
23488
23289
23298
23263
23532
23342
23462
23678
23378
23305
23386
23466
23574
23738
23502
23416
23684
23584
23706
23733
24229
23725
23791
23712
23820
23702
24107
23966
23837
24025
24109
24039
24132
23990
23602
24424
24082
24188
24521
24351
24215
23935
24510
24180
24397
24158
24266
24397
24610
24409
24379
24557
24231
24683
24531
24562
24769
24730
24854
24758
24747
24754
24709
25032
25001
25063
24718
25064
25288
25279
25229
25316
25167
25256
25324
25249
25283
25512
25546
25465
25657
25294
25484
25426
25588
25822
25606
25942
25814
25795
25860
26099
25965
26030
26242
26092
26211
26399
26305
26510
26376
26388
26380
26700
26354
26187
26777
26760
26689
26873
26903
26946
26630
26704
26993
27041
26910
26974
27245
27228
27242
27127
27145
27550
27293
27443
27618
27519
27609
27739
27870
27506
27755
27916
28185
28166
28060
28163
28074
28228
28244
28107
28395
28354
28384
28678
28534
28450
28560
28814
28980
28965
29042
28843
29064
29086
29229
29286
29420
29140
29101
29215
29465
29297
29679
29704
29648
29842
30000
30001
30224
30096
30447
30147
30084
30314
30567
30284
30508
30331
30618
30525
31111
30479
31015
31217
30767
30833
31579
31283
31613
31427
31615
31798
31639
31653
31320
31699
31828
31996
31802
32123
31921
32098
32296
32309
32318
32372
32933
32431
32451
32405
32640
32985
33064
33060
32922
32831
33112
33219
33250
33147
33186
33327
33641
33332
33740
33887
33486
33354
33752
33541
34184
34092
34136
34115
34012
34082
34337
34157
34118
34233
34421
34275
34364
34263
34367
34262
34335
34041
34149
34113
34132
34157
33868
33951
34029
33590
33654
33368
33379
33293
32749
33055
32689
32459
32051
31649
31244
31172
30319
29914
28960
28368
27820
27009
26617
25815
25655
24411
23495
23646
22862
22625
22439
21755
21329
20752
20697
20324
20316
19850
19696
19410
19192
19163
18698
18620
18495
18506
18401
18267
17973
17779
17780
17422
17293
17512
17381
17333
16912
16873
16933
16687
16545
16648
16349
16091
16106
16125
15858
16094
16102
15646
15719
15646
15413
15410
15356
15025
15442
15227
15115
14957
14883
14884
14965
14622
14732
14436
14528
14282
14159
14312
14257
14107
13993
14169
13950
13750
13870
13639
13612
13703
13419
13522
13250
13301
13128
13334
13066
13455
13282
13425
13349
13772
13617
13597
13582
13099
12846
12782
12562
12430
12447
12196
11886
11917
11765
11773
11688
11598
11627
11599
11572
11289
11352
11193
11149
11259
11109
11123
11171
10749
10807
10798
10731
10764
10515
10514
10402
10451
10433
10285
10228
10182
9869
10183
9911
9938
9765
9746
9656
9713
9627
9429
9354
9353
9483
9129
9290
8987
9139
8977
8990
8973
8776
9016
8700
8699
8720
8428
8603
8366
8429
8236
8325
8373
8135
8215
8196
7993
7948
7903
7793
7855
7727
7608
7747
7623
7583
7523
7429
7401
7301
7267
7233
7279
6983
7107
7032
7146
7089
6988
6757
6700
6729
6714
6627
6556
6408
6359
6402
6295
6359
6224
6162
6210
6033
6032
5874
5892
5899
5960
5755
5666
5860
5636
5596
5509
5609
5348
5482
5420
5393
5373
5387
5321
5285
5307
5214
5109
5075
5049
4999
5010
4907
4971
5014
4917
4784
4913
4785
4796
4705
4754
4679
4785
4672
4754
4692
4607
4499
4557
4520
4586
4545
4565
4598
4549
4421
4510
4501
4604
4433
4495
4491
4312
4361
4364
4340
4262
4361
4247
4398
4356
4215
4160
4166
4187
4326
4133
4145
4153
4305
4258
4226
4218
4320
4315
4435
4641
4972
5334
5485
5505
5131
4943
4524
4302
4077
4075
3998
4072
4049
4046
3950
3899
3963
3902
3857
3961
3847
4007
4013
3960
3925
3897
3879
3808
3839
3871
3805
3854
3834
3849
3931
3815
3818
3947
3798
3891
3779
3899
3869
3747
3755
3744
3816
3687
3706
3746
3698
3712
3690
3811
3750
3763
3763
3704
3760
3736
3764
3656
3799
3713
3742
3697
3812
3730
3968
4236
4618
5199
5724
6239
6313
5786
5244
4631
4288
3942
3715
3713
3639
3527
3688
3560
3494
3621
3603
3541
3513
3664
3620
3671
3561
3493
3573
3654
3592
3533
3461
3412
3676
3577
3619
3566
3542
3542
3523
3533
3509
3636
3437
3550
3601
3542
3582
3488
3518
3584
3495
3548
3657
3631
3614
3522
3548
3542
3610
3588
3672
3585
3571
3614
3598
3686
3629
3624
3734
3664
3683
3690
3709
3680
3591
3757
3657
3672
3745
3786
3771
3745
3641
3601
3799
3875
3984
3823
3812
3960
4007
3863
3976
4118
4067
4043
4158
4090
4034
4218
4275
4335
4254
4307
4317
4254
4417
4380
4394
4283
4593
4627
4544
4684
4734
4843
4808
4946
5070
4962
5237
5174
5298
5383
5431
5471
5490
5767
5852
5881
6112
6226
6455
6717
7073
7510
8660
11384
18485
35419
72020
146595
280604
485978
750470
1010623
1172152
1170854
1000929
737139
469736
260745
126810
55060
21564
7941
3025
1381
948
834
726
697
630
633
671
604
611
674
641
627
626
612
603
634
630
662
583
611
641
633
599
627
607
584
587
641
602
642
603
585
578
593
620
631
599
577
580
602
540
653
597
635
573
572
612
628
631
613
606
590
600
577
565
573
640
576
582
588
578
593
565
590
590
583
559
562
610
565
578
583
591
560
580
624
573
598
575
592
589
569
616
579
561
575
559
575
616
606
572
575
597
541
572
595
615
608
592
616
611
547
602
586
619
575
596
560
598
579
598
575
532
574
551
527
580
577
552
603
559
562
521
621
532
558
621
598
591
567
549
540
602
593
570
562
554
508
547
550
504
480
536
527
569
595
585
587
620
581
572
564
551
537
551
543
566
546
564
553
559
548
591
608
640
727
783
823
822
784
724
631
579
580
532
537
531
560
560
546
537
533
538
522
551
528
504
488
542
484
506
536
542
526
531
520
494
529
529
556
539
514
513
519
515
554
522
531
566
605
543
550
578
540
559
551
508
501
509
496
513
519
548
523
509
513
498
572
496
504
502
505
547
506
492
513
518
468
535
515
552
561
556
524
540
546
519
508
538
491
507
505
522
523
475
510
504
510
527
499
500
490
505
527
483
517
490
564
528
521
529
563
521
525
557
585
609
608
725
731
762
740
659
618
557
514
551
513
541
550
522
507
548
491
509
477
472
477
477
459
499
477
445
498
489
485
452
481
456
504
462
475
457
470
471
508
507
447
475
488
503
484
514
496
520
544
526
520
585
533
522
535
480
514
488
504
484
512
498
464
465
486
433
428
456
469
445
491
501
538
616
638
634
673
616
537
489
489
476
467
435
504
459
452
431
443
497
467
515
441
430
470
445
453
448
452
428
491
469
505
479
497
518
521
507
481
460
476
489
446
448
459
417
435
470
426
449
440
428
436
415
466
457
463
430
448
448
471
436
489
424
381
453
462
422
447
441
429
432
453
401
445
470
477
466
454
465
409
464
473
434
426
400
401
473
421
455
494
426
448
429
410
451
453
458
407
428
441
489
457
411
449
426
455
430
473
409
460
439
434
467
455
528
510
486
471
485
475
439
404
438
495
443
438
469
507
518
481
467
460
427
436
457
401
471
449
423
409
420
409
410
430
411
436
445
411
456
406
438
397
399
474
428
430
389
401
426
406
398
439
407
402
406
391
412
372
451
388
398
438
424
397
425
418
431
448
447
460
495
577
567
590
592
494
477
497
475
411
408
410
407
444
439
390
396
409
440
391
420
413
397
412
381
363
417
422
405
417
429
407
394
396
387
411
382
414
380
404
386
364
416
418
423
381
408
450
430
400
405
405
382
389
371
422
414
427
399
435
408
368
359
392
386
387
390
402
405
373
383
386
427
422
403
363
413
398
390
437
395
383
401
387
374
394
381
393
376
390
397
396
394
441
396
392
384
385
418
337
390
384
409
376
413
388
420
387
403
390
396
403
401
404
370
393
394
394
426
403
431
409
431
398
417
388
402
408
399
362
410
379
400
407
445
436
547
699
881
1138
1341
1412
1423
1231
993
765
582
509
456
413
407
397
386
383
365
382
365
379
357
352
386
360
367
370
382
386
362
365
364
397
357
367
368
427
361
381
335
365
340
355
367
400
346
347
350
382
396
382
388
352
357
373
342
384
374
345
333
364
389
401
412
444
488
483
515
448
455
430
404
382
394
339
409
382
401
340
389
326
381
343
337
397
333
371
366
369
358
362
344
374
368
359
371
366
339
394
370
340
364
346
385
373
372
389
401
404
378
404
400
416
399
368
373
397
418
358
343
315
332
371
386
369
368
359
389
334
356
337
384
358
356
352
334
352
344
320
348
349
352
342
367
410
373
398
429
469
592
560
555
511
460
416
399
475
503
569
734
799
925
979
882
818
680
530
450
396
333
348
340
337
348
361
364
351
318
365
327
315
366
372
328
333
330
375
370
337
321
373
341
348
309
350
356
367
347
331
329
322
330
327
329
311
334
335
342
334
331
320
393
317
379
370
387
307
352
374
361
328
361
344
343
364
352
335
375
346
345
349
363
344
379
344
354
315
329
370
324
324
323
363
359
352
326
364
388
368
378
395
383
348
394
357
321
346
368
344
333
295
306
337
362
323
348
321
341
326
301
329
320
317
350
335
310
324
344
306
367
381
346
326
342
350
317
321
337
327
336
343
308
286
339
334
316
302
366
312
329
356
334
357
319
325
327
331
364
329
326
344
348
332
334
334
304
320
341
346
339
345
338
342
324
350
326
327
364
325
331
338
320
340
340
306
328
366
322
333
285
313
318
343
316
342
313
302
281
335
340
313
308
325
297
331
315
330
284
323
313
337
339
291
355
333
315
347
288
360
306
339
319
325
350
302
316
303
337
326
338
352
316
333
341
309
323
325
325
330
344
335
361
337
302
331
336
308
339
311
364
336
327
279
308
299
327
327
344
328
309
346
347
338
321
339
316
316
366
371
354
402
372
369
355
343
314
321
327
309
324
316
314
313
316
367
300
346
330
343
325
319
323
310
294
306
307
361
337
331
331
331
379
340
304
324
326
328
311
314
324
324
354
356
345
315
364
343
335
310
324
332
308
366
347
346
297
309
300
327
297
340
283
309
304
302
300
356
337
322
300
301
315
330
309
287
344
341
324
323
276
292
344
330
366
329
324
335
327
327
305
340
343
330
358
308
316
325
359
326
325
334
291
330
317
314
345
313
313
314
299
349
350
338
316
317
356
321
296
327
343
306
349
299
325
348
349
344
308
330
319
304
337
343
336
339
358
332
306
354
320
345
313
340
337
342
339
364
352
390
417
498
628
693
875
956
1033
883
817
661
540
456
397
339
347
350
308
307
277
314
321
303
310
337
281
338
311
314
321
321
344
339
326
321
349
348
327
331
335
342
328
336
339
338
350
315
357
316
303
286
322
330
300
337
322
351
321
317
368
322
340
329
322
319
347
334
306
340
321
324
338
310
315
313
336
319
315
345
324
341
316
352
314
329
311
332
321
320
343
323
313
325
343
357
318
348
381
349
379
397
344
369
378
396
382
400
370
340
332
341
348
307
338
306
391
348
352
341
318
338
330
304
340
367
353
377
342
339
332
333
334
322
310
344
325
327
333
356
325
347
337
327
342
331
329
367
313
341
325
329
344
375
334
336
359
356
339
332
337
353
318
356
335
338
347
316
340
357
380
360
336
356
367
384
349
374
327
360
374
332
343
346
312
321
362
351
332
355
345
357
349
331
350
352
354
358
316
348
365
351
331
327
356
360
365
322
352
352
365
326
375
302
365
349
326
325
338
308
384
343
340
329
370
316
352
349
333
352
327
355
330
356
329
340
353
375
371
352
393
305
342
344
369
363
346
359
359
351
351
364
346
367
334
391
318
323
354
365
344
364
317
355
372
338
352
368
344
326
356
355
344
318
342
362
335
319
365
325
361
365
375
325
367
346
376
359
339
356
338
351
346
392
375
335
380
326
362
360
353
352
366
354
370
368
351
368
346
321
368
391
312
336
384
367
381
373
357
305
375
376
374
359
418
423
496
566
598
575
587
521
490
465
402
369
322
341
329
329
324
311
311
308
312
299
295
277
313
268
296
294
289
271
282
298
270
307
256
254
275
253
259
250
226
253
249
243
242
247
247
247
250
272
252
266
256
255
226
260
238
285
234
250
243
213
238
272
247
238
242
232
268
255
217
232
229
226
253
226
224
217
214
233
205
234
247
237
212
233
258
197
224
212
241
227
211
238
234
230
232
220
214
217
227
210
243
205
246
199
231
204
207
218
223
246
214
213
224
234
229
225
230
254
229
270
290
295
263
271
224
225
222
228
206
210
195
180
203
219
235
194
216
211
206
212
212
206
220
202
227
207
191
219
210
200
219
171
190
201
203
221
184
198
181
165
198
227
195
208
170
190
206
210
183
235
163
206
223
209
166
204
190
185
202
193
189
183
169
189
174
169
189
210
185
207
197
167
190
177
195
176
199
201
197
156
186
182
188
162
184
193
168
173
180
191
158
174
184
197
172
180
174
170
207
172
184
184
181
168
154
186
186
157
199
194
178
191
178
203
203
212
197
203
179
157
162
188
176
153
174
176
146
159
153
172
159
153
158
147
135
154
150
168
176
166
190
159
164
143
159
151
155
186
171
128
162
156
151
134
166
145
144
133
161
130
137
150
143
127
136
133
125
131
152
131
133
132
156
121
140
132
152
156
116
133
140
141
131
130
133
149
116
132
144
141
137
122
128
118
147
132
129
131
125
110
127
141
146
118
135
142
139
142
129
138
110
122
133
112
129
116
130
114
121
140
121
112
116
127
139
107
137
104
119
116
118
115
109
116
101
138
114
110
113
122
107
106
89
120
127
105
135
134
130
121
123
107
124
111
96
139
110
114
137
165
184
194
235
223
269
263
249
191
168
164
158
122
121
103
126
116
110
110
108
128
108
132
131
154
145
121
140
145
147
155
113
113
129
113
97
116
122
100
121
103
105
125
93
106
96
104
101
103
131
125
99
120
109
128
101
106
120
123
114
123
118
124
97
112
125
132
151
130
140
186
156
156
129
135
122
114
92
122
96
100
124
126
133
152
181
175
207
216
196
185
160
162
132
101
97
112
100
88
115
111
114
98
100
125
97
86
111
107
92
99
104
104
94
115
111
107
112
118
113
117
112
110
108
89
98
83
116
99
130
108
122
106
118
101
99
115
105
115
110
116
106
91
95
110
120
107
98
109
118
101
115
87
107
92
103
110
118
129
114
155
137
137
131
155
132
145
116
145
107
122
104
107
120
100
105
105
103
110
101
110
107
124
114
120
111
115
94
98
117
120
107
95
125
106
103
126
108
111
138
114
133
108
123
123
109
119
114
115
108
128
114
110
97
111
110
118
110
116
134
134
135
215
267
393
650
1162
1902
3004
4172
5470
6556
6896
6903
5730
4320
3163
1918
1094
635
311
169
113
91
62
74
79
70
70
66
58
68
62
67
61
56
61
66
68
75
69
92
66
60
69
68
52
60
54
68
61
65
48
75
70
57
67
82
61
70
79
54
55
67
67
77
74
63
70
64
71
76
62
68
82
77
77
60
71
66
74
80
59
59
73
64
64
77
73
66
68
75
66
68
81
55
66
65
74
65
66
63
77
83
75
86
95
80
90
86
79
92
67
75
70
74
78
72
55
72
71
79
70
94
71
87
73
74
78
65
63
60
76
46
60
72
60
60
77
90
108
124
137
133
154
125
124
130
110
100
51
80
67
75
73
83
65
93
67
66
65
61
69
70
72
65
71
74
66
62
50
64
61
66
63
61
63
62
52
59
54
55
84
65
61
69
74
53
52
49
66
69
61
63
60
69
58
69
73
60
62
63
63
61
60
71
70
58
55
50
58
65
77
66
65
61
66
64
69
65
56
76
79
83
68
80
89
76
66
52
67
61
63
63
75
74
66
57
76
70
56
64
60
53
57
54
57
53
66
55
54
58
54
62
63
55
53
55
63
52
48
44
50
49
56
58
71
55
62
50
49
51
47
55
53
56
59
57
60
42
65
48
58
46
64
52
48
56
61
53
52
47
45
56
57
57
40
62
40
46
45
48
54
51
54
52
49
53
50
58
55
71
51
45
60
56
52
54
48
51
60
46
41
58
57
55
54
50
54
58
46
51
44
57
66
60
77
69
73
66
68
65
69
79
73
87
73
82
93
66
80
59
66
59
71
104
94
129
152
148
140
136
127
136
105
104
121
145
185
204
261
278
271
221
185
189
129
111
74
69
73
60
63
53
66
61
48
68
63
60
60
44
51
79
67
40
62
49
55
54
50
51
45
43
42
51
47
58
52
47
70
54
51
58
65
50
44
52
43
44
56
55
55
64
42
48
54
45
46
43
46
48
45
40
46
41
58
44
48
53
42
53
47
56
60
78
86
87
89
88
104
96
59
79
50
44
54
44
36
54
61
58
57
52
60
44
39
33
48
69
59
69
72
86
85
107
96
81
82
64
51
49
44
54
33
31
55
52
53
51
48
44
49
40
56
53
39
50
69
53
44
37
59
44
50
41
48
41
43
38
54
46
35
38
46
41
31
39
47
36
43
34
47
35
35
42
45
49
40
33
41
31
43
44
44
52
47
35
37
46
46
42
40
33
40
36
53
39
38
34
48
31
44
48
47
68
60
54
71
70
77
67
53
57
52
52
46
42
35
28
42
56
50
48
39
45
49
38
38
30
47
39
36
34
47
49
52
50
32
36
41
30
30
40
35
36
51
41
36
45
47
28
37
50
33
59
44
39
57
29
32
51
42
42
37
37
38
59
44
44
41
54
46
63
41
40
44
37
46
43
36
42
41
47
32
36
43
28
36
40
49
51
31
55
50
47
44
56
66
46
39
47
44
42
38
44
45
46
51
36
45
52
45
26
31
40
36
28
30
30
39
38
47
39
49
42
45
33
43
43
37
31
40
40
40
45
28
36
50
31
47
37
49
46
33
41
45
38
45
50
43
44
40
52
55
36
42
36
32
36
41
42
29
36
41
35
36
29
31
40
36
41
38
43
42
32
45
46
28
40
48
46
41
37
37
39
50
45
45
58
74
73
91
128
133
156
143
117
120
91
78
46
49
40
40
35
46
46
32
40
42
35
44
43
37
50
30
45
39
38
53
29
41
32
40
39
23
38
40
41
44
25
40
34
44
39
45
31
36
35
33
38
34
47
28
44
30
46
38
36
43
34
26
45
46
36
39
40
29
33
29
32
35
43
31
34
35
42
34
41
33
42
30
54
43
42
40
44
44
43
56
57
44
81
105
163
230
326
431
507
545
584
562
459
364
278
151
121
71
52
33
38
35
32
33
52
41
36
34
42
31
41
30
20
30
31
28
35
34
25
41
28
44
34
45
28
31
29
44
29
35
32
29
35
44
54
44
40
27
38
48
53
32
35
40
36
45
45
42
28
26
39
35
32
30
33
30
32
38
35
43
30
45
37
42
35
32
32
30
38
33
39
37
37
43
32
33
35
27
38
36
23
31
38
46
28
35
42
35
41
32
35
28
36
34
35
41
33
35
37
44
32
44
39
27
38
26
36
33
41
40
34
29
38
35
38
40
45
37
26
30
51
35
31
31
46
36
30
26
40
33
26
34
35
33
40
44
38
27
41
37
38
36
39
31
34
38
39
35
34
39
34
22
41
35
29
45
31
28
37
26
36
37
42
37
27
43
29
36
34
35
36
36
34
21
35
43
47
36
33
29
38
45
39
42
40
43
40
41
45
46
36
60
39
41
45
50
29
29
48
45
27
43
38
41
32
35
32
52
50
34
58
65
62
85
91
101
95
110
93
76
54
58
40
34
41
37
34
37
31
29
31
25
44
32
47
44
36
33
29
38
33
21
36
33
35
38
47
33
28
34
32
29
26
29
33
34
38
36
35
44
32
43
38
37
35
30
25
47
22
37
32
33
36
26
39
32
41
30
35
36
31
37
46
50
36
42
39
39
35
36
32
39
32
39
30
34
35
38
20
27
37
38
35
36
37
38
40
37
37
29
39
37
35
34
39
29
25
42
33
44
36
31
37
34
37
40
36
27
34
47
45
41
34
37
30
34
34
35
32
34
41
39
40
37
35
34
51
50
42
29
39
50
28
46
37
40
43
34
36
31
38
31
30
35
48
29
28
38
47
34
26
26
39
23
32
43
46
40
31
35
34
38
26
36
28
28
34
39
28
48
34
42
35
40
33
21
29
33
35
29
28
33
34
31
39
30
24
36
33
37
34
40
30
33
43
35
37
34
32
38
27
22
35
45
26
32
34
42
33
43
47
39
36
38
39
24
42
37
34
43
42
30
37
48
38
37
32
36
34
25
29
38
37
36
28
40
47
29
38
44
35
40
43
34
29
40
33
29
42
33
32
34
38
39
42
35
34
43
46
28
33
43
38
36
33
32
35
31
35
43
31
29
40
33
28
36
39
32
39
40
35
37
34
35
31
33
37
24
30
30
29
39
38
35
27
27
30
31
45
38
44
36
47
36
39
34
18
34
39
39
38
38
42
25
31
43
27
35
39
23
35
33
30
34
38
32
33
34
35
39
31
39
25
35
25
29
32
32
35
25
33
31
31
40
30
30
38
38
31
26
36
32
35
31
32
34
42
26
26
32
29
32
31
32
38
37
35
39
29
26
21
31
31
32
34
38
37
34
24
39
34
31
22
33
31
27
26
28
28
33
31
27
28
30
36
29
31
24
31
29
27
44
30
25
34
34
26
30
19
40
37
29
22
29
33
24
31
38
38
25
33
21
21
25
34
24
39
24
29
33
25
26
32
31
31
24
33
41
28
33
28
37
30
25
26
24
25
30
43
34
24
37
33
32
19
34
34
30
28
29
14
26
30
38
25
33
21
25
27
28
26
30
41
31
45
23
22
34
38
28
33
32
23
29
29
31
31
41
33
26
35
31
28
30
32
26
39
29
28
31
28
21
31
39
31
37
32
38
29
29
29
24
31
31
41
32
27
27
26
23
32
43
24
22
28
28
30
28
30
28
30
22
17
35
21
29
26
27
31
20
31
33
34
23
29
29
22
34
42
25
30
28
42
33
36
37
25
28
28
35
33
31
29
29
30
37
16
33
29
28
41
27
32
33
36
31
22
35
34
33
28
29
34
35
24
23
27
34
30
32
37
31
33
26
27
28
26
32
34
30
25
41
27
37
32
36
29
23
17
39
19
21
27
41
39
31
17
33
19
25
33
31
26
33
28
20
30
35
23
32
36
42
27
24
28
32
23
35
41
30
28
34
34
29
38
36
27
30
22
30
34
32
22
26
27
35
19
28
29
23
23
35
28
23
26
28
26
35
22
32
41
24
35
29
31
28
28
37
29
29
34
26
30
42
33
47
37
57
69
55
102
118
112
121
155
149
124
108
109
103
65
61
50
34
34
43
39
35
32
26
21
40
33
42
31
31
33
28
23
25
19
30
41
37
29
31
32
37
30
38
35
49
42
66
64
66
65
56
64
56
39
35
27
15
31
32
31
37
25
23
24
28
27
27
24
31
35
27
30
32
24
30
30
36
22
35
26
21
22
31
31
30
21
29
35
24
28
33
31
31
24
33
30
30
28
29
19
26
30
33
39
25
31
35
29
28
33
35
28
30
24
37
27
34
32
27
31
35
31
17
26
30
19
27
22
30
31
28
27
25
30
24
33
27
32
25
22
21
28
30
28
24
29
36
35
39
33
26
28
26
35
31
31
27
38
31
19
31
45
19
23
29
16
23
31
38
29
22
28
26
29
32
26
29
29
26
27
34
28
29
26
30
26
30
37
35
33
33
30
30
30
27
32
26
43
24
22
30
32
32
32
30
26
31
37
36
22
26
37
38
36
23
29
29
25
36
28
33
26
28
31
21
27
36
32
34
20
39
32
29
26
22
30
28
25
31
32
31
27
23
25
21
29
26
34
29
28
32
35
24
38
32
33
31
30
18
37
37
40
39
37
24
36
36
39
36
35
29
26
46
34
46
58
59
87
106
138
171
176
166
162
163
106
86
78
53
38
45
31
23
24
31
22
20
27
26
36
30
32
30
35
35
26
22
32
33
32
31
31
34
31
34
30
32
34
38
40
28
32
29
30
22
35
31
42
32
26
29
29
35
29
27
37
37
28
37
33
44
28
39
22
26
31
39
37
30
33
29
26
30
25
30
48
37
25
34
32
47
34
26
23
26
21
31
23
39
32
35
26
31
34
18
32
34
21
28
30
23
39
30
30
32
22
35
31
26
28
33
28
30
28
21
35
36
24
34
19
26
30
35
22
20
30
27
21
30
34
30
28
31
29
27
40
26
33
31
27
26
26
43
30
30
19
27
28
36
31
32
32
28
28
26
32
33
28
29
26
35
37
40
24
33
35
26
33
27
36
37
41
33
39
30
25
28
41
31
22
30
33
28
24
45
22
29
26
35
36
27
37
40
38
31
30
25
27
32
37
29
25
30
25
24
35
27
34
39
31
40
29
31
33
28
30
25
44
39
39
15
24
36
35
32
30
43
42
32
27
29
38
28
33
21
25
29
29
28
36
35
29
40
37
40
50
46
36
42
41
28
38
37
39
34
42
25
27
28
37
40
29
31
32
35
46
36
39
37
39
35
46
32
37
24
26
26
40
36
27
28
45
37
37
36
30
37
19
39
51
38
24
23
32
31
39
35
35
29
39
34
39
40
35
35
33
34
29
31
35
33
34
35
36
34
30
32
38
42
26
42
43
39
33
43
28
32
38
35
37
31
37
42
27
36
52
33
30
36
35
35
28
45
22
29
26
51
37
31
30
45
37
39
26
36
36
40
37
38
37
38
41
33
32
43
35
26
42
41
27
33
45
39
27
33
34
32
39
42
35
44
29
45
38
37
35
36
39
37
43
31
32
46
37
37
42
40
40
41
40
41
43
44
37
33
42
41
32
37
45
35
44
37
38
37
17
35
32
31
53
47
36
35
40
38
22
41
27
38
36
32
38
47
40
37
38
38
35
50
43
45
41
38
39
40
40
41
39
25
35
27
35
48
35
37
36
41
41
40
40
45
34
33
53
32
36
47
44
40
37
36
49
30
40
29
40
33
36
37
40
19
37
33
29
30
30
30
35
21
27
25
22
29
30
27
32
34
28
24
27
34
23
28
26
22
29
26
21
24
27
18
24
22
24
27
22
26
23
32
26
24
30
22
30
25
23
27
23
26
19
23
25
22
24
18
23
21
20
22
20
18
22
24
32
15
20
19
27
24
20
17
18
18
28
26
28
16
25
20
22
17
24
19
24
26
16
17
26
23
16
22
22
22
23
20
22
25
18
17
26
14
17
18
18
25
24
21
18
12
15
22
18
27
22
22
19
13
21
19
16
18
17
26
16
28
19
18
25
22
21
17
20
29
28
10
9
21
23
23
14
22
20
14
14
19
19
16
12
18
16
16
20
22
18
19
19
20
10
22
19
28
24
24
21
20
12
26
15
19
17
25
25
24
17
20
14
18
21
24
22
33
42
45
52
62
52
64
53
59
50
36
27
27
28
17
13
16
14
23
14
19
14
19
9
16
15
19
11
17
14
21
12
18
10
14
18
10
10
19
23
13
14
14
14
17
12
12
16
24
8
15
13
12
21
30
13
19
11
14
17
15
16
15
21
11
17
12
10
17
11
19
23
8
18
14
19
13
11
12
13
9
15
11
19
12
12
16
15
13
13
11
16
13
17
12
13
10
10
8
11
15
11
9
7
15
6
8
12
7
7
14
10
7
8
13
19
10
17
10
9
9
18
7
4
11
7
12
11
13
7
12
10
9
9
4
9
8
10
10
7
12
13
6
15
11
5
10
7
6
12
9
8
7
11
5
6
7
11
2
7
8
16
16
11
6
5
7
9
9
9
8
3
8
10
7
10
7
4
14
9
6
7
12
9
6
6
4
2
10
5
5
2
7
6
5
6
11
5
4
3
8
5
2
8
5
7
5
4
2
9
8
8
8
6
4
11
8
6
6
4
7
8
5
9
3
8
4
1
6
6
4
3
2
10
6
4
4
5
2
4
7
7
4
11
6
6
8
6
6
4
5
6
3
5
2
4
7
2
5
7
4
7
5
4
7
8
6
11
5
7
2
4
3
7
4
6
8
6
5
4
6
7
7
8
5
3
3
8
6
3
7
5
11
5
4
11
2
6
6
7
6
5
5
2
5
9
3
7
7
8
4
7
10
3
5
7
5
8
5
2
4
3
7
4
4
4
3
7
2
4
5
2
6
5
6
2
7
9
7
3
4
6
2
4
13
3
11
1
3
2
9
8
5
4
4
10
4
8
9
5
6
5
3
9
5
10
6
2
4
4
4
8
4
3
5
7
3
6
4
4
3
6
6
4
4
5
3
4
3
4
10
4
8
8
4
7
4
3
5
4
5
4
10
1
5
12
9
2
4
8
3
7
4
10
6
5
10
6
2
5
5
4
10
6
7
6
7
6
6
5
5
3
10
7
3
7
6
7
5
8
8
6
7
9
9
7
12
19
18
16
25
35
73
105
156
247
371
449
647
683
784
770
735
703
591
407
303
226
116
62
32
21
6
8
6
1
1
1
4
1
0
1
2
0
2
2
3
1
2
1
1
0
0
0
1
2
2
1
3
1
2
2
3
1
1
4
1
1
2
2
0
2
1
2
2
2
4
1
3
4
1
2
3
2
1
0
1
3
2
2
2
2
1
2
4
2
3
3
2
2
3
5
2
2
0
3
2
0
2
1
0
1
0
3
0
0
1
0
0
2
1
4
1
1
1
1
2
2
1
0
3
3
4
3
0
2
1
4
1
0
6
0
2
2
1
2
1
2
4
2
1
6
6
2
1
3
2
4
2
6
3
2
1
2
1
1
2
2
5
0
1
1
2
3
0
2
2
3
2
3
1
1
3
1
0
2
2
3
0
2
2
1
2
2
2
2
1
0
0
2
1
0
2
0
2
3
1
2
1
0
1
2
0
1
1
2
1
2
1
2
1
3
0
2
0
1
1
1
4
1
2
1
1
1
1
2
1
4
3
1
5
1
6
3
3
3
1
1
2
2
1
1
1
5
1
1
1
5
3
3
2
3
0
0
1
0
1
1
2
2
3
1
0
2
3
1
1
4
2
1
2
4
2
2
0
2
2
1
3
1
2
2
3
3
0
2
1
0
2
1
3
5
1
0
3
0
2
3
1
0
0
3
0
5
2
0
2
1
1
0
2
2
1
1
0
2
3
0
3
1
1
4
1
2
1
1
3
1
2
2
0
1
2
1
2
2
0
1
3
1
1
1
0
2
0
0
0
2
1
2
1
2
0
1
1
3
2
3
1
1
2
0
1
0
0
1
2
1
2
1
0
4
2
1
3
3
2
2
3
3
0
3
0
2
3
4
3
2
0
2
0
2
4
2
2
2
1
0
2
2
2
1
1
3
1
3
1
1
1
3
0
3
0
1
4
0
4
2
2
3
3
1
0
3
2
2
2
2
3
2
0
1
2
1
5
5
2
1
3
1
3
1
4
0
1
2
2
0
1
0
2
3
2
3
2
2
3
4
0
0
2
2
2
0
1
1
0
1
1
1
2
0
0
4
1
2
2
1
0
2
0
2
1
2
2
1
1
2
3
3
3
2
0
1
1
1
2
0
3
0
1
2
1
1
1
0
4
0
2
0
2
2
1
0
0
0
0
2
2
0
2
1
1
3
1
1
3
3
1
1
3
1
2
1
0
3
1
2
1
3
3
1
1
2
4
1
0
3
0
3
3
0
0
1
2
1
0
1
2
1
2
2
3
2
2
1
3
2
1
2
2
4
0
0
2
0
0
1
1
4
5
0
3
3
0
0
3
3
0
0
2
2
2
3
3
2
1
1
1
2
2
4
2
3
3
0
3
0
3
2
1
1
1
2
1
1
0
2
1
0
1
0
0
2
1
2
0
0
0
2
1
1
2
0
1
2
0
2
4
4
2
2
0
2
1
2
2
3
1
0
1
1
3
0
0
0
2
2
3
0
0
1
1
3
0
2
1
3
0
2
0
1
2
1
2
2
0
2
2
0
1
2
0
0
0
1
1
4
3
2
2
1
0
5
1
2
5
3
1
2
4
1
0
0
1
0
5
2
0
1
1
0
2
1
0
2
0
1
1
3
1
2
4
1
1
3
1
3
0
1
1
0
1
2
2
1
1
1
3
0
3
3
1
0
2
0
1
2
1
4
1
0
0
1
0
2
1
3
2
1
1
3
2
1
3
1
0
0
2
0
2
3
2
1
2
3
2
1
0
0
0
1
4
0
2
3
1
3
2
0
0
2
1
1
3
2
2
1
1
2
1
1
0
3
1
1
1
4
2
1
0
0
3
2
3
1
1
1
2
0
4
1
0
0
4
2
0
3
1
0
2
2
0
4
1
3
3
0
2
3
3
2
2
1
0
3
5
1
4
1
4
0
0
1
6
4
3
2
1
2
1
0
3
1
0
2
1
0
1
0
4
1
1
1
0
1
1
1
1
1
2
1
0
0
1
2
2
1
0
2
0
3
0
3
2
0
0
1
1
1
0
1
2
1
1
0
2
1
1
0
1
1
0
3
0
0
0
0
2
1
7
1
1
2
1
2
0
1
3
0
0
1
0
3
2
1
1
3
1
2
0
1
1
0
1
1
1
3
0
1
1
3
2
1
2
0
1
2
0
0
0
0
1
0
3
0
1
1
4
1
0
1
2
1
1
0
3
1
2
1
1
2
1
2
1
0
1
1
3
0
2
2
4
0
0
1
2
1
0
2
2
1
1
3
2
2
1
2
3
0
2
1
2
0
2
2
1
2
1
1
1
3
2
3
2
2
2
4
0
1
2
1
1
2
1
2
4
1
1
6
2
1
0
2
1
1
0
0
1
3
0
2
2
2
2
0
0
1
4
1
1
0
0
2
0
2
0
1
1
$ENER_FIT:
-0.105 0.366300 2.73200e-008
$MCA_CAL:
3
-0.105 0.366300 2.73200e-008
$PEAKLABELS:
1806.498, "Cs-137(d)"
3611.113, "Sum Peak"
3987.075, "K-40,(Bkgd)"
7133.815, "Th-232(d), (Bkgd)"
187.529, "Au XRF,(Detector)"
212.638, "Au XRF,(Detector)"
509.256, "Backscatter"
1282.886, "Compton, Edge"
$ENDRECORD:
