$SPEC_ID:
PeakEasy Library File: Fiestaware Dinner Plate, Interceptor (CZT), 25 cm
$MEAS_TIM:
65598.20000 65599.10000
$DATE_MEA:
16-Oct-2004 08:41:49
$DATA:
0 1023
0
0
0
0
0
0
0
0
0
0
0
0
0
0
0
0
0
0
0
0
207
462
433
451
459
464
488
497
481
461
511
549
560
629
656
735
774
846
923
990
1192
1363
1428
1400
1355
1318
1229
1313
1419
1359
1389
1368
1315
1275
1158
1266
1325
1360
1504
1559
1734
1899
1796
1636
1408
1262
1080
930
934
902
945
914
894
924
883
919
876
800
839
908
857
742
750
799
758
706
691
686
677
694
688
625
632
641
623
607
642
614
593
547
507
502
509
492
498
451
480
477
443
420
399
441
388
396
385
418
379
386
394
424
443
490
531
557
521
472
419
376
302
284
250
263
219
244
244
240
209
254
221
228
209
196
187
214
158
192
181
181
167
166
183
147
138
154
161
175
150
151
160
171
145
133
137
135
124
116
118
95
112
101
115
104
131
120
87
85
68
96
71
83
94
91
80
78
65
79
87
69
70
84
76
82
73
65
79
80
80
88
61
72
57
60
52
55
61
62
59
59
58
56
53
34
42
50
54
43
47
60
51
48
35
49
52
54
37
50
42
45
51
42
32
47
41
53
49
40
50
46
37
30
41
30
33
34
40
35
47
31
25
36
36
38
28
28
28
27
33
27
36
21
25
23
25
20
27
21
22
22
19
20
16
22
23
32
18
30
20
18
24
15
23
17
20
16
18
25
24
18
30
22
20
16
15
19
15
23
22
9
16
15
34
27
18
16
16
21
17
22
27
15
26
16
22
15
16
16
21
6
12
17
20
22
15
12
17
20
16
15
14
19
14
14
9
13
17
16
17
10
16
12
10
19
17
8
18
13
4
10
13
16
17
18
16
9
12
8
15
12
12
16
12
22
13
6
16
13
17
11
13
8
16
19
11
10
10
21
11
12
13
10
12
15
15
11
15
22
14
9
14
15
13
13
11
16
16
18
13
7
20
9
15
11
13
12
6
16
20
12
13
10
12
10
13
9
8
10
7
10
7
17
5
13
8
9
7
7
7
12
17
6
6
7
9
11
7
9
4
7
5
9
11
5
9
13
12
8
6
10
4
9
13
11
7
8
6
7
9
11
8
7
7
9
8
8
8
9
12
9
8
11
3
12
8
7
5
6
13
6
7
6
9
8
12
7
9
9
9
5
12
10
5
9
4
8
16
3
7
12
5
4
8
8
7
8
10
3
10
10
10
8
6
7
10
11
8
3
8
8
8
5
7
7
7
10
6
9
5
6
9
4
3
2
4
7
6
5
7
11
5
4
3
9
5
14
4
6
7
6
7
10
7
3
5
10
2
11
5
6
5
2
9
1
3
7
7
5
2
2
7
5
4
6
6
5
2
2
2
2
6
7
8
5
4
8
9
7
3
3
4
3
3
5
3
10
5
2
7
5
5
6
5
6
10
4
4
3
3
4
12
5
6
4
5
9
8
5
4
6
7
4
3
5
4
6
6
4
8
3
2
8
5
8
4
4
4
2
9
3
3
7
0
3
4
8
3
5
5
5
0
3
2
1
3
3
3
6
2
6
4
9
5
6
4
2
5
5
7
4
5
9
4
2
2
8
4
2
5
1
2
7
1
2
4
2
7
5
7
2
5
1
2
4
3
1
5
6
3
1
2
2
5
6
4
4
4
1
3
4
5
2
3
3
10
4
3
6
2
4
4
3
5
2
3
4
3
3
4
2
5
5
7
8
3
6
1
2
5
3
3
5
2
5
4
5
6
3
0
1
3
5
8
6
3
8
7
4
3
0
4
2
4
6
5
7
5
4
4
6
3
2
1
8
5
6
3
3
4
4
6
6
1
6
4
5
3
5
1
2
1
2
4
2
1
4
3
4
5
2
3
7
4
1
3
2
2
4
5
2
3
0
5
2
2
2
2
2
3
5
3
3
2
3
2
1
3
2
7
1
2
4
2
1
1
2
0
2
2
2
1
1
0
2
0
1
2
2
1
3
5
3
1
3
1
0
5
1
1
0
1
2
2
0
1
1
2
2
2
1
1
2
1
2
0
2
1
2
2
1
0
1
2
2
0
2
1
0
2
3
2
2
0
2
5
4
3
2
4
2
3
0
0
2
2
0
3
0
2
0
4
0
0
0
1
3
1
1
1
0
2
2
1
0
3
1
0
1
2
1
3
4
4
0
0
2
0
4
1
2
4
1
4
0
1
1
1
3
3
2
1
3
1
4
1
0
5
3
2
2
4
1
3
1
2
0
1
3
0
1
0
2
2
4
3
5
1
0
4
2
1
3
4
4
2
1
0
2
0
2
0
0
2
1
0
0
1
2
0
1
1
1
0
1
1
1
1
1
3
0
1
1
0
1
1
1
2
1
0
2
0
1
1
1
0
1
$ENER_FIT:
-2.951 1.604336 -6.64364e-004 5.99300e-007 0.00000e+000
$MCA_CAL:
5
-2.951 1.604336 -6.64364e-004 5.99300e-007 0.00000e+000
$PEAKLABELS:
61.506, "Th-234"
41.652, "Th-234"
123.180, "U-235"
50.289, "Pb X-rays"
$ENDRECORD:
