$SPEC_ID:
PeakEasy Library File: Fiestaware Dinner Plate, Detective (HPGe), 25 cm
$MEAS_TIM:
15720.30000 15800.16000
$DATE_MEA:
16-Oct-2004 11:03:13 PM
$DATA:
0 8191
0
0
0
0
0
0
0
0
0
0
0
0
0
0
0
0
0
0
0
0
0
0
0
0
0
0
0
0
0
0
0
0
0
1
1
0
0
1
1
54
1819
3994
3982
3915
3974
3907
3761
3819
3816
3827
3697
3596
3567
3502
3630
3499
3560
3549
3465
3383
3338
3511
3315
3334
3245
3221
3259
3112
3046
3228
3019
3086
3064
3022
2962
2902
2879
2875
2814
2806
2643
2768
2686
2701
2649
2676
2599
2569
2551
2561
2557
2502
2503
2501
2515
2418
2387
2305
2332
2306
2261
2270
2287
2219
2144
2201
2207
2217
2157
2132
2088
2114
2079
2053
2053
2081
2025
1979
2065
2005
1998
2052
2005
2000
1959
2019
1977
1977
2017
1983
1973
1924
2061
1974
1996
2009
1880
1949
1932
1953
2000
1949
2048
2005
2008
2019
2022
2050
2004
2032
2050
2089
2052
2054
2094
2025
2033
2085
2175
2158
2184
2127
2162
2302
2282
2332
2266
2523
3085
4144
5883
6892
6467
4796
3269
2472
2212
2172
2160
2210
2349
2286
2359
2388
2493
2655
2632
2658
2545
2447
2389
2507
2502
2578
2750
3083
3677
3945
3717
3457
3477
3833
4724
4989
4596
3641
3005
2675
2637
2704
2707
2564
2555
2515
2435
2513
2479
2511
2514
2603
2630
2608
2571
2584
2635
2897
3265
3594
4037
4180
3939
3355
2933
2772
2778
2802
2928
2868
2830
2691
2664
2641
2754
2938
3155
3048
3282
4021
5929
9289
12613
13945
11861
8247
5308
3576
3073
3033
2725
2577
2529
2222
2305
2346
2519
2822
3176
3400
3036
2769
2347
2338
2219
2207
2244
2154
2210
2207
2233
2287
2262
2191
2195
2333
2347
2365
2416
2380
2295
2304
2249
2326
2278
2300
2509
2559
2595
2449
2582
2537
2630
2728
2642
2713
2870
2906
2983
2816
2635
2429
2414
2380
2338
2334
2299
2151
2272
2253
2152
2213
2122
2200
2158
2083
2160
2134
2151
2251
2235
2194
2248
2035
2180
2140
2204
2130
2175
2212
2066
2242
2069
2166
2077
2191
2117
2088
2110
2113
2107
2101
2111
2061
2084
2132
2096
2097
2195
2081
2001
2154
2123
2051
2056
2034
2014
2115
2042
2028
2011
2001
1973
1922
1985
1998
1946
1981
1980
1994
1980
2026
1977
1930
1887
1973
1860
2001
2105
2377
2871
3337
3576
3183
2583
2194
1881
1849
1893
1803
1756
1859
1792
1745
1744
1711
1793
1785
1787
1747
1769
1738
1768
1785
1803
1729
1777
1732
1726
1713
1810
1762
1702
1682
1686
1702
1711
1620
1733
1629
1675
1614
1658
1629
1554
1595
1603
1618
1637
1633
1657
1715
1740
2039
2317
2321
2211
1906
1697
1593
1628
1535
1444
1531
1501
1501
1528
1511
1468
1512
1432
1491
1502
1447
1515
1521
1445
1482
1397
1513
1458
1422
1410
1421
1461
1450
1377
1442
1470
1424
1379
1375
1386
1375
1398
1347
1347
1335
1317
1377
1345
1399
1307
1340
1320
1381
1357
1397
1368
1524
1535
1989
2590
4078
6421
8529
8867
6953
4165
2263
1431
1215
1079
1067
1185
1149
1164
1134
1200
1151
1117
1124
1184
1180
1066
1093
1095
1127
1119
1119
1158
1185
1179
1124
1113
1102
1075
1136
1118
1060
1109
1058
1036
1033
1086
1055
1099
1044
1087
1171
1107
1175
1079
1086
1125
1093
1170
1421
1587
1510
1439
1261
1093
1025
984
950
990
1049
992
1010
1010
1116
984
953
973
932
932
969
931
874
887
841
898
913
913
888
976
897
926
885
924
897
920
885
905
846
945
893
835
907
877
873
880
850
831
849
842
847
917
866
849
892
853
822
840
864
899
878
895
846
827
812
852
825
795
786
806
835
800
753
772
737
806
802
799
741
767
750
727
753
752
794
817
796
752
841
873
996
1206
1243
1244
1048
900
769
788
788
818
889
928
895
795
753
721
663
666
683
654
691
625
664
620
660
695
644
679
631
668
648
681
650
614
624
682
617
600
664
664
670
584
615
623
609
611
606
611
661
588
620
579
652
697
702
694
766
735
639
610
630
596
583
590
583
592
516
596
596
605
574
599
522
573
571
551
589
575
555
569
519
573
501
561
611
560
589
591
602
607
577
600
580
565
528
526
535
481
495
560
496
519
518
498
510
506
543
530
525
523
517
510
524
482
520
454
483
487
502
468
527
545
507
471
503
404
477
479
524
445
473
464
463
487
457
472
482
446
466
457
475
513
416
490
420
474
434
462
440
464
497
468
528
587
719
778
832
750
604
507
406
440
422
416
388
411
450
373
430
458
439
450
402
433
401
450
423
425
397
418
427
396
399
389
410
430
418
397
389
366
379
405
376
339
402
366
412
391
406
407
415
390
377
362
397
349
412
383
368
394
374
368
366
362
369
391
401
349
370
363
349
366
366
346
380
363
372
362
361
339
374
405
353
381
378
336
307
364
367
350
372
325
353
376
396
369
407
356
344
364
359
354
361
325
358
344
326
331
335
332
359
328
344
334
317
346
324
337
357
370
385
429
447
448
419
379
364
326
326
338
305
339
298
319
354
308
349
333
325
290
331
298
321
333
317
328
339
292
311
362
317
312
347
355
311
403
467
617
780
907
936
872
592
397
345
311
324
273
294
292
274
315
266
272
262
266
295
317
292
280
242
290
297
270
295
276
302
279
277
282
298
315
270
271
289
263
260
273
242
285
280
307
306
296
280
288
240
255
249
248
251
260
264
275
269
269
294
281
266
275
232
242
255
261
265
267
244
263
253
290
263
246
238
244
271
254
255
292
254
237
250
246
217
240
241
271
246
268
230
228
257
262
273
233
264
282
260
276
254
259
246
256
253
281
235
245
246
214
258
234
244
243
256
251
240
253
274
272
225
263
228
244
234
232
218
222
223
219
230
257
208
255
249
227
234
257
238
231
224
269
239
241
231
246
268
218
226
227
256
215
215
223
220
239
188
233
247
246
244
228
236
206
210
219
239
220
205
223
201
220
233
223
216
227
230
194
211
225
240
218
200
221
205
208
240
211
227
226
201
202
200
218
210
209
188
199
192
201
213
187
228
201
204
226
220
198
210
207
183
237
199
200
199
190
186
181
216
204
227
198
214
184
199
240
187
189
214
194
186
181
216
175
205
228
219
216
196
191
225
172
202
191
185
176
184
170
189
188
187
189
201
191
182
201
190
176
188
179
188
176
175
195
181
199
175
174
178
198
203
206
172
173
195
184
188
175
190
200
178
202
171
172
177
186
159
167
185
179
175
164
164
172
172
152
175
183
189
185
214
195
217
247
188
203
174
189
177
153
167
181
174
193
177
176
169
164
166
195
180
154
172
173
160
184
169
163
171
159
161
150
183
172
169
193
184
159
161
168
153
166
154
190
188
161
183
165
168
154
175
164
190
151
159
163
170
166
160
174
162
176
170
173
164
188
132
151
178
138
172
163
174
143
151
155
131
161
157
144
150
169
145
149
145
165
166
159
146
153
153
145
170
174
167
165
151
159
159
173
150
155
143
188
151
146
141
152
164
144
161
150
155
180
149
124
138
185
165
155
145
170
154
162
150
167
169
193
219
191
225
247
254
286
254
233
225
184
197
195
147
166
154
159
133
135
128
139
110
147
150
120
141
116
168
139
128
144
138
155
125
137
123
125
141
146
163
151
156
134
135
146
152
148
130
141
131
134
137
141
140
151
137
131
149
155
149
134
142
162
144
112
130
136
121
143
152
124
133
134
139
126
164
148
155
156
146
141
149
144
135
125
130
133
142
152
134
126
122
118
117
134
124
119
140
116
131
107
139
129
135
128
133
141
133
130
130
121
111
129
146
138
158
134
141
118
139
154
136
160
122
119
114
131
134
114
116
143
126
140
117
111
116
147
119
146
143
102
153
106
140
139
134
117
127
128
117
124
128
132
119
141
158
125
155
107
120
148
126
123
143
127
144
130
130
123
117
130
140
117
113
115
104
122
119
133
133
129
122
109
128
117
125
115
128
138
100
130
138
125
120
132
132
136
148
156
177
233
276
315
339
294
212
194
144
122
115
128
115
106
131
101
118
117
115
118
109
114
105
122
92
99
115
103
121
104
119
103
106
109
129
102
106
120
132
108
93
117
125
110
109
119
104
107
109
105
108
107
107
120
128
120
100
117
124
140
119
105
122
139
138
133
119
153
156
154
193
269
357
433
609
590
551
378
240
155
129
117
122
85
83
89
111
96
108
97
96
133
95
107
115
105
86
121
96
104
99
104
117
102
111
101
97
95
85
92
93
94
100
108
112
98
88
93
95
94
107
103
88
92
96
88
110
125
107
92
83
87
91
85
79
95
88
86
99
81
83
109
90
91
90
99
111
90
113
102
88
88
97
99
89
108
112
91
102
97
90
79
102
104
98
73
92
79
108
83
97
101
101
89
89
101
74
88
107
96
90
111
82
82
97
92
91
93
89
93
100
91
91
87
101
87
79
79
101
80
107
97
102
76
66
93
103
86
110
85
93
103
106
86
86
111
108
95
79
87
99
99
99
99
91
95
93
117
111
90
101
76
77
96
77
87
94
94
98
88
90
92
101
96
101
75
94
98
102
82
97
84
88
89
91
100
85
94
83
105
96
98
89
90
72
71
92
68
95
106
87
86
87
86
81
92
99
86
78
91
71
83
78
109
88
89
86
87
87
98
98
91
102
84
80
96
106
98
90
79
81
95
74
83
100
80
88
94
75
73
92
92
85
105
84
88
93
99
76
85
90
83
102
97
86
101
104
73
84
88
93
76
63
92
86
85
78
104
91
85
85
79
93
78
70
77
96
93
86
85
79
81
74
75
94
80
93
83
73
95
86
92
89
77
96
77
82
72
83
85
83
85
85
71
86
94
80
88
72
72
77
99
83
78
93
98
98
78
101
86
88
95
93
103
113
126
113
101
99
86
77
76
67
79
78
78
80
79
76
77
84
74
98
80
87
70
81
83
97
84
74
70
74
82
83
90
93
69
86
78
104
108
95
80
79
105
121
93
122
88
117
81
77
67
67
81
93
75
73
71
79
82
72
82
88
76
75
68
68
69
73
76
97
89
77
85
86
77
85
77
70
71
88
79
86
84
86
80
85
90
86
56
74
76
74
78
77
70
70
65
80
79
79
83
88
98
106
102
123
145
190
225
244
198
193
148
133
144
116
128
73
68
95
70
91
90
78
94
69
71
88
79
77
76
73
73
80
74
81
78
67
75
63
64
96
65
89
74
91
64
84
65
66
97
80
80
61
80
99
79
87
103
86
102
99
93
114
96
98
91
84
69
67
61
81
74
75
72
80
70
86
78
57
66
84
75
84
88
105
84
95
115
67
86
85
70
69
71
76
58
67
70
72
78
69
64
65
57
78
52
75
73
70
81
61
62
73
83
64
80
79
72
70
76
67
68
80
61
76
54
53
48
65
64
66
64
65
65
71
57
46
54
73
68
51
62
46
63
54
61
64
47
77
59
67
63
66
67
50
51
58
66
63
50
61
48
64
64
57
56
76
72
66
67
42
57
61
63
64
66
59
74
54
65
76
71
69
57
62
85
69
53
67
70
75
57
49
51
74
64
63
72
60
82
58
56
54
63
95
66
73
64
69
61
79
66
66
60
65
63
66
54
63
54
71
67
54
60
59
56
41
61
72
68
67
71
48
71
57
66
52
67
63
66
62
59
68
58
45
44
53
44
57
63
60
67
59
51
65
61
56
70
74
65
68
71
74
93
78
72
67
66
69
67
63
48
49
77
67
54
50
65
69
71
52
48
63
61
60
65
60
53
51
52
55
55
54
59
52
61
54
42
52
63
50
60
61
70
57
58
58
60
64
58
62
54
56
56
58
58
64
57
69
61
56
65
63
53
61
69
61
66
53
47
44
59
65
60
59
58
66
71
59
61
67
52
49
62
51
53
71
58
55
52
67
47
62
53
50
55
69
57
58
53
54
51
56
56
52
67
59
60
65
71
58
58
51
61
51
62
65
62
55
63
58
52
68
66
49
56
66
53
43
57
55
60
57
62
72
82
91
98
124
152
189
207
171
123
91
82
56
47
59
45
37
55
53
64
40
42
68
45
55
45
52
59
46
47
56
52
56
53
58
53
41
53
62
62
62
44
61
47
58
62
70
62
71
65
62
54
66
67
39
54
48
46
69
58
53
49
49
53
55
47
66
56
62
88
75
61
54
60
52
50
49
43
60
40
49
53
54
52
54
41
41
52
56
54
45
48
45
42
49
53
54
61
55
50
67
76
80
54
55
62
54
50
45
53
56
60
69
53
54
40
43
58
49
56
58
49
47
43
51
37
50
47
46
44
61
55
43
52
64
48
53
60
44
57
42
46
43
60
58
46
59
66
69
60
65
81
83
87
54
71
59
55
68
62
75
78
101
110
133
103
98
86
80
52
50
50
41
41
35
42
43
67
29
39
49
43
43
40
54
43
54
38
49
54
52
50
42
53
46
51
48
56
53
55
42
39
42
38
37
49
49
46
51
58
50
54
47
46
51
54
33
45
48
52
41
43
47
42
43
43
34
47
26
53
48
46
61
48
59
60
62
47
55
63
59
54
58
85
73
95
128
155
149
233
286
304
302
243
182
138
83
64
46
38
49
57
45
47
38
41
41
52
41
42
46
43
41
32
41
42
44
49
43
51
41
45
37
42
56
42
42
46
52
40
42
43
48
41
55
39
58
45
39
44
49
43
45
44
50
46
41
46
45
52
46
46
39
46
44
45
45
41
47
43
38
38
43
48
46
38
40
39
41
44
42
41
44
52
46
46
62
51
54
36
42
35
55
38
44
55
51
34
40
32
43
38
44
41
51
37
44
48
45
40
32
60
47
45
46
45
31
46
46
43
27
42
42
40
42
54
48
51
51
35
33
42
43
51
37
32
41
45
52
28
48
48
37
61
41
36
41
42
43
43
30
37
52
61
38
61
50
43
50
42
40
35
46
36
42
39
58
41
50
39
52
50
37
42
44
36
44
41
37
37
39
56
48
51
46
49
34
49
45
43
46
38
35
46
44
43
49
40
34
43
32
46
38
45
43
47
50
38
32
36
55
38
47
52
48
60
32
35
50
41
47
35
44
55
44
48
41
53
37
49
37
46
47
40
47
28
49
41
45
53
38
55
49
49
47
32
44
45
37
41
41
41
42
38
32
43
39
43
49
44
53
49
45
52
42
46
37
50
44
44
52
38
48
39
41
37
39
34
53
47
47
42
54
51
35
38
40
45
48
31
47
42
41
51
40
42
45
48
48
35
51
47
46
43
47
43
46
44
48
42
35
42
43
63
55
40
60
56
69
60
68
56
82
130
122
146
120
104
88
66
62
64
39
38
31
51
38
51
60
39
45
45
56
55
47
35
54
44
54
34
49
43
50
42
39
55
44
45
38
58
44
39
47
41
53
41
33
56
47
53
45
47
43
42
38
39
35
46
42
41
47
40
39
38
46
54
40
36
41
49
53
53
44
39
45
40
43
46
50
35
47
47
46
57
50
44
41
55
38
51
41
45
49
55
43
45
47
48
52
57
62
50
54
50
48
46
42
44
48
45
46
58
51
59
37
52
36
43
59
54
51
46
43
45
35
40
58
44
48
38
41
52
46
37
40
39
47
30
33
46
47
43
44
42
35
45
52
39
54
33
53
56
50
41
38
42
47
39
39
51
46
37
50
40
49
41
49
49
40
52
46
42
51
40
51
42
49
45
47
46
38
41
43
43
46
47
41
44
57
35
48
38
44
31
34
49
36
46
46
52
49
44
38
61
41
35
55
41
44
31
47
45
48
39
54
38
44
49
47
43
48
29
46
52
39
40
42
55
46
51
54
37
49
45
55
41
47
56
44
44
44
44
46
54
46
47
44
36
44
44
47
37
44
48
28
39
49
51
47
40
37
52
41
35
49
43
47
44
55
39
48
46
39
42
56
46
47
46
49
39
45
48
55
56
52
49
45
51
35
48
59
54
47
47
37
51
49
60
47
51
47
50
48
40
43
46
44
45
51
41
45
45
34
43
50
37
43
55
55
52
54
56
62
80
80
92
80
58
68
62
44
53
43
41
46
35
29
38
46
32
30
34
41
31
31
36
46
40
31
35
35
40
41
29
33
42
42
42
36
33
41
38
40
31
28
35
32
43
40
36
29
46
30
37
35
25
26
30
27
35
34
50
32
33
29
24
41
36
23
35
30
40
21
27
21
23
34
28
26
33
25
28
29
41
38
26
37
27
32
26
30
25
40
25
34
27
27
27
23
34
26
24
27
24
31
27
25
27
31
36
28
35
34
32
28
30
31
31
28
29
31
25
36
44
37
35
29
24
22
23
34
24
32
22
18
28
20
30
23
38
37
23
28
27
37
30
26
22
19
28
28
35
27
30
16
33
22
23
31
24
27
19
32
20
32
23
35
24
34
23
37
23
23
34
37
28
32
24
19
23
23
21
27
20
33
23
23
25
17
29
34
18
31
20
23
26
26
27
29
26
21
26
17
19
25
25
23
27
34
28
24
22
19
22
20
33
22
23
24
19
16
24
26
17
31
27
13
22
30
17
28
25
28
24
25
24
23
19
22
21
16
21
25
28
24
25
21
25
23
24
15
23
22
25
15
24
15
26
22
19
17
20
23
21
18
22
15
15
18
19
15
26
21
18
17
17
21
23
18
20
19
19
26
18
23
22
23
16
23
23
23
17
29
24
14
17
20
18
19
14
25
15
12
13
16
24
23
22
10
24
25
26
13
17
29
14
12
17
31
13
18
21
20
27
18
19
14
27
16
13
17
14
11
19
16
18
23
14
25
14
20
15
15
17
12
20
16
18
21
22
24
25
19
23
22
20
14
17
25
16
19
15
14
14
18
10
25
20
16
19
23
24
14
15
18
15
24
16
19
26
31
31
42
34
40
30
36
26
30
20
13
11
16
17
21
15
16
14
16
14
27
21
24
23
23
24
23
34
29
27
15
13
16
12
22
19
16
23
13
22
22
18
10
13
15
19
15
14
19
17
13
17
15
11
15
17
20
19
14
15
18
13
17
7
12
20
18
17
27
29
22
15
11
22
10
17
14
19
15
21
15
16
18
23
24
26
21
26
23
20
21
16
13
11
8
16
21
14
14
24
16
21
16
10
13
20
13
19
15
11
8
18
17
16
13
14
11
16
13
18
13
20
21
13
10
11
9
10
14
13
11
21
20
22
19
16
14
22
24
20
20
16
6
17
16
15
20
15
16
14
19
16
16
16
18
18
15
11
17
22
16
16
19
19
17
18
18
15
13
20
9
20
18
14
15
11
12
9
17
15
18
15
17
18
15
14
22
19
19
15
19
24
17
15
14
16
19
22
29
17
22
14
28
25
25
26
21
37
41
28
35
33
40
31
37
37
64
72
60
75
92
100
145
188
218
292
407
475
634
745
768
712
568
426
252
141
64
42
12
15
7
12
4
13
16
11
5
15
10
7
8
9
11
12
8
10
7
18
6
13
8
9
12
7
8
12
5
9
11
8
14
9
11
7
6
13
6
13
15
14
6
12
8
5
10
17
11
11
10
11
8
10
3
13
13
12
6
13
13
8
11
10
5
8
10
12
6
6
9
8
7
12
15
7
11
15
6
14
6
12
17
12
15
14
9
12
18
13
8
5
8
6
11
10
6
11
14
13
6
9
9
12
11
10
12
10
9
16
7
9
14
14
14
14
12
11
12
17
14
30
26
10
21
25
24
15
19
7
9
9
9
11
14
12
9
14
12
7
8
10
9
14
14
10
8
8
10
9
10
13
8
11
12
7
6
7
8
12
8
7
9
6
15
4
10
10
12
12
9
8
5
15
15
8
11
4
9
8
10
8
7
7
5
7
4
6
9
9
9
5
10
13
9
8
10
10
5
9
4
7
15
7
10
5
13
9
3
6
6
5
11
10
8
7
9
12
11
12
9
5
11
8
5
8
6
6
13
4
11
11
4
4
11
10
8
7
6
7
10
3
12
7
6
8
6
9
5
8
4
9
4
12
8
5
5
6
10
8
6
3
5
12
7
6
4
12
6
9
7
5
10
3
5
11
11
9
11
8
9
8
10
2
6
8
7
8
4
11
7
8
9
7
7
9
9
9
7
9
9
2
13
7
16
12
6
3
9
11
7
14
5
12
5
9
11
10
14
12
13
6
9
13
6
11
13
13
8
13
9
24
5
13
16
13
16
15
18
23
32
19
24
14
22
25
22
20
22
22
20
23
20
16
13
8
6
10
5
6
12
5
7
5
6
5
8
7
6
5
12
7
12
8
6
9
10
15
6
4
5
6
11
6
10
10
5
8
3
8
12
6
8
11
8
7
9
7
10
6
6
6
3
5
6
8
8
8
10
6
5
9
5
9
6
5
8
6
7
9
5
8
13
12
8
12
11
18
8
7
6
5
6
11
11
8
9
6
7
8
5
8
5
10
9
4
9
7
11
9
6
14
11
10
15
14
12
14
8
8
7
7
12
14
4
10
10
4
10
13
12
7
9
6
7
8
5
5
2
6
4
3
4
6
4
5
9
6
6
6
5
7
8
6
5
6
9
10
4
5
11
6
5
4
5
8
6
8
9
5
4
5
6
7
4
7
10
6
7
9
1
5
4
5
7
4
7
14
7
10
9
7
6
5
5
14
14
12
6
6
7
11
3
4
6
3
8
4
2
10
8
5
6
7
7
11
7
8
3
3
6
4
6
8
9
5
6
3
5
2
4
8
4
3
7
5
6
5
9
4
7
5
6
6
10
6
6
6
9
1
7
10
2
4
8
4
8
7
14
4
6
7
6
7
7
10
1
7
5
6
6
2
7
5
8
9
3
7
4
9
5
4
7
3
6
4
6
6
9
3
6
6
4
10
3
5
5
4
3
7
8
4
6
6
8
7
1
3
7
3
7
3
4
5
5
3
6
3
4
10
5
9
4
2
8
7
8
5
6
8
3
2
6
7
4
11
4
6
4
4
3
6
9
3
8
4
8
5
4
5
7
5
7
6
5
9
6
2
10
7
2
3
4
11
4
8
4
8
7
8
9
6
5
6
9
9
11
14
15
16
13
23
18
17
20
14
16
8
7
7
2
5
7
6
8
10
8
2
6
14
8
10
8
16
7
15
9
8
4
4
6
3
4
4
5
12
10
6
5
4
8
6
4
3
5
7
4
4
6
5
8
4
5
5
4
3
6
10
8
15
5
4
5
6
6
10
8
6
1
6
7
5
7
11
8
6
4
7
8
6
7
4
14
8
11
11
17
20
20
13
25
34
39
41
65
68
64
76
59
51
25
19
20
13
7
5
3
4
6
6
7
2
4
5
1
6
8
5
2
8
4
5
6
4
6
1
2
5
7
4
5
9
2
4
3
3
8
3
6
3
2
3
4
10
4
4
3
3
2
5
5
4
3
5
6
3
5
3
4
2
3
3
5
6
6
3
5
3
4
8
2
8
3
3
4
4
6
5
4
4
2
2
3
5
3
4
5
7
3
10
5
5
3
5
6
5
2
7
3
3
5
8
2
6
4
5
6
2
5
2
6
5
0
8
8
6
4
6
7
5
2
4
2
8
2
4
6
6
2
6
4
6
5
3
4
6
2
6
3
3
4
5
3
3
5
2
6
6
8
2
5
3
3
6
8
0
2
2
0
4
7
3
6
3
6
2
3
7
6
6
7
7
7
3
3
5
11
8
15
7
6
7
5
3
5
7
2
9
4
6
6
6
0
8
10
2
8
11
2
5
8
2
6
4
3
4
6
2
7
6
8
7
6
5
9
7
7
13
8
14
14
14
8
11
8
7
15
4
4
4
5
4
5
2
3
3
6
3
5
4
3
4
2
13
4
4
6
10
8
5
5
2
5
3
1
7
4
3
6
3
3
2
5
7
7
8
5
4
6
2
7
2
13
7
5
3
8
3
6
4
10
5
9
4
2
4
6
2
9
7
10
4
11
6
7
9
5
6
4
6
3
5
5
2
7
5
6
2
10
4
6
7
3
6
4
4
2
2
5
6
4
7
6
9
6
7
2
5
4
6
5
5
6
4
3
3
5
9
2
5
7
6
3
3
4
4
8
5
4
2
4
9
2
3
2
1
2
4
1
7
3
8
3
7
6
2
9
4
3
8
3
3
4
4
3
11
3
1
2
4
2
3
2
9
5
2
4
3
9
4
5
6
2
10
8
4
11
7
4
8
2
4
3
2
5
10
6
10
4
4
4
2
6
7
5
7
3
4
4
5
2
5
6
5
5
6
7
2
4
3
2
7
5
7
8
3
3
1
8
3
7
4
1
4
6
5
10
4
4
5
6
3
3
5
5
5
3
5
6
9
5
3
6
5
6
5
3
4
5
4
4
6
2
5
5
2
4
6
7
4
7
3
3
5
6
2
2
5
2
7
5
2
5
7
8
5
5
8
6
7
0
5
5
7
3
3
4
8
3
6
5
6
4
3
7
1
6
1
5
3
3
6
2
2
5
2
6
4
2
3
4
5
8
3
2
4
2
5
2
7
5
1
5
6
5
3
5
1
2
7
6
5
6
3
3
3
3
4
4
5
8
4
5
8
4
4
5
8
4
5
6
7
4
6
7
4
4
4
6
5
7
5
4
1
4
5
8
1
6
2
1
4
8
6
7
4
3
7
6
9
5
3
6
3
9
5
3
0
4
2
3
6
8
3
5
3
2
2
2
3
2
4
3
4
4
6
2
4
3
2
2
2
7
5
2
6
4
2
2
4
0
6
2
5
8
1
6
2
3
5
5
6
4
8
5
6
5
7
6
4
5
6
7
3
0
0
4
7
5
3
5
2
4
2
3
3
4
2
6
8
4
3
9
6
2
4
7
0
1
2
3
6
3
4
4
3
5
4
4
3
1
3
2
1
3
3
3
2
4
4
3
3
5
6
9
4
6
4
7
4
1
3
3
3
2
5
3
3
3
2
4
6
3
4
3
4
2
4
4
9
5
2
7
1
2
1
5
1
3
5
4
4
3
4
9
5
5
4
3
4
1
1
3
5
5
4
5
5
3
3
5
3
2
7
4
6
5
3
4
4
5
9
0
1
6
5
5
1
2
2
1
9
7
3
6
7
5
3
7
3
4
4
7
7
1
6
4
5
6
6
4
5
4
4
4
2
3
6
4
6
5
5
6
3
5
7
6
5
0
0
5
4
6
3
2
7
2
11
4
3
6
4
2
4
8
6
1
1
4
3
8
4
3
7
0
2
5
3
2
3
4
2
7
1
2
3
3
8
8
3
3
5
6
5
5
3
6
7
1
6
7
7
1
2
5
2
6
4
4
5
2
1
1
3
2
6
2
5
6
7
5
5
4
8
4
6
7
14
7
7
10
9
9
11
13
10
16
15
22
11
12
11
11
8
6
9
6
3
1
4
2
3
7
4
7
2
6
8
3
4
4
4
7
3
9
2
2
4
3
3
4
2
5
5
8
8
6
5
5
5
4
7
5
13
9
4
0
4
4
4
6
2
9
6
2
3
5
6
2
3
3
5
2
1
4
1
1
5
6
3
4
4
8
2
2
2
7
2
4
5
5
6
2
3
5
2
6
7
1
2
4
4
6
3
3
6
1
6
3
2
2
2
5
2
8
2
1
8
3
6
7
2
1
2
4
5
6
0
3
4
3
2
2
8
0
1
2
2
6
3
5
2
6
3
6
5
6
5
2
3
5
1
1
5
4
5
5
5
5
4
5
8
9
3
4
6
9
8
5
3
8
2
3
3
5
3
3
5
5
5
2
5
5
5
6
4
3
3
7
4
4
4
5
5
8
3
8
3
6
5
5
5
6
4
8
3
4
4
7
5
4
2
2
0
3
4
5
4
1
1
0
1
7
3
5
3
6
4
4
3
9
5
1
1
4
3
5
5
3
4
4
5
6
3
6
1
4
7
4
1
6
4
4
3
10
6
7
3
10
5
3
7
7
3
5
7
10
2
5
5
8
6
13
8
11
9
10
25
15
25
19
18
17
15
13
8
8
4
3
6
2
5
6
2
9
2
4
3
5
8
3
7
4
4
7
4
3
5
3
5
5
5
4
3
6
3
5
1
5
3
5
4
6
0
3
2
4
6
6
4
5
4
3
3
6
5
7
8
3
4
3
2
3
1
3
7
2
2
6
3
2
6
2
3
3
2
5
0
5
3
4
6
4
1
5
2
8
3
5
6
3
7
4
4
1
3
1
3
1
1
4
5
4
0
3
4
3
0
6
3
4
3
3
5
3
1
3
2
5
3
2
3
5
5
7
5
13
1
3
5
4
4
8
6
9
3
7
4
4
5
6
4
6
4
3
7
3
5
5
3
2
1
8
3
2
2
6
2
7
5
3
3
0
5
5
5
4
5
6
5
5
3
5
5
8
5
2
6
4
7
3
3
6
4
4
4
7
4
4
2
3
3
7
7
9
1
5
5
6
4
4
9
3
3
7
7
8
3
3
3
6
3
5
5
5
3
2
2
2
6
1
10
3
6
2
2
5
6
3
2
4
1
8
2
3
4
9
2
5
3
4
4
1
6
7
3
4
1
7
3
6
4
2
4
4
4
4
4
2
6
2
8
6
1
1
2
5
4
3
6
7
2
5
2
5
4
7
5
3
2
5
5
2
1
2
7
4
9
6
5
3
3
4
3
1
6
5
4
4
3
7
4
3
7
3
5
6
3
5
6
6
5
8
1
2
2
4
2
9
2
4
4
2
9
2
4
6
7
6
4
2
1
2
5
2
6
3
4
2
2
8
4
6
5
4
6
5
5
1
13
1
1
4
4
0
5
3
0
5
4
4
4
4
2
6
6
8
5
8
7
5
0
3
7
3
3
5
2
9
9
6
10
5
7
6
6
5
7
3
9
6
8
6
3
7
0
5
5
1
4
4
2
5
3
5
11
3
6
8
3
6
6
2
2
4
1
2
4
5
9
9
5
2
8
6
6
8
2
6
4
4
6
7
5
4
4
4
1
6
6
5
3
4
5
5
2
7
3
1
6
11
8
9
4
4
6
6
5
10
9
9
4
7
5
6
5
2
4
4
5
3
5
8
1
5
1
1
1
6
3
1
5
4
3
1
4
3
4
4
8
1
3
4
2
3
3
5
3
1
6
4
5
3
1
1
3
1
2
2
4
2
5
3
2
1
4
3
4
2
0
2
4
2
4
6
2
4
2
3
2
3
5
5
2
2
3
4
1
2
4
3
2
3
2
3
2
3
6
4
5
1
4
3
1
2
4
5
3
2
3
1
1
2
3
1
3
2
2
7
4
5
2
3
4
3
1
4
5
0
7
5
2
0
3
0
2
2
3
3
0
5
1
1
1
2
4
3
4
1
2
1
3
3
6
1
3
3
6
5
0
4
0
1
2
4
3
2
0
5
0
0
6
3
2
5
6
1
2
7
2
1
2
2
4
3
1
6
5
1
3
3
2
1
3
3
3
5
2
2
3
4
4
2
4
6
2
4
3
8
6
5
4
10
5
6
4
5
4
0
4
0
4
1
2
1
0
1
4
3
2
1
3
5
2
3
3
1
2
1
2
2
4
0
3
4
3
1
5
2
3
2
0
3
3
2
3
1
0
3
0
1
2
2
2
0
0
3
1
4
1
3
1
3
3
3
2
2
4
2
5
3
2
1
1
1
1
2
0
2
3
2
2
2
1
1
0
2
2
2
0
2
0
2
3
1
2
2
2
3
1
2
1
2
0
0
2
2
1
1
0
0
3
3
0
2
1
2
3
1
1
3
2
1
2
2
3
1
0
0
2
1
2
3
2
1
4
2
0
1
2
1
0
2
1
0
3
0
0
1
2
1
2
1
0
1
1
2
0
0
0
0
1
1
2
3
2
3
0
3
0
0
0
3
0
0
1
1
0
1
1
0
1
3
1
0
1
1
0
0
1
1
1
2
0
3
2
1
0
4
2
0
1
1
2
1
2
1
0
2
1
2
0
0
1
1
1
0
1
3
0
0
2
2
0
0
2
0
0
1
0
1
1
0
0
3
0
1
0
0
0
1
0
0
0
0
1
0
0
1
0
1
1
1
0
1
3
1
0
2
2
1
2
0
0
0
0
0
2
0
0
1
1
2
0
0
1
0
0
2
0
1
3
0
1
3
0
1
2
2
3
1
1
4
1
0
1
1
0
0
0
1
0
0
1
0
2
0
0
1
0
1
2
2
0
3
2
0
2
3
1
2
1
2
0
2
2
0
0
0
1
1
0
1
1
0
2
1
0
1
2
1
1
0
1
1
2
1
2
1
1
0
1
1
2
2
0
0
1
1
0
0
0
1
0
0
0
2
0
0
0
2
0
1
1
1
0
0
1
1
2
0
0
1
0
0
2
0
1
0
4
0
0
2
2
1
0
2
0
2
2
0
5
0
1
1
4
1
2
0
2
2
0
1
2
1
1
1
2
1
0
2
2
4
0
1
1
1
7
5
6
2
3
3
5
2
10
6
7
8
10
7
7
16
9
11
21
30
22
35
49
58
62
73
88
76
87
53
54
37
30
25
15
6
0
1
1
0
1
0
0
0
0
1
0
1
0
1
0
0
0
0
0
2
0
1
0
1
0
1
0
0
0
0
0
0
0
2
1
0
1
0
1
0
0
0
1
0
0
0
0
0
0
0
0
0
0
0
0
1
0
0
1
0
0
0
0
0
0
0
0
0
0
0
0
1
1
3
0
0
1
1
0
0
0
0
0
1
1
0
0
0
0
0
0
0
0
1
0
1
0
0
0
0
0
1
0
1
0
0
1
2
0
0
0
1
1
0
0
0
1
0
0
0
0
0
0
0
0
0
1
0
0
0
1
0
1
0
0
0
0
0
0
0
0
0
0
0
0
0
1
0
0
0
0
1
2
1
0
0
1
0
0
0
1
1
0
0
0
1
2
1
1
0
1
0
0
0
1
0
1
0
0
4
0
1
0
0
0
0
0
0
0
0
1
0
0
0
0
0
1
0
0
0
1
0
0
0
0
0
1
1
0
0
1
1
0
0
0
0
0
0
0
0
0
0
0
0
0
0
1
1
0
0
0
0
0
0
0
0
0
0
0
0
0
0
0
0
0
1
2
0
0
0
1
0
0
0
1
0
2
0
0
1
1
0
0
0
0
0
1
0
1
0
0
2
1
0
0
0
0
1
0
0
0
0
0
0
0
0
0
0
2
0
0
0
0
0
0
0
0
0
0
0
0
0
0
0
0
0
0
0
1
1
0
1
0
0
0
1
0
0
0
1
0
0
0
1
0
0
1
0
0
0
1
0
0
0
0
0
0
0
0
0
1
0
0
0
0
0
0
0
0
0
0
0
0
0
1
0
0
0
1
0
0
0
0
0
1
0
0
1
0
0
0
0
0
0
0
0
0
0
0
0
0
0
0
0
0
1
0
0
0
0
1
0
0
1
0
0
1
1
0
1
0
0
0
0
0
0
1
0
0
0
0
0
0
0
0
0
0
1
0
0
0
1
0
0
0
0
0
0
0
0
1
0
0
0
0
0
0
0
0
0
0
1
0
0
1
0
0
0
1
0
1
0
0
0
0
0
2
0
0
0
0
0
0
0
0
1
0
1
1
0
0
0
2
1
0
0
0
0
0
0
0
0
0
1
1
0
0
0
0
2
0
0
1
0
0
1
0
0
1
0
0
0
0
0
0
0
0
0
0
0
0
0
0
0
1
0
0
0
0
0
1
0
0
0
0
0
0
0
1
0
0
0
0
0
1
0
0
0
0
0
0
0
0
0
0
0
0
0
0
0
0
0
0
1
0
0
0
0
1
0
0
0
0
0
0
0
0
0
1
1
0
0
1
0
0
0
0
0
0
1
0
0
0
2
0
0
2
0
1
0
0
1
0
0
0
1
0
2
1
0
1
0
0
0
0
1
0
0
0
0
0
2
0
0
0
0
0
0
0
1
0
0
0
0
0
0
0
0
0
1
0
0
1
0
0
0
2
0
0
0
0
0
1
0
1
1
0
0
0
0
1
1
0
0
0
0
0
0
1
0
0
0
0
1
0
0
0
0
1
0
0
1
1
0
0
0
0
0
0
0
0
0
0
0
0
0
0
0
0
0
0
0
0
1
0
0
0
0
0
1
1
0
0
0
2
1
0
1
0
1
0
0
1
1
1
1
1
0
1
0
0
2
0
0
0
0
0
0
2
0
0
0
0
0
1
0
1
0
0
0
2
0
0
0
1
0
0
0
1
0
0
0
0
1
0
0
0
1
2
0
1
0
0
0
0
0
0
0
1
0
0
0
0
1
0
0
0
0
3
0
2
1
1
1
0
0
0
0
0
0
0
1
0
0
1
0
1
0
0
0
0
0
0
0
0
0
0
0
0
0
0
0
0
0
0
0
0
0
0
0
0
1
0
0
0
0
0
1
2
0
0
0
1
0
0
1
0
0
1
0
0
0
0
1
0
0
0
0
0
0
0
0
0
0
0
0
0
1
0
0
0
0
0
0
0
0
0
0
1
0
0
0
0
0
0
0
0
0
0
0
0
0
0
0
0
0
0
0
0
1
0
0
0
0
0
0
1
0
0
0
0
0
0
0
0
0
0
0
0
0
0
1
0
0
1
0
0
0
1
1
1
0
0
0
0
0
0
1
1
0
0
0
0
0
1
0
0
0
0
1
0
0
1
0
0
0
1
0
0
0
0
0
0
1
0
0
0
0
0
0
0
0
0
0
0
0
0
1
0
0
0
1
0
0
0
0
0
0
0
0
0
0
0
0
0
0
1
2
0
0
0
0
0
0
0
0
0
0
0
0
1
0
0
0
0
0
0
0
0
1
0
1
0
1
0
0
0
1
0
1
1
1
0
0
1
0
1
0
0
0
0
0
0
0
0
0
1
0
0
0
2
0
0
0
0
0
0
0
0
0
0
0
0
0
1
0
0
0
0
0
0
0
0
0
0
0
0
0
0
0
0
0
0
0
1
0
0
0
0
0
0
0
0
0
$ENER_FIT:
0.074 0.368663 -1.65876e-007 1.63935e-011 0.00000e+000
$MCA_CAL:
5
0.074 0.368663 -1.65876e-007 1.63935e-011 0.00000e+000
$PEAKLABELS:
250.864, "Th-234"
503.556, "U-235"
171.166, "Th-234"
389.799, "U-235"
305.644, "Th-234"
295.558, "U-235"
442.815, "U-235"
556.553, "U-235"
700.617, "Pa-234m"
2717.993, "Pa-234m"
2081.155, "Pa-234m"
2016.190, "Pa-234m"
2133.574, "Pa-234m"
4098.207, "Pa-234m"
4718.027, "Pa-234m"
4969.368, "Pa-234m"
7098.216, "Th-232(d),(Bkgd)"
3966.500, "K-40,(Bkgd)"
266.879, "Pa-234m,U x-rays"
301.149, "Pa-234m, U x-Ray"
186.113, "Au XRF,(Detector)"
228.697, "Th-231,Pb Xrays"
236.523, "Pb X-rays"
202.922, "Pb X-rays"
196.772, "Pb X-rays"
285.221, "Th X-rays"
$ENDRECORD:
