$SPEC_ID:
PeakEasy Library File: Fiestaware Dinner Plate, IdentiFINDER (LaBr3), 25 cm
$MEAS_TIM:
65656.00000 65684.00000
$DATE_MEA:
17-Oct-2013 10:17:46
$DATA:
0 1023
0
0
0
0
0
4744
16014
18349
21136
26571
61187
171030
225909
126862
48401
33746
36571
40833
46482
59385
80337
91124
84688
81783
89789
90725
82766
80894
87647
100111
114822
114828
95729
76021
66972
65409
65908
65729
64179
61632
60338
59016
57586
56613
55691
54887
55291
55651
54221
52072
49224
46896
45413
44698
43992
43077
41883
40894
41605
45578
51869
57085
56943
50012
41341
35639
33142
32124
31161
29838
28791
26933
25885
25017
24630
24290
24358
24443
24316
24000
22831
20999
19669
18544
17740
17241
16681
16037
15694
15323
14942
14660
14585
14086
13926
14002
13961
14008
13680
13388
12560
11652
11190
10889
10505
10418
10146
10168
10241
10114
9847
9753
9760
9886
10087
10320
10421
10440
9970
9177
8625
7973
7559
7347
7105
7000
6988
6926
7039
6904
6819
6832
6777
6638
6451
6507
6347
6345
6054
6199
6101
5911
5900
5685
5846
5719
5725
5732
5623
5695
5681
5509
5496
5429
5345
5356
5179
5110
5145
5087
4960
4966
4924
4968
5030
5053
5035
5208
5214
5279
5127
4979
4910
4886
4714
4597
4516
4400
4350
4337
4408
4439
4294
4336
4261
4300
4240
4256
4402
4322
4467
4560
4551
4575
4508
4662
4641
4587
4560
4753
4904
4995
5104
4968
4899
4814
4445
4233
4037
3738
3488
3394
3459
3449
3248
3267
3241
3290
3221
3266
3237
3284
3134
3130
3135
3022
3049
3051
3075
2983
2913
2949
2975
2957
2958
2991
2953
2933
2923
2943
2828
2866
2851
2883
2705
2724
2742
2708
2833
2717
2661
2697
2688
2759
2899
2937
2823
2866
2835
2982
3073
2952
3176
3228
3258
3329
3385
3315
3524
3511
3559
3382
3355
3399
3301
3352
3329
3288
3205
3230
3241
3257
3232
3166
3080
3129
3140
3098
3042
2969
2905
3049
2943
2936
2916
2932
2955
2968
3030
2978
3010
3025
2968
3002
2999
3039
3000
2998
2931
2888
2766
2735
2718
2725
2647
2657
2633
2634
2670
2583
2755
2695
2626
2601
2639
2536
2512
2509
2466
2398
2477
2526
2470
2477
2513
2467
2440
2294
2131
2136
2113
2075
1906
1793
1839
1818
1712
1700
1778
1700
1646
1640
1724
1718
1655
1635
1609
1693
1672
1640
1621
1662
1665
1614
1674
1709
1647
1658
1784
1711
1809
1820
1926
1877
1893
1813
1913
1897
1855
1842
1801
1764
1719
1690
1722
1726
1680
1641
1649
1686
1647
1652
1659
1659
1720
1702
1618
1677
1658
1627
1657
1656
1681
1609
1619
1583
1649
1603
1516
1540
1502
1455
1438
1463
1344
1315
1253
1234
1165
1136
1126
1014
915
1019
930
858
812
777
781
806
734
686
691
641
647
631
600
564
569
557
567
579
531
554
528
461
475
446
444
406
432
428
419
406
414
379
428
403
409
418
436
438
404
454
456
447
531
521
573
665
701
853
928
1095
1236
1472
1753
1958
2198
2416
2710
3025
3265
3418
3731
3928
4128
4353
4345
4435
4420
4228
3919
3806
3400
3049
2603
2214
1862
1524
1189
969
787
621
511
448
352
287
258
243
231
235
196
198
164
160
147
182
155
159
171
164
185
173
170
190
199
223
223
190
227
222
222
205
199
192
175
161
190
184
162
156
174
158
149
135
127
154
145
156
151
132
133
130
105
137
157
135
130
129
131
144
121
143
140
131
127
139
152
148
156
156
164
176
163
162
178
169
192
192
206
232
244
252
234
242
269
270
299
265
287
256
255
283
234
229
261
239
209
201
201
206
214
190
185
217
198
223
209
230
249
219
230
248
229
246
259
261
260
251
286
283
266
309
297
332
318
327
333
338
332
337
343
356
355
363
410
344
392
414
384
376
417
457
435
397
430
443
451
471
493
456
450
472
492
482
483
480
500
499
510
497
473
479
532
591
601
577
595
571
615
646
598
691
731
662
712
718
735
772
772
710
734
758
659
653
682
705
653
644
597
600
587
548
546
489
494
463
471
477
487
479
502
479
476
515
475
449
480
424
444
443
444
478
448
470
449
456
484
435
452
429
427
425
419
467
444
509
461
480
511
502
499
517
512
517
521
548
558
490
493
510
547
532
515
530
552
532
523
545
576
553
547
566
586
600
601
595
600
617
621
635
659
652
673
664
622
632
642
639
615
614
602
563
574
538
582
580
510
489
446
477
472
418
433
451
477
438
445
451
464
463
468
469
448
435
496
452
428
410
410
433
415
361
383
334
318
301
283
282
286
234
258
222
241
202
191
212
211
182
206
223
211
207
189
213
220
217
231
200
220
215
207
235
218
242
229
216
233
201
224
226
230
217
253
249
217
252
236
244
226
238
252
267
247
263
273
253
278
262
286
262
325
351
338
338
362
398
368
372
409
367
426
398
461
423
440
441
429
431
450
447
450
426
453
425
460
445
412
443
407
405
427
345
356
305
323
286
290
286
245
242
226
178
159
181
149
128
113
99
96
83
76
71
60
44
44
43
45
32
31
31
29
19
28
25
26
20
20
21
18
14
13
16
16
12
9
7
11
6
7
9
7
15
7
13
14
8
7
9
11
6
10
11
7
10
5
4
6
7
11
8
3
2
7
6
8
5
7
11
7
10
4
9
7
7
6
14
7
5
7
4
10
9
8
3
7
2
0
0
0
0
0
0
0
0
0
0
0
0
0
0
0
0
0
0
0
0
0
0
0
0
0
0
0
0
0
0
0
0
0
0
0
0
$ENER_FIT:
3.358 2.958977 1.59828e-004 -1.81393e-007 0.00000e+000
$MCA_CAL:
5
3.358 2.958977 1.59828e-004 -1.81393e-007 0.00000e+000
$PEAKLABELS:
30.671, "Th-234"
20.552, "Th-234"
61.548, "U-235"
47.488, "U-235"
334.453, "Pa-234m"
488.050, "K-40 (Bkgd), La-138 (Detector)"
883.004, "Th-232(d),(Bkgd)"
24.552, "Pb X-rays"
11.995, "La-138,(Detector)"
$ENDRECORD:
