$SPEC_ID:
PeakEasy Library File: Am-241 Detective (HPGe), 101 uCi @ 21 cm
$MEAS_TIM:
2182.04000 2263.66000
$DATE_MEA:
1-Oct-2004 12:34:42 AM
$DATA:
0 8191
0
0
0
0
0
0
0
0
0
0
0
0
0
0
0
0
0
0
0
0
0
0
0
0
0
0
0
0
0
0
0
0
0
0
1
0
2
2
1
90
4967
11507
11651
11499
10886
10878
10613
10194
10031
9842
9628
9503
9231
9019
8825
8628
8543
8453
8149
8053
7825
7716
7610
7317
7145
7040
6984
6926
6678
6530
6648
6205
6182
6150
6071
5867
5618
5610
5500
5478
5312
5177
5094
5052
4905
4853
4825
4771
4668
4585
4523
4499
4334
4489
4241
4429
4361
4254
4351
4377
4372
4408
4400
4385
4421
4494
4390
4459
4482
4520
4505
4690
4727
4773
4819
4975
4887
5044
5037
5132
5183
5173
5422
5419
5506
5797
5781
6103
6313
6723
6953
7571
7871
8191
8640
8631
8991
8864
9060
9308
9622
9603
9944
10189
10573
11053
11409
11813
12519
13246
14214
14745
15945
17256
18733
20831
24462
33525
59063
115206
191411
235047
201984
118452
46799
12626
2636
773
536
445
442
385
366
342
363
338
342
320
314
310
298
336
293
316
303
295
324
276
304
312
279
232
274
271
253
270
272
252
237
218
252
270
293
239
244
263
280
251
257
298
274
305
291
287
243
256
288
293
241
274
271
245
266
267
256
235
239
246
258
242
290
289
246
265
262
283
272
297
268
286
289
263
253
271
283
292
274
280
287
287
263
292
314
295
302
272
296
295
289
292
304
339
307
347
357
401
481
635
723
687
538
418
358
318
362
349
381
516
625
731
668
506
384
303
297
254
247
248
270
277
237
297
295
259
288
233
260
262
260
276
248
283
296
248
263
269
282
262
274
292
265
259
311
300
287
272
279
284
299
301
311
316
356
328
287
284
250
252
296
260
272
261
262
307
282
245
283
281
295
353
341
311
278
246
261
259
257
241
261
246
224
229
240
254
244
237
254
235
227
239
240
256
218
248
246
250
230
236
233
231
236
219
251
238
236
225
244
235
235
217
218
237
225
188
219
239
221
224
228
217
209
224
216
224
189
230
239
233
254
234
226
206
235
203
222
226
235
239
207
211
197
213
229
188
208
227
211
222
186
186
213
202
222
215
201
214
214
210
212
202
215
211
187
187
204
183
197
206
200
185
196
194
196
176
190
180
175
176
185
188
181
168
215
216
181
189
192
198
201
183
183
208
173
180
176
182
165
191
162
189
160
157
176
161
162
176
185
157
169
159
162
176
173
150
166
167
188
178
164
155
166
155
168
171
148
153
149
163
137
167
135
168
156
174
188
164
181
159
151
135
140
140
146
171
147
163
165
140
143
154
151
154
126
149
149
146
149
154
127
140
151
150
124
141
149
147
114
139
146
147
149
140
123
124
141
135
136
131
128
137
134
153
133
132
121
147
128
144
138
124
121
127
143
137
142
143
154
107
138
119
124
129
113
108
136
108
101
126
125
128
119
142
117
121
113
120
111
109
140
118
103
113
110
130
117
136
119
130
106
127
141
115
105
115
128
112
104
91
116
103
102
109
112
111
110
114
99
132
122
119
101
100
110
82
114
101
104
113
103
92
118
96
103
105
90
103
93
107
103
83
112
100
109
89
92
139
126
166
183
133
143
94
106
108
98
92
114
107
94
97
71
80
94
96
105
97
95
79
103
85
77
87
78
72
104
95
97
90
91
82
84
69
88
89
86
66
87
93
81
78
97
73
75
65
57
87
87
78
74
85
66
69
68
93
63
70
96
79
81
78
82
58
64
60
71
53
83
74
68
80
75
73
80
63
71
70
84
68
79
80
74
82
88
81
68
66
76
67
74
79
85
67
72
67
67
80
72
79
56
73
60
55
60
72
76
77
70
63
71
64
51
48
72
64
70
68
64
69
63
76
59
52
57
57
64
81
65
58
58
51
49
49
70
62
61
63
53
59
62
74
52
56
72
62
47
58
68
71
61
86
94
105
87
75
53
60
57
55
53
55
45
52
58
59
67
61
66
51
60
52
68
43
55
49
68
41
48
52
49
47
49
57
51
58
49
63
52
50
51
55
51
46
59
52
54
51
51
61
68
49
63
48
47
50
62
51
65
43
50
46
44
49
64
46
46
52
61
47
48
53
61
47
37
49
40
38
37
69
40
55
57
61
40
47
44
46
50
46
53
48
47
54
49
54
47
42
55
53
40
52
47
41
52
48
48
39
53
42
44
59
39
63
60
47
42
65
53
55
52
60
36
46
46
46
38
38
37
47
47
44
36
35
48
32
35
45
34
42
39
47
53
43
26
32
48
39
47
53
52
46
48
52
85
76
108
96
106
84
43
46
42
40
39
41
41
31
30
38
44
41
42
40
27
31
37
39
33
32
38
28
35
34
33
29
46
26
36
28
42
38
36
39
34
30
29
39
39
43
23
46
38
39
37
37
30
41
36
38
39
29
37
43
37
25
37
39
36
44
36
47
30
38
43
43
38
36
40
31
26
35
37
49
49
30
27
50
31
36
31
36
27
27
27
36
32
40
20
30
27
44
38
33
35
40
42
38
26
31
30
42
36
35
42
34
33
36
32
31
34
29
30
21
32
23
32
34
35
25
32
39
31
23
26
30
24
26
37
28
24
25
28
33
27
30
33
29
35
29
24
28
29
35
32
32
31
36
41
27
26
31
29
19
31
24
24
41
33
29
34
18
39
25
39
31
34
22
23
19
26
22
29
31
25
36
37
28
33
29
20
32
29
29
24
33
29
24
24
29
33
21
33
28
22
27
26
28
19
22
31
25
24
27
32
26
29
28
24
27
20
27
26
36
33
22
19
19
22
20
25
34
32
30
27
28
19
21
25
23
27
21
33
31
23
24
26
22
26
29
24
21
28
23
36
28
22
20
23
23
13
22
36
21
23
16
36
29
29
35
25
19
22
22
31
19
30
25
24
22
21
28
25
21
27
23
18
24
30
23
22
23
26
25
9
25
20
27
27
18
22
22
19
31
20
33
30
33
37
25
18
26
26
18
19
22
16
19
23
29
27
32
21
16
29
17
23
28
21
22
24
28
33
21
23
20
16
19
20
20
20
21
20
27
17
22
18
17
23
17
22
25
12
22
16
28
21
17
16
21
28
23
22
25
31
20
20
14
15
33
27
20
27
20
19
14
22
18
19
25
25
21
34
19
18
24
25
30
13
21
21
28
18
29
19
22
15
26
20
17
13
24
16
23
18
18
24
22
29
21
28
17
23
21
15
13
25
21
17
26
12
20
23
20
14
19
26
14
21
22
31
29
22
26
27
35
34
50
32
48
42
23
31
19
23
19
21
13
17
15
13
14
22
13
12
15
10
20
13
21
22
26
21
20
18
18
18
18
22
26
18
13
21
21
16
15
20
16
19
25
14
21
17
20
15
16
20
28
20
17
12
18
16
15
19
20
14
20
17
23
10
16
18
20
19
17
29
16
23
19
21
17
22
21
18
15
16
23
18
12
21
21
17
18
18
8
23
18
16
19
18
15
24
17
15
21
11
20
24
18
11
15
18
17
11
18
23
23
18
13
22
25
14
12
13
19
13
16
18
23
12
15
11
15
16
18
18
10
23
9
12
19
21
17
22
9
14
19
21
14
23
29
19
14
13
24
13
14
18
21
12
19
14
16
15
19
14
10
15
15
15
13
14
10
19
10
19
15
20
18
16
18
22
11
20
14
16
11
12
20
13
17
18
20
21
18
24
17
24
22
20
27
25
38
45
45
31
32
10
19
21
12
14
6
11
20
22
15
12
7
20
19
13
14
9
21
11
19
13
23
12
12
17
16
10
16
10
18
17
20
21
15
11
17
17
15
23
21
14
9
13
9
13
14
9
7
11
10
12
11
21
17
23
14
11
12
14
16
20
14
26
21
24
43
67
77
69
51
39
32
22
16
15
13
15
20
12
12
19
8
17
13
9
16
10
17
11
10
17
7
16
11
10
11
13
12
10
12
9
20
10
10
12
10
14
17
14
9
13
7
15
14
15
8
11
18
8
14
12
14
16
10
8
14
10
19
16
13
12
12
11
10
10
15
15
12
14
20
10
11
7
17
12
14
17
19
11
8
7
13
17
11
15
10
13
9
11
14
10
10
8
16
16
14
20
13
10
7
8
14
16
12
7
11
13
15
16
13
13
16
19
12
10
12
13
3
14
11
10
12
12
15
10
14
13
9
16
12
17
14
21
10
13
10
13
15
18
7
9
12
13
7
13
12
17
14
9
9
13
18
13
16
14
11
8
6
9
13
10
15
9
11
2
13
10
12
11
5
14
10
7
15
14
17
11
13
8
19
13
9
11
10
8
8
8
7
11
6
12
8
9
10
18
13
14
13
16
12
15
11
19
8
10
10
12
14
9
12
7
11
10
17
11
18
7
16
13
10
16
16
15
10
9
16
12
8
11
16
13
9
10
10
11
9
12
10
17
8
17
16
12
10
8
11
13
7
13
12
10
10
15
11
10
9
9
12
17
12
16
8
9
21
9
9
11
9
8
11
8
9
8
8
7
16
8
9
12
12
7
12
10
8
11
10
18
16
7
16
10
11
10
9
11
16
12
13
16
9
15
10
12
12
10
9
13
16
5
8
12
10
11
8
12
13
14
11
20
21
17
15
13
8
9
8
9
7
10
9
10
12
11
10
9
8
11
12
7
9
11
12
17
11
12
8
15
11
9
12
17
10
3
4
12
6
8
6
8
15
12
11
10
11
13
11
6
9
9
9
10
9
10
7
16
5
7
9
11
17
9
15
12
9
7
10
10
6
16
5
14
11
14
9
12
17
13
12
9
8
11
13
10
10
15
8
13
10
15
5
11
13
8
12
15
8
7
11
7
8
16
9
9
9
8
16
8
12
16
8
15
14
17
11
11
14
9
14
12
11
9
7
15
8
14
10
8
17
8
10
11
12
13
13
9
6
10
11
13
13
9
7
5
8
7
5
10
6
13
18
13
6
16
10
14
16
8
13
13
12
5
6
11
10
8
9
10
8
10
7
11
9
9
11
6
9
14
12
8
11
11
7
15
5
9
11
9
11
1
6
13
10
9
5
8
13
6
5
11
8
10
7
11
8
8
9
9
9
5
11
2
7
10
11
10
9
8
7
7
10
10
9
5
5
5
8
8
7
14
16
5
8
11
7
7
3
11
15
12
8
8
11
6
10
5
8
5
5
11
8
6
5
9
6
13
9
10
13
5
7
5
6
8
10
2
9
9
9
8
10
5
4
5
12
12
8
9
11
7
6
17
7
5
7
9
9
4
12
5
9
13
14
5
8
13
9
11
6
9
13
6
8
7
6
10
10
11
8
8
9
8
8
12
3
4
10
5
9
7
10
9
11
11
5
12
7
7
12
5
9
8
5
2
8
8
4
8
11
4
8
14
7
4
3
11
9
4
6
7
6
8
6
12
8
7
5
10
9
13
7
11
11
14
20
6
9
5
7
9
10
6
10
4
8
8
9
4
8
5
11
11
11
9
8
16
9
8
9
5
12
9
12
5
8
12
7
11
5
3
14
13
8
8
4
4
8
4
12
8
8
12
9
6
5
10
13
9
12
8
10
4
8
11
10
10
5
12
7
13
7
9
9
7
10
7
12
7
6
10
11
6
14
3
4
6
7
6
5
8
12
7
6
8
10
6
9
6
4
8
13
7
8
5
5
8
4
3
2
3
8
12
3
7
10
4
9
12
6
11
5
4
5
7
10
11
5
10
8
16
7
10
9
13
12
11
16
16
26
21
27
15
11
10
13
9
5
8
11
12
5
5
4
13
15
7
12
4
8
6
7
3
9
9
7
4
6
3
9
7
6
9
9
8
5
2
6
7
11
12
5
5
10
5
7
7
6
8
6
7
7
6
2
3
4
6
7
8
10
10
15
7
12
14
9
9
8
8
4
9
13
5
7
7
8
6
4
8
4
6
4
7
5
8
2
5
6
5
6
10
4
5
6
8
4
4
6
7
13
6
9
8
7
8
12
11
8
9
10
7
8
4
9
11
8
13
7
8
10
9
8
8
7
3
5
5
5
8
5
9
7
4
3
8
7
8
7
9
7
17
11
8
5
10
12
10
10
14
9
15
8
9
14
14
20
13
19
14
15
10
11
7
6
3
7
12
7
2
7
8
7
11
6
6
5
8
6
6
3
4
5
2
8
5
9
4
3
8
8
2
5
6
8
7
4
6
6
7
10
5
6
10
7
4
8
7
4
6
11
11
10
6
4
4
5
2
4
7
6
5
11
3
9
4
2
10
8
10
5
7
9
3
8
7
4
9
8
7
9
5
8
9
9
7
9
10
6
9
9
7
4
6
7
9
6
5
7
3
7
6
8
7
9
8
6
6
9
5
8
4
7
7
6
11
6
7
6
9
8
6
4
2
11
8
9
7
6
7
11
7
6
4
2
4
3
9
7
4
4
5
7
6
4
7
6
7
10
6
10
3
6
4
6
9
6
7
6
3
6
5
3
5
6
8
8
6
4
4
6
6
4
9
3
6
5
5
5
10
8
6
5
7
10
5
8
6
9
2
10
4
5
6
6
3
6
7
2
5
7
3
11
7
6
9
3
6
6
5
9
8
6
8
5
6
6
10
6
5
7
4
2
8
4
5
12
4
5
9
9
9
6
6
3
7
4
2
7
2
8
9
5
8
9
9
4
10
5
5
6
7
6
2
8
2
8
2
9
5
6
7
9
12
4
8
7
5
5
10
9
7
2
13
7
2
8
8
8
4
3
6
1
3
6
7
2
3
5
6
5
6
10
10
8
10
11
11
7
2
7
5
5
3
7
6
9
4
3
6
11
4
6
6
5
4
10
9
5
5
5
6
5
8
9
6
4
2
3
5
8
12
4
5
5
7
12
4
7
9
6
8
4
5
5
10
6
7
7
3
4
5
6
13
8
5
2
7
8
8
5
6
4
4
7
5
8
3
7
5
11
9
9
4
8
7
7
5
6
7
2
1
2
7
4
6
6
10
3
11
3
5
9
11
3
9
7
9
3
8
5
9
8
8
12
16
11
11
21
20
22
12
8
10
7
9
6
10
9
6
9
4
8
8
3
4
6
8
7
1
5
3
5
7
6
5
9
10
5
5
2
3
5
11
6
9
4
5
8
6
4
5
6
8
6
9
11
5
6
11
7
3
3
4
7
7
6
6
1
9
6
8
5
9
8
3
5
5
3
4
8
4
2
4
4
7
4
7
5
9
15
7
9
5
6
6
9
6
6
2
10
11
9
5
6
5
6
10
5
4
4
3
7
4
6
6
5
4
6
7
12
2
5
7
10
8
5
7
9
4
7
5
4
2
6
4
10
5
8
8
6
5
2
4
6
4
10
6
6
9
4
5
6
11
2
4
5
8
15
5
6
12
6
8
5
5
5
3
3
9
7
7
12
5
7
7
3
3
6
7
2
8
5
4
5
3
3
5
9
7
4
5
4
10
7
7
6
7
4
7
2
10
12
8
10
10
1
8
5
13
7
4
7
4
3
6
7
6
6
6
2
6
5
8
6
6
7
10
9
4
8
4
3
11
8
11
5
5
4
9
9
5
6
9
7
5
5
6
8
4
6
3
5
6
2
3
6
4
4
7
5
8
6
10
4
4
12
5
4
6
5
5
9
6
8
5
4
12
7
3
4
10
4
4
2
11
6
5
7
7
7
8
7
2
6
6
3
8
9
6
7
8
8
7
12
5
7
6
7
5
8
7
8
13
7
7
8
12
4
7
6
4
7
11
11
9
11
10
12
8
13
8
7
8
6
4
7
9
7
4
8
4
7
5
4
2
6
7
2
3
2
7
9
6
10
3
6
8
1
3
5
6
3
5
9
3
3
7
9
5
9
6
2
7
2
6
4
4
5
6
5
3
5
4
4
6
7
6
6
4
2
2
3
2
1
4
2
3
4
4
3
4
5
6
8
1
6
7
5
3
4
4
3
2
7
3
3
3
6
5
2
1
5
3
4
3
6
4
6
7
5
3
4
4
5
4
6
2
7
3
3
4
7
1
9
4
4
2
7
4
4
6
5
3
5
5
2
4
3
3
5
4
6
4
4
4
2
4
6
2
5
5
3
5
5
6
4
1
4
5
7
7
2
1
5
3
6
9
5
4
3
3
2
3
5
3
5
4
6
2
1
3
3
0
4
2
2
6
0
4
2
7
4
2
4
4
2
6
2
6
4
8
4
3
5
3
5
7
2
1
1
3
3
6
5
7
3
7
3
1
2
2
5
2
5
4
1
3
5
5
2
2
2
5
3
5
3
5
4
2
1
6
3
3
5
1
5
3
1
4
2
6
5
1
0
4
3
4
4
4
8
2
5
4
7
1
5
2
3
4
4
1
7
4
3
3
3
2
1
4
4
3
4
0
1
3
4
5
5
5
3
1
3
4
4
2
2
3
2
1
2
2
2
0
5
4
2
5
2
7
5
3
0
3
3
2
5
4
5
2
7
1
3
3
3
3
3
1
5
2
1
1
4
1
4
1
1
2
1
0
6
3
2
2
2
0
1
3
2
3
4
0
0
2
2
3
0
5
2
2
3
2
1
4
3
3
1
1
2
3
5
2
3
3
3
1
1
1
2
1
2
2
3
2
5
7
6
8
7
2
6
4
3
2
4
2
4
6
2
2
1
1
2
3
1
1
3
2
5
5
3
2
1
1
0
6
3
3
1
3
2
2
1
3
0
1
3
5
4
2
2
1
1
0
1
2
1
7
2
3
3
4
2
2
2
2
5
0
7
3
2
4
4
1
4
0
3
4
2
3
0
1
2
3
2
4
2
7
3
4
8
4
2
2
6
2
3
2
1
2
0
4
1
0
3
2
4
1
1
5
3
1
1
1
2
2
2
3
1
3
0
1
1
5
0
4
0
6
2
4
2
2
1
2
2
1
1
0
1
1
1
0
1
3
2
4
4
2
2
1
1
3
2
2
4
1
5
3
0
4
1
1
3
2
1
2
1
1
6
1
3
3
2
1
2
3
1
1
3
1
4
1
1
2
1
1
4
0
1
4
4
1
1
0
4
2
6
1
4
4
4
5
3
3
3
4
1
4
3
4
2
6
4
2
5
4
9
7
6
6
8
13
11
9
11
20
25
35
30
53
61
77
85
91
126
102
78
52
30
16
9
6
1
0
1
1
1
1
2
1
0
2
2
4
2
0
0
0
2
1
0
2
1
1
1
0
2
1
0
4
0
1
2
0
0
0
1
1
2
0
1
1
2
1
2
0
2
0
1
2
1
1
1
0
0
2
2
1
1
0
0
2
1
2
3
0
0
2
1
2
1
2
2
0
1
3
0
1
2
2
2
1
1
1
2
5
2
0
3
2
2
3
2
0
2
1
1
0
0
0
0
3
4
1
2
0
2
1
1
1
1
2
3
1
2
2
2
1
1
3
1
3
1
3
2
5
3
2
3
3
2
4
1
1
1
0
1
3
3
0
1
2
0
0
0
1
0
0
1
4
3
1
2
1
2
2
2
1
1
2
1
1
0
1
1
2
1
2
1
2
1
0
0
2
1
0
3
1
0
2
1
1
0
0
2
0
0
0
1
6
1
0
1
0
1
2
1
1
1
1
0
0
0
1
3
1
3
1
2
1
0
1
2
1
4
1
1
3
1
2
2
1
2
0
1
1
2
2
4
2
3
0
1
2
2
1
0
2
2
1
2
1
3
1
3
0
1
0
4
3
0
0
2
2
0
3
2
0
1
2
0
1
1
0
0
2
4
0
0
0
0
2
1
1
0
3
1
1
1
2
1
1
0
1
0
0
0
2
1
3
0
0
1
1
0
1
1
0
1
0
0
2
1
1
0
0
1
1
3
1
2
3
1
2
0
1
1
2
4
1
2
1
0
0
3
0
2
2
4
3
2
2
3
5
3
0
3
4
4
8
2
2
2
3
2
2
1
3
3
9
2
6
4
4
1
1
3
0
2
2
3
1
1
2
2
2
1
2
2
1
2
3
0
3
1
2
3
1
1
0
1
3
2
0
1
3
0
1
0
2
0
1
2
1
0
1
0
0
0
0
1
0
1
2
0
0
0
1
1
2
2
0
2
0
2
1
1
0
1
4
2
2
1
4
3
0
2
2
2
2
2
3
1
1
1
1
2
1
2
0
0
0
1
1
1
0
1
2
2
0
1
0
2
2
3
1
2
2
1
1
4
0
3
1
0
0
1
0
1
0
1
0
0
2
4
1
0
1
1
0
0
1
1
1
1
1
0
0
0
0
0
1
0
0
2
2
1
1
2
0
0
1
1
0
1
0
1
1
1
1
1
1
0
0
1
1
3
0
1
1
1
2
1
2
1
0
0
1
1
0
0
1
0
0
0
0
1
0
4
0
5
0
0
1
1
0
1
0
0
1
1
0
1
1
2
0
1
2
0
4
0
0
0
4
0
2
0
0
1
1
1
0
0
1
0
0
0
1
2
1
0
0
1
0
1
0
1
1
0
1
2
2
3
0
1
1
1
0
2
1
2
1
1
1
1
2
1
0
2
0
2
1
0
1
1
2
0
0
0
0
2
1
1
1
3
3
0
3
1
2
0
1
0
0
1
1
0
2
1
0
2
2
1
0
1
3
0
1
0
0
1
0
1
0
0
1
0
1
0
0
1
1
1
0
1
1
1
2
2
2
2
0
1
1
0
0
0
0
1
0
0
1
0
1
0
1
1
0
1
1
1
1
2
1
0
0
1
5
1
1
1
1
0
1
0
0
0
0
2
2
0
0
4
1
0
0
0
2
0
2
3
3
2
3
3
5
0
4
1
1
1
2
1
0
0
2
0
0
1
0
1
1
1
1
1
2
1
0
1
1
0
1
0
1
3
1
2
0
1
2
2
2
0
0
1
0
0
0
0
1
0
0
2
0
2
1
2
0
0
0
3
0
0
1
1
1
0
1
1
0
4
2
2
1
1
1
0
0
2
1
3
3
0
1
2
0
1
1
2
2
2
3
5
7
5
13
7
9
10
10
6
8
1
2
2
2
1
1
0
1
2
0
0
1
0
2
0
0
0
2
2
1
0
0
2
0
2
0
2
0
0
2
0
1
0
0
1
0
1
2
0
2
1
0
1
0
0
2
2
0
0
0
1
1
1
1
1
0
0
1
1
1
0
0
0
0
0
0
2
2
0
2
0
0
0
0
0
0
1
0
0
0
0
0
0
1
0
1
1
0
0
1
0
0
2
1
1
1
0
2
1
0
0
1
1
0
4
0
1
1
2
0
0
0
0
1
0
0
1
1
0
1
1
1
0
2
0
1
1
1
0
1
0
0
1
1
0
0
0
1
1
1
0
0
2
0
0
1
0
0
1
0
1
1
1
0
2
1
0
0
1
1
1
1
1
1
0
1
3
0
1
1
1
0
2
2
1
0
0
1
1
0
1
3
1
1
0
0
2
1
0
1
0
1
0
2
0
0
1
1
0
0
1
2
0
1
1
0
2
1
0
1
0
0
2
0
0
2
0
2
1
3
1
1
1
4
2
1
1
1
1
0
0
2
1
1
1
1
0
0
2
1
0
0
1
1
2
0
2
2
1
0
0
1
3
0
2
3
3
0
1
0
2
1
1
2
1
0
0
0
0
1
0
0
1
2
0
0
0
0
2
0
2
1
0
1
1
3
0
0
0
1
1
1
1
1
1
0
2
2
0
2
0
1
0
0
2
1
4
0
0
1
1
0
0
0
0
0
0
3
1
0
0
0
0
0
0
1
1
3
1
1
1
0
0
1
0
0
0
0
0
0
1
0
1
0
0
1
0
1
0
1
1
1
0
1
0
0
0
1
1
0
1
1
1
0
0
2
0
1
0
1
0
0
0
0
1
2
1
0
0
2
0
1
1
2
0
0
1
1
4
0
0
3
2
0
0
1
3
1
1
1
0
1
0
1
0
0
0
0
1
1
1
1
0
1
0
3
1
1
0
3
0
1
0
1
0
2
2
2
2
0
0
0
0
2
0
0
0
0
1
2
1
0
0
0
0
0
0
1
2
2
1
0
1
0
0
0
0
0
2
0
0
0
2
1
1
0
2
0
1
0
1
0
1
1
0
0
2
0
1
1
2
2
0
1
1
1
1
0
1
0
0
0
0
0
1
0
1
0
0
0
0
0
2
1
0
0
0
0
0
0
2
0
0
0
0
0
0
0
0
2
1
0
1
0
1
1
0
2
0
0
0
1
1
0
1
1
1
1
3
1
0
0
0
0
1
0
2
0
0
1
0
0
1
0
2
0
0
0
2
1
2
1
0
0
1
0
1
0
1
5
1
1
0
1
0
2
2
1
0
2
0
0
0
0
0
0
2
0
1
0
1
1
0
0
2
0
2
3
0
0
1
1
0
0
0
1
0
1
0
1
0
0
0
0
0
1
1
2
0
1
0
0
1
1
0
1
0
0
0
1
0
0
3
0
0
1
0
0
0
1
0
0
0
1
2
1
1
1
0
1
4
0
2
0
0
0
0
0
0
0
1
0
0
2
1
0
0
1
1
0
1
0
1
0
1
4
3
1
0
1
2
1
1
1
0
1
1
2
0
0
0
1
1
1
2
0
0
0
0
2
1
1
0
1
0
1
1
2
0
1
1
0
1
1
0
1
1
0
2
0
3
0
0
0
0
2
0
3
1
0
1
0
0
0
2
0
2
0
1
1
3
1
0
0
0
1
2
1
2
1
1
1
0
2
2
1
2
1
1
0
0
0
1
2
0
0
0
2
1
0
1
1
1
1
0
0
1
0
0
1
1
1
0
1
3
2
1
0
1
0
0
0
1
0
1
0
1
1
0
2
0
0
0
1
2
1
0
0
1
0
1
0
1
0
0
1
0
0
1
0
0
1
3
0
0
0
0
2
0
2
0
0
0
1
1
0
0
0
1
0
0
0
0
1
3
1
0
1
0
1
1
0
1
1
0
0
0
1
0
0
0
1
0
1
0
0
1
0
0
0
0
1
1
0
0
0
0
1
1
0
2
1
0
0
3
1
0
1
0
1
1
0
0
1
2
2
1
0
2
0
2
3
0
1
0
2
2
0
1
3
0
3
3
0
1
2
1
0
1
1
0
0
4
0
0
0
0
0
1
0
2
1
1
0
2
0
2
0
0
0
0
0
2
1
1
0
1
0
2
0
2
0
0
1
1
0
3
0
0
2
2
1
0
0
1
0
1
1
0
1
0
1
0
1
2
2
1
0
0
1
1
0
0
1
2
2
0
1
0
0
0
1
1
0
1
0
0
2
0
2
1
1
0
1
1
0
0
0
1
0
0
0
0
0
0
1
3
1
0
0
0
0
1
0
3
0
1
0
0
2
0
1
1
0
0
0
0
0
1
3
0
0
0
1
0
2
0
2
0
2
0
0
2
0
0
0
0
2
0
0
1
1
0
2
1
1
0
2
0
0
1
1
0
0
1
2
0
1
0
0
0
0
1
0
1
1
0
0
1
1
2
1
0
1
0
0
0
0
0
0
1
2
0
0
0
1
0
3
1
0
2
0
0
1
1
1
0
1
0
1
0
0
0
0
0
0
0
1
1
0
0
0
2
0
1
0
0
0
1
0
1
0
0
2
2
0
1
1
0
1
0
0
1
0
0
0
3
0
0
2
1
2
0
0
0
0
1
0
2
0
1
0
0
2
0
1
0
0
1
0
2
0
1
2
1
1
7
3
0
5
2
2
7
5
1
1
0
1
2
0
0
0
0
1
0
0
0
0
0
1
0
0
0
0
0
0
1
2
0
0
1
0
0
0
0
0
0
0
0
1
0
1
0
1
2
1
0
0
0
1
1
0
0
1
1
0
0
0
0
0
0
0
0
0
0
2
0
1
1
0
0
1
0
0
1
2
0
1
2
0
1
1
0
1
1
0
0
0
0
1
0
0
0
0
0
0
0
1
0
0
0
0
2
1
0
0
2
0
1
2
0
1
0
0
1
1
1
1
1
0
1
1
0
3
0
2
0
0
2
0
1
1
0
1
0
1
0
2
0
0
0
0
0
0
1
0
0
1
0
0
0
0
0
0
3
1
0
1
1
2
0
0
0
2
2
0
0
1
2
1
1
0
0
2
2
0
0
0
0
2
0
1
1
2
1
0
1
2
2
2
0
0
1
0
1
1
2
0
0
2
1
1
2
0
1
0
1
0
1
1
0
1
0
0
1
1
0
1
0
0
0
0
0
0
1
1
0
0
2
0
0
1
0
0
0
1
2
0
1
1
2
0
0
0
1
1
0
0
0
0
0
1
0
0
1
0
0
1
0
2
0
1
0
0
0
0
2
0
0
1
0
2
0
0
2
0
0
0
0
0
1
1
0
1
2
3
0
1
0
1
0
0
2
0
1
0
2
0
3
0
3
0
0
2
1
0
0
1
0
1
0
0
0
1
0
0
0
0
0
1
0
1
1
0
0
0
1
0
0
0
0
1
1
0
1
1
0
4
0
1
0
0
0
1
0
1
2
2
0
0
0
0
0
1
1
0
0
0
1
0
0
0
0
1
1
0
0
0
2
0
2
0
0
1
0
1
0
0
0
0
0
0
0
0
1
1
1
0
2
1
0
0
2
3
0
0
1
2
1
0
0
1
0
2
0
0
0
0
0
1
0
1
4
0
1
0
1
3
1
0
1
0
0
1
1
0
1
0
0
3
0
2
0
0
0
1
1
1
1
1
0
0
0
1
1
0
0
1
0
0
1
1
2
1
0
0
0
2
0
0
0
1
1
1
0
1
0
0
0
1
1
1
1
0
2
1
1
0
1
1
0
1
0
2
2
0
0
0
1
1
1
1
0
1
0
0
2
0
0
0
0
0
0
1
0
0
0
3
1
0
0
2
1
0
0
0
0
1
3
0
0
0
0
0
0
0
0
0
1
0
0
0
0
0
0
0
0
1
2
0
1
0
0
2
0
0
2
0
1
0
0
0
0
0
0
0
0
1
0
0
0
2
0
0
0
0
0
0
1
0
1
1
0
2
0
0
0
0
0
1
0
0
0
0
1
0
1
0
0
1
0
0
0
0
1
0
2
1
0
0
0
0
1
1
0
2
1
0
1
0
0
0
1
0
0
0
1
0
1
0
0
2
1
1
0
0
1
0
0
0
0
0
0
0
0
0
0
0
0
1
0
0
3
0
0
0
1
1
0
1
0
1
0
4
0
0
0
1
1
0
0
1
2
1
0
0
1
1
1
1
0
0
0
2
1
0
0
0
1
0
0
0
0
2
0
0
0
0
0
0
1
0
0
0
0
0
0
0
0
1
1
0
0
0
0
1
1
1
0
0
2
1
0
0
0
1
0
0
0
0
0
0
0
0
0
0
0
0
0
0
0
0
0
0
0
1
0
0
0
0
0
0
0
1
0
0
1
0
2
0
0
0
0
0
0
1
1
0
0
0
1
0
0
0
0
0
0
0
0
0
1
0
0
0
1
0
0
0
1
0
0
0
0
0
0
0
0
0
0
0
0
0
0
0
1
0
0
0
0
0
1
1
1
0
0
0
0
0
1
0
0
0
0
0
0
0
0
0
0
0
0
0
1
1
0
0
0
0
0
0
0
1
0
0
0
1
0
0
0
0
1
0
0
0
0
0
0
0
0
0
0
0
0
0
0
0
0
1
0
0
0
0
0
0
0
0
0
0
0
0
0
0
1
0
0
0
0
0
0
0
0
0
0
0
0
0
0
1
0
0
0
0
0
0
2
1
0
0
1
0
0
0
0
0
0
0
0
0
0
0
0
1
0
1
0
0
0
0
0
0
0
0
1
0
0
0
1
0
0
0
0
0
0
0
1
0
0
0
0
0
0
0
0
0
0
1
0
0
1
0
0
0
0
1
0
0
0
0
0
0
0
0
2
0
0
0
0
1
0
0
1
0
0
0
0
0
0
0
0
0
0
0
0
0
1
0
0
0
0
0
0
0
0
0
0
0
0
0
0
0
1
0
0
1
0
0
0
1
0
0
0
0
0
0
1
2
0
0
0
1
0
0
0
0
0
1
0
1
0
0
0
0
0
0
0
1
0
0
0
0
1
1
0
0
0
1
0
0
0
0
0
0
0
0
0
0
0
0
0
1
0
0
0
2
0
0
1
0
1
0
0
1
1
0
0
0
0
0
0
1
0
1
0
1
0
2
1
3
0
0
0
0
1
1
0
2
1
1
1
1
3
7
1
2
2
7
4
2
3
4
7
10
11
11
6
10
12
2
5
1
1
2
1
0
1
0
0
0
0
0
0
0
0
0
0
0
0
0
0
0
0
0
0
0
0
0
0
0
0
0
0
0
0
0
0
0
0
0
0
1
0
0
0
2
0
0
0
0
0
0
0
0
1
0
0
0
0
0
0
0
1
0
0
0
0
0
0
0
1
0
0
0
0
0
0
0
0
0
0
0
0
0
0
0
0
0
0
0
0
0
0
0
0
0
0
0
1
0
0
0
0
0
0
0
0
0
0
1
0
0
0
0
0
0
1
0
0
0
0
0
0
0
0
0
0
0
0
0
0
0
0
0
0
0
0
0
0
1
0
0
0
0
0
0
0
0
0
0
0
0
2
0
0
0
0
0
0
0
0
0
0
0
0
1
0
0
0
1
0
0
0
0
0
0
0
0
0
0
0
0
0
0
0
0
0
0
0
0
0
0
0
0
0
0
0
0
0
0
0
0
0
0
0
0
0
0
0
0
0
0
0
0
0
0
0
0
0
0
1
0
0
0
0
0
0
0
1
0
0
0
0
0
0
0
0
0
0
0
0
1
0
0
0
0
0
0
0
0
0
0
0
0
0
0
0
0
0
0
0
0
0
0
0
0
0
1
0
0
0
0
0
0
0
0
0
0
0
0
0
1
0
0
0
0
0
0
0
0
0
0
0
0
0
0
0
0
0
0
0
0
0
0
0
0
0
0
0
0
0
0
0
0
0
0
0
1
1
0
0
0
0
0
0
1
0
0
0
0
0
0
0
0
0
0
0
0
0
0
0
0
0
0
0
0
0
0
0
0
0
0
1
0
0
0
0
0
0
1
0
1
0
0
0
0
1
0
0
0
0
0
0
0
0
0
0
0
1
0
0
0
0
0
0
0
0
0
0
0
0
0
0
0
0
0
0
0
0
0
0
0
0
0
1
0
1
0
0
0
0
0
1
0
0
0
0
0
0
0
0
0
0
0
0
0
1
0
0
0
0
0
0
0
1
0
0
0
0
0
0
0
0
0
0
0
0
0
0
1
0
0
1
0
0
0
0
0
0
0
1
0
0
0
0
0
0
0
0
0
0
0
0
0
0
0
0
0
0
0
0
0
0
0
0
0
1
0
0
0
0
0
0
0
0
0
0
0
0
0
0
0
0
0
0
0
0
0
0
0
0
0
0
0
0
0
0
0
0
0
0
0
0
0
0
0
0
0
1
0
0
0
0
0
0
0
0
0
1
0
0
0
0
0
0
0
0
1
0
0
0
0
0
0
0
0
0
0
0
0
0
0
0
0
0
0
0
0
0
0
0
0
0
0
0
0
0
0
1
0
0
0
0
0
0
0
0
0
0
1
0
0
0
0
0
0
0
0
0
0
0
0
0
0
0
0
1
0
0
0
0
0
0
0
0
0
0
0
0
0
1
0
0
0
0
0
0
0
0
0
0
0
0
0
1
0
0
0
0
0
0
1
0
0
0
0
0
0
0
0
0
0
0
1
0
0
0
0
0
0
1
1
0
0
0
0
0
0
0
0
1
0
0
0
0
0
1
0
0
0
0
0
0
0
0
0
0
0
0
0
0
0
0
0
0
0
0
1
0
0
0
0
0
0
0
0
0
0
0
0
0
0
0
0
0
0
0
0
0
1
0
0
0
0
1
0
0
0
0
0
0
0
0
0
0
0
0
0
0
0
1
0
0
0
0
0
0
0
0
0
0
0
0
0
0
0
0
0
1
0
0
0
0
0
0
0
0
0
0
0
0
0
0
0
0
0
0
0
0
0
0
0
0
0
0
0
0
0
0
0
0
0
0
0
0
0
0
0
0
0
0
0
0
0
0
0
0
1
0
0
0
0
0
0
0
0
0
0
0
0
0
0
0
0
0
0
0
0
0
0
0
1
0
0
1
0
0
0
0
1
0
0
0
0
0
0
0
0
0
0
0
0
0
0
0
0
0
0
0
0
0
0
0
0
0
0
0
0
0
0
0
0
0
0
0
0
0
0
0
0
0
0
0
0
0
0
0
0
0
0
0
0
0
0
0
0
0
0
0
0
0
0
0
0
0
0
0
0
0
0
0
0
0
0
0
0
0
0
0
0
0
0
0
0
0
0
0
0
0
0
1
0
0
0
0
1
0
0
0
0
0
0
0
0
0
0
0
0
0
1
0
0
0
0
0
0
0
0
1
0
0
0
0
0
0
0
0
1
0
0
0
0
0
0
0
0
0
0
0
0
0
0
0
0
0
0
1
0
0
0
0
1
0
0
0
0
0
0
0
0
0
0
0
0
0
0
0
0
0
0
0
0
0
0
0
0
0
0
0
0
0
0
0
0
0
0
0
0
0
0
0
0
0
0
0
0
0
0
0
1
1
0
0
0
0
0
0
0
0
0
0
0
0
0
1
0
0
0
0
0
0
0
0
0
0
0
0
0
0
0
0
0
0
0
0
0
0
0
0
0
0
0
1
0
0
0
0
0
0
$ENER_FIT:
0.222 0.368232 -7.77405e-009 2.76362e-012 0.00000e+000
$MCA_CAL:
5
0.222 0.368232 -7.77405e-009 2.76362e-012 0.00000e+000
$PEAKLABELS:
161.250, "Am-241"
279.139, "Am-241"
268.176, "Am-241"
320.172, "Sum Peak"
339.546, "Am-241"
396.063, "Am-241"
7097.990, "Th-232(d),(Bkgd)"
3966.293, "K-40,(Bkgd)"
$ENDRECORD:
