$SPEC_ID:
PeakEasy Library File: Am-241 IdentiFINDER (LaBr3), 101 uCi @ 26 cm
$MEAS_TIM:
2294.00000 2320.00000
$DATE_MEA:
1-Oct-2013 10:26:13
$DATA:
0 1023
0
0
0
0
0
907
10071
21514
32354
24008
10784
13109
16341
17097
26524
49165
78801
132769
275758
451971
429997
214103
53359
7542
1913
1773
1735
1774
1827
1849
1880
1986
2148
2354
2338
2136
1910
1886
1801
1811
1765
1781
1777
1709
1698
1614
1610
1527
1499
1470
1415
1400
1364
1295
1293
1162
1220
1124
1169
1198
1132
1169
1055
1044
967
1001
963
958
917
854
844
814
833
843
792
777
749
711
724
696
704
625
562
550
507
528
459
481
475
478
464
453
399
401
420
387
409
426
418
390
365
339
343
312
347
328
322
320
303
315
272
302
284
321
346
294
304
280
309
247
248
226
223
210
229
243
209
219
193
189
230
192
186
191
218
184
183
186
190
196
198
178
174
193
181
168
170
160
151
151
164
177
155
165
168
139
164
145
152
152
134
143
149
150
146
147
165
137
130
155
150
168
146
141
124
152
143
117
140
142
130
129
122
118
123
125
122
128
115
133
137
144
140
145
151
161
149
130
134
145
130
142
164
151
120
126
124
129
101
120
98
114
90
96
77
97
101
94
102
85
97
89
104
100
104
100
91
103
91
82
90
80
86
82
82
88
68
93
74
84
78
74
83
77
82
71
86
71
91
69
74
71
68
85
72
72
74
73
65
71
105
82
103
84
117
110
86
100
108
104
118
99
106
103
98
100
106
88
110
95
86
99
100
106
96
104
89
96
84
97
103
93
90
90
87
89
87
82
91
89
110
90
99
98
81
93
105
107
98
80
86
81
83
85
78
79
100
75
92
96
70
77
69
78
88
72
76
70
82
67
72
70
71
60
81
51
65
67
67
62
53
57
33
55
47
52
49
54
50
47
57
44
52
52
49
54
43
50
63
40
41
57
62
49
48
55
51
64
70
59
57
65
67
65
59
53
59
54
63
66
45
57
58
53
59
44
55
53
47
54
63
49
70
51
67
65
57
65
43
53
37
51
45
65
59
45
51
45
52
53
46
56
54
40
37
49
30
42
29
38
35
23
29
34
29
28
22
26
31
23
27
19
15
21
15
9
20
22
16
12
19
12
20
17
15
13
13
19
19
12
7
7
8
12
15
11
13
13
17
13
17
12
10
13
19
12
14
17
19
26
28
26
31
47
38
49
60
74
80
88
92
106
106
141
139
136
148
127
143
160
145
151
139
149
106
104
81
58
59
50
35
30
24
22
19
9
12
11
8
8
8
8
4
6
6
6
10
5
7
4
8
7
4
6
4
8
4
9
6
6
5
10
6
7
10
8
2
5
5
9
5
6
3
6
9
6
7
8
6
1
6
3
3
4
4
3
4
5
2
3
3
5
6
4
5
3
6
2
3
5
4
8
7
6
9
12
7
8
9
5
8
9
6
7
10
9
14
10
12
5
5
10
10
8
7
8
6
5
8
5
4
11
8
6
11
8
3
8
17
9
6
6
7
12
6
13
4
7
8
6
4
11
12
5
11
11
13
12
11
12
13
12
13
11
12
8
11
18
12
18
12
16
21
20
17
18
15
16
15
7
16
17
14
19
22
19
19
21
20
15
15
23
17
13
16
19
29
15
24
21
21
18
20
17
19
23
26
30
29
27
20
22
28
29
32
22
19
23
20
21
21
20
17
17
24
21
20
9
8
17
16
30
13
21
16
16
21
15
15
18
13
16
14
10
14
16
15
12
13
17
13
17
21
12
13
17
16
19
20
15
13
18
21
17
20
12
17
19
17
13
21
16
28
23
20
19
25
30
17
18
24
28
20
16
23
22
19
24
23
18
20
15
17
27
22
21
25
25
23
20
22
23
19
7
13
15
13
10
26
16
13
15
13
11
14
13
24
23
12
20
18
14
18
15
12
16
17
18
17
18
21
13
16
9
11
15
10
10
10
10
8
11
9
9
7
5
9
4
9
6
8
8
5
4
10
9
10
7
3
8
9
6
11
7
4
6
8
11
6
8
8
5
10
7
5
11
12
7
11
14
9
2
9
11
12
11
9
12
10
10
15
4
19
12
13
12
13
6
11
12
19
13
11
15
16
12
15
15
19
8
19
14
12
16
18
22
15
19
19
13
10
13
10
17
16
10
9
11
7
8
12
6
7
5
7
5
5
4
4
3
1
1
3
1
0
2
2
0
1
0
0
1
2
1
2
1
1
1
2
0
0
1
1
1
1
0
0
0
1
0
0
0
0
2
0
0
0
0
0
1
0
0
0
0
2
0
0
0
0
0
0
0
1
0
0
1
0
0
0
0
0
1
0
1
0
1
0
0
0
1
0
1
0
0
0
1
0
0
0
0
0
0
0
0
0
0
0
0
0
0
0
0
0
0
0
0
0
0
0
0
0
0
0
0
0
0
0
0
0
0
0
0
0
0
$ENER_FIT:
3.728 2.880915 4.30155e-004 -3.84337e-007 0.00000e+000
$MCA_CAL:
5
3.728 2.880915 4.30155e-004 -3.84337e-007 0.00000e+000
$PEAKLABELS:
18.893, "Am-241"
7.992, "Am-241"
33.358, "Am-241"
113.584, "Am-241"
222.836, "Am-241"
881.575, "Th-232(d),(Bkgd)"
487.661, "K-40 (Bkgd),La-138"
$ENDRECORD:
