$SPEC_ID:
PeakEasy Library File: Am-241 Interceptor (CZT), 101 uCi @ 24 cm
$MEAS_TIM:
2284.70000 2285.10000
$DATE_MEA:
1-Oct-2004 00:35:35
$DATA:
0 1023
0
0
0
0
0
0
0
0
0
0
0
0
0
0
0
0
0
0
0
0
292
670
656
702
652
511
440
424
422
523
617
773
943
1164
1446
1726
2419
3389
4546
5015
4535
3473
2010
920
345
104
28
35
28
25
25
29
26
24
23
29
22
18
32
29
23
27
37
39
32
32
34
37
31
21
31
29
30
21
30
27
24
20
17
21
25
26
20
25
23
23
24
17
23
22
22
16
17
13
21
17
15
17
19
17
16
16
16
15
13
23
18
18
18
11
14
12
8
8
14
8
6
15
9
14
10
11
5
9
15
13
12
15
12
4
10
5
10
4
3
6
9
5
5
6
7
6
12
8
10
4
4
3
3
3
7
5
5
7
4
8
4
6
3
3
3
3
10
4
3
3
4
5
2
6
3
2
1
3
4
3
1
3
5
1
6
4
5
0
5
4
5
3
6
2
5
3
1
1
4
4
2
3
1
5
0
2
1
2
3
1
1
2
0
0
0
4
2
1
0
1
0
0
1
3
3
1
1
0
4
1
2
1
3
1
3
2
2
5
3
0
1
2
0
0
0
1
0
2
0
0
0
2
1
0
2
2
0
2
1
1
1
0
0
0
2
0
0
0
2
3
0
2
1
2
3
3
1
2
0
0
1
0
1
0
1
0
0
1
0
2
2
1
0
0
2
1
1
2
1
0
0
1
2
0
1
0
0
1
1
2
1
1
0
0
0
0
0
0
1
0
1
1
0
1
0
0
1
0
1
0
0
0
0
2
0
1
0
0
0
1
2
1
0
0
1
0
2
0
0
1
1
0
0
0
1
1
0
1
0
0
1
3
0
0
0
2
0
0
0
0
1
1
0
0
0
1
1
0
0
1
1
0
2
0
0
0
1
0
0
0
2
1
0
0
1
1
0
0
1
1
1
0
1
1
0
0
0
0
0
1
0
0
1
0
0
2
1
1
0
0
1
0
0
0
0
0
0
0
0
1
0
1
0
1
0
0
0
0
0
0
2
0
0
0
0
0
0
0
0
0
0
0
0
0
0
0
0
1
1
2
0
0
0
1
1
0
1
0
0
0
0
1
0
0
0
2
0
0
0
0
0
1
0
0
0
0
0
0
1
0
1
0
1
0
0
0
0
0
0
0
0
0
0
1
1
0
0
0
1
1
0
0
0
1
0
1
2
0
1
0
0
1
0
1
1
0
0
1
0
0
0
0
0
0
1
0
0
2
0
1
0
0
0
0
0
0
0
0
0
0
0
0
0
0
0
0
0
0
0
1
1
0
0
0
0
0
2
0
0
0
0
0
0
0
0
0
0
0
0
0
0
1
0
1
0
0
0
0
0
0
0
0
1
0
0
0
0
0
0
0
0
0
0
0
0
0
0
1
0
0
0
0
0
0
0
0
0
0
0
1
0
0
0
0
0
0
0
0
0
1
0
0
0
0
0
0
0
0
0
0
0
0
1
0
0
0
0
0
0
0
0
0
0
0
0
0
0
0
0
0
1
0
0
0
0
0
0
0
1
0
1
0
0
0
0
1
1
1
0
0
0
1
0
0
1
0
0
0
0
0
0
0
0
0
0
0
0
1
0
0
0
0
0
1
0
0
0
1
0
0
0
0
0
1
0
0
0
0
1
0
0
1
0
0
1
0
1
0
1
0
0
0
1
0
0
0
0
0
0
0
0
0
0
0
0
0
0
0
0
2
0
0
0
0
1
0
0
0
0
0
0
0
0
0
0
0
0
0
0
0
0
0
0
0
0
1
0
0
0
0
0
0
0
0
0
0
0
0
1
0
0
0
0
0
0
0
0
0
0
1
0
0
0
1
1
0
0
1
0
2
0
0
0
0
0
0
0
0
0
0
0
0
0
0
0
0
0
0
0
0
0
0
0
0
0
0
0
0
0
0
0
0
0
0
0
0
0
0
0
0
0
0
0
0
1
0
1
0
0
0
0
0
1
0
1
0
0
0
0
0
0
0
0
0
0
0
1
0
0
0
0
0
0
0
0
0
0
0
0
0
0
0
0
0
0
0
1
0
0
0
0
0
0
0
0
0
0
0
0
0
0
0
0
1
0
0
0
0
0
0
0
0
0
0
0
0
0
0
0
0
0
0
0
0
0
0
0
0
0
0
0
0
0
1
0
0
0
0
0
0
0
0
0
0
0
0
0
0
0
0
0
0
0
0
0
0
0
0
1
0
0
0
1
0
0
0
0
0
0
0
0
0
0
0
0
0
0
0
0
0
0
0
0
0
0
0
0
0
0
0
0
0
1
0
0
0
0
0
0
0
0
0
0
0
0
0
0
0
1
0
0
0
0
0
0
0
0
0
$ENER_FIT:
-6.120 1.687845 -1.85489e-004
$MCA_CAL:
3
-6.120 1.687845 -1.85489e-004
$PEAKLABELS:
39.076, "Am-241"
63.915, "Am-241"
$ENDRECORD:
