$SPEC_ID:
PeakEasy Library File: Am-241 IdentiFINDER (NaI), 101 uCi @ 23 cm
$MEAS_TIM:
2256.00000 2256.00000
$DATE_MEA:
1-Oct-2013 08:09:13
$DATA:
0 1023
0
0
0
0
0
252
13508
28771
44134
57894
57044
37705
19682
15987
24954
44971
79351
135577
230358
348940
405088
332522
184613
71979
21739
6907
3485
2822
2679
2688
2833
3050
3115
3290
3247
3123
3013
2990
2913
2911
2759
2616
2628
2532
2471
2320
2311
2219
2221
2307
2188
2142
1991
2011
2022
1987
1924
1796
1748
1723
1744
1714
1603
1565
1489
1506
1478
1389
1392
1276
1289
1325
1216
1292
1204
1195
1208
1191
1174
1113
1190
1083
999
930
958
904
800
799
761
795
771
751
678
689
710
710
668
666
653
596
618
580
579
586
521
502
520
505
499
486
503
491
505
504
456
474
459
453
411
404
358
382
349
356
321
311
302
330
284
279
303
300
266
283
251
277
251
252
255
251
226
231
208
193
238
224
228
228
212
211
196
189
200
198
222
197
203
179
193
160
207
204
194
190
185
185
179
198
180
185
186
172
166
173
170
141
157
159
162
156
142
148
161
166
159
154
168
159
163
141
162
174
171
144
163
162
169
148
154
140
140
159
150
164
134
135
141
126
129
119
108
112
106
108
98
94
94
93
85
90
92
98
96
84
89
98
79
83
66
78
91
69
81
79
93
87
93
92
87
89
88
89
80
72
74
80
64
86
73
67
74
96
85
77
85
79
75
72
66
77
78
60
88
66
67
75
74
77
67
71
85
72
71
69
68
60
51
60
71
48
63
73
52
63
61
60
54
60
81
65
64
56
68
66
63
59
76
61
82
72
61
56
62
60
60
70
59
63
66
61
50
56
64
70
66
58
68
59
62
47
50
58
53
64
58
53
55
49
47
49
45
47
43
54
58
53
54
42
42
38
44
44
39
39
38
50
49
45
51
42
41
44
47
43
47
31
35
53
59
49
46
53
48
49
52
53
54
49
55
36
54
48
53
64
46
47
46
49
50
44
42
45
44
51
42
45
44
44
31
43
40
41
44
37
37
33
41
32
33
35
33
37
40
31
28
36
29
27
29
38
29
25
33
35
25
33
36
23
23
19
19
28
25
19
24
19
23
31
22
20
16
18
14
22
26
14
12
14
19
15
15
17
15
20
20
11
18
22
25
23
22
19
19
15
22
23
19
20
24
19
39
25
18
38
32
30
43
32
54
37
47
57
60
59
63
54
75
65
75
68
66
63
59
62
59
64
60
51
40
59
34
39
27
39
35
25
24
22
20
22
18
21
13
21
14
11
14
19
13
9
6
12
14
15
5
8
12
13
9
13
14
10
10
14
16
9
14
9
13
7
6
3
7
7
10
9
6
6
7
9
12
10
9
8
5
4
2
8
3
4
10
4
7
12
6
1
6
6
9
7
6
5
7
3
6
4
10
5
8
6
10
10
5
9
11
11
13
9
11
7
8
13
9
12
9
8
5
9
13
9
6
4
6
8
3
5
6
5
10
5
4
8
6
5
6
9
4
3
5
4
2
3
5
3
6
4
4
3
3
11
7
8
4
5
4
0
2
1
2
2
4
7
6
4
3
2
9
1
6
3
1
2
4
3
4
3
4
0
4
3
4
4
4
7
4
4
5
5
4
2
1
6
7
5
5
3
2
3
5
1
1
1
5
6
6
1
5
5
4
5
3
2
6
3
1
3
6
3
3
3
4
2
4
3
5
2
5
5
3
3
2
3
3
4
5
2
5
5
6
2
7
7
8
4
2
0
6
2
3
4
3
2
4
2
5
1
5
5
2
3
4
6
7
2
4
3
4
2
1
4
5
6
5
4
2
0
0
3
0
1
1
6
3
7
5
4
3
4
5
4
4
5
3
3
2
3
1
5
1
4
4
0
0
0
2
3
2
0
3
2
2
0
1
1
5
1
1
1
1
0
3
2
0
3
1
0
4
4
2
1
2
2
1
2
1
1
3
0
2
3
1
1
2
0
0
1
0
0
0
0
0
0
0
2
0
0
0
0
1
3
3
0
1
2
0
2
1
0
1
1
2
1
4
2
2
4
0
3
3
5
3
1
3
6
4
4
6
6
5
6
5
4
5
4
3
4
2
5
4
5
4
4
7
4
5
5
3
0
5
1
3
5
4
1
4
3
4
2
3
0
1
5
2
2
0
0
0
0
0
1
0
0
0
0
1
0
0
3
0
1
1
0
0
2
0
0
0
0
0
0
0
0
0
0
0
1
0
0
0
0
0
0
1
0
1
1
0
0
1
2
1
0
0
0
0
1
1
1
0
0
0
0
0
0
1
0
0
0
0
1
1
0
0
1
0
0
1
0
0
0
2
0
0
0
0
0
0
0
0
0
0
0
0
0
1
0
0
0
0
1
2
0
0
0
0
1
0
0
0
0
0
0
0
0
0
0
0
0
2
0
0
0
0
1
0
0
0
0
0
1
0
0
0
0
$ENER_FIT:
-1.643 3.092037 -8.04457e-005
$MCA_CAL:
3
-1.643 3.092037 -8.04457e-005
$PEAKLABELS:
19.991, "Am-241"
9.404, "Am-241"
33.909, "Am-241"
864.353, "Th-232(d),(Bkgd)"
480.270, "K-40,(Bkgd)"
$ENDRECORD:
