$SPEC_ID:
PeakEasy Library File: Se-75, IdentiFINDER (NaI), 7.3 uCi @ 20 cm
$MEAS_TIM:
60000.00000 60337.00000
$DATE_MEA:
16-May-2011 16:19:56
$DATA:
0 1023
0
0
0
0
24917
86456
98532
120960
142994
157134
172400
189444
205202
216189
224886
226872
230574
247905
281576
323728
376390
453998
549906
653838
750913
808372
850625
916881
1022068
1146508
1258298
1335915
1356469
1303022
1220300
1166009
1196745
1370564
1636219
1881401
2036427
2182419
2498805
2875769
3086210
2951537
2453842
1808981
1232733
828256
598569
478819
422854
392159
372731
356625
343441
331602
323233
315637
312160
310037
309814
309862
308078
303458
293767
282616
269841
259522
250947
244887
240619
238419
237233
235589
237046
245567
269092
316410
393576
513617
673473
868687
1071604
1259667
1409761
1487284
1497110
1430267
1305331
1149406
973957
803840
637397
492711
374830
275388
199651
143013
103585
77248
59533
48069
39460
33905
29233
26351
23912
22283
21478
20767
20212
19781
19720
19557
19402
19798
20333
21268
23429
26528
32013
38946
48234
59060
71632
84828
97063
108480
117274
122884
124367
121148
114393
103714
91177
77323
63476
50350
38461
29068
21890
16482
12352
9698
7979
6802
6063
5560
5391
5053
4919
4782
4594
4521
4571
4406
4341
4292
4340
4329
4193
4234
4212
4132
4204
4136
4143
4116
4093
3936
3802
3724
3842
3592
3572
3554
3509
3386
3465
3488
3498
3417
3369
3562
3722
3699
3652
3667
3700
3648
3871
3795
3740
3802
3874
3742
3605
3713
3612
3511
3403
3271
3269
3138
2938
2873
2818
2654
2529
2440
2441
2356
2238
2220
2198
2098
2101
2039
2108
2038
2008
2008
1972
1970
2011
1973
1963
1932
1916
1858
1864
1906
1925
1937
1927
1877
1892
1837
1799
1825
1811
1681
1790
1737
1800
1813
1732
1714
1739
1732
1735
1684
1667
1631
1697
1711
1681
1641
1679
1613
1574
1635
1575
1566
1540
1484
1488
1456
1492
1526
1537
1439
1438
1413
1426
1371
1464
1436
1423
1448
1415
1384
1427
1467
1323
1421
1424
1359
1412
1366
1389
1435
1453
1426
1425
1430
1392
1450
1468
1483
1462
1507
1442
1452
1468
1460
1406
1440
1442
1393
1333
1346
1316
1397
1303
1324
1337
1312
1291
1295
1284
1252
1353
1207
1171
1200
1165
1136
1147
1080
1100
1031
1028
1082
1066
1004
982
976
1000
993
993
1007
962
1023
1009
967
986
991
1004
1002
978
1007
981
970
984
996
1045
1023
1074
1124
1162
1096
1091
1065
1131
1113
1094
1104
1057
1093
1138
1079
1024
1058
1064
1045
1012
1012
994
1047
962
956
933
956
946
954
926
859
870
881
921
877
828
859
809
873
814
767
799
732
763
776
805
683
719
666
675
673
687
649
645
600
592
645
585
590
555
522
529
533
496
530
511
501
478
476
479
505
470
447
453
461
456
420
415
417
407
406
387
397
411
391
412
437
413
413
424
441
449
434
430
424
430
435
465
491
522
519
520
590
635
597
681
699
810
834
835
932
967
999
1107
1185
1220
1260
1261
1311
1310
1340
1400
1413
1463
1387
1311
1327
1216
1274
1229
1134
1027
955
942
829
777
704
730
616
597
548
488
478
437
420
406
337
343
303
330
305
302
302
279
264
252
281
268
268
278
271
247
243
286
264
257
263
249
240
228
226
220
206
220
219
212
181
182
208
181
168
208
192
162
184
171
179
159
162
181
179
180
156
160
154
167
166
153
158
172
177
168
171
168
162
186
191
188
204
183
192
208
195
199
190
225
220
203
220
210
219
228
227
220
205
219
194
199
195
198
199
194
177
177
171
172
173
169
172
165
159
154
131
153
145
140
171
130
144
157
127
150
135
108
150
132
115
141
126
122
140
133
117
106
104
123
102
104
116
124
118
103
98
113
104
87
103
94
107
109
109
126
101
107
99
99
97
111
97
88
82
89
94
87
83
81
93
99
81
101
76
81
90
95
98
92
88
81
91
99
101
79
100
83
89
98
106
106
102
99
89
104
104
108
93
117
110
131
118
108
113
114
128
125
115
93
137
125
144
132
134
125
128
118
108
117
133
145
141
132
129
119
120
111
132
121
124
115
108
118
100
112
104
105
104
104
103
128
108
119
97
109
109
105
97
104
104
109
105
92
105
95
97
101
111
84
99
100
92
98
83
91
84
103
84
96
98
86
88
94
94
88
90
77
89
78
87
81
74
88
89
81
77
77
74
73
89
74
71
74
72
73
60
61
58
58
67
57
66
58
70
50
54
51
40
50
51
45
55
51
51
42
46
48
38
34
44
44
43
37
34
40
38
38
36
45
39
39
42
34
36
35
39
31
28
33
31
31
32
35
40
27
33
33
32
46
34
38
42
42
38
53
53
62
50
71
64
61
62
71
79
78
86
79
100
92
105
108
104
118
115
116
120
110
115
109
114
136
123
128
117
108
98
111
106
94
81
92
96
79
74
63
50
54
68
58
56
47
43
42
47
40
33
28
35
24
24
19
28
22
20
25
22
24
22
16
16
19
20
18
20
15
15
16
7
14
25
20
18
16
10
11
14
16
15
11
8
15
14
11
11
13
17
15
13
10
18
14
10
9
17
9
13
14
7
19
11
10
20
14
14
8
7
13
9
10
13
9
17
10
14
10
13
9
11
11
16
8
8
7
17
9
11
7
8
13
14
13
13
16
18
12
12
15
12
15
16
11
8
10
8
13
9
6
8
6
12
6
9
6
11
12
5
11
8
7
11
12
9
5
9
10
11
7
15
7
9
11
10
6
14
10
7
6
10
$ENER_FIT:
-0.189 3.061158 -4.39422e-005
$MCA_CAL:
3
-0.189 3.061158 -4.39422e-005
$PEAKLABELS:
44.294, "Se-75"
87.469, "Se-75"
30.989, "Se-75"
64.596, "Se-75"
131.925, "Se-75"
482.333, "K-40, (Bkgd)"
864.602, "Th-232(d), (Bkgd)"
$ENDRECORD:
