$SPEC_ID:
PeakEasy Library File: Se-75, Detective (HPGe), 7.3 uCi @ 30 cm
$MEAS_TIM:
60000.00000 61433.00000
$DATE_MEA:
5/16/2011 5:02:49 PM
$DATA:
0 8191
0
0
0
0
0
0
0
0
0
0
0
0
0
0
0
0
0
0
0
0
0
0
0
0
0
0
0
0
0
0
0
0
0
0
0
0
0
0
0
0
0
0
0
0
0
0
0
0
0
0
0
1
0
1
0
0
0
0
1
0
1
0
0
2
0
3
2
1
0
1
4
1
1
2
6
3
14
18
27
1068
19833
44450
46741
46004
45737
45558
45419
44992
44778
43695
44384
43977
43406
43375
42569
42478
41772
41770
41351
41189
40929
40609
40121
39856
39774
39255
38937
38536
38110
37714
37670
37097
36917
37209
36311
36097
36435
36080
35974
35500
35254
35173
34675
34654
34538
34025
33776
33031
32844
32291
31673
31440
31103
30983
30581
30426
30141
30219
29994
30071
29830
29541
29720
29769
29579
29837
30030
29738
30162
29932
30009
30298
30422
30765
30532
30488
30789
30920
31253
31327
31582
31910
31992
32182
32248
32289
32583
33125
33443
33903
34031
34255
34777
35229
35577
36523
38994
41385
45787
49222
51790
51633
51110
49943
50400
52776
55255
55453
53266
48544
44871
42262
40953
40598
41058
41573
41836
42228
43116
43707
43448
44278
44986
45241
45964
46246
46371
46961
48005
50616
52771
54004
54143
52915
51328
50959
50384
50904
51154
51234
51366
51430
51283
52146
52656
53927
53937
55012
56206
56570
57280
57682
58718
58961
59687
60852
61357
62998
64656
66498
68296
71156
72489
74386
75856
76601
77059
77325
77604
77361
77195
77629
77473
77004
77320
77073
77001
77732
80813
86735
97521
113193
124604
125597
117124
101536
87029
77416
73367
72010
71403
70504
70691
70591
69747
69865
70023
69668
70123
69732
69241
69227
68863
68958
68794
68874
68807
69437
68702
68781
68176
68565
68534
68170
68629
68908
69085
68467
68701
69550
69061
69019
69221
69629
69469
69787
70177
70713
70809
71100
71478
71574
71956
71969
72042
72746
73002
73006
73532
73321
73984
74811
75873
80572
93559
123968
180156
261592
337470
371743
340521
263468
180911
119680
86855
73003
68316
67623
67217
67354
67902
68073
68480
68729
69729
69868
70634
71110
72062
72593
73680
74825
75890
76932
77804
79242
80103
80786
81895
82188
82164
83147
85676
93525
117386
180890
318862
550223
834621
1049496
1075298
893871
606770
344080
174121
90029
56705
45963
42653
41920
41447
40860
40747
40278
39812
39381
38979
39027
38835
38305
37742
38050
37142
37439
36757
36706
35801
36140
34959
35161
34749
34529
34174
33556
33415
33064
33232
32953
32486
32289
32032
31660
31671
31172
31179
30892
30644
30539
30294
30012
30400
30361
29720
30013
29628
29391
29276
29418
29060
28688
28874
28749
28265
28042
28203
27777
27477
27580
27166
26759
26852
26556
26086
25911
26021
25837
25408
25613
25217
25118
24847
24616
24338
24379
24244
24009
23855
23368
23454
23201
22949
22735
22804
22615
22643
22323
22203
21965
21889
21886
21433
21399
21348
21353
21051
20932
20789
20606
20469
20415
20055
20150
20168
19848
19985
19327
19669
19562
19536
19621
19330
18988
18977
19164
18797
18806
18676
18580
18669
18376
18563
18437
18301
18215
18158
18358
18249
18337
18352
18006
17696
17965
17611
17360
17538
17277
17249
17155
17233
17279
16923
17180
17436
16915
16930
16855
16779
16724
16684
16603
16681
16539
16818
16728
16886
17207
18901
22008
27480
32682
36858
36953
32855
27268
21774
18313
16811
16234
15762
15603
15815
15585
15619
15507
15488
15433
15429
15291
15418
15371
15157
15405
15339
15303
15452
15297
15157
15416
15139
15254
15262
15526
15240
14960
15104
15006
15045
14981
15099
15068
14750
14844
14827
14895
14794
14906
14923
14720
14545
14590
14962
14692
14761
14742
14965
14819
14756
14607
14783
14657
14874
14585
14545
14562
14562
14607
14648
14696
14365
14501
14432
14594
14547
14503
14380
14354
14466
14322
14338
14243
14291
14162
14426
14368
14232
14118
14154
14136
14201
14191
14076
14257
14155
14109
13989
14015
14068
14113
13897
13951
13855
13821
13827
13893
13923
14109
14293
14632
15145
15545
15400
15465
14695
14347
13806
13938
13807
13820
13892
13791
13623
13519
13344
13098
13339
12934
13019
12885
12965
12833
12729
12861
12782
12726
12805
12771
12473
12469
12803
12533
12539
12635
12718
12558
12606
12504
12588
12496
12665
12655
12711
12718
12543
12780
12550
12678
12700
12787
12745
13115
12983
12850
13124
13131
13151
13366
13231
13237
13303
13660
13887
13895
14774
17408
25508
47385
97795
194107
339060
500871
613880
621098
517319
353718
199359
96227
40485
17050
8605
6117
5542
5411
5494
5444
5478
5634
5571
5554
5474
5398
5416
5480
5406
5554
5484
5490
5567
5530
5519
5582
5692
5729
5899
6580
8288
13754
27641
55760
104371
167131
225945
252282
233588
177357
111698
58417
26907
11297
5147
3118
2490
2413
2369
2447
2342
2279
2422
2216
2296
2350
2297
2278
2178
2188
2241
2227
2178
2284
2176
2189
2228
2217
2111
2065
2148
2256
2166
2192
2199
2262
2381
2532
2796
2963
2988
2891
2661
2343
2233
2123
2077
2031
2002
2061
2123
2137
2130
2127
2193
2050
2120
2309
2734
3898
5822
8769
11532
13494
13276
11389
8232
5372
3539
2363
2069
1846
1772
1719
1728
1817
1763
1779
1753
1707
1735
1765
1765
1809
1678
1675
1713
1677
1706
1702
1669
1728
1729
1627
1652
1689
1656
1721
1683
1553
1709
1682
1619
1620
1638
1634
1604
1727
1647
1518
1524
1635
1638
1580
1635
1675
1545
1673
1606
1587
1522
1665
1616
1525
1586
1581
1651
1671
1704
1707
1710
1640
1622
1558
1625
1593
1568
1543
1540
1505
1505
1579
1531
1479
1583
1515
1526
1413
1481
1505
1520
1520
1501
1533
1695
1776
1847
1835
1973
1732
1641
1570
1517
1459
1458
1474
1380
1489
1454
1463
1462
1440
1405
1442
1438
1391
1363
1386
1420
1365
1435
1428
1375
1381
1428
1370
1397
1391
1484
1539
1733
2026
2338
2752
2955
2881
2526
2171
1759
1570
1373
1342
1327
1341
1352
1262
1301
1277
1271
1279
1271
1282
1279
1275
1415
1299
1362
1343
1259
1265
1330
1170
1323
1288
1284
1260
1304
1301
1277
1311
1262
1262
1210
1260
1266
1264
1273
1229
1244
1259
1204
1211
1251
1285
1271
1224
1198
1179
1243
1297
1232
1221
1199
1272
1127
1198
1249
1275
1235
1224
1243
1208
1236
1208
1249
1234
1273
1194
1231
1164
1201
1232
1202
1179
1209
1192
1191
1187
1249
1206
1195
1219
1292
1214
1219
1246
1265
1218
1274
1240
1294
1196
1232
1233
1290
1249
1206
1285
1280
1282
1281
1202
1248
1200
1254
1330
1254
1314
1306
1325
1381
1314
1316
1329
1418
1326
1330
1470
1528
1861
2899
5330
10918
21261
36274
54536
69427
74280
67860
50878
32817
17761
8378
3638
1650
988
784
664
677
683
668
756
682
706
678
707
708
692
654
737
707
721
699
677
706
685
696
667
688
655
637
699
667
699
671
672
629
642
650
613
665
705
651
641
664
679
685
741
690
702
664
673
628
643
596
621
590
588
611
622
592
622
656
628
584
606
597
610
619
623
611
624
626
588
609
584
593
568
616
631
589
560
568
551
575
565
610
574
582
549
543
565
569
588
559
547
580
581
633
593
631
643
610
611
575
534
534
564
543
525
559
524
545
494
564
544
586
568
588
483
567
563
534
551
552
531
557
553
571
530
584
555
536
567
504
519
499
526
552
543
524
584
496
511
545
534
536
496
493
536
540
559
534
527
518
488
497
502
517
536
518
546
552
548
628
637
645
593
637
617
570
535
558
525
563
487
469
497
494
498
511
525
460
472
468
513
471
500
510
492
498
485
467
498
459
514
532
489
472
457
511
495
478
463
473
481
454
497
476
491
461
553
481
470
471
497
491
477
507
471
479
472
428
496
468
462
391
461
503
448
488
475
470
480
459
464
474
425
475
436
476
452
438
467
459
457
456
485
469
445
458
474
478
448
483
429
456
425
415
456
405
436
425
438
448
462
427
429
432
429
423
434
452
445
482
452
445
446
440
466
435
425
410
420
467
410
466
456
449
480
498
513
610
650
751
853
929
952
940
811
744
692
602
545
483
475
465
474
407
437
411
444
422
423
412
421
407
425
424
380
432
447
392
412
377
365
419
369
395
394
378
389
402
392
438
391
382
408
409
399
412
419
379
422
396
426
392
407
403
373
408
376
361
400
405
419
436
364
383
386
419
429
402
388
392
414
403
360
382
393
359
398
446
404
366
401
382
371
381
394
376
353
386
407
409
391
383
344
412
373
382
377
382
389
363
323
405
403
375
388
395
381
399
380
383
393
359
389
367
344
375
379
322
375
373
363
398
349
356
370
391
388
369
353
391
383
365
390
351
402
353
350
364
373
353
346
369
375
395
363
365
383
398
360
341
344
398
351
388
330
364
368
361
342
322
356
369
382
359
405
390
403
429
464
477
551
531
471
460
409
342
370
357
354
352
359
365
383
352
372
363
383
351
386
337
383
371
349
423
492
584
715
885
1030
1164
1134
944
777
557
436
400
328
325
324
340
318
322
332
332
334
343
343
342
342
344
346
334
327
354
331
327
319
335
310
314
311
339
340
321
327
341
370
328
348
311
326
314
335
335
299
326
365
332
304
299
330
308
305
322
341
316
295
340
344
327
269
340
375
356
373
525
715
948
1279
1509
1585
1568
1392
1093
819
520
409
344
314
314
274
310
326
259
298
300
304
276
275
304
299
286
290
329
299
306
281
283
294
306
282
298
333
308
275
329
320
285
279
270
251
287
282
274
285
304
280
269
275
264
308
301
290
289
293
288
319
277
288
269
287
323
282
268
286
271
270
277
296
285
301
302
267
314
263
255
251
301
259
306
266
285
269
288
269
293
304
260
287
274
297
266
290
284
248
280
276
269
285
263
246
259
287
284
287
290
288
257
266
287
296
254
260
247
292
299
275
255
283
253
292
299
270
294
261
276
265
301
272
285
291
275
257
262
264
268
269
290
276
278
259
290
265
261
256
268
286
273
270
314
291
305
308
316
285
302
309
293
263
275
281
277
283
273
272
273
277
271
245
232
278
243
258
271
280
294
269
267
230
238
248
267
272
274
289
244
263
262
246
267
257
263
252
247
267
263
232
231
244
253
252
281
261
250
250
279
283
255
263
278
249
253
259
265
262
261
277
245
235
266
250
258
236
285
252
286
256
217
242
245
253
253
253
263
259
263
260
283
250
280
251
235
254
238
264
243
260
244
267
251
268
231
260
259
251
271
266
240
274
279
266
272
279
230
249
222
236
239
227
261
245
263
250
245
252
216
246
241
250
231
276
243
264
254
257
249
242
245
244
227
243
246
253
220
247
229
255
255
251
254
287
273
221
241
244
255
227
259
199
244
248
240
222
239
260
257
253
293
285
338
403
381
356
377
323
312
275
277
244
252
216
234
227
233
231
243
248
208
234
247
216
239
247
206
233
237
221
250
229
232
218
221
228
248
208
224
208
237
241
230
241
231
208
224
234
234
236
233
206
208
205
241
242
192
244
216
206
216
232
225
235
205
234
237
197
254
232
227
227
241
228
243
234
253
238
229
223
242
233
230
238
232
214
247
224
205
209
235
196
194
198
246
230
222
222
213
230
207
219
218
227
220
244
209
215
232
234
239
287
274
277
324
317
293
335
306
296
256
206
249
213
212
222
257
233
246
208
225
252
223
206
171
190
217
191
217
222
213
192
210
202
185
235
203
198
213
200
215
204
204
245
225
195
226
228
204
215
207
245
260
277
256
270
229
217
232
215
225
220
194
187
220
213
194
211
192
193
199
218
203
237
231
245
234
272
288
247
272
275
250
225
232
178
194
194
197
206
216
203
200
205
187
238
179
204
189
195
175
224
195
205
200
208
246
211
248
227
229
229
201
195
182
206
187
185
175
180
213
215
191
203
179
202
170
184
183
193
168
184
223
188
166
184
191
205
205
211
189
219
166
211
183
189
167
200
201
213
199
198
211
196
184
173
207
171
222
178
195
226
201
201
190
177
184
194
193
211
207
179
184
214
178
201
188
184
221
219
193
187
190
165
196
227
170
199
210
234
218
220
224
169
205
181
200
206
191
176
176
234
207
192
181
177
194
179
182
191
206
169
166
181
176
178
180
181
182
189
201
183
180
195
170
162
197
188
180
181
189
191
176
171
172
197
179
189
183
189
184
172
158
178
175
207
171
176
184
181
187
207
224
207
245
244
279
246
265
238
238
213
200
180
182
184
191
187
163
179
149
171
192
171
174
187
184
190
194
173
167
173
172
166
193
172
165
184
191
150
174
201
188
170
178
182
179
168
179
156
184
162
165
152
194
177
179
169
159
174
175
172
170
176
178
170
168
181
160
178
152
173
190
205
158
192
183
198
165
168
177
159
155
185
162
171
168
189
192
173
182
166
172
159
174
172
166
174
156
186
162
177
187
160
137
158
170
176
208
165
175
174
165
181
185
177
167
175
178
180
178
196
172
186
169
184
176
188
193
167
183
185
174
179
169
175
201
202
244
271
301
378
480
527
637
652
627
535
492
316
267
209
208
165
169
175
205
179
129
179
150
171
150
144
134
151
208
171
166
146
169
181
176
158
133
194
157
143
156
151
160
166
129
161
168
175
161
178
150
145
185
157
169
159
184
172
164
184
150
164
128
163
158
173
202
198
234
252
213
219
189
177
158
164
163
147
152
151
173
178
139
150
176
162
165
151
165
162
136
183
175
165
159
154
148
151
181
140
172
162
161
166
161
159
153
175
149
159
174
196
169
171
178
153
173
158
170
181
184
149
148
147
183
173
158
170
167
151
163
179
172
151
159
147
160
141
164
150
160
139
152
149
160
161
189
164
200
224
225
259
272
251
216
222
207
219
228
251
264
318
342
411
418
416
375
343
284
205
183
170
178
156
125
147
152
140
152
149
148
144
156
159
150
137
153
156
154
141
128
167
152
148
166
149
141
137
135
190
151
159
151
139
148
161
147
141
173
144
139
156
159
164
155
148
143
139
152
156
177
131
157
126
151
149
152
166
150
140
155
161
139
171
161
151
124
161
140
134
139
148
166
139
157
137
155
143
158
173
179
154
184
165
154
146
149
133
138
164
156
156
182
167
150
126
155
135
163
144
151
161
144
151
147
137
153
134
166
145
136
123
135
152
142
156
153
132
166
142
146
131
153
143
158
153
150
133
162
164
138
141
148
150
134
154
160
139
128
156
145
132
139
153
146
144
160
131
123
163
125
160
130
166
160
143
137
152
143
145
125
151
161
149
170
154
153
142
144
137
169
139
135
150
144
148
113
158
149
146
135
146
138
139
150
139
170
120
154
152
139
138
155
148
129
130
137
164
154
149
144
132
133
109
121
123
160
138
132
148
153
147
129
142
143
154
152
174
154
135
150
142
161
144
134
144
157
145
162
158
124
152
147
162
142
168
135
147
132
131
143
151
150
153
146
150
149
142
159
135
154
155
117
145
157
144
133
148
131
131
150
155
134
143
136
156
145
157
152
132
146
147
146
134
148
149
137
161
147
154
139
135
151
123
141
150
154
142
140
164
159
160
152
136
142
164
142
146
160
146
126
147
145
168
147
134
138
140
146
147
135
148
162
140
153
138
132
160
151
142
147
145
139
136
134
148
137
138
153
136
138
145
147
147
132
130
144
140
127
143
159
157
156
183
143
136
139
151
143
154
138
165
148
164
152
144
138
134
128
141
148
141
138
142
162
145
141
148
119
138
151
158
138
146
141
151
156
153
156
141
164
141
141
122
142
147
144
142
150
124
148
144
162
119
161
150
131
168
171
184
208
274
288
312
354
421
436
425
387
347
299
210
176
153
182
158
130
146
153
156
141
157
137
128
150
134
141
124
131
139
166
122
129
155
141
129
135
128
157
136
138
151
155
160
144
147
128
163
156
142
151
153
147
144
149
156
142
138
149
161
144
144
133
139
154
141
142
144
140
155
142
132
150
151
151
141
159
182
135
122
156
160
142
129
132
139
147
131
136
148
161
153
160
173
130
184
175
175
171
183
165
208
173
189
180
160
152
144
133
142
146
135
165
160
149
135
132
144
138
137
145
137
145
159
125
138
157
136
168
135
154
138
153
169
139
158
152
134
151
146
154
151
132
146
164
143
166
138
144
138
175
146
160
169
143
191
141
136
148
164
156
161
144
138
127
170
144
142
141
150
162
128
179
135
151
139
176
136
142
152
165
140
161
159
145
166
146
156
134
143
157
142
152
144
136
131
144
157
140
161
132
116
149
135
156
152
174
154
172
159
148
138
158
131
152
128
161
163
152
159
152
156
143
148
139
144
141
157
145
140
138
128
154
154
149
142
153
174
164
138
159
168
177
146
191
176
184
153
156
189
155
160
169
159
173
172
180
179
180
151
125
157
167
164
149
147
168
174
147
156
177
156
144
167
140
160
150
142
169
174
153
144
169
161
151
142
174
165
159
139
159
138
182
160
181
154
139
132
178
188
163
144
156
178
159
160
154
156
167
154
127
176
186
185
166
172
161
173
174
170
167
190
176
179
228
229
257
254
244
226
226
202
178
154
158
142
132
138
136
146
144
136
144
129
132
138
130
110
117
118
104
143
120
118
128
119
133
122
105
121
106
109
119
115
109
136
123
112
135
114
114
123
121
112
111
104
119
113
109
110
101
102
103
119
109
101
103
114
121
113
102
98
101
106
105
96
115
99
112
97
111
100
114
101
109
115
99
99
91
99
102
103
102
106
88
99
89
104
94
96
94
99
102
111
115
82
125
100
109
95
113
100
105
112
90
96
113
117
126
96
123
104
108
112
116
104
115
101
118
116
93
80
102
94
84
81
107
92
94
100
108
86
92
92
83
96
84
112
87
83
101
75
81
96
82
95
111
103
92
94
91
88
89
91
82
89
79
69
90
111
94
70
82
102
81
82
74
90
78
82
94
88
91
94
81
78
86
93
92
84
101
86
78
105
75
93
76
71
72
83
66
101
80
88
78
86
86
91
82
72
81
84
81
91
82
93
65
76
71
70
79
77
76
70
64
71
74
59
79
79
68
86
66
75
82
84
74
81
70
68
72
81
70
62
78
95
67
75
77
78
66
67
65
67
67
72
71
68
85
67
85
55
68
60
70
70
70
80
83
64
70
72
71
79
66
86
89
81
81
60
58
58
70
52
46
77
73
69
59
65
77
63
78
69
66
64
62
53
61
72
54
73
65
75
51
58
67
69
64
58
50
67
66
59
53
60
63
59
55
55
79
54
61
57
59
62
52
64
52
47
53
56
56
64
50
55
67
61
56
69
55
54
50
52
65
58
65
59
54
60
59
62
58
51
44
65
46
56
50
45
63
59
55
54
49
57
54
56
43
70
50
53
48
55
44
59
67
62
62
65
75
67
71
89
106
108
112
126
100
103
92
76
69
60
63
44
56
50
51
46
44
52
57
60
67
50
68
48
73
64
75
47
49
39
37
54
60
43
40
52
50
56
50
47
56
42
47
55
57
52
51
47
50
38
42
49
47
46
50
37
60
46
49
48
43
49
59
56
54
78
81
65
77
86
70
65
66
45
72
58
51
54
71
68
60
57
79
69
82
90
85
93
87
84
58
75
48
49
59
46
46
38
39
37
53
45
41
39
46
45
57
40
52
44
56
34
38
49
62
52
43
52
49
49
53
44
55
59
52
56
43
48
46
46
41
42
43
55
56
47
59
47
51
44
44
58
62
28
55
46
47
58
46
35
40
53
52
51
48
52
61
37
54
53
53
53
48
62
54
54
48
50
38
43
57
47
46
64
39
44
42
53
44
49
55
42
58
50
60
34
44
57
53
40
47
40
46
37
46
35
46
54
40
54
69
47
62
35
58
51
53
58
48
45
58
55
52
61
71
71
90
120
185
220
319
434
659
881
1110
1485
1800
2156
2330
2559
2484
2212
1785
1437
1035
707
424
231
137
73
48
40
33
32
31
40
39
30
30
23
27
39
34
26
42
33
36
36
30
39
30
27
29
48
23
38
31
41
33
26
28
28
28
23
24
38
44
25
34
29
28
31
32
32
34
39
27
42
24
27
33
34
27
30
25
31
34
30
24
36
32
35
43
35
37
41
26
31
40
31
40
27
34
29
27
33
35
38
37
40
38
36
40
46
45
41
48
27
42
37
26
34
38
27
39
29
30
34
32
43
44
37
39
39
24
38
35
35
24
45
40
21
36
43
38
46
48
54
43
50
56
60
56
49
54
56
43
48
40
27
43
37
32
26
23
35
28
43
38
28
36
29
36
32
32
21
30
32
33
24
29
32
39
25
33
33
24
26
22
25
32
31
24
34
31
34
30
29
27
36
31
24
32
32
33
30
27
18
33
31
30
25
35
36
27
31
30
21
30
21
37
29
37
30
22
20
32
41
32
43
36
30
36
30
31
35
42
27
34
26
38
34
33
37
35
33
34
34
25
20
25
22
34
28
34
36
18
26
24
30
28
30
31
19
29
19
39
25
25
23
25
23
21
21
27
25
28
28
31
24
29
24
28
25
21
37
23
33
29
29
35
23
17
14
24
19
39
24
26
24
34
18
18
29
32
25
21
27
23
17
29
33
24
14
20
28
18
28
20
25
33
27
20
22
23
20
34
32
22
23
23
30
36
17
32
40
14
22
28
26
23
25
27
40
37
40
31
39
36
31
32
38
35
44
33
50
30
32
32
42
48
42
50
52
60
65
82
62
78
74
70
76
70
86
87
76
85
90
94
92
74
64
72
55
39
43
32
26
30
24
27
30
38
37
27
35
30
26
30
28
34
22
21
32
26
25
14
24
39
24
20
24
27
27
33
27
25
25
23
23
21
26
27
35
16
23
21
26
26
21
26
17
30
21
30
35
28
29
26
28
26
20
21
24
32
28
20
26
26
22
26
31
31
36
39
41
50
37
29
37
30
25
22
27
33
34
29
22
24
26
23
24
23
27
23
33
21
44
36
35
31
47
33
35
36
28
27
21
27
33
20
14
27
23
21
20
24
29
25
25
21
20
29
32
29
16
20
26
28
25
21
15
16
21
25
21
24
22
19
22
26
22
20
11
17
17
17
26
21
19
25
21
21
19
31
17
24
21
18
17
24
18
18
21
13
21
17
16
29
22
22
23
17
22
21
25
23
17
21
25
22
23
25
32
20
37
38
31
39
23
22
20
15
16
22
22
16
17
31
21
26
20
21
18
20
12
15
23
19
15
18
21
18
16
16
19
17
22
24
16
14
21
20
20
18
21
18
6
14
25
21
22
20
27
23
19
32
27
20
29
24
15
19
24
18
26
26
20
22
24
18
25
21
25
18
17
14
28
17
18
23
32
14
22
27
18
24
27
17
27
22
24
21
22
22
23
13
17
27
14
20
12
18
17
21
26
18
19
24
18
13
24
19
13
22
21
19
24
15
21
21
9
18
8
13
25
16
17
20
20
16
27
26
24
14
10
22
22
16
18
19
23
22
22
18
17
21
16
18
14
20
15
22
18
8
22
18
17
11
17
18
9
21
15
12
26
17
32
20
13
23
18
21
19
26
19
19
16
20
26
22
21
28
20
29
25
48
65
52
62
52
58
45
55
47
40
42
33
24
17
27
23
16
28
23
25
14
25
25
23
23
20
24
17
13
26
21
14
17
14
21
22
20
18
15
17
14
11
20
24
15
16
15
15
18
25
23
28
22
15
11
10
21
21
18
16
14
19
21
12
19
20
26
16
14
29
20
18
27
21
15
18
21
19
20
13
18
22
28
18
21
22
17
29
33
41
42
54
81
89
107
148
164
181
213
179
208
228
171
167
115
103
62
51
27
24
18
28
18
11
14
17
17
16
14
20
19
18
11
23
15
20
13
18
22
20
14
12
13
16
20
16
13
26
24
18
19
14
21
10
21
16
12
20
14
19
17
14
16
14
22
19
20
16
19
20
17
19
14
13
13
20
16
18
17
17
24
20
20
20
14
16
19
16
17
13
13
16
18
14
15
18
18
12
16
22
18
19
6
18
16
16
15
15
13
18
17
18
22
15
17
12
18
15
14
27
18
13
15
15
9
23
22
18
13
12
13
22
15
12
18
24
18
22
21
11
20
17
13
15
22
21
13
26
18
13
11
12
11
16
14
9
17
13
21
20
22
24
16
18
17
21
19
21
20
22
15
22
12
16
17
15
13
15
22
20
15
13
19
21
6
22
14
13
16
15
20
18
15
27
12
29
9
13
26
19
25
20
24
17
26
16
16
20
19
14
27
22
21
19
25
22
18
30
22
23
21
19
19
16
14
14
20
17
27
18
28
24
35
37
50
48
39
41
37
37
35
24
12
21
26
14
16
10
20
29
10
15
19
13
20
8
23
14
14
18
13
17
23
11
22
17
26
10
19
15
21
11
22
16
18
11
12
13
21
20
12
16
19
24
10
10
15
12
14
18
14
12
17
16
10
21
19
20
16
23
16
23
27
24
17
22
18
24
17
13
18
18
20
15
23
21
19
17
11
10
13
19
13
12
11
14
9
18
18
14
18
17
22
22
14
20
18
15
9
19
17
20
28
19
14
24
15
17
18
13
16
16
14
22
15
17
17
27
20
10
21
15
19
26
18
19
25
19
14
15
15
18
10
15
13
20
20
14
25
15
17
14
14
9
17
18
8
17
16
22
15
12
17
22
10
8
8
25
21
13
22
14
19
18
25
14
13
11
18
19
21
15
13
13
14
17
14
20
18
11
22
12
13
22
21
16
14
12
21
17
18
16
17
15
19
21
24
15
23
23
9
13
16
19
15
21
13
15
21
14
20
12
19
16
18
23
15
16
16
17
22
16
23
14
16
34
11
19
19
17
13
20
18
20
7
17
22
14
21
18
14
16
15
14
15
21
12
15
12
10
19
14
15
17
18
15
22
15
8
13
8
23
27
18
15
16
14
14
9
21
18
15
14
6
16
17
16
14
23
15
24
21
17
33
22
15
21
17
21
20
22
16
15
16
14
18
22
16
12
13
13
13
23
15
17
18
11
12
13
19
15
14
15
17
19
18
18
12
11
15
16
16
16
13
14
21
14
21
12
12
13
13
19
10
21
12
18
23
14
19
11
15
13
13
19
16
20
13
13
20
17
12
11
16
20
14
12
13
15
18
13
17
18
17
13
23
16
14
14
20
9
12
19
11
13
18
21
14
12
18
14
21
16
12
14
13
9
14
16
11
20
15
16
16
14
20
14
14
21
21
17
13
9
13
8
11
15
20
16
9
19
19
8
19
13
19
16
8
17
10
15
11
11
16
16
24
19
14
10
14
15
12
18
14
16
12
16
14
17
16
13
18
13
4
17
14
10
9
17
14
13
18
13
25
12
15
12
13
13
10
13
15
23
14
14
14
10
13
14
12
12
24
17
20
17
15
8
13
11
14
18
15
18
13
16
10
19
18
6
14
19
15
13
11
17
14
14
15
12
11
12
17
16
8
17
17
17
19
12
22
14
15
12
17
9
14
6
12
18
13
17
14
10
13
11
28
18
16
18
12
11
18
13
13
16
16
9
10
18
8
16
13
13
14
22
15
12
13
8
19
12
12
17
26
13
10
16
17
20
19
21
17
17
17
21
16
19
10
16
16
8
24
12
22
17
16
12
8
14
16
17
24
17
13
19
16
13
11
15
10
18
17
15
7
9
16
18
15
17
12
16
17
12
14
14
16
18
8
14
18
13
11
18
18
17
12
13
13
17
10
19
18
16
14
12
9
15
13
19
16
15
20
13
10
11
9
16
15
14
12
9
18
15
14
14
9
14
13
12
17
11
11
20
21
8
8
17
16
17
16
14
18
16
13
15
13
8
8
18
10
12
17
14
18
12
14
16
11
15
19
22
18
29
28
38
26
39
46
56
46
43
49
52
52
36
45
43
50
28
26
30
21
17
17
13
13
17
17
18
18
13
16
21
13
11
12
16
11
15
16
16
16
16
17
15
17
14
20
13
26
23
31
34
15
31
29
21
24
15
18
11
11
13
9
17
10
16
8
10
9
17
9
14
8
13
11
13
17
11
14
12
17
18
14
6
15
9
13
9
15
14
12
12
13
11
19
14
12
12
20
18
19
14
14
19
10
15
16
13
10
14
13
14
16
12
11
27
15
15
15
15
10
12
13
13
15
15
14
12
14
9
6
11
13
19
19
8
12
10
19
17
13
17
17
11
13
14
14
16
13
9
12
13
14
14
13
18
13
9
13
18
23
12
18
12
16
12
11
11
18
9
14
15
11
16
13
9
14
13
13
12
19
18
17
15
9
13
12
13
14
15
15
15
10
11
10
14
14
15
17
8
12
13
15
12
16
14
11
22
22
12
15
14
13
14
8
12
13
16
19
15
8
16
13
16
16
14
14
12
11
18
10
16
14
11
9
17
20
12
15
13
14
11
17
12
7
14
9
18
11
17
16
7
12
18
17
16
13
13
12
20
13
12
14
13
10
7
21
17
10
21
15
21
32
24
17
27
24
36
27
51
32
50
50
67
63
72
63
53
34
52
45
33
32
26
23
17
14
18
19
17
15
11
17
20
13
9
14
18
15
15
10
16
14
12
13
9
21
10
12
17
11
8
15
12
16
16
12
8
15
9
15
13
16
16
15
20
25
16
19
18
19
24
8
10
16
16
15
17
8
14
21
16
9
16
17
12
18
12
11
9
13
18
14
10
17
17
23
9
14
10
13
13
14
10
9
11
17
14
9
14
11
10
14
20
11
9
18
16
16
16
9
17
14
19
18
19
14
19
11
14
17
16
14
9
9
11
17
17
28
18
13
13
13
8
16
15
15
9
11
14
18
15
10
19
11
21
6
18
10
11
15
8
23
20
11
14
8
12
13
10
20
19
21
10
23
12
12
13
15
20
11
20
5
19
18
25
13
8
16
18
17
11
11
14
12
20
11
21
18
16
9
4
15
15
9
15
17
15
18
16
15
17
24
11
12
12
18
13
12
10
14
11
20
11
12
9
12
19
14
12
17
15
8
18
16
14
16
12
16
15
13
24
16
30
13
15
17
14
15
18
12
19
17
17
13
16
24
16
17
18
11
16
16
16
13
18
13
20
13
17
12
10
18
24
13
14
10
16
18
12
17
15
20
13
13
19
16
16
12
17
24
16
24
16
19
10
15
17
19
27
16
16
17
23
19
17
14
14
17
16
13
11
16
17
11
16
17
9
11
18
14
19
11
21
18
13
15
9
18
15
11
21
13
16
17
14
19
26
25
17
11
24
10
16
22
18
18
18
18
21
18
15
15
13
13
11
22
13
14
14
14
18
16
13
12
12
14
18
13
15
12
18
11
15
18
14
13
14
18
9
17
20
23
14
22
16
18
18
18
18
18
19
12
24
14
15
11
14
17
19
11
16
20
20
13
22
18
19
20
14
15
16
14
27
13
15
16
19
26
14
20
16
15
26
16
19
16
17
9
25
14
22
9
17
15
12
23
20
21
15
9
15
20
21
9
17
20
16
23
16
24
20
18
20
15
13
19
21
17
19
26
16
11
19
17
19
19
17
7
23
19
23
19
12
18
15
19
15
23
23
12
10
21
12
19
23
12
12
16
18
10
15
21
18
15
13
15
7
11
14
14
16
18
20
12
11
10
14
14
18
14
21
8
10
24
14
17
7
16
15
8
15
13
17
12
10
10
10
8
11
9
13
11
12
14
10
6
17
17
10
10
13
9
9
15
12
15
5
11
12
14
9
11
9
13
13
9
12
7
14
13
9
10
4
7
11
11
9
8
14
7
10
14
12
15
7
6
13
12
8
13
13
16
18
10
10
8
6
7
15
11
6
8
8
16
10
13
13
7
15
19
16
13
10
8
7
7
13
12
9
13
8
11
9
9
6
9
9
13
17
7
10
12
9
8
10
8
11
13
11
11
4
8
10
9
7
11
3
15
6
9
16
11
11
10
7
3
11
11
15
15
10
9
9
12
12
13
15
12
6
7
8
10
14
12
12
16
12
19
16
15
12
19
12
20
15
16
21
21
21
25
19
20
15
8
16
15
11
12
6
9
12
7
15
7
4
7
7
6
4
5
8
10
10
2
10
11
7
10
9
6
11
11
7
8
9
4
5
6
8
6
8
9
6
6
8
7
8
7
6
4
4
12
5
8
6
5
8
6
6
4
5
7
6
6
9
7
8
8
9
10
7
5
11
6
11
9
5
8
4
9
8
8
4
10
5
9
5
6
7
4
6
4
7
3
8
1
2
6
6
4
7
6
7
5
7
9
3
5
3
6
7
8
11
3
2
8
5
4
5
5
6
5
3
8
4
3
6
4
6
2
9
5
6
5
4
3
1
3
9
4
3
5
5
6
5
3
3
8
4
2
5
6
3
4
4
4
5
5
6
3
6
2
1
3
3
1
3
4
5
7
3
3
2
7
3
1
6
3
4
4
5
1
2
3
6
3
5
5
2
4
1
5
6
3
4
3
1
3
0
4
4
2
6
1
6
5
2
5
5
1
2
1
2
4
2
4
2
2
1
2
2
2
2
3
2
3
5
2
0
5
3
7
3
4
5
4
2
5
4
5
2
4
3
5
3
0
3
1
0
2
4
4
1
5
4
7
4
4
3
2
2
5
1
4
0
3
2
3
5
3
2
3
3
4
3
1
2
1
2
3
1
3
3
1
1
7
3
8
1
3
4
2
1
2
2
2
5
2
3
5
3
4
4
3
3
1
0
4
4
5
2
4
6
2
2
2
6
1
5
4
6
3
2
2
1
2
4
4
3
5
1
6
2
1
1
3
3
1
3
2
4
2
3
3
2
2
5
7
2
3
1
4
3
6
1
2
5
2
2
2
3
2
3
2
1
3
3
4
3
3
3
0
5
2
1
1
4
1
3
3
5
3
1
2
1
3
3
2
3
2
5
2
4
2
6
4
5
5
3
2
2
3
1
3
1
2
3
2
1
3
4
2
8
5
3
3
3
3
1
5
3
2
1
8
5
3
3
4
0
8
8
6
9
11
14
19
25
40
48
60
72
81
95
132
127
174
165
182
205
210
205
255
226
205
232
187
154
112
89
52
46
24
13
6
4
3
0
1
4
1
2
2
1
2
1
2
2
1
1
1
3
1
3
1
0
2
0
0
2
3
0
1
2
2
0
0
1
2
1
1
2
1
2
0
2
3
1
0
1
3
0
0
1
2
2
1
0
0
4
0
0
2
1
3
1
0
2
0
1
2
1
1
1
0
0
0
0
3
2
1
1
1
1
0
1
0
1
2
3
2
1
0
3
1
0
4
0
0
2
2
1
1
1
0
0
2
0
3
0
3
3
2
3
1
3
2
1
3
1
0
2
0
1
2
1
1
0
2
0
0
0
2
0
0
1
0
3
0
2
3
1
2
2
2
1
1
0
1
1
1
0
0
2
1
0
2
1
0
0
1
1
0
5
2
1
1
1
1
2
1
1
1
2
0
1
2
3
2
1
1
2
1
1
1
1
1
1
3
0
3
0
1
2
0
1
2
2
2
0
1
0
2
2
1
3
1
1
2
3
0
1
1
0
1
2
2
3
1
2
1
4
1
1
0
1
0
0
1
2
3
0
0
1
1
2
1
0
2
0
4
4
3
0
0
0
0
2
2
0
0
1
0
1
0
0
1
2
0
0
0
4
1
0
2
2
2
1
6
0
0
0
1
0
1
1
1
0
0
0
0
2
1
2
1
2
3
1
0
4
2
1
1
0
0
3
2
1
4
0
1
2
2
3
1
3
0
1
2
1
0
2
0
0
2
0
2
5
1
1
0
3
4
2
2
1
4
0
2
2
2
1
0
3
2
0
1
2
1
0
0
1
2
1
1
1
1
3
0
1
3
1
2
0
1
0
2
2
1
0
1
0
0
1
1
2
3
3
2
1
0
4
4
0
2
3
2
0
0
1
1
2
3
0
1
1
3
0
4
2
0
3
0
0
0
1
1
3
3
3
1
1
1
2
1
2
2
2
0
0
3
2
1
3
2
0
0
1
3
3
0
0
1
3
4
0
0
2
0
0
1
0
3
0
1
1
1
0
2
1
0
2
2
3
0
1
0
3
4
1
1
4
3
2
1
1
0
0
3
2
2
1
0
3
2
1
1
0
0
1
1
3
0
0
1
1
4
1
0
0
1
0
1
0
1
1
0
0
1
3
0
1
3
0
2
4
3
1
3
0
4
2
1
1
1
1
1
2
2
2
2
0
1
2
0
2
1
0
2
0
2
1
0
0
0
0
1
1
1
3
1
2
0
1
0
3
1
1
4
1
2
1
1
1
1
1
2
3
0
2
0
1
1
1
2
0
0
1
3
0
3
1
0
1
2
2
1
0
1
2
0
1
2
1
2
1
2
2
0
1
0
0
0
1
1
0
1
2
2
0
1
0
1
2
7
0
2
0
4
2
1
1
2
3
1
1
1
1
1
0
0
1
0
1
1
1
3
1
3
4
3
2
0
2
2
4
0
1
1
0
0
0
0
1
1
0
6
0
1
2
2
0
2
0
0
1
2
1
1
1
4
3
0
2
1
2
1
2
2
0
0
0
0
2
1
1
2
0
0
1
0
1
3
1
1
1
2
0
0
1
2
1
1
1
1
1
2
2
0
0
0
1
2
1
0
2
1
2
1
0
1
2
1
1
1
0
0
1
3
1
2
1
2
0
0
1
0
3
0
1
3
2
1
2
1
1
2
3
1
3
1
1
0
0
2
2
1
1
1
1
0
2
2
1
3
2
1
0
2
0
2
0
1
1
1
3
1
2
1
0
0
1
2
2
2
1
5
4
0
0
0
1
1
0
1
1
1
2
3
2
0
1
1
1
0
0
2
1
1
2
1
1
0
2
2
1
4
1
2
1
1
0
2
3
2
0
1
1
0
1
1
1
4
0
2
2
1
0
2
2
0
1
0
2
4
5
2
3
2
3
3
2
0
0
1
1
1
1
3
1
2
2
2
1
0
0
0
1
2
0
2
3
1
2
1
0
2
1
0
1
2
0
2
1
0
1
0
0
1
0
1
1
1
0
1
0
1
0
3
1
1
1
1
0
0
0
0
1
1
0
1
1
1
0
1
3
2
1
3
1
1
0
2
0
2
1
4
0
0
1
0
2
2
1
3
0
2
2
2
0
1
2
2
0
1
1
1
1
0
1
1
3
1
0
1
0
1
0
0
1
3
1
3
0
1
3
1
0
1
0
1
2
1
1
4
1
3
4
1
1
1
2
2
2
0
0
1
2
3
0
2
0
2
3
2
3
1
2
0
0
2
2
2
1
3
2
0
0
3
1
1
1
1
2
2
1
3
0
2
1
1
1
1
2
1
2
2
1
1
0
1
3
0
0
0
0
2
0
2
0
1
2
2
1
1
1
2
0
1
0
1
4
2
2
2
0
2
2
0
1
3
1
4
1
1
1
1
1
0
0
1
0
2
2
0
1
1
0
0
1
1
1
2
1
0
2
2
$ENER_FIT:
0.239 0.367010 5.02460e-008
$MCA_CAL:
3
0.239 0.367010 5.02460e-008
$PEAKLABELS:
369.629, "Se-75"
720.556, "Se-75"
329.031, "Se-75"
761.084, "Se-75"
262.713, "Se-75"
1090.909, "Se-75"
177.740, "Se-75"
540.538, "Se-75"
827.457, "Se-75"
1559.237, "Se-75"
212.217, "Au XRF, (Detector)"
3977.015, "K-40, (Bkgd)"
7116.263, "Th-232(d), (Bkgd)"
187.754, "Au XRF, (Detector)"
$ENDRECORD:
