$SPEC_ID:
PeakEasy Library File: Se-75, IdentiFINDER (LaBr3), 7.3 uCi @ 20 cm
$MEAS_TIM:
60000.00000 60222.00000
$DATE_MEA:
16-May-2011 17:10:10
$DATA:
0 1023
0
0
0
0
0
8302
63130
76689
86943
99783
133063
230354
296245
218231
152703
143946
147573
156270
172867
196155
233820
288151
336061
372071
415109
437226
454684
511060
602910
707529
802985
879207
890863
807273
701535
643265
638303
701980
907470
1239649
1411552
1256723
1184844
1726010
2707020
3109513
2371014
1255885
582476
352241
291343
267550
250953
235904
222250
211066
201883
193724
187355
181915
176920
173106
173313
179284
193097
206292
203229
185534
164867
152095
144793
141805
140368
139551
139913
138935
137603
134755
131067
127687
124985
126713
144501
221219
419977
784468
1228668
1527210
1489913
1188207
882349
729014
667347
567280
401534
232734
116344
57074
38150
37160
39942
39319
33320
25598
19093
14877
13028
12205
11715
11852
11750
11616
11815
11617
11655
11758
11881
11824
11399
10922
10524
10018
9602
9538
9401
9646
11327
16298
27725
49336
81077
117299
145501
151344
133135
98992
63207
35144
17961
9356
5974
4693
4208
3959
3920
3866
3934
3894
3837
3824
3811
3650
3702
3612
3568
3589
3592
3460
3431
3487
3367
3358
3275
3321
3294
3372
3432
3582
3655
3765
3669
3476
3419
3264
3205
3019
3026
2938
2937
2902
2823
2909
3016
2866
2898
2974
2947
2953
2984
3252
3422
3369
3366
3495
3368
3248
3099
2992
3166
3289
3353
3497
3326
3385
3194
3001
2897
2601
2483
2429
2318
2341
2202
2254
2213
2235
2185
2125
2122
2140
2055
2071
2063
2045
2042
2056
2061
1953
1949
1863
1872
1897
1959
1865
1859
1849
1854
1841
1896
1826
1789
1809
1787
1719
1720
1664
1701
1628
1703
1658
1635
1652
1608
1583
1698
1682
1666
1695
1720
1794
1957
2086
2117
2232
2306
2307
2511
2495
2478
2515
2563
2529
2478
2490
2441
2443
2431
2501
2458
2489
2418
2388
2353
2337
2352
2319
2278
2303
2228
2195
2221
2133
2112
2249
2172
2150
2088
2170
2191
2245
2269
2253
2252
2338
2359
2224
2190
2195
2176
2085
2089
2076
1945
1987
1975
1870
1855
1871
2026
2043
1986
1985
2003
1960
1923
1788
1791
1654
1635
1635
1577
1532
1509
1505
1460
1418
1379
1351
1410
1329
1313
1279
1293
1272
1264
1295
1246
1271
1215
1291
1226
1207
1175
1227
1224
1206
1209
1196
1249
1157
1227
1265
1259
1175
1206
1235
1233
1295
1324
1352
1384
1363
1394
1428
1395
1401
1346
1406
1361
1414
1317
1302
1326
1364
1342
1290
1288
1293
1264
1251
1214
1313
1365
1330
1299
1246
1322
1273
1301
1362
1315
1316
1300
1288
1285
1215
1227
1199
1216
1250
1169
1170
1173
1113
1094
1047
972
888
821
796
767
758
733
651
660
630
644
615
591
603
552
498
494
475
504
458
443
444
372
430
389
391
353
332
339
307
266
321
327
324
313
292
306
265
285
305
294
304
303
305
278
294
255
290
266
277
333
333
339
400
470
561
754
879
992
1210
1415
1720
1895
2236
2532
2755
2964
3171
3491
3658
3975
4098
4126
4099
4080
3887
3642
3185
2861
2374
1886
1586
1196
959
726
570
424
382
309
241
187
175
160
147
151
135
119
131
104
128
105
120
105
111
128
124
130
131
154
142
183
178
162
181
193
177
161
170
170
149
142
140
129
140
120
144
111
111
117
114
104
99
101
76
97
93
104
82
81
75
96
73
113
95
97
89
89
103
87
83
88
85
82
88
80
100
93
103
123
120
114
111
128
151
134
153
144
165
162
163
171
165
165
173
157
166
148
129
122
117
107
111
104
100
92
89
89
105
103
79
73
82
103
88
94
113
96
100
91
89
86
109
101
95
111
97
108
103
99
96
88
88
119
108
99
102
108
115
101
106
101
102
92
101
109
120
113
111
111
117
128
110
111
109
110
111
125
115
106
107
102
130
108
120
127
97
129
132
127
111
123
152
136
164
165
156
153
158
152
162
164
181
165
157
146
151
155
165
168
136
145
151
139
171
148
137
132
162
121
128
124
120
140
145
130
158
132
138
157
161
125
151
127
141
135
117
123
113
106
111
114
127
123
122
110
127
131
130
118
115
133
114
135
127
121
159
134
139
141
128
127
137
144
135
117
141
125
126
140
119
138
137
133
140
131
128
129
137
141
137
131
141
153
131
138
145
147
167
181
143
146
121
161
166
140
145
142
147
115
131
112
118
119
124
122
128
125
109
98
119
111
123
115
109
104
107
110
103
111
105
92
103
92
73
89
79
69
84
87
79
86
67
54
58
68
54
69
52
50
54
47
48
45
36
39
35
40
53
55
53
45
45
45
48
37
34
42
48
40
44
49
49
41
45
38
46
55
36
52
48
37
47
44
50
56
55
53
52
59
75
80
73
83
106
83
96
115
116
131
141
151
141
153
168
177
163
171
155
137
160
127
126
113
125
98
113
112
103
97
106
82
83
72
68
84
67
62
64
61
76
53
34
54
36
44
26
30
28
28
25
22
19
16
15
19
13
7
6
10
12
10
8
15
11
8
10
7
6
8
7
11
9
3
8
7
10
7
5
5
8
6
6
3
2
4
3
9
9
7
3
9
6
3
4
4
4
8
5
5
1
7
6
6
7
5
4
5
8
7
11
7
5
8
7
5
9
6
7
2
4
6
4
8
2
7
8
5
4
7
6
6
8
6
7
5
7
7
9
5
6
6
1
4
8
7
5
5
3
6
8
5
3
4
4
3
6
6
4
6
5
4
0
0
0
0
0
0
0
$ENER_FIT:
2.273 2.986814 1.44344e-005
$MCA_CAL:
3
2.273 2.986814 1.44344e-005
$PEAKLABELS:
44.913, "Se-75"
39.517, "Se-75"
87.316, "Se-75"
31.307, "Se-75"
65.754, "Se-75"
132.753, "Se-75"
101.630, "Se-75"
487.413, "K-40 (Bkgd), La-138"
869.444, "Th-232(d), (Bkgd)"
11.823, "La-138, X-rays"
$ENDRECORD:
