$SPEC_ID:
PeakEasy Library File: Se-75, Interceptor (CZT), 7.3 uCi @ 20 cm
$MEAS_TIM:
60783.30000 60796.10000
$DATE_MEA:
16-May-2011 16:07:15
$DATA:
0 1023
0
0
0
0
0
0
0
0
0
0
0
0
0
2162
5089
5083
4997
5101
5002
4902
4817
4840
4842
4771
4595
4513
4596
4619
4625
4504
4673
4447
4494
4641
4794
5013
5112
5314
5751
6121
6565
7171
7739
8537
9326
9711
10063
10388
10953
11412
11639
11534
11596
12058
13001
13820
14788
15685
16999
17930
19065
19569
20117
20902
21135
20068
18303
16639
15246
14904
14555
14633
15060
15584
15871
16278
17018
18421
21294
25662
29857
30811
27860
23240
19343
18533
20972
26842
35928
48459
58715
60414
48739
31671
17772
10055
6874
5924
5488
5090
4894
4607
4571
4122
4039
4006
3939
3802
3523
3627
3452
3296
3182
3135
3075
3015
2859
2840
2759
2619
2777
2667
2573
2543
2504
2530
2446
2419
2498
2568
2666
2741
2760
2796
2569
2269
2154
2055
2099
1955
1971
1912
1993
1870
1873
1956
1889
1930
1871
1880
1859
1864
1829
1785
1814
1884
1864
1921
1926
2033
2105
2240
2195
2203
2231
2432
2604
2809
3248
3802
4333
5319
6489
8343
10800
13493
14633
13984
10724
6941
4011
2824
2582
3056
3895
4718
5281
4812
3634
2130
1032
482
232
175
178
173
174
205
213
220
230
319
305
317
283
210
180
120
96
86
83
108
105
81
82
90
80
87
90
104
85
85
86
83
86
94
97
97
93
87
72
84
82
82
93
85
76
82
77
83
79
79
76
88
82
109
102
85
109
108
116
115
127
142
147
168
200
204
223
231
289
309
414
476
618
723
844
942
882
699
426
237
104
53
11
20
21
23
17
20
13
18
27
21
19
14
18
16
19
15
17
15
13
12
27
13
16
17
11
16
18
16
21
20
12
16
19
15
16
13
8
19
9
18
14
11
17
22
14
15
19
18
19
13
19
11
9
16
19
13
12
12
15
15
16
14
14
11
17
13
19
10
15
9
18
18
17
14
4
14
8
6
11
16
7
9
15
11
9
11
9
12
13
10
12
10
14
12
8
12
17
15
12
8
6
8
12
13
11
17
13
8
13
14
8
15
10
9
11
12
7
9
6
14
10
16
3
4
8
14
8
7
8
13
13
11
16
13
12
11
12
14
5
4
5
2
3
10
4
7
13
7
7
9
8
6
9
6
4
8
6
6
4
8
9
5
6
11
7
5
9
9
11
9
8
9
11
6
4
4
6
4
9
9
4
1
4
15
6
7
3
5
7
6
12
9
6
11
6
3
6
9
5
6
4
9
6
6
10
7
5
5
10
7
6
7
6
7
6
8
3
13
6
3
3
9
3
6
4
7
8
6
7
5
2
5
3
6
6
6
4
6
2
7
5
2
5
6
5
4
2
1
6
3
3
8
3
4
7
6
2
4
7
6
4
8
5
7
2
5
4
7
4
2
7
5
9
1
1
3
4
4
1
3
3
3
4
4
6
7
5
4
9
4
5
1
0
2
6
4
4
5
4
4
7
6
3
4
2
4
1
2
2
4
3
3
2
8
5
3
5
2
3
4
5
4
5
5
3
4
7
3
7
7
2
4
7
6
1
3
0
7
3
3
9
7
2
2
7
3
2
2
5
4
0
1
5
1
3
5
8
9
1
3
1
2
3
3
3
3
7
5
10
6
5
5
2
8
5
4
3
3
4
4
2
5
7
6
3
6
1
4
4
4
1
2
5
2
5
4
5
6
5
3
0
8
1
6
3
5
5
2
3
3
5
4
2
6
2
2
3
3
2
2
6
3
5
4
1
1
4
3
4
4
5
1
2
5
6
2
5
9
1
3
2
6
2
2
4
5
1
3
5
4
5
3
3
1
2
2
0
6
1
2
1
5
7
5
5
2
1
2
3
0
3
1
3
4
2
5
3
1
3
4
3
2
6
3
1
2
7
3
7
7
7
1
2
2
3
3
2
3
2
1
3
2
3
4
3
2
4
1
2
3
8
6
3
3
0
6
3
2
2
4
5
2
3
1
3
6
2
1
4
2
7
3
3
2
7
1
3
2
3
5
2
2
3
5
3
4
5
3
1
1
3
0
3
2
7
2
3
4
3
2
1
5
4
2
1
1
2
1
1
4
5
2
0
2
0
2
3
1
1
0
0
1
3
1
0
2
4
4
3
2
0
2
3
0
0
1
1
1
5
0
3
2
2
3
1
0
2
0
2
1
1
1
1
1
1
1
3
3
2
2
0
2
1
1
0
2
2
1
2
2
0
0
2
1
4
0
0
1
0
0
1
1
2
0
0
0
0
1
1
2
1
2
4
2
1
0
2
2
1
2
0
1
3
1
1
0
0
1
1
2
3
1
1
2
1
2
2
3
1
2
1
0
1
3
0
2
2
3
1
3
4
5
2
3
3
2
3
5
5
1
0
3
8
2
3
0
3
4
2
2
5
1
0
2
0
3
2
1
1
0
1
1
1
0
0
1
4
0
0
0
1
0
0
0
1
0
1
0
1
1
2
3
3
2
1
1
1
1
0
0
$ENER_FIT:
-0.259 1.507233 -6.14919e-006
$MCA_CAL:
3
-0.259 1.507233 -6.14919e-006
$PEAKLABELS:
90.690, "Se-75"
80.598, "Se-75"
62.591, "Se-75"
175.861, "Se-75"
186.320, "Se-75"
132.283, "Se-75"
266.133, "Se-75"
202.002, "Se-75"
973.390, "K-40 , (Bkgd)"
$ENDRECORD:
