$SPEC_ID:
PeakEasy Library File: Na-22, Detective EX-100 (HPGe), 16.7 uCi @ 100 cm
$MEAS_TIM:
59854.12000 61456.84000
$DATE_MEA:
21-May-2015 4:10:42 PM
$DATA:
0 8191
0
0
0
0
0
0
0
0
0
1
0
0
1
1
0
3
0
1
1
1
3
2
2
2
9
5
3
4
8
5
8
12
15
11
30
20
35
48
77
577
13841
28863
29283
28849
28949
28719
28126
28409
27737
27765
27472
27974
27482
27360
27158
27055
26624
26544
26390
26549
26655
26382
25943
25807
25490
25399
25589
25458
25491
25462
25152
24892
24610
24803
24719
24640
24461
24069
24366
24421
24116
24068
23807
23744
23842
24290
23812
23581
23457
23588
23294
23251
23308
22934
23253
23200
22919
23219
23095
23376
22965
22978
22850
22837
22803
22858
22468
22543
22633
22414
22734
22428
22792
22424
22403
22488
22579
22164
22365
22547
22185
21963
22132
22289
22245
21826
22020
22287
22034
22247
22304
22136
22183
22131
22114
22178
22170
22090
22268
22156
22256
22187
22182
22262
22424
22191
22428
22521
22350
22544
22530
22940
22773
22615
22782
23442
22901
23323
23343
23250
23573
23511
23678
23748
23985
23848
24080
24285
24150
24401
24652
25231
24884
25068
25134
25472
25723
25778
25885
26382
27460
28677
30817
31712
31517
31190
32580
35466
36373
34842
31506
28840
28550
28367
28576
28073
28279
28292
28714
28626
28609
29365
29492
29719
30514
30785
30653
30501
30544
31657
33048
34163
35267
34964
33821
32536
32140
31857
32621
33073
32808
32065
31470
31260
31232
31186
31710
31964
32157
32493
32419
32575
32622
32972
32772
33063
33243
33573
33846
34058
34081
33956
34081
34011
34373
34563
34750
34851
34771
34360
34950
35194
35566
35843
35830
36019
36138
35800
35775
35551
36065
35842
36212
36438
36333
36357
36020
36674
36921
36880
36820
37092
37308
37283
37206
37302
37146
37722
37891
37827
38130
38261
37928
38350
38387
38223
38874
38580
38618
38767
38582
39298
38813
39325
39584
39723
38981
39771
39310
39922
39522
39620
40175
39801
39690
40096
39855
40130
40018
40335
40605
39963
40388
40267
40423
40403
40504
40636
40544
41217
40563
40754
40823
40378
40749
40752
40720
40752
40862
40560
40599
40736
41122
40833
40654
40928
41190
41199
41224
41197
41280
40902
41176
41570
41196
40959
41537
41568
41017
41432
41172
40797
41534
41557
41415
41469
40745
40957
41377
41322
40950
40865
40980
41111
41023
41562
41029
40863
41077
41165
40539
41256
41126
40723
40860
41156
41142
40767
40729
40932
41023
40879
40780
40834
40610
40383
40632
40758
40717
40442
40239
40468
40677
40594
40759
40247
40231
40513
40025
40220
40240
40213
40086
39490
39598
39992
40215
40107
39612
39882
40209
39537
39491
39625
39728
39547
39528
39555
39662
39572
39393
39446
39605
39241
39202
39237
39010
39197
39006
39126
39140
39030
39019
39230
39064
38793
38937
38988
39047
38824
38911
39149
38677
38794
38855
39110
38784
38760
39274
38792
39193
39104
39048
39248
39212
39429
39053
39266
39502
39772
40398
40550
40767
41036
41693
42401
42525
43251
43621
43689
44305
44285
44226
44707
44639
44742
44874
44292
44438
44073
44262
44228
43836
44016
43576
43558
43721
43635
42992
43328
42660
42715
42860
42578
42664
42515
42422
41876
42244
42118
41771
41939
41651
41486
41324
41490
41793
42330
42579
42018
41421
40826
40488
40296
40019
39845
39878
39846
39422
39563
38965
39308
38941
38896
39036
38636
38558
38382
38405
38161
37878
37805
37781
37747
37363
37055
37264
37292
37235
36611
36604
36526
36370
36295
36175
36063
35885
35861
35758
35785
35420
35140
34750
34551
34527
34232
33817
34029
33665
33479
33301
33088
33077
32704
32774
32588
32056
32276
32031
31792
32044
32116
32161
32120
31566
31519
31200
31350
31356
31387
31276
31405
31089
31302
31737
31320
31672
31577
31435
31421
31210
31240
31457
30903
30985
30994
31074
30418
30646
30583
30730
30293
30330
30316
30271
29912
30236
30223
29705
29875
29874
29997
29705
29554
29365
29498
29148
29100
29031
28848
28849
28395
28674
28446
28566
28455
28207
28387
28323
28256
27775
27795
27868
27972
27661
27679
27675
27022
27422
27029
27009
27074
27095
26942
26753
26718
26589
26802
26970
28142
30027
32305
33178
31845
29304
27431
26158
26022
26247
26600
27061
27107
26776
25822
24982
25036
24449
24574
24533
24249
24323
24343
23838
23994
23890
24053
23816
23710
23782
23595
23740
23527
23527
23394
23292
23452
23318
23548
23916
23203
23592
23443
23496
22786
22866
22628
22778
22569
22809
22471
22766
22589
22309
22833
22522
22472
22309
22477
22374
22351
22164
22091
22101
22028
21949
22107
21943
21737
21816
21774
22036
21605
21587
21550
21597
21438
21201
21240
21392
21173
21385
21057
21220
21340
21052
21348
21693
21623
21540
21460
21296
20910
20763
20818
20676
20804
20847
20488
20553
20611
20707
20634
20641
20662
20967
20481
20641
20790
20668
20664
20640
20587
20391
20418
20084
20153
20541
20068
20141
20339
20399
20377
20045
20185
19924
20485
19962
20041
20063
20428
20051
19999
19962
20241
20276
20292
20249
20001
20154
20485
20246
20193
20045
19978
20267
19838
20169
19802
20026
20171
20117
20126
20065
20864
21738
22941
23566
23867
22963
21825
20654
19984
19874
19909
19949
20085
20169
20186
20359
20418
20564
20380
19988
20300
19954
19944
20242
20289
20195
20149
20182
20073
19694
19945
19861
19829
19800
19945
20191
20078
20055
19945
20226
20009
19973
20205
19999
20225
20225
20287
19987
20214
20150
20405
19876
20046
20267
20243
19806
20181
20034
20016
20167
20115
20086
20262
20309
20217
20240
19828
20216
20327
20036
20254
20429
20273
20393
20458
20292
20259
20536
20161
20043
20374
20614
20023
20466
20004
20399
20419
20325
20399
20371
20272
20543
20618
20793
20609
20290
20158
20129
20292
19978
20341
20447
19906
20192
20237
20239
20060
19922
19789
19595
19790
19309
19666
19546
19431
19479
19388
19004
19266
19544
19962
20292
19945
19290
18485
17805
17328
17464
16696
16366
16129
16193
15991
15583
15203
15084
14890
14804
14761
14562
14335
14244
14104
14060
13745
13752
13586
13622
13555
13412
13456
13458
13518
13327
13546
14472
16076
17982
19683
19836
18143
15750
13716
12742
12559
12264
12416
12277
11941
12178
12029
12015
11983
11887
11962
11701
11859
11677
11612
11689
11498
11414
11247
11268
11520
11224
11367
11363
11192
11259
10953
10992
11083
11044
10887
10946
10885
10795
10931
10635
10760
10723
10764
10467
10550
10672
10462
10448
10321
10468
10302
10290
10468
10328
10235
10025
10061
10118
10050
9945
10038
9931
9801
9900
10038
9754
9780
9723
9734
9651
9565
9605
9220
9510
9492
9438
9460
9506
9479
9465
9454
9227
9187
9304
9061
8978
9176
9055
9011
9159
8959
8885
9078
8836
8875
8846
9011
8824
8892
8728
8774
8749
8575
8604
8593
8465
8571
8468
8302
8374
8309
8279
8461
8119
8454
8289
8375
8278
8248
8050
8106
7968
8096
8154
7896
7963
7909
8038
7999
7949
7924
7876
7939
7952
7834
7845
7880
7799
7847
7639
7718
7713
7710
7692
7646
7657
7584
7466
7706
7474
7396
7395
7445
7547
7584
7653
7547
7483
7367
7429
7214
7396
7099
7301
7300
7278
7085
7106
7180
7008
7172
7071
6937
7038
7056
6999
6923
6957
7041
6952
6963
6924
6864
6987
6839
6897
6906
6776
6746
6771
6928
6852
6800
6741
6842
6908
6706
6784
6640
6788
6729
6837
6676
6712
6859
6658
6737
6819
6700
6735
6586
6674
6674
6776
6545
6677
6556
6540
6727
6674
6560
6610
6572
6497
6502
6476
6470
6546
6518
6453
6419
6571
6549
6562
6532
6713
6561
6574
6536
6608
6430
6407
6604
6444
6487
6323
6615
6379
6442
6350
6242
6329
6310
6374
6204
6445
6422
6293
6260
6227
6310
6307
6419
6250
6353
6199
6226
6301
6229
6315
6385
6171
6090
6284
6336
6008
6180
6229
6081
6119
6039
6169
6235
6010
6122
6163
6103
6010
5930
5976
6038
5821
5986
6098
5982
6069
6114
6104
6036
6236
6461
6532
6691
6463
6186
6102
6050
5965
5915
5902
5917
5829
5793
5925
5805
5804
5951
5875
5807
5743
5929
5860
5955
5827
5661
5694
5863
5715
5932
5870
5741
5744
5790
5819
5739
5699
5669
5768
5711
5695
5695
5839
5680
5706
5719
5720
5632
5563
5694
5634
5585
5724
5625
5641
5625
5556
5566
5730
5655
5630
5561
5665
5478
5598
5723
5547
5512
5543
5726
5628
5540
5530
5686
5535
5572
5609
5439
5592
5504
5370
5532
5487
5384
5486
5415
5465
5553
5543
5427
5459
5432
5543
5491
5503
5557
5480
5595
5517
5505
5565
5582
5674
5552
5452
5682
5512
5649
5762
5809
5774
5957
5919
5936
6007
6024
6289
6617
6984
7481
7977
9138
11282
14901
21757
34235
54325
88337
138077
207064
293050
389458
482529
550300
578641
551770
481582
384861
285997
197432
128152
78388
46361
27010
15856
10075
6994
5272
4397
3833
3713
3539
3339
3436
3244
3177
3138
3003
3028
3218
3021
3028
2954
3025
2932
2956
2947
3005
2994
2891
2920
2921
2931
2916
2927
2896
2914
2950
2986
2894
2935
3003
2847
2895
2994
2842
2945
2890
2986
2897
2945
2899
2856
2920
3043
2951
2917
2944
2886
2955
2974
2944
2920
2853
2896
2897
2944
2975
2878
2911
2961
2897
2895
2937
2847
2908
2875
2948
2975
2908
2880
2815
2920
2882
2843
2778
2842
2910
2910
2847
2834
2934
2771
2722
2907
2898
2925
2848
2859
2868
2908
2866
2873
2875
2797
2834
2798
2868
2861
2792
2778
2793
2839
2812
2830
2860
2775
2809
2718
2698
2735
2787
2819
2783
2744
2827
2818
2862
2783
2750
2713
2843
2762
2925
2830
2921
2768
2866
2805
2791
2738
2750
2758
2712
2780
2856
2751
2717
2671
2771
2800
2770
2715
2697
2880
2833
2735
2701
2879
2813
2771
2739
2773
2704
2786
2819
2766
2660
2895
2746
2685
2737
2761
2782
2661
2680
2768
2719
2802
2684
2703
2768
2783
2895
2805
2895
2967
3260
3862
4789
5951
6372
6522
5523
4423
3556
3050
2858
2665
2654
2688
2581
2553
2678
2659
2707
2701
2678
2767
2637
2689
2676
2569
2679
2540
2632
2522
2668
2639
2647
2629
2650
2651
2666
2708
2667
2580
2554
2641
2704
2728
2671
2707
2627
2595
2712
2621
2640
2709
2559
2628
2635
2761
2549
2603
2686
2648
2655
2642
2540
2571
2688
2684
2674
2516
2696
2790
2953
3346
4350
5902
7761
9133
9621
8885
6925
4850
3402
2935
2671
2575
2509
2497
2610
2528
2564
2562
2514
2534
2488
2589
2548
2491
2552
2509
2490
2539
2502
2462
2647
2511
2539
2466
2437
2513
2512
2459
2556
2586
2499
2587
2470
2544
2557
2517
2510
2507
2449
2474
2468
2431
2552
2487
2512
2489
2564
2497
2563
2505
2498
2531
2504
2462
2495
2454
2541
2469
2466
2546
2517
2481
2483
2470
2432
2545
2421
2572
2499
2476
2415
2540
2517
2449
2470
2399
2507
2567
2475
2546
2523
2567
2425
2522
2391
2529
2461
2490
2497
2470
2531
2459
2431
2391
2459
2480
2435
2457
2426
2501
2428
2493
2414
2439
2466
2530
2475
2472
2455
2424
2433
2464
2448
2533
2471
2532
2468
2610
2498
2444
2460
2478
2469
2503
2432
2463
2432
2441
2462
2481
2478
2477
2350
2357
2515
2539
2431
2491
2514
2506
2464
2520
2411
2602
2512
2547
2661
2676
2707
2600
2518
2533
2378
2439
2477
2557
2514
2454
2486
2406
2469
2436
2385
2529
2470
2501
2522
2455
2511
2401
2437
2597
2482
2464
2412
2414
2405
2479
2347
2426
2518
2507
2420
2458
2393
2472
2471
2373
2475
2433
2362
2427
2457
2485
2446
2482
2421
2433
2299
2415
2419
2465
2497
2415
2469
2358
2411
2428
2491
2509
2410
2398
2444
2401
2455
2403
2491
2437
2413
2443
2401
2460
2423
2409
2377
2428
2475
2430
2355
2396
2415
2518
2399
2386
2484
2515
2420
2439
2357
2435
2418
2394
2419
2445
2497
2481
2463
2534
2430
2544
2393
2561
2414
2395
2447
2355
2457
2471
2417
2423
2367
2489
2447
2421
2431
2391
2439
2469
2432
2379
2381
2516
2410
2366
2457
2455
2418
2403
2396
2445
2427
2342
2401
2459
2379
2424
2413
2437
2446
2397
2447
2493
2482
2499
2479
2442
2437
2498
2530
2483
2444
2356
2370
2357
2416
2485
2477
2323
2321
2367
2475
2400
2584
2792
2870
3078
3211
3240
3006
2890
2623
2375
2427
2353
2426
2388
2476
2471
2342
2394
2401
2354
2432
2431
2481
2447
2401
2403
2286
2351
2323
2382
2410
2430
2368
2359
2424
2446
2388
2339
2451
2364
2430
2516
2339
2449
2429
2434
2449
2400
2506
2458
2374
2462
2415
2411
2367
2400
2396
2382
2311
2348
2352
2394
2377
2402
2340
2511
2409
2410
2421
2352
2432
2438
2446
2384
2333
2434
2515
2424
2431
2461
2483
2571
2455
2437
2398
2389
2464
2441
2419
2426
2396
2363
2443
2465
2399
2434
2401
2494
2561
2472
2552
2805
2853
2819
2803
2717
2637
2586
2600
2550
2558
2582
2598
2633
2815
2950
3020
3149
3071
2717
2587
2397
2454
2397
2458
2533
2512
2631
2584
2437
2536
2427
2463
2401
2388
2290
2473
2348
2425
2406
2381
2382
2389
2360
2407
2293
2384
2394
2421
2383
2427
2327
2455
2479
2483
2461
2382
2356
2569
2532
2413
2453
2598
2761
2679
2611
2651
2508
2545
2442
2446
2380
2333
2393
2417
2329
2423
2397
2313
2446
2457
2288
2424
2496
2480
2595
2629
2714
2791
2925
2906
2694
2572
2491
2456
2349
2364
2419
2473
2435
2498
2298
2299
2370
2407
2361
2441
2389
2321
2445
2314
2365
2391
2423
2436
2411
2438
2461
2515
2621
2637
2612
2594
2572
2455
2443
2368
2412
2458
2361
2434
2405
2380
2395
2431
2517
2504
2430
2472
2386
2435
2496
2424
2424
2383
2367
2401
2472
2431
2379
2395
2371
2362
2451
2454
2429
2394
2463
2460
2342
2499
2484
2505
2432
2427
2329
2390
2405
2429
2495
2438
2466
2497
2494
2409
2427
2479
2471
2449
2524
2475
2514
2380
2443
2529
2508
2505
2486
2591
2537
2539
2515
2484
2505
2538
2427
2397
2479
2538
2609
2641
2560
2649
2525
2584
2508
2486
2517
2499
2479
2647
2573
2519
2473
2598
2612
2507
2455
2539
2545
2456
2484
2469
2520
2464
2378
2444
2472
2481
2516
2489
2514
2485
2517
2466
2427
2390
2515
2511
2568
2371
2465
2391
2453
2521
2469
2490
2586
2575
2476
2522
2527
2640
2536
2524
2402
2618
2517
2533
2420
2463
2540
2532
2564
2559
2724
2734
2876
2990
2914
2966
2850
2744
2584
2613
2518
2587
2581
2521
2514
2466
2573
2522
2528
2457
2503
2487
2552
2437
2531
2570
2598
2568
2492
2457
2594
2573
2566
2506
2516
2507
2591
2612
2633
2572
2539
2563
2555
2601
2513
2593
2495
2571
2591
2555
2583
2617
2557
2574
2527
2527
2626
2556
2515
2637
2645
2491
2591
2563
2574
2642
2565
2595
2544
2539
2645
2631
2683
2583
2623
2604
2521
2560
2629
2556
2537
2691
2621
2629
2628
2525
2611
2571
2594
2662
2574
2664
2695
2736
2567
2792
2680
2601
2610
2537
2544
2682
2644
2638
2611
2742
2611
2667
2565
2616
2708
2629
2647
2733
2626
2630
2696
2677
2763
2752
2699
2681
2755
2799
2813
2796
2687
2759
2646
2696
2680
2621
2758
2729
2818
2746
2976
3062
3355
3830
4570
5004
5576
5372
4839
4137
3584
3041
2823
2701
2613
2719
2796
2759
2757
2725
2646
2655
2705
2826
2745
2797
2790
2777
2671
2791
2702
2864
2690
2810
2765
2790
2732
2799
2822
2793
2675
2775
2721
2696
2737
2800
2778
2854
2879
2827
2785
2845
2838
2825
2840
2769
2839
2842
2890
2865
2871
2905
2784
2778
2917
2982
3026
3155
3157
3207
3147
3034
2985
2945
2801
2825
2872
2824
2957
2792
2825
2829
2821
2874
2846
2934
2935
2896
2863
2910
2922
2935
2878
3005
2946
2972
2858
2898
2939
2731
2841
2945
2954
2870
2919
2987
3035
2945
3022
3109
3134
3092
3028
3109
2970
3022
3155
3120
3115
2902
2986
3082
2978
2970
2896
3022
3003
2998
3053
3035
3041
3052
3080
3038
3106
3045
3030
3068
3096
3024
3087
3114
3065
2999
3050
3223
3207
3045
3284
3328
3445
3423
3679
3690
3667
3443
3326
3367
3373
3422
3589
3796
4302
4689
4724
4757
4399
3981
3649
3330
3249
3190
3196
3096
3233
3256
3262
3125
3246
3164
3123
3349
3218
3265
3189
3206
3301
3208
3323
3199
3193
3195
3366
3210
3284
3144
3278
3301
3368
3379
3306
3210
3360
3377
3281
3336
3306
3390
3338
3290
3357
3356
3385
3406
3344
3532
3366
3295
3547
3368
3314
3447
3505
3434
3346
3389
3468
3460
3454
3379
3487
3415
3371
3443
3489
3507
3395
3485
3497
3512
3358
3463
3537
3528
3628
3484
3656
3645
3588
3654
3685
3542
3822
3639
3675
3584
3629
3603
3618
3555
3503
3595
3574
3543
3707
3722
3689
3674
3641
3599
3610
3599
3712
3627
3634
3655
3721
3684
3712
3674
3758
3754
3725
3852
3781
3749
3669
3922
3742
3765
3736
3722
3731
3846
3811
3893
3691
3863
3727
3772
3780
3842
3940
3889
3843
3832
3800
4015
3932
3857
3918
4022
3873
3902
3774
3920
3855
3886
3899
3960
3994
3987
3961
3920
3860
3937
3901
4028
3903
4012
3938
4084
3896
3939
3980
4056
3985
4160
4048
4008
4051
4082
4019
4048
4144
3987
4006
4082
4102
4013
4113
4159
3988
4158
4098
4159
4187
4096
4137
4200
4088
4224
4111
4244
4227
4122
4152
4286
4254
4123
4189
4163
4296
4268
4173
4150
4353
4165
4153
4327
4299
4119
4187
4252
4145
4276
4181
4287
4158
4146
4199
4292
4154
4302
4012
4151
4113
4174
3951
4097
4080
4106
4008
3993
3932
3926
3918
3896
3965
3905
3865
3791
3745
3722
3640
3514
3495
3480
3459
3350
3311
3204
3233
3193
3068
3080
3194
3137
3021
2997
2940
2928
2959
2824
2875
2951
2971
2784
2808
2842
2750
2818
2794
2733
2778
2680
2676
2627
2740
2669
2674
2690
2670
2654
2692
2605
2608
2642
2691
2617
2545
2654
2658
2629
2609
2597
2616
2619
2563
2577
2505
2435
2513
2475
2475
2412
2461
2572
2569
2344
2497
2536
2511
2441
2462
2545
2457
2426
2575
2375
2439
2294
2336
2400
2408
2385
2468
2400
2362
2317
2416
2351
2387
2453
2329
2368
2423
2289
2291
2384
2322
2288
2297
2222
2184
2284
2279
2263
2278
2238
2276
2212
2212
2229
2283
2169
2192
2207
2160
2137
2272
2202
2205
2171
2206
2223
2135
2150
2165
2042
2171
2125
2067
2171
2098
2005
2153
2045
2081
2066
2070
2102
2126
2047
1948
2064
2064
1918
1989
2097
2008
2061
1991
1938
2053
1985
2018
2017
1998
2087
2075
2023
2158
2321
2581
2992
3299
3616
3714
3625
3245
2775
2407
2061
1952
1802
1864
1846
1776
1820
1798
1803
1818
1808
1802
1707
1795
1722
1674
1720
1745
1695
1723
1767
1646
1678
1662
1755
1697
1711
1639
1685
1683
1730
1694
1750
1671
1607
1669
1608
1619
1642
1650
1620
1574
1562
1544
1599
1609
1538
1504
1559
1560
1508
1523
1487
1472
1470
1508
1516
1452
1458
1447
1473
1404
1498
1518
1461
1426
1431
1444
1330
1347
1354
1308
1338
1438
1371
1371
1374
1361
1309
1308
1313
1254
1292
1351
1339
1344
1374
1329
1459
1408
1411
1440
1431
1355
1296
1249
1252
1222
1229
1225
1157
1262
1175
1238
1143
1197
1128
1136
1178
1168
1185
1189
1100
1108
1138
1094
1115
1128
1141
1066
1090
1105
1051
1126
1049
1152
1042
1043
1015
1016
1057
1099
1079
1019
1008
1116
1009
1017
1095
1096
1018
1033
958
974
1047
1017
1010
1048
947
1008
979
983
951
983
932
940
988
1004
967
971
933
968
970
981
978
1013
944
934
928
927
974
953
877
872
905
926
943
857
849
909
913
905
939
929
937
912
878
907
876
900
899
889
891
890
884
869
909
841
923
845
890
873
869
825
858
834
868
898
805
884
890
811
854
836
846
859
863
827
813
888
864
876
856
873
893
881
918
836
845
870
859
897
848
876
892
899
882
858
840
831
887
834
828
862
826
819
836
864
819
824
858
851
815
791
798
831
853
864
820
812
838
864
845
875
859
861
820
852
861
868
814
857
797
827
851
880
839
831
845
884
830
795
854
817
833
824
814
813
805
797
867
791
845
828
867
801
763
853
837
829
796
876
818
809
810
873
829
780
802
888
834
978
954
1040
1154
1268
1467
1513
1467
1291
1150
998
923
891
814
766
803
757
807
787
796
675
741
725
725
765
748
695
749
749
787
744
792
701
677
731
667
669
698
759
711
664
653
681
705
714
714
687
725
708
688
664
678
650
638
684
665
662
672
667
714
693
696
686
688
670
688
662
694
688
719
726
663
676
751
700
764
750
706
754
758
780
790
788
812
835
817
870
920
909
999
1130
1260
1601
2256
3186
4957
7713
11996
18819
29384
44367
67370
97442
134447
171491
196711
201371
178846
139472
93654
54149
26778
11387
4414
1668
674
400
388
353
428
423
472
520
519
517
498
445
425
380
393
383
358
353
318
373
324
343
395
353
379
377
357
360
342
338
383
385
340
309
349
376
372
316
337
366
314
336
337
319
351
337
292
338
370
321
349
331
333
315
305
330
340
344
333
327
277
342
323
333
310
309
311
324
322
358
311
307
333
337
323
323
314
305
346
313
319
321
298
323
303
287
314
281
305
303
318
301
304
295
314
288
282
242
312
317
292
329
320
293
313
280
281
302
285
324
287
268
298
303
274
296
292
280
292
293
252
289
303
272
297
272
309
288
305
270
260
314
263
258
276
258
258
250
261
277
283
260
266
282
274
279
246
267
271
300
270
289
280
265
289
269
233
274
262
261
258
273
235
291
277
271
263
259
246
274
235
264
266
260
253
247
240
259
254
262
261
246
244
266
242
227
216
218
258
256
263
204
237
276
243
226
248
261
224
220
246
234
214
225
224
227
220
212
218
236
241
225
208
231
236
194
217
238
236
244
215
242
211
218
204
224
234
231
212
227
225
229
252
220
208
197
208
219
197
256
226
223
205
230
214
210
230
197
218
193
202
187
192
209
213
261
218
204
218
202
189
195
215
217
251
249
271
315
340
403
518
546
623
594
605
553
439
335
295
238
197
205
206
190
206
190
197
221
204
238
228
266
288
295
290
289
283
217
249
224
233
198
194
209
201
203
215
193
207
215
182
209
187
190
211
198
192
190
180
180
164
191
197
197
201
197
210
195
217
212
222
211
235
241
248
297
287
330
349
319
284
261
264
207
210
207
180
210
230
240
261
266
350
383
436
488
468
430
370
320
285
226
206
185
198
207
183
224
197
198
195
189
173
195
220
185
173
185
211
179
184
171
190
175
214
186
202
173
192
192
180
196
179
181
191
196
199
175
174
203
200
172
196
171
205
176
185
172
210
189
184
177
165
215
187
204
203
182
197
194
169
162
194
184
181
189
176
195
166
169
189
201
188
181
165
182
176
216
185
179
173
168
188
205
172
192
196
195
188
185
199
193
184
194
185
175
174
212
169
190
184
171
203
180
168
187
180
195
157
181
197
189
180
200
211
196
208
196
194
179
219
221
213
219
238
257
321
388
533
709
980
1299
1860
2722
3923
5697
7863
10824
13787
16209
17038
15781
13087
9418
6099
3483
1703
765
344
179
128
113
111
113
119
116
101
112
113
91
99
109
128
109
119
107
106
134
132
110
126
115
108
107
118
99
106
114
93
101
120
108
106
108
102
110
106
114
108
101
94
111
120
105
113
115
96
102
121
117
111
96
116
110
122
101
115
98
115
112
118
107
105
112
101
102
110
97
109
109
95
126
91
116
112
123
131
111
106
128
130
128
143
152
173
183
173
203
147
117
132
148
121
107
104
126
129
153
126
147
139
164
137
132
147
143
107
115
130
134
117
98
115
96
134
143
139
193
217
228
262
305
318
318
279
251
209
199
136
132
143
133
150
126
136
132
124
108
92
85
115
101
111
109
117
101
108
100
123
109
114
102
115
108
99
99
127
105
114
104
80
88
106
100
104
101
128
80
106
108
94
89
111
88
96
109
99
129
119
102
90
104
85
116
103
87
98
102
91
102
116
96
104
111
118
106
102
138
132
119
139
157
179
153
154
155
139
104
125
100
117
107
116
111
112
138
123
109
130
122
100
119
100
98
86
104
79
115
95
93
98
92
100
92
79
96
116
100
98
94
95
87
81
92
92
88
94
70
83
94
94
103
105
109
101
91
109
104
95
76
90
87
95
95
81
86
84
96
108
92
91
83
83
100
65
92
83
87
98
94
99
92
90
82
76
107
83
70
94
81
96
96
98
90
88
84
111
92
99
70
88
85
88
86
95
90
83
78
82
93
94
105
95
93
132
134
132
149
137
127
135
150
151
159
155
178
169
143
135
144
118
127
160
191
211
284
311
337
348
336
334
262
261
191
166
190
199
197
200
241
275
213
267
171
154
161
137
110
119
120
70
104
92
79
95
125
134
108
113
103
107
98
98
83
79
80
83
100
73
75
99
89
83
73
78
88
79
83
91
81
91
92
86
98
91
89
69
99
98
100
88
73
97
85
76
95
76
78
87
79
85
80
83
87
81
83
84
114
90
89
116
120
109
134
149
175
184
157
200
177
150
137
107
82
99
101
91
92
98
115
102
95
91
81
85
67
85
112
92
123
145
159
138
168
192
171
180
158
132
95
88
90
82
63
50
69
79
67
85
87
69
79
107
92
86
121
123
119
91
92
78
67
83
75
80
65
67
74
68
81
72
74
64
66
66
68
72
79
76
72
63
72
69
63
66
67
73
90
81
61
80
55
62
79
87
76
61
56
75
66
67
58
76
71
68
77
73
72
77
95
85
69
100
107
102
144
159
168
154
166
150
120
99
75
63
84
73
70
69
56
82
87
83
86
73
71
81
61
64
63
58
61
65
72
70
73
70
64
77
58
73
59
64
73
70
58
61
69
72
63
75
66
82
78
67
70
68
78
65
78
62
74
59
85
64
76
64
69
73
89
95
80
84
89
78
76
83
81
65
66
64
73
72
72
68
57
58
62
72
55
97
68
103
90
93
93
78
78
70
74
79
77
73
68
75
60
60
58
78
56
65
61
71
62
70
72
70
62
73
60
73
68
73
65
60
74
63
76
56
67
67
60
49
58
81
58
51
61
48
66
60
63
58
66
57
68
58
71
73
77
67
51
54
62
77
63
63
56
52
70
65
83
62
68
69
68
72
64
58
72
72
74
64
65
69
64
54
62
71
65
56
66
66
66
78
80
73
101
121
146
173
208
257
296
327
327
301
245
205
176
109
81
88
68
69
62
72
65
64
59
86
57
69
59
66
64
47
81
67
58
67
58
67
63
66
61
61
65
61
66
70
64
67
59
61
64
63
52
60
85
65
62
54
73
55
53
67
64
63
47
54
64
69
60
67
45
65
70
44
62
51
45
56
55
65
62
58
64
66
67
69
57
75
73
76
77
78
93
119
127
158
183
243
324
404
591
729
958
1160
1346
1428
1406
1257
917
697
438
236
170
107
70
77
61
47
66
64
57
55
61
51
68
70
53
51
60
55
60
69
59
67
63
56
48
61
57
57
63
46
62
51
79
67
65
70
72
71
51
58
69
60
56
64
67
74
67
76
93
80
87
65
70
75
62
67
60
45
56
50
53
67
49
44
63
55
66
58
55
61
33
49
36
66
54
51
52
57
67
48
68
71
63
64
52
47
55
56
57
54
55
61
69
64
56
59
48
61
58
52
60
55
77
63
64
71
66
62
66
78
50
54
64
65
61
56
59
52
54
44
55
56
54
71
61
69
60
59
53
47
63
47
77
47
56
58
53
48
60
62
74
47
55
53
51
62
66
56
57
63
52
48
56
54
55
64
37
54
47
57
40
53
57
58
54
70
58
42
44
62
55
49
51
57
62
52
46
55
59
51
49
88
60
54
57
62
58
69
58
70
87
75
83
74
73
94
73
87
65
71
73
69
63
54
66
60
51
60
72
70
82
67
96
89
123
115
143
175
228
215
247
219
200
169
125
92
70
55
52
50
72
44
53
52
62
57
60
55
59
53
60
64
64
69
54
60
49
53
58
51
64
59
71
51
70
50
65
56
60
60
49
52
62
58
72
53
49
54
59
60
50
62
41
58
49
58
45
42
64
61
59
57
66
53
53
74
58
78
57
73
73
78
92
66
70
70
56
56
56
48
50
52
52
56
59
58
50
56
54
50
50
50
48
61
59
55
54
57
56
62
65
53
62
73
65
44
66
57
64
72
52
62
68
60
69
75
62
69
68
62
61
72
58
59
75
64
50
58
59
66
64
69
76
72
67
68
71
67
53
74
56
60
66
49
53
56
65
55
50
68
53
57
51
47
61
60
54
72
49
53
60
61
61
66
60
57
55
56
68
67
64
52
59
46
59
49
48
57
51
41
70
58
63
60
44
44
62
45
50
50
57
52
66
52
70
61
55
42
50
49
52
64
60
48
53
44
46
57
54
55
52
60
48
63
53
64
64
56
58
54
60
55
63
53
37
47
68
53
56
53
60
51
72
52
48
53
71
68
65
39
78
64
78
77
57
58
66
58
66
58
54
60
53
60
50
42
63
53
55
67
71
74
63
64
54
52
43
57
53
64
67
63
58
54
53
61
58
58
56
58
52
61
54
61
62
75
50
64
67
52
56
61
59
44
50
56
68
57
67
68
56
57
62
58
53
38
56
48
43
68
58
56
67
66
53
59
57
61
53
42
50
51
51
55
64
55
53
59
43
56
50
48
56
50
62
68
70
55
57
60
48
53
47
59
66
46
63
48
57
39
58
68
54
46
52
50
57
53
45
65
52
54
50
53
61
63
54
51
55
51
52
44
49
54
54
53
53
34
55
59
45
51
36
54
59
47
49
51
53
58
49
57
40
63
52
51
43
74
51
49
57
42
55
47
42
49
38
47
67
66
41
64
49
56
52
55
45
54
47
44
47
61
36
58
53
47
49
51
54
61
49
52
58
38
54
47
50
46
53
49
45
36
51
48
41
53
50
51
53
53
48
50
56
59
62
46
51
43
51
51
43
49
37
49
51
50
45
50
56
52
49
61
51
43
47
42
55
64
42
52
52
44
53
39
42
48
58
43
57
50
46
47
58
59
43
50
48
58
37
47
48
46
50
50
49
57
38
42
44
49
49
50
41
58
44
51
45
54
42
46
40
45
54
49
53
50
52
49
41
45
43
45
46
44
44
64
55
42
52
41
43
51
42
53
42
56
51
42
46
47
47
37
56
58
53
42
50
68
42
52
44
49
63
48
65
57
39
33
44
43
51
43
50
47
45
40
46
43
45
34
58
35
55
34
59
52
48
40
42
46
43
54
52
40
42
57
36
52
44
41
47
52
45
40
50
43
52
47
40
53
53
44
35
46
69
53
43
39
47
39
42
41
45
51
39
39
52
46
48
46
51
52
39
39
60
58
44
40
63
48
63
48
45
41
55
53
50
66
49
43
64
43
50
65
46
57
46
49
43
42
55
54
53
66
34
48
46
41
41
38
56
34
45
52
37
46
45
48
52
57
43
53
52
55
60
43
83
70
83
94
92
131
139
132
181
238
211
216
291
268
297
240
222
223
171
134
85
100
77
65
66
50
65
56
54
57
67
61
56
57
41
54
52
49
42
48
46
55
64
54
59
50
60
59
77
80
105
102
117
140
125
131
123
124
108
68
84
49
56
49
50
62
35
34
51
51
53
49
44
39
66
55
40
56
54
47
46
36
42
35
40
46
39
59
55
52
41
41
42
50
50
49
39
44
58
33
50
44
41
46
46
47
64
43
45
35
37
47
49
34
47
55
49
41
45
47
49
57
47
36
47
47
51
46
49
51
47
47
47
51
46
56
47
44
53
38
35
49
56
42
34
64
46
50
40
52
48
43
54
48
54
41
35
46
52
41
43
54
38
39
50
45
42
55
52
45
47
49
35
54
44
54
48
38
50
43
45
41
42
44
50
50
65
43
52
55
43
62
42
50
55
43
52
46
38
37
60
62
47
45
46
49
42
42
46
41
47
58
48
46
54
43
34
60
50
46
59
31
54
58
54
42
46
46
49
45
47
47
51
38
54
43
44
49
56
59
49
47
61
47
55
55
49
50
52
47
53
43
53
50
51
58
48
44
54
62
50
56
50
37
51
57
60
48
59
48
46
73
67
55
74
77
70
86
105
118
141
134
188
201
276
307
349
404
436
379
363
324
245
183
134
79
76
62
55
43
51
58
63
63
52
50
48
52
47
42
39
61
56
40
45
39
65
39
48
65
45
55
38
49
57
43
41
49
41
48
47
50
38
55
42
50
54
59
64
58
53
60
57
52
48
46
54
55
49
66
45
34
51
55
49
37
32
48
48
41
48
57
54
51
54
48
57
51
41
46
46
45
56
52
46
56
42
58
47
45
53
41
50
44
52
57
50
50
55
46
39
58
55
61
60
45
41
61
59
51
56
45
49
58
42
56
58
56
47
43
53
54
59
53
53
50
50
57
55
38
47
32
50
43
47
55
57
44
47
57
41
52
49
56
43
48
58
55
47
43
59
38
45
50
59
52
51
58
55
53
58
55
55
49
43
52
55
45
54
45
56
44
58
51
55
47
62
47
52
62
44
46
59
46
60
43
47
53
43
54
58
46
65
53
46
61
52
48
55
40
48
47
46
47
64
50
46
40
52
51
55
61
53
49
50
64
49
62
45
48
57
55
57
60
65
44
52
48
47
52
44
60
61
49
58
52
59
70
69
82
62
62
77
74
78
78
64
60
56
66
64
50
53
66
48
50
59
46
56
44
33
63
55
47
65
50
50
51
48
42
61
61
45
47
60
55
42
50
53
47
39
62
68
46
59
60
69
61
60
40
68
52
47
57
63
55
55
45
51
50
40
76
57
48
49
45
54
65
64
54
64
44
60
54
40
47
59
55
53
44
62
61
67
60
48
69
66
53
83
62
60
49
60
72
47
55
53
52
53
60
54
60
63
60
71
53
69
66
50
42
55
57
38
64
48
61
63
59
58
52
56
64
60
54
50
68
65
53
62
57
52
58
55
57
53
53
51
52
51
59
51
56
60
52
58
57
57
60
82
54
57
54
60
62
59
55
52
63
67
57
55
54
67
67
66
60
53
59
58
52
62
58
63
58
82
66
60
44
70
76
49
65
67
65
59
59
60
85
54
63
61
54
60
50
50
62
52
58
54
56
51
67
74
55
66
61
58
51
64
55
39
63
66
60
58
55
69
56
54
47
68
54
57
59
67
72
51
47
51
55
62
35
59
60
42
59
57
64
53
54
59
60
55
54
50
57
40
42
39
47
63
46
44
37
43
32
38
55
50
56
49
53
42
39
44
41
33
46
43
47
47
40
40
38
46
39
40
46
45
40
40
41
31
44
38
38
40
51
43
33
49
43
32
42
35
49
33
46
35
40
42
53
37
44
44
37
49
45
42
32
33
33
36
39
29
34
43
42
26
37
32
39
40
54
52
44
34
48
35
40
41
45
33
32
25
42
31
40
47
32
31
39
36
41
36
33
45
41
33
36
27
32
37
41
40
43
42
50
37
39
34
52
42
40
36
41
35
37
32
36
29
35
32
35
36
33
26
27
47
28
36
42
39
40
32
35
27
34
41
38
25
37
35
35
26
38
45
39
34
29
38
39
37
40
38
40
31
42
41
28
53
44
54
50
60
53
63
72
84
96
92
114
145
149
129
125
141
115
82
65
64
48
50
37
40
36
33
31
32
27
29
26
28
31
25
25
40
29
25
32
26
42
25
24
24
36
29
34
35
23
34
24
31
28
32
25
27
44
27
28
33
23
25
24
32
27
27
28
32
33
21
24
26
17
25
25
26
38
20
20
21
29
24
24
23
31
32
26
29
17
24
18
22
19
18
21
22
28
24
26
23
19
16
26
32
23
29
23
28
24
27
23
19
16
25
29
20
20
21
14
26
20
19
21
20
22
25
22
18
24
18
15
13
18
26
24
15
23
19
19
26
17
13
12
16
14
15
14
21
21
17
17
20
23
12
20
21
14
15
20
15
14
12
18
19
14
16
20
13
15
14
18
18
17
12
11
26
12
24
15
13
14
14
14
12
13
17
18
20
17
16
15
16
6
8
12
9
17
8
15
13
17
13
23
16
15
14
18
17
11
14
11
7
14
8
17
14
9
14
11
9
10
9
9
10
21
5
12
10
9
20
13
19
7
13
9
10
10
14
11
15
13
14
18
8
12
12
17
12
7
13
8
9
14
15
10
13
17
14
10
13
8
5
16
15
9
10
10
9
15
8
11
10
11
9
20
11
9
16
10
12
12
13
11
16
18
10
14
8
18
11
15
7
15
8
8
10
7
11
7
11
15
9
12
9
14
7
9
12
9
13
10
11
13
9
11
14
11
13
15
10
4
10
9
12
9
12
11
11
5
8
12
9
9
9
7
10
14
11
9
10
9
9
9
14
9
9
10
11
10
11
15
7
12
5
8
9
11
10
18
11
14
9
6
7
9
9
19
15
9
17
7
8
12
12
9
4
11
11
8
8
11
12
18
12
6
8
6
10
13
11
9
8
9
11
11
15
11
10
10
8
10
8
16
13
13
7
10
11
11
9
9
9
11
12
13
11
14
10
6
10
11
10
9
10
15
13
10
9
11
10
11
11
6
17
12
14
14
14
18
7
15
7
10
18
15
19
23
29
33
44
56
88
87
112
109
133
174
227
272
358
419
575
744
919
1152
1372
1708
1768
1921
1925
1807
1471
1254
909
625
391
238
115
61
28
9
3
2
4
4
1
0
5
1
3
1
3
3
3
4
2
5
4
0
3
1
2
4
3
6
1
3
4
3
4
3
3
4
4
3
3
5
8
4
3
5
6
2
5
9
2
2
4
3
9
3
3
1
2
5
3
2
5
3
3
1
4
3
3
4
1
3
2
1
2
4
1
5
3
5
1
4
4
5
4
3
2
2
2
4
0
2
4
4
3
0
1
3
3
2
2
5
1
4
2
3
2
4
5
1
7
2
2
5
1
4
5
4
7
3
3
3
2
8
1
3
2
3
3
4
2
2
3
5
4
3
5
6
3
3
5
3
1
1
2
3
1
5
1
4
5
4
4
4
4
3
2
4
5
3
1
3
3
5
1
2
1
3
3
6
1
4
3
3
2
6
5
5
4
1
8
3
6
2
4
3
3
3
4
3
5
4
5
6
1
3
7
3
2
4
4
5
5
3
7
3
7
0
3
7
10
5
2
4
5
3
5
3
4
5
4
3
4
1
2
3
4
5
6
7
5
3
6
1
0
6
5
4
2
4
1
4
4
4
2
3
3
1
7
5
5
2
5
1
3
3
0
2
1
0
6
4
2
7
6
4
3
6
2
3
3
6
3
2
3
3
4
2
4
3
3
2
2
4
4
8
1
1
2
2
1
2
7
4
5
4
2
4
3
1
7
1
3
1
1
3
7
1
4
1
2
3
6
2
5
3
6
1
1
6
4
6
4
6
3
2
4
4
4
4
3
3
2
4
4
4
4
3
3
4
9
2
3
2
1
6
4
4
1
6
3
1
5
5
3
3
7
4
4
3
4
4
3
3
7
3
3
3
4
2
5
2
3
4
1
1
2
2
6
4
5
5
4
4
5
2
5
0
7
4
2
4
4
3
1
3
2
4
3
2
4
3
6
4
1
3
2
2
2
1
6
2
3
6
7
4
8
5
8
6
5
3
2
3
4
3
3
3
3
7
9
6
1
3
2
2
4
1
6
3
3
3
1
4
3
4
4
1
1
3
1
2
2
3
1
2
6
5
3
2
4
2
5
6
0
2
3
0
3
0
4
3
4
5
1
3
5
2
4
3
1
2
5
5
3
2
6
3
3
4
3
5
7
1
4
0
3
0
5
3
2
0
3
2
2
5
4
2
8
3
2
2
1
5
4
5
1
4
2
3
3
2
4
0
6
4
4
3
4
6
7
4
1
1
4
6
5
2
1
1
0
3
1
3
6
1
6
6
3
6
4
2
0
2
2
4
3
2
6
2
6
3
3
4
1
2
3
6
5
4
4
3
4
2
4
3
3
4
5
0
5
7
3
2
4
3
3
7
4
4
6
3
1
3
2
4
2
5
2
3
3
3
6
3
3
5
2
2
2
6
5
3
4
4
3
4
3
3
3
4
3
2
1
4
2
1
3
3
7
4
0
2
4
3
3
2
1
3
3
3
3
2
3
2
3
6
2
2
2
4
5
3
5
2
3
2
1
3
1
6
4
5
1
3
3
3
3
3
3
6
4
4
4
1
2
4
3
3
4
3
3
1
2
3
4
1
2
6
6
1
5
6
1
1
2
3
4
2
5
4
4
0
11
3
6
2
2
1
6
4
1
1
6
3
5
4
4
3
5
2
3
4
1
2
3
6
4
2
4
1
0
2
1
1
1
2
2
3
0
2
5
0
3
0
2
2
4
4
3
1
4
4
3
3
3
3
1
3
2
6
1
1
5
1
2
0
4
2
3
2
2
1
3
2
3
3
2
3
4
4
4
2
3
3
2
4
5
1
2
3
4
3
6
6
2
4
2
2
6
1
3
3
2
2
4
4
3
6
5
2
3
2
2
1
1
5
4
4
2
3
3
5
2
3
1
0
2
3
7
5
6
5
5
4
1
5
3
3
7
3
3
4
5
4
2
4
3
2
3
3
6
4
2
6
2
2
5
3
6
6
1
2
5
2
5
3
1
4
2
2
4
6
2
3
2
3
6
2
1
5
1
1
2
1
2
2
2
1
1
1
6
4
1
2
4
4
4
1
4
0
3
2
2
3
2
5
3
2
4
4
3
5
4
3
3
5
7
4
1
0
2
5
0
3
2
4
1
1
2
0
3
2
4
5
5
3
6
8
2
1
3
3
2
1
2
0
2
0
4
4
3
2
1
3
7
8
3
2
4
1
4
1
2
2
4
5
4
2
4
6
2
4
3
0
1
2
4
4
4
5
3
4
4
4
2
2
1
6
6
2
4
3
4
8
2
5
3
3
2
3
2
4
5
3
2
3
2
1
5
3
0
4
1
0
2
3
3
5
3
1
2
3
2
1
5
1
6
6
3
3
4
3
1
5
1
4
2
3
1
6
$ENER_FIT:
0.212 0.365779 1.47284e-008
$MCA_CAL:
3
0.212 0.365779 1.47284e-008
$PEAKLABELS:
1395.964, "Pos. Ann."
3483.437, "Na-22"
4879.353, "Sum Peak"
3992.707, "K-40, (bkgd)"
7144.954, "Th-232 (d), (bkgd)"
182.950, "Au XRF, detector"
187.884, "Au XRF, detector"
212.134, "Au XRF, detector"
218.630, "Au XRF, detector"
472.988, "511 keV, backscatter"
913.609, "511 keV Compton, Edge"
2877.576, "1275 keV Compton, Edge"
$ENDRECORD:
