$SPEC_ID:
PeakEasy Library File: Na-22, IdentiFINDER (LaBr3), 16.7 uCi @ 34 cm
$MEAS_TIM:
58841.00000 59049.00000
$DATE_MEA:
28-May-2015 18:17:38
$DATA:
0 1023
0
0
0
0
0
3228
55463
79999
89584
102455
135898
211865
260542
210474
155385
144622
149537
155532
161121
166764
174481
183536
195860
212354
230346
240373
244712
246621
251156
256421
258430
262255
268016
273105
281473
288600
294503
299335
305206
310488
315144
320102
324209
330055
333589
334949
335916
336517
335315
336055
336059
339727
344551
353388
367268
386706
406482
424962
437558
441668
436280
423085
409648
394759
380954
370445
362350
355282
346159
338549
334004
329115
323628
316782
306770
296836
287955
279757
271417
263211
256221
247858
240305
234792
228731
223904
219129
214908
210461
207303
204456
201789
199184
194444
191407
189049
187373
186465
185485
184725
183089
181649
179557
177818
175617
173305
171678
169046
165625
161657
155940
149144
139652
128750
117943
109028
100485
93177
87167
81918
76521
72732
70494
68306
67038
65725
64167
63141
61579
59932
58524
56669
56028
54894
53380
52799
52226
51404
51321
51115
50880
50650
50133
49497
49178
48613
47952
47377
46876
46229
46285
46295
46437
46678
47355
47856
49695
51500
53727
57435
64951
78219
102258
146685
220558
332098
482195
656915
830428
963880
1020681
981100
856516
682394
493381
325645
198821
114638
66063
41254
29576
24460
22696
21831
21540
21411
21547
21257
21327
21639
21340
21349
21481
21696
21758
21763
21772
21709
21735
21652
21339
21864
21454
21501
21611
21410
20976
20570
21071
20595
20385
20558
20671
20985
21379
21689
21964
22716
23084
23278
23573
23679
23391
22686
22305
21444
21302
20856
20442
20456
20568
20347
20378
20397
20221
20234
20437
20430
20419
20357
20636
20544
20579
20537
20286
20478
20553
20365
20612
20770
20991
20939
21304
21574
21552
21800
21724
21686
21820
21663
21651
21581
21775
22049
21887
22000
22171
22321
22179
22122
22047
21801
22150
22328
22128
22052
22321
22406
22561
23078
22810
23190
22934
23161
23383
23266
23440
23413
23557
23541
23630
23995
24035
24159
24316
24354
24441
24457
24471
24881
24945
24986
25188
25048
25228
25372
25381
25774
25878
25942
26320
26265
26472
26621
26764
27110
27053
27062
27492
27633
27771
27839
28379
28229
28527
28652
28930
28971
29420
29528
29369
29970
30138
30086
30035
30140
30659
30309
30503
30769
30663
30826
30688
30702
30576
30469
30174
29956
29413
28418
27542
26806
25464
24380
22766
21070
19862
18367
16892
15872
14568
13637
12725
12149
11246
10919
10369
9930
9544
8855
8516
8379
8083
7703
7336
6921
6540
6276
5914
5830
5453
5087
4768
4593
4333
4354
4163
3972
3872
3763
3663
3617
3539
3506
3536
3478
3515
3400
3503
3534
3682
3815
3964
4198
4391
4743
5194
5871
6758
7706
9434
11264
13903
17391
21660
27335
33980
42454
51979
62370
73465
84016
94228
102902
108229
110953
109615
105852
99147
89574
77969
65232
53234
42130
32105
23407
16996
11932
8273
5664
3903
2706
1940
1332
1022
764
642
481
446
409
400
357
362
354
346
369
343
357
372
369
363
408
399
387
445
472
513
587
657
728
770
848
1021
1205
1349
1578
1758
2018
2159
2396
2555
2830
3104
3317
3421
3600
3600
3735
3656
3579
3552
3304
3129
2699
2563
2213
1759
1474
1260
1000
776
595
485
388
313
289
278
225
205
164
190
167
165
172
157
161
136
136
134
152
173
177
175
168
188
178
173
200
161
176
173
183
194
167
164
183
162
156
133
127
138
126
151
132
127
138
105
115
101
119
112
100
98
114
113
120
111
120
118
104
107
100
118
111
112
128
118
112
124
125
123
137
126
135
138
156
167
201
182
186
185
195
209
238
238
226
218
229
233
222
227
231
229
224
190
212
181
182
200
194
187
198
196
172
183
189
193
201
194
216
222
212
222
248
235
226
244
238
221
251
232
249
229
253
254
241
289
281
287
290
326
323
307
299
323
318
359
349
363
368
346
373
365
362
402
376
372
418
411
427
431
392
421
446
416
417
443
471
441
455
472
484
481
494
531
490
546
576
569
555
572
600
570
578
604
634
624
609
627
599
606
562
530
570
539
507
520
518
526
494
515
419
464
428
441
380
375
425
399
405
398
383
376
378
397
403
375
374
322
366
401
356
377
385
363
382
384
384
387
377
356
399
404
412
374
413
405
399
408
434
438
454
402
424
444
435
500
504
445
478
475
450
505
413
462
497
460
456
469
501
475
508
498
537
539
542
509
592
539
502
510
551
530
540
568
538
512
521
506
509
440
468
490
425
436
421
412
369
380
377
387
416
406
410
388
395
392
397
361
375
396
385
349
391
356
341
334
339
334
305
313
295
293
265
248
255
215
217
221
223
204
185
165
191
169
175
163
167
164
173
164
164
187
167
182
175
190
188
182
180
198
192
192
195
207
193
168
200
189
204
207
215
236
187
223
187
226
235
227
222
238
213
199
210
225
231
240
276
247
251
271
264
287
253
289
307
318
326
348
337
337
336
383
408
406
387
355
370
376
344
382
400
387
370
361
326
333
327
294
296
299
302
275
259
260
254
236
214
176
170
135
144
128
143
107
109
99
73
78
70
68
60
54
40
50
38
36
31
28
22
22
12
13
18
19
15
15
16
9
13
8
9
10
8
7
14
10
11
10
6
8
8
6
4
3
6
4
6
5
3
5
6
4
3
6
4
4
4
6
5
5
8
5
5
2
2
5
3
6
6
7
4
3
5
4
7
7
2
5
4
2
6
4
4
3
5
4
2
4
6
3
4
3
0
0
0
0
0
0
0
0
0
0
0
0
0
0
0
0
0
0
0
0
0
0
0
0
0
0
0
0
0
0
0
$ENER_FIT:
-3.517 3.041146 -7.28325e-005
$MCA_CAL:
3
-3.517 3.041146 -7.28325e-005
$PEAKLABELS:
170.051, "Pos. Ann."
425.120, "Na-22"
11.888, "La X-ray, (detector)"
486.660, "K-40 (bkgd),La-138"
878.820, "Th-232 (d), (bkgd)"
220.240, "Cs-137, (adjacent detector)"
$ENDRECORD:
