$SPEC_ID:
PeakEasy Library File: Na-22, IdentiFINDER (NaI with Cs-137 seed), 16.7 uCi @ 34 cm
$MEAS_TIM:
58740.00000 59071.00000
$DATE_MEA:
14-Jan-2000 05:35:25
$DATA:
0 1023
0
0
0
0
22145
128867
138909
149947
155559
197819
309006
355335
290772
237461
224832
227527
233550
241185
249006
259512
269874
283060
297421
316763
339066
358559
367195
374506
383089
392760
402404
410958
418617
429640
440112
453918
469842
506769
534051
530249
501873
482412
487981
492286
494698
499108
501993
504291
508127
512224
517127
524496
540284
564870
591415
619303
644509
663282
669099
665245
655050
640084
620400
600020
580574
564213
547682
534312
524287
514654
505513
496250
485440
478719
463862
451690
440933
429850
415494
403597
390727
380847
370829
362179
354752
347426
340121
333268
328194
322157
316191
311023
305237
300909
296016
292638
290668
285651
281882
278409
274406
269030
263405
255689
248806
239131
228492
218287
208912
197911
187615
178510
170235
162425
155614
150077
145341
140961
136594
132984
129791
125905
122242
118093
114980
113057
110971
110238
108520
107219
106305
105521
103853
103224
101913
101535
100571
99273
98511
97861
96878
96668
96508
95608
94283
93880
93590
93240
92896
93152
93541
95234
98799
104889
115067
131482
154494
186892
226871
277976
338250
408086
485418
567202
646407
725088
794066
847839
880311
896487
885255
853758
797120
727865
646352
557370
469209
384284
309356
241461
186416
141866
108787
83348
65441
53484
45524
40165
37225
35466
34364
33928
33313
33045
33184
33279
33194
33679
33665
34021
34514
34893
36406
37665
39708
42188
45276
48960
53438
58234
64403
70838
77075
83641
90135
95834
101124
104962
107542
107910
106670
103796
99989
94720
88565
81218
74493
67469
60993
54800
49504
45221
40924
38376
36231
34037
32909
31962
31641
31086
30998
30723
30685
30379
30853
30836
30714
30784
31242
31102
31200
31342
31329
31571
31623
31706
31902
32190
32105
32243
31874
32149
32527
32272
32025
32455
32488
32005
32250
32498
32263
32426
32351
32603
32936
32920
32762
33216
33309
33047
33269
33372
33192
33502
33687
33888
33955
34237
34308
34590
34947
34800
34743
35135
35185
35908
35974
35990
35955
36192
36749
36481
36851
37336
37186
37548
37649
38008
37904
38298
38078
38226
38064
38543
38684
38526
39004
39538
39641
39898
39794
40095
40112
39936
40072
40068
40297
39804
39501
38999
38429
37956
37199
36998
36074
34970
34012
33304
32028
31161
29778
28375
27337
26305
24863
23772
22889
21100
20126
19505
18282
17387
16425
15827
14919
14235
13597
12997
12410
11770
11379
11010
10465
10019
9804
9272
8812
8714
8105
7831
7642
7256
7045
6772
6501
6225
6006
5890
5600
5369
5343
5030
4962
4801
4723
4632
4536
4582
4623
4623
4835
5125
5444
5964
6609
7575
8614
10090
11926
14019
16413
19613
22689
26815
31335
36556
41305
46951
53402
59934
65668
72095
78405
84188
89666
94100
98629
102559
103767
104981
105863
105057
102505
99512
96047
91960
85784
80598
74406
67690
61711
55708
49575
43789
37844
32763
28298
24012
20264
16811
14098
11881
9612
7831
6412
5187
4213
3319
2704
2344
1860
1506
1324
1083
933
866
811
823
721
773
739
790
800
846
859
919
904
1016
1065
1166
1172
1209
1319
1384
1448
1483
1576
1563
1590
1625
1703
1642
1663
1629
1552
1527
1484
1471
1336
1280
1236
1151
1065
1006
911
850
759
716
676
626
532
506
471
463
437
368
376
337
386
347
328
350
328
315
310
302
318
315
280
278
297
314
311
304
295
268
266
279
261
278
264
265
231
248
215
217
199
217
184
230
223
228
193
197
182
199
207
164
166
171
191
174
176
181
185
165
167
181
179
171
203
194
168
207
211
193
183
211
205
244
208
204
241
247
246
229
246
264
265
279
269
267
235
249
235
260
261
267
250
235
254
238
248
236
212
227
240
211
211
218
202
214
191
206
194
160
177
174
174
176
164
149
156
171
127
138
134
129
132
141
134
118
120
107
121
134
111
125
129
104
123
124
111
112
113
121
125
104
127
120
113
103
101
101
110
110
95
105
103
104
103
114
93
96
94
88
79
105
93
83
86
104
93
85
90
84
101
86
95
88
100
107
108
115
91
100
99
88
91
102
120
85
97
111
105
120
135
114
126
113
112
122
121
139
142
131
144
148
149
138
144
109
136
118
115
132
150
147
140
123
121
135
118
111
118
126
128
111
121
125
138
122
128
147
108
122
123
125
133
120
127
118
112
130
113
92
98
110
111
97
99
100
98
90
120
112
102
98
117
103
88
107
111
84
95
84
99
130
102
90
99
98
99
88
79
70
73
100
87
91
88
86
78
87
76
79
69
70
76
71
60
76
61
57
58
68
60
61
59
53
58
51
45
42
56
54
42
39
50
44
41
56
50
45
41
47
39
36
45
38
47
33
40
35
37
24
38
34
42
39
32
32
34
24
35
28
22
22
27
28
30
26
36
35
36
34
40
55
43
40
47
64
67
86
68
94
86
81
83
76
94
110
93
100
121
112
121
112
125
126
125
118
121
109
117
121
121
113
96
105
106
93
99
95
88
90
79
89
91
70
74
74
60
58
59
64
49
44
35
36
33
26
39
29
27
22
21
21
25
23
16
17
15
13
14
12
14
12
12
13
9
9
9
11
15
12
13
9
11
6
5
15
12
10
3
11
14
6
7
10
5
7
11
10
6
12
8
11
6
8
13
5
8
10
6
6
4
5
9
8
11
10
7
12
10
10
10
4
6
13
11
5
15
10
10
9
13
9
11
14
10
13
4
4
8
11
13
9
8
10
3
8
7
7
15
8
7
7
17
6
11
7
7
13
10
13
8
12
11
9
7
9
10
6
3
13
9
7
8
9
14
9
10
1
14
11
10
11
9
8
10
10
8
7
$ENER_FIT:
-0.833 3.035130 -5.50510e-006
$MCA_CAL:
3
-0.833 3.035130 -5.50510e-006
$PEAKLABELS:
169.006, "Pos. Ann."
419.767, "Na-22"
11.033, "Cs X-ray, (detector)"
218.857, "Cs-137, (detector)"
481.101, "K-40, (bkgd)"
862.746, "Th-232 (d), (bkgd)"
38.184, "Binning artifact, (detector)"
$ENDRECORD:
