$SPEC_ID:
PeakEasy Library File: Na-22, Interceptor (CZT), 16.7 uCi @ 101 cm
$MEAS_TIM:
61136.00000 61432.10000
$DATE_MEA:
21-May-2015 16:11:19
$DATA:
0 1023
0
0
0
0
0
0
0
0
0
0
0
0
0
5897
3370
932
721
694
654
658
661
627
589
633
591
630
657
623
624
634
648
649
669
689
723
793
799
770
846
930
965
1023
1073
1083
1166
1252
1263
1248
1374
1364
1420
1515
1479
1442
1534
1554
1554
1517
1568
1572
1612
1692
1589
1590
1603
1637
1645
1580
1616
1664
1672
1679
1659
1605
1604
1556
1570
1561
1595
1500
1530
1536
1461
1459
1433
1485
1464
1450
1375
1458
1313
1438
1333
1344
1363
1345
1272
1283
1304
1185
1216
1253
1198
1142
1196
1144
1125
1113
1118
1094
1131
1092
1125
1197
1121
1126
1125
1140
1112
1085
1095
1041
1033
945
970
935
900
877
851
914
799
815
827
716
756
698
722
676
667
653
668
599
589
587
614
604
611
567
572
533
577
521
532
521
491
545
504
486
479
466
444
482
443
442
390
364
383
369
409
386
416
372
380
342
335
355
324
360
328
291
310
294
305
312
321
293
296
286
300
293
252
284
263
303
290
259
284
280
265
264
237
268
265
254
240
271
248
253
233
241
234
241
246
259
213
214
211
227
199
205
228
238
203
196
174
172
178
159
174
166
127
131
151
135
138
125
123
116
114
111
97
95
83
105
121
104
104
95
87
101
101
91
97
82
81
88
75
89
90
77
88
82
85
80
84
92
86
75
75
77
79
69
86
62
54
69
85
78
65
83
76
60
55
73
69
78
56
62
72
64
59
56
51
64
56
64
64
52
80
59
63
60
57
59
58
59
80
58
77
67
77
81
79
67
83
93
86
83
84
92
71
101
109
125
125
128
144
160
157
165
198
241
254
301
339
394
465
480
530
576
538
531
531
474
386
335
212
161
108
94
58
51
31
40
41
27
29
28
34
37
27
28
29
27
26
38
21
26
20
30
29
16
31
37
32
29
34
41
31
27
33
32
24
30
47
29
27
29
29
36
29
29
39
30
25
34
39
43
31
37
33
28
32
27
40
31
24
21
29
31
30
29
24
29
22
32
23
26
20
33
27
16
36
27
31
25
13
23
29
24
21
19
31
28
37
23
28
31
29
29
23
22
26
22
32
25
21
24
18
29
32
22
18
26
27
25
21
33
27
21
29
25
30
31
29
23
29
29
23
18
28
23
33
21
27
19
19
28
21
29
21
23
26
22
19
25
31
28
18
32
21
21
20
34
32
21
19
18
26
21
20
18
23
25
24
18
29
27
20
29
13
26
18
24
29
25
32
24
35
17
17
17
18
20
21
18
14
19
24
18
20
23
15
27
16
18
18
20
17
19
22
16
24
18
22
25
24
10
22
35
18
28
24
23
17
32
20
24
29
22
19
25
26
21
23
24
22
26
21
34
28
22
27
23
23
25
23
19
21
23
16
22
27
24
21
19
17
27
14
17
13
28
33
21
24
28
19
21
21
27
23
23
25
28
29
18
17
33
21
27
28
27
25
27
25
17
24
22
31
23
26
26
24
26
20
18
27
32
31
29
24
28
24
19
24
26
20
25
22
23
24
24
26
24
28
22
20
22
32
22
28
15
27
12
20
32
24
25
18
28
27
22
20
33
29
29
19
32
26
26
26
29
22
21
24
27
26
22
27
24
28
29
28
27
25
24
27
26
22
19
33
14
13
16
26
20
25
16
28
23
23
15
23
17
21
22
14
21
22
12
12
11
19
8
8
9
12
10
9
15
8
8
10
9
9
9
8
7
6
7
13
12
2
13
7
10
1
9
11
7
7
4
2
6
8
8
10
4
11
8
4
7
6
10
4
3
5
9
5
6
2
6
6
7
8
7
5
6
7
4
8
6
6
6
2
4
9
2
3
3
3
1
3
4
2
2
9
6
6
1
8
2
2
8
2
6
9
1
2
2
5
8
3
7
5
10
8
4
2
5
9
8
8
4
6
5
8
6
14
9
6
12
14
8
15
11
9
19
11
17
11
10
15
11
18
19
15
19
14
22
22
26
25
32
23
20
28
29
23
26
23
17
28
21
21
28
32
26
14
20
17
5
2
3
7
2
5
1
5
2
2
1
1
5
3
1
1
1
0
3
0
4
2
2
4
2
2
2
1
1
1
2
1
2
1
1
0
0
2
2
0
2
1
0
0
1
1
2
0
3
2
1
3
2
0
4
2
1
2
2
1
0
1
2
2
2
2
3
1
1
2
1
0
2
4
2
2
3
1
0
2
2
4
1
1
4
3
2
0
0
1
2
0
1
2
3
3
1
4
4
2
3
1
3
6
6
3
4
1
2
6
2
3
2
1
1
2
5
2
3
4
4
1
2
1
1
2
1
5
5
1
2
2
1
1
1
0
3
0
2
1
0
2
0
0
0
1
2
3
3
2
0
2
1
2
2
0
0
2
1
1
1
0
0
$ENER_FIT:
0.616 1.502419 0.00000e+000
$MCA_CAL:
3
0.616 1.502419 0.00000e+000
$PEAKLABELS:
339.778, "Pos. Ann."
849.178, "Na-22"
965.307, "K-40, (bkgd)"
$ENDRECORD:
