$SPEC_ID:
PeakEasy Library File: Na-22, Detective EX-200 (HPGe), 16.7 uCi @ 96 cm
$MEAS_TIM:
59550.02000 61428.48000
$DATE_MEA:
21-May-2015 22:08:52+00:00
$DATA:
0 8191
0
0
1
0
0
0
0
0
0
1
0
0
1
0
1
2
0
1
3
3
4
3
6
4
4
1
6
6
6
16
12
13
21
18
39
53
58
99
956
18327
37707
38437
38196
37978
37549
37822
37450
36937
36995
36558
36179
36498
36182
35846
36233
35639
35556
35255
35415
34956
34791
34530
35234
34554
34517
34315
34538
33980
33894
33656
33952
33420
33557
33495
33170
33324
33111
32991
33051
33252
32882
32929
32585
32347
32575
32407
32646
32421
32552
32426
31851
31933
31833
31966
31911
31453
31783
31750
31606
31549
31546
31402
31394
31477
31354
31453
31154
30754
30971
30937
30949
30819
31344
30799
30734
30549
30998
30667
30975
30724
30645
30634
30259
30686
30726
30757
30442
30900
30563
30406
30231
30682
30332
30323
30394
30551
30503
30368
30360
30436
30855
30708
30384
30701
30644
30954
30523
30594
30470
30689
30652
31148
30731
31303
30905
30835
31310
30955
31330
30934
31445
31344
31441
31379
31490
31835
31790
31819
31854
32222
32153
32394
32782
32504
32964
33006
32520
32703
33114
33758
34584
36633
37434
36346
35503
37412
39974
41049
39002
35573
34213
33914
34097
34105
34103
34439
34228
34727
34623
34712
34903
35099
35571
36429
35743
35636
35325
35450
36588
37726
39042
39744
39050
37747
36510
36166
36663
37076
37422
37239
36661
36441
36284
36266
36342
36135
36317
36711
36534
36910
37090
37090
37343
37302
37356
37545
38303
38089
37816
37951
38395
38111
38208
38400
38696
38392
38521
38565
38357
38678
39341
39866
39794
39617
39599
39789
39441
39520
39657
39615
39655
39982
39755
39862
39695
39973
40173
40334
40528
41037
40988
40734
41119
41058
41175
41136
41073
41569
41913
41700
41872
42106
41866
42259
41797
42206
43007
42095
42628
42604
42765
42933
43015
43055
43091
43307
43326
43635
43396
43885
43958
43851
43477
44058
44034
43888
44316
44564
44421
44408
44718
44437
44735
44988
45072
44979
45229
45101
44881
45249
45044
45251
45095
45222
45647
45391
45706
45686
45818
45571
45582
45970
45997
45859
45914
45838
45803
46093
46092
46412
46038
45853
45993
45795
46631
45944
45964
46283
46181
46618
46570
46368
46766
46581
46171
46367
46569
46655
46392
46777
46632
46640
46458
46767
46519
46574
46515
46571
46559
46618
46857
46777
46618
46863
46329
46368
46452
46287
46797
46879
46544
46446
46719
46540
46216
46446
46584
46959
46804
46813
46756
47009
46795
46831
46592
46473
46661
46918
46815
46482
46666
46727
46726
46162
46550
46266
46088
46589
46439
46559
46622
45972
46364
46721
46287
46303
46352
46479
46556
46357
46456
46539
46422
46184
46655
46272
46391
46464
46156
45907
46017
46111
46286
46280
46005
46375
45887
46454
46173
46288
46528
46212
46290
46391
46531
46463
46518
46452
46458
46315
47173
46414
46671
46855
47398
47459
47999
47780
48545
48987
49032
49880
50804
52130
52447
53199
54299
55377
55643
56090
55520
55660
55691
55487
55384
54964
55306
55254
54992
55015
54454
54147
54036
54057
53600
53691
53320
53088
52973
52375
52258
51845
51949
51203
51336
50969
50404
50207
50188
50137
49705
49721
49526
48777
48846
48860
49435
49431
49088
48124
47715
47201
46721
46814
46559
46199
46524
46294
46067
46036
45331
44932
45533
44577
45263
44643
44656
44129
43928
43807
44019
43371
43183
43653
43084
42704
42639
42397
42572
42295
41363
41568
41230
41286
40893
40437
40281
39833
39795
39587
39446
38953
38682
38811
38290
38863
38487
38482
38675
38383
38066
38004
37810
37619
37427
37880
37704
37279
37050
37371
37579
37475
37645
37041
36817
37029
36964
36865
37110
37244
37360
36899
37505
37588
37415
37334
37213
37720
37768
37029
37121
36980
36851
36514
36823
36611
36460
36269
36276
36179
35647
35893
35676
36016
35525
35270
35386
35163
35030
34919
34862
35150
34538
34623
34473
34560
34409
34080
34462
34457
33907
33982
33511
33862
33594
33081
33279
33148
33527
33014
32925
32908
32597
32581
32741
31999
32760
32488
31895
32202
31963
32182
32044
31906
31778
31902
31712
31220
31802
33622
36147
37279
36209
33422
31598
30656
30929
31079
31246
31815
31928
31634
30823
30140
29751
29711
29819
29474
29643
29519
29662
29693
29293
29455
29305
28950
28820
29068
29305
29242
28878
28984
28921
28864
28888
28422
28879
28951
29055
29367
29003
28837
28345
28485
28140
28111
28098
28021
28327
27988
28041
28210
28147
27943
27755
28002
27653
28042
27766
27722
27365
27523
27696
27461
27478
27582
27316
27385
27339
27159
27179
26903
26963
27347
27155
27257
27036
27256
27137
26935
26748
26940
27064
27111
26746
27265
27031
27291
27376
27030
26890
27117
26812
26674
27020
26804
26597
27036
27007
26798
26981
26742
26958
26715
26903
27080
27316
26992
26967
26760
26747
26718
26754
26777
26431
26879
26639
26633
26669
26695
26431
26466
26853
26615
26696
26656
26916
26565
26734
26406
26674
26631
26568
26578
26463
26806
26541
26692
26616
26743
26762
26965
26632
26954
26715
26662
26806
26868
26971
27012
26827
26718
26929
27161
28310
29857
30250
29583
28466
27346
27058
27317
27248
26864
27054
26898
27246
27283
27687
27436
27334
27361
27038
27068
27687
27177
27423
27062
27190
27275
27084
27467
27372
27505
27290
27174
27438
27204
27549
27495
27552
27496
27780
27460
27829
27441
27663
27819
27493
27740
27709
27878
27865
27999
27717
27995
27952
27973
28085
28048
28094
28044
28331
28053
28331
28198
28154
28114
28017
28285
28545
28054
28282
28480
28748
28461
28579
28622
28612
28774
28726
28501
28866
28818
29076
28819
28869
28579
28659
28697
28717
28936
28941
28991
29429
29316
29647
28930
29190
29399
28931
28977
28951
29197
29132
28543
28845
28885
28832
28594
28519
29077
28807
28611
28617
28375
28364
28402
28384
27644
27777
27203
27914
28267
28067
27581
26365
25979
25058
24987
24050
23805
23420
22918
22631
21724
21918
21550
21070
20789
20535
20242
20121
19571
19505
19588
19328
18922
18779
18866
18491
18422
18172
18161
18179
18235
17852
18333
18707
20238
22373
23774
22562
19615
18121
17524
16790
16852
16858
16590
16669
16532
16526
16309
16245
16171
16137
15842
15732
15748
15726
15685
15447
15673
15394
15532
15387
15508
15204
15442
15174
14920
15185
14893
14825
15032
14747
14709
14670
14616
14560
14431
14140
14359
14132
14101
14079
13962
14172
13728
13956
13990
13731
13647
13649
13552
13467
13364
13328
13190
13251
13254
13226
13247
13208
13166
12862
12788
12981
12742
12852
12762
12561
12690
12555
12418
12351
12396
12266
12456
12218
12100
12094
12062
12014
11961
12099
11873
11697
11592
11659
11605
11314
11554
11573
11399
11427
11444
11344
11112
11361
11030
11097
11146
11099
11001
10984
10854
10967
10879
10882
10692
10469
10491
10567
10596
10546
10362
10390
10185
10557
10375
10310
10377
10239
10039
10072
9983
10069
10001
9919
10006
9806
9858
9695
9602
9741
9831
9653
9668
9529
9632
9381
9520
9487
9516
9397
9553
9215
9315
9286
9094
9138
9014
9159
8926
9171
9319
9122
9276
9030
8999
8981
8901
8832
8868
8810
8754
8769
8825
8813
8728
8535
8648
8616
8665
8637
8667
8429
8406
8391
8396
8408
8374
8354
8312
8556
8149
8220
8312
8141
8153
8216
8216
8241
8163
8329
8223
8073
7991
8154
8118
8087
8019
8034
8140
8165
7884
8079
7940
7986
8074
7912
8150
7813
7833
7857
7902
7964
7846
7978
7881
7914
7796
7837
7737
7926
7773
7786
7808
7763
7787
7876
7780
7716
7822
7902
7866
7713
7766
7692
7655
7720
7741
7625
7526
7622
7523
7603
7398
7794
7551
7462
7570
7688
7479
7493
7586
7711
7476
7312
7636
7515
7378
7491
7523
7505
7350
7475
7481
7443
7464
7330
7493
7286
7235
7438
7345
7248
7305
7433
7328
7266
7360
7330
7230
7405
7352
7279
7141
7173
7148
7119
7075
7176
6972
7117
6999
7015
7011
7211
7213
7311
7524
7586
7723
7455
7226
7008
7081
7075
6973
7039
6922
7171
6962
6988
6942
6898
6910
7029
6902
6983
6887
6794
6963
6927
6896
6791
6856
6956
6744
6811
6796
6664
6635
6925
6697
6801
6774
6627
6551
6746
6704
6654
6811
6715
6791
6624
6813
6817
6725
6629
6632
6753
6629
6545
6614
6707
6644
6580
6586
6557
6521
6419
6455
6486
6342
6582
6384
6553
6418
6462
6528
6492
6589
6398
6435
6529
6470
6338
6342
6418
6526
6424
6585
6457
6481
6538
6425
6404
6503
6390
6379
6457
6387
6542
6473
6416
6559
6475
6278
6402
6467
6619
6637
6632
6560
6591
6619
6558
6740
6702
6693
6996
6937
7162
7052
7316
7549
7894
8455
9165
10529
12845
17263
26223
42865
72918
124294
200850
310284
448149
599656
735224
816811
813282
724364
583085
431911
295687
188480
113808
65096
36816
21107
13052
8915
6674
5679
4856
4498
4085
3989
3854
3736
3633
3628
3622
3720
3666
3654
3423
3610
3497
3443
3380
3470
3497
3419
3321
3509
3471
3414
3398
3396
3390
3370
3495
3436
3340
3476
3358
3399
3466
3437
3532
3413
3334
3442
3387
3324
3436
3439
3341
3366
3392
3348
3453
3357
3283
3311
3261
3363
3269
3380
3401
3309
3387
3268
3417
3313
3291
3232
3234
3389
3423
3328
3447
3224
3399
3320
3328
3398
3312
3320
3255
3419
3255
3361
3403
3388
3346
3354
3391
3434
3253
3252
3292
3369
3301
3287
3247
3432
3239
3291
3450
3193
3383
3221
3171
3220
3191
3278
3344
3330
3284
3285
3339
3272
3263
3202
3172
3174
3259
3256
3276
3223
3181
3220
3222
3230
3290
3259
3261
3323
3304
3349
3290
3184
3247
3120
3207
3180
3222
3193
3207
3188
3200
3258
3073
3200
3144
3143
3237
3110
3237
3107
3234
3237
3282
3198
3180
3302
3218
3169
3240
3125
3158
3206
3214
3245
3082
3177
3202
3179
3205
3214
3151
3221
3060
3153
3225
3048
3162
3196
3175
3205
3225
3359
3955
5209
5997
6383
5524
4419
3621
3270
3080
3100
3090
3086
3184
3020
3127
3028
2987
3062
3074
3136
3123
2984
2993
3087
3076
3052
3085
3037
3038
3008
3082
3073
3156
3040
3037
3064
3037
2997
3057
3016
3045
3028
3049
3172
3047
3028
3062
3071
3051
2976
3025
3037
2897
2993
2987
2995
3043
3093
3005
3009
3042
3005
3085
2980
3076
3016
3038
2959
3087
3033
3403
4449
6356
8155
9388
8442
6360
4516
3385
3002
2995
3062
2922
3020
3000
2905
2956
2958
2991
2998
2948
2932
2960
3008
3041
2925
2930
2902
2927
2918
2919
2897
2879
2861
2903
2896
2891
2958
2943
2903
2846
2941
2906
2853
3014
2844
2913
2939
2843
3030
2893
2788
2843
2935
2898
2908
2842
2862
2859
2869
2843
2886
2840
2979
2896
2892
2903
2957
2835
2849
2920
2918
2940
2832
2868
2848
2821
2893
2831
2761
2844
2917
2940
2989
2823
2785
2889
2926
2931
2885
2950
2881
2866
2909
2869
2843
2851
2925
2876
2903
2877
2836
2897
2895
2796
2873
2802
2865
2887
2987
2856
2859
2883
2853
2901
2812
2893
2927
2872
2872
2871
2781
2760
2783
2844
2833
2933
2962
2800
2719
2801
2777
2833
2771
2788
2821
2693
2859
2866
2802
2865
2818
2742
2791
2823
2800
2954
2826
2817
2909
2761
2806
2846
2887
2795
2972
2990
2922
3036
2902
2897
2834
2774
2819
2706
2695
2699
2812
2825
2763
2797
2883
2778
2794
2896
2807
2794
2803
2675
2806
2712
2802
2756
2741
2841
2860
2814
2824
2729
2857
2831
2820
2806
2831
2706
2743
2667
2698
2797
2865
2795
2899
2789
2843
2771
2793
2827
2825
2827
2822
2768
2685
2766
2740
2835
2814
2794
2889
2802
2716
2814
2763
2766
2749
2825
2851
2772
2738
2805
2741
2717
2742
2747
2778
2852
2779
2793
2752
2828
2835
2652
2726
2708
2722
2812
2716
2732
2720
2759
2665
2746
2723
2730
2722
2826
2781
2823
2897
2821
2771
2724
2921
2700
2847
2823
2791
2766
2778
2731
2771
2706
2711
2764
2812
2776
2684
2737
2804
2717
2712
2699
2711
2687
2702
2663
2701
2705
2664
2771
2702
2804
2709
2750
2689
2753
2752
2740
2740
2691
2622
2706
2752
2733
2630
2763
2830
2750
2766
2751
2723
2718
2661
2723
2615
2681
2624
2715
2750
2624
2691
2782
2691
2793
2946
3053
3252
3348
3262
3183
2963
2738
2658
2695
2726
2687
2673
2706
2643
2722
2740
2738
2769
2663
2679
2746
2757
2652
2702
2717
2664
2639
2769
2695
2599
2693
2671
2631
2716
2686
2667
2757
2743
2696
2659
2759
2644
2735
2780
2730
2785
2762
2700
2632
2660
2687
2665
2645
2739
2657
2646
2797
2794
2747
2644
2648
2761
2768
2724
2776
2640
2671
2728
2588
2759
2662
2669
2622
2712
2642
2705
2751
2724
2765
2749
2716
2752
2585
2713
2703
2676
2688
2642
2701
2667
2562
2663
2584
2773
2722
2661
2874
2880
3019
3213
3137
3216
3113
3141
3014
3014
2918
2838
2772
2643
2773
2877
2894
3049
3219
3216
3009
2843
2840
2781
2759
2714
2661
2724
2917
2762
2742
2770
2686
2648
2573
2666
2715
2645
2590
2743
2700
2693
2563
2619
2654
2662
2743
2741
2698
2662
2691
2697
2597
2681
2684
2675
2624
2697
2583
2648
2634
2623
2692
2710
2821
2974
2916
2847
2790
2794
2700
2613
2591
2666
2726
2573
2707
2561
2690
2616
2642
2633
2619
2606
2627
2636
2698
2616
2645
2818
2941
2998
3018
2868
2755
2612
2628
2631
2655
2655
2677
2646
2675
2679
2619
2717
2671
2636
2608
2618
2666
2642
2692
2644
2690
2640
2641
2780
2683
2701
2728
2826
2757
2759
2729
2745
2665
2635
2648
2658
2539
2540
2728
2668
2697
2687
2682
2628
2730
2668
2669
2638
2618
2597
2754
2651
2658
2608
2697
2647
2748
2713
2720
2739
2668
2572
2734
2642
2633
2629
2670
2624
2671
2724
2779
2751
2623
2675
2652
2742
2663
2635
2697
2710
2803
2637
2656
2720
2714
2643
2648
2695
2696
2641
2616
2607
2754
2734
2626
2733
2845
2736
2634
2781
2789
2646
2671
2680
2569
2709
2726
2771
2855
2902
2786
2716
2789
2632
2714
2711
2745
2820
2823
2829
2783
2796
2861
2732
2726
2656
2767
2707
2672
2695
2616
2735
2803
2621
2648
2760
2831
2764
2678
2833
2694
2593
2750
2762
2682
2651
2770
2788
2772
2619
2669
2747
2741
2653
2801
2769
2658
2710
2739
2708
2736
2704
2717
2822
2596
2747
2856
2717
2656
2790
2867
2716
2783
2841
3023
3003
3044
3120
3034
2916
2844
2733
2673
2733
2777
2744
2609
2819
2717
2818
2744
2741
2784
2623
2734
2738
2756
2818
2729
2784
2730
2784
2675
2769
2781
2715
2825
2660
2831
2774
2676
2784
2774
2679
2733
2763
2729
2749
2839
2734
2766
2804
2820
2742
2746
2905
2937
2721
2771
2735
2803
2795
2773
2760
2863
2758
2822
2810
2805
2781
2853
2860
2801
2916
2840
2792
2820
2748
2830
2706
2850
2863
2818
2807
2804
2775
2852
2861
2816
2863
2830
2879
2808
2856
2863
2922
2827
2907
2921
2720
2885
2855
2905
2857
2860
2880
2897
2836
2897
2939
2861
2883
3047
2935
2906
2861
2937
2873
2888
2875
2887
2870
2945
2879
2830
2969
3010
2912
2823
2959
2955
2888
2944
2937
2889
2924
2910
2983
2881
2975
3135
3361
3852
4484
5159
5220
4998
4216
3676
3171
3078
2976
2957
2969
3010
2961
2936
2932
3018
3024
3010
3057
3008
3072
3015
2959
2925
3088
3082
2922
2934
3169
2994
2971
2976
3058
3042
2961
3050
2999
3018
3097
3082
2936
3037
2988
3103
3044
3066
3078
3151
3100
3158
3030
2996
3107
3065
3087
3065
3034
3216
3123
3185
3182
3184
3361
3427
3507
3427
3389
3290
3294
3168
3143
3150
3258
3156
3182
3196
3282
3237
3186
3245
3122
3286
3172
3231
3339
3304
3295
3341
3203
3344
3310
3348
3343
3239
3378
3430
3350
3326
3296
3216
3330
3531
3429
3398
3423
3508
3423
3470
3604
3510
3400
3536
3408
3478
3349
3447
3474
3376
3377
3408
3407
3518
3460
3385
3444
3523
3638
3629
3445
3552
3401
3521
3502
3459
3511
3603
3542
3591
3546
3503
3653
3593
3599
3528
3713
3852
3903
4040
3985
3996
3827
3869
3760
3770
3712
3868
4117
4318
4751
4905
4970
4800
4448
4097
3867
3814
3782
3853
3699
3845
3752
3881
3797
3861
3811
3871
3887
3827
3892
3805
3939
3818
3837
4023
3860
3898
3940
3761
3974
3930
3994
3932
4061
4031
3931
3926
4104
3869
4042
3931
4041
4036
4014
3987
4112
3973
4132
4098
4090
4178
4154
4153
4158
4135
4091
4185
4058
4206
4177
4183
4175
4198
4131
4156
4170
4046
4311
4316
4245
4206
4229
4218
4268
4392
4319
4398
4296
4442
4266
4213
4252
4379
4439
4301
4438
4402
4529
4396
4634
4661
4614
4440
4523
4441
4444
4446
4610
4529
4609
4526
4663
4538
4531
4574
4570
4537
4696
4573
4675
4507
4668
4610
4771
4731
4517
4790
4735
4851
4705
4755
4807
4814
4768
4696
4777
4822
4795
4863
4902
4918
4877
4884
4900
4883
4892
4896
5010
5051
4951
4973
5042
5092
5009
4972
4924
5069
5160
5205
5076
5059
5079
5135
4977
5113
5150
5170
5164
5234
5175
5214
5183
5273
5174
5206
5195
5278
5239
5288
5251
5400
5313
5435
5294
5384
5341
5508
5448
5432
5469
5350
5452
5340
5486
5449
5577
5313
5473
5540
5426
5557
5463
5542
5541
5574
5504
5434
5563
5719
5539
5614
5633
5613
5659
5619
5643
5741
5592
5750
5662
5822
5695
5791
5721
5676
5651
5668
5717
5761
5668
5729
5718
5851
5869
5737
5792
5823
5636
5748
5654
5773
5656
5574
5659
5751
5557
5724
5755
5709
5703
5587
5616
5583
5514
5501
5371
5314
5376
5240
5218
5079
4954
4874
4971
4891
4671
4580
4422
4444
4260
4170
4209
4110
4137
4050
4046
3838
3799
3858
3847
3802
3808
3763
3661
3651
3663
3637
3516
3625
3685
3539
3397
3389
3491
3442
3411
3312
3367
3456
3280
3499
3387
3294
3334
3328
3336
3312
3355
3214
3301
3407
3287
3297
3270
3289
3193
3247
3214
3240
3152
3209
3193
3238
3171
3215
3140
3062
3128
3090
3119
3079
3037
3002
2983
3111
3055
3015
2965
3097
2892
2999
3030
2968
3022
2853
3023
2969
3017
2932
2993
2946
2895
2966
2895
2905
2837
2899
2865
2833
2797
2843
2850
2856
2820
2829
2833
2807
2791
2746
2889
2763
2739
2727
2769
2664
2834
2731
2696
2665
2783
2780
2728
2603
2699
2559
2679
2657
2588
2616
2562
2653
2578
2572
2481
2631
2552
2670
2556
2627
2576
2579
2501
2418
2437
2407
2437
2431
2512
2539
2440
2353
2445
2377
2323
2331
2328
2312
2339
2437
2540
2618
2751
3278
3705
3881
3690
3365
2959
2589
2396
2221
2184
2191
2212
2208
2119
2217
2166
2188
2162
2197
2180
2045
2011
2107
2115
2127
2071
2095
2013
1973
2107
1966
1935
1985
2046
1999
1972
1929
1961
1918
2066
1962
1960
1929
1869
1932
1942
1803
1917
1887
1892
1857
1811
1835
1795
1823
1769
1800
1727
1776
1825
1793
1794
1684
1717
1819
1731
1747
1732
1644
1673
1674
1677
1716
1637
1594
1624
1583
1605
1620
1548
1530
1658
1614
1576
1561
1593
1568
1540
1601
1489
1503
1481
1554
1515
1463
1509
1585
1608
1612
1529
1444
1421
1415
1426
1370
1297
1343
1337
1323
1291
1328
1356
1329
1372
1311
1307
1283
1246
1303
1274
1235
1281
1251
1307
1273
1237
1220
1264
1130
1203
1255
1170
1181
1181
1151
1158
1140
1211
1225
1089
1097
1101
1185
1162
1097
1129
1137
1095
1099
1156
1107
1047
1121
1103
1109
1047
1094
1021
1060
1122
1017
1065
1025
1101
1045
1024
1032
1036
1053
1025
1075
994
986
926
1001
975
987
981
982
942
1017
989
984
930
960
1008
968
929
951
930
880
961
932
887
933
954
945
895
925
869
906
873
929
913
949
880
931
894
870
887
862
905
907
840
879
840
921
830
881
901
849
859
891
873
860
895
923
855
861
925
853
864
838
844
832
814
810
836
847
894
947
909
906
923
862
924
876
855
899
849
861
885
856
909
898
887
836
804
879
797
849
834
833
848
863
870
857
848
861
888
881
852
895
811
810
863
818
828
810
824
831
862
845
829
852
855
814
866
826
791
796
812
820
800
853
835
842
814
821
806
774
820
837
818
791
783
772
811
849
800
812
865
804
803
850
806
764
840
801
894
922
1018
1185
1345
1404
1316
1165
1016
926
805
773
812
741
756
724
711
761
726
748
753
714
757
776
719
694
730
768
739
748
738
748
714
725
701
672
701
658
681
697
677
643
685
701
694
634
705
707
686
665
708
691
606
655
698
663
620
699
630
630
652
635
702
722
686
700
717
680
670
695
713
679
671
675
696
670
708
687
723
709
706
730
763
760
781
763
767
862
891
944
932
1013
1081
1144
1338
1541
2110
3814
8668
21755
49835
100688
170654
242524
287937
284862
233631
159630
89722
42443
16566
5562
1728
606
376
343
328
356
352
399
393
456
472
421
395
390
353
321
319
301
313
300
294
307
329
293
322
294
294
308
270
302
309
291
305
288
317
299
320
295
265
278
302
275
293
300
278
314
269
304
274
279
318
288
281
281
292
265
268
300
288
272
300
303
227
278
275
243
308
302
289
265
305
263
327
303
310
276
275
256
250
261
289
264
267
271
268
260
235
272
287
252
274
276
251
239
265
271
263
254
259
272
256
253
257
267
255
280
262
278
273
268
235
294
227
260
275
266
234
260
237
260
266
258
240
236
257
248
256
257
229
227
251
219
259
258
240
251
234
245
268
273
261
246
238
254
227
210
238
230
216
269
251
241
256
237
253
226
207
205
212
222
216
206
236
217
246
230
225
236
225
223
225
235
189
200
219
235
204
221
213
224
221
200
194
228
224
211
217
182
207
198
205
222
204
206
204
215
212
172
185
212
209
194
204
195
187
178
185
200
212
205
215
196
210
214
174
164
203
195
180
208
188
194
210
194
174
206
178
195
190
207
187
187
197
175
208
172
179
187
180
201
180
190
209
179
168
198
175
189
174
174
192
191
178
173
183
193
181
169
185
177
188
155
179
179
158
170
201
176
193
218
261
347
432
512
535
483
413
329
279
233
190
188
161
177
155
191
162
162
166
183
220
183
208
238
240
255
266
229
188
187
156
160
171
168
184
168
203
179
168
171
157
174
151
155
158
163
166
184
192
184
163
178
164
168
171
168
166
182
165
192
172
178
171
179
178
185
228
248
278
296
290
245
253
189
189
153
178
169
173
187
158
206
183
229
281
339
343
376
363
322
275
213
185
172
171
161
153
156
164
167
158
146
146
168
158
161
182
169
161
156
145
170
168
169
175
180
194
173
154
175
163
137
177
139
146
161
171
165
164
138
161
170
168
159
141
194
171
174
173
164
140
161
177
168
155
163
173
158
151
157
155
150
162
156
174
163
152
148
171
170
165
149
161
171
149
159
175
155
151
141
144
154
166
164
162
166
172
166
155
168
157
167
157
156
166
158
155
164
175
166
168
165
168
156
157
153
173
145
147
146
149
162
159
170
148
161
186
150
152
166
153
178
155
182
175
188
195
170
190
194
217
214
245
311
538
991
2096
4030
7097
10479
13857
15361
14353
11578
7894
4453
2282
1004
427
214
120
97
90
99
79
90
103
86
86
99
108
97
89
98
95
100
87
96
107
107
99
84
105
93
105
99
107
84
101
103
95
87
103
99
86
105
101
93
98
87
114
96
106
104
119
84
98
87
75
91
104
92
75
98
120
88
89
85
102
94
102
97
69
92
88
89
98
101
81
93
82
97
98
89
112
107
100
89
119
91
107
111
108
106
111
166
167
154
184
135
144
119
105
108
113
104
95
99
100
124
111
126
114
115
113
105
99
111
111
89
94
91
99
101
94
105
98
100
104
132
181
264
256
266
264
203
236
172
131
106
106
104
117
129
116
117
99
92
98
79
116
85
93
69
71
99
96
96
84
111
93
101
106
95
81
100
96
105
86
107
92
94
98
98
104
98
82
81
102
83
92
88
97
89
80
90
88
94
91
95
87
94
100
103
75
90
93
94
89
77
87
91
97
97
112
104
90
89
93
103
104
134
126
129
128
99
115
95
102
88
73
72
89
109
96
100
104
128
92
106
87
89
75
85
77
97
90
83
99
82
80
88
72
89
88
74
76
92
78
80
87
83
89
96
81
71
105
70
80
66
80
95
83
95
81
74
85
92
79
78
78
81
73
99
78
86
81
83
73
78
71
71
81
77
64
75
80
87
75
85
89
67
84
78
74
87
79
74
74
54
82
79
81
79
75
65
92
84
83
84
84
69
64
83
76
78
76
70
78
85
86
68
81
76
100
101
104
101
127
126
111
124
122
114
132
148
133
113
106
106
100
96
87
106
136
163
196
227
273
286
273
225
185
124
106
105
146
169
225
296
278
278
248
224
177
144
118
102
108
95
87
85
82
72
91
104
102
104
86
102
103
108
86
93
71
88
83
89
76
84
81
72
70
86
71
75
69
63
75
77
81
81
80
69
69
67
72
67
76
66
73
68
75
76
73
62
67
60
75
58
63
75
72
86
79
66
65
69
68
77
75
87
80
109
107
130
153
164
145
161
154
96
84
78
70
69
65
66
85
91
88
75
78
70
88
62
57
56
69
77
91
128
108
138
163
196
151
147
110
79
94
81
66
64
72
73
70
68
62
74
80
73
85
84
107
91
92
76
63
77
57
62
78
55
68
72
57
66
59
60
55
53
53
62
66
61
60
60
71
58
50
69
71
61
52
58
59
47
79
54
68
49
64
58
54
75
59
49
68
54
54
76
68
48
64
52
68
63
70
74
54
77
55
66
81
99
124
131
146
144
115
113
104
70
86
73
69
64
66
68
76
60
68
69
85
64
59
55
67
52
56
79
56
55
61
52
64
59
89
59
53
59
53
59
59
61
59
53
59
60
58
60
64
72
63
68
55
65
49
52
54
48
52
60
56
61
56
62
85
94
72
88
71
63
70
64
48
57
53
70
64
64
45
56
61
50
56
61
55
56
76
68
82
69
75
88
80
62
63
65
72
65
73
61
58
48
56
66
58
64
53
66
59
72
48
51
51
68
43
56
52
56
49
59
54
61
53
58
51
63
57
56
62
55
52
53
52
48
49
53
55
47
58
63
61
53
64
49
59
57
51
65
56
61
60
61
57
49
65
54
47
46
60
40
61
61
49
64
60
50
56
63
60
62
56
57
44
57
63
53
64
56
62
57
60
58
65
75
61
87
108
154
200
267
266
253
296
231
191
119
82
67
64
63
52
52
47
60
67
44
56
47
55
60
54
52
45
55
49
58
56
38
49
47
58
64
65
52
59
44
57
61
39
54
56
62
55
51
52
38
60
64
49
56
48
52
44
47
47
56
51
43
56
51
46
51
60
49
60
45
56
59
60
46
45
58
70
53
61
51
59
56
57
62
61
60
47
42
54
61
63
80
97
99
149
273
440
637
979
1216
1310
1255
1055
751
525
314
190
108
59
49
49
73
47
54
50
52
51
42
42
46
43
66
61
50
54
60
53
54
45
43
52
46
50
64
44
61
59
38
57
56
57
55
53
59
59
55
58
65
53
58
70
67
76
68
81
96
92
100
102
96
79
86
88
56
63
63
47
46
43
41
45
46
38
45
47
49
43
57
47
34
66
54
57
46
56
39
62
40
45
56
49
38
38
44
41
59
55
48
55
47
59
46
51
50
53
48
35
48
54
46
54
45
44
58
54
59
47
46
76
41
47
45
64
54
59
46
44
49
45
40
49
60
52
62
42
56
56
48
52
50
45
44
49
55
52
46
44
40
53
53
55
58
45
47
44
40
50
51
52
44
62
47
54
45
49
58
34
47
66
47
49
48
46
44
49
49
45
50
56
45
33
45
40
51
60
61
41
45
46
51
44
55
58
44
52
48
43
59
66
67
82
77
85
67
84
72
60
60
45
43
49
53
52
60
50
45
37
44
56
33
57
74
101
114
144
180
201
201
180
174
125
92
68
52
52
47
46
50
52
48
56
39
48
50
58
49
57
42
48
41
42
52
51
54
61
39
45
48
53
53
50
55
59
44
51
41
48
42
53
37
41
48
50
62
42
55
51
47
51
57
51
54
53
43
41
53
48
60
46
48
57
52
66
51
61
62
69
60
64
68
47
48
49
66
54
57
60
50
50
44
50
55
46
45
58
39
48
46
48
43
52
46
55
51
63
48
49
46
53
43
59
70
56
66
64
52
50
47
43
43
48
47
49
60
57
52
47
43
48
47
51
50
59
42
50
51
54
56
65
68
56
63
53
51
51
56
70
54
54
48
48
43
43
42
40
38
48
44
52
48
37
35
29
45
51
51
56
52
47
56
64
41
55
43
58
37
56
46
46
54
59
47
53
47
49
43
50
30
53
45
49
51
53
45
39
55
53
47
49
44
41
55
42
42
40
51
46
51
55
56
54
52
41
38
58
49
35
36
48
51
43
51
54
46
41
47
50
50
56
62
50
55
47
58
47
39
43
37
51
46
49
49
38
62
56
49
49
52
52
48
54
50
63
49
50
67
58
40
28
56
55
45
42
73
56
43
41
53
47
49
47
38
38
44
51
42
44
49
44
49
47
49
59
48
44
50
42
50
48
43
45
49
63
48
45
52
49
52
54
54
54
44
52
43
46
44
60
49
52
55
58
55
40
54
49
49
51
48
53
53
54
43
47
45
48
50
45
53
49
61
52
37
55
48
35
46
34
39
57
55
34
46
48
50
37
40
47
44
47
53
43
60
51
43
49
50
44
39
52
40
46
39
47
46
42
36
46
35
54
47
40
55
47
47
45
45
43
45
47
40
40
45
42
42
37
51
50
50
38
38
46
54
41
52
44
40
46
41
50
54
41
47
37
41
47
42
42
45
43
46
51
56
42
46
47
52
54
43
38
41
46
48
36
55
39
46
47
48
39
51
37
42
43
41
34
45
35
33
43
48
29
45
34
35
38
38
61
41
45
51
55
52
41
64
41
53
41
41
42
47
49
44
42
41
47
45
37
36
36
38
41
41
42
46
44
36
39
41
55
40
37
41
40
46
48
34
43
40
42
37
49
40
43
47
38
38
30
46
33
38
47
50
50
37
40
36
42
41
39
53
47
38
42
46
33
52
46
51
40
35
44
37
31
39
44
43
44
56
42
29
46
45
48
45
38
45
36
31
48
51
43
51
49
48
38
38
48
40
33
51
47
42
36
38
35
37
47
51
50
48
53
46
37
52
41
45
46
48
38
31
52
47
50
44
49
41
39
40
40
45
46
40
38
31
48
50
39
54
42
43
47
30
38
44
40
43
53
34
53
49
40
37
41
43
32
44
39
36
26
37
43
42
44
38
47
39
43
33
34
34
42
45
41
57
49
33
44
36
38
33
33
45
34
42
48
39
44
40
29
43
32
41
31
33
40
34
29
27
33
44
45
37
44
45
48
42
34
31
37
45
41
32
27
36
43
39
41
40
51
32
38
46
53
39
47
40
49
44
49
35
45
39
44
42
50
50
39
58
49
34
47
39
54
37
43
50
49
59
79
67
121
145
166
206
212
254
237
235
224
190
149
120
99
81
54
54
67
49
52
48
44
31
46
38
48
45
39
26
40
28
43
45
39
46
39
46
41
59
50
35
41
56
67
74
105
106
124
122
116
98
87
71
54
55
55
37
46
29
36
39
40
38
35
45
36
48
35
41
36
43
38
57
36
38
35
41
35
37
36
50
45
35
31
43
29
43
47
47
46
45
31
41
35
39
38
40
57
53
40
31
37
35
42
49
45
49
43
41
37
38
45
52
37
38
39
48
42
40
43
40
43
40
41
37
44
32
51
44
45
47
37
30
41
40
39
39
42
45
48
35
34
36
50
41
42
39
46
36
43
52
31
46
43
40
35
45
36
40
33
33
39
39
29
49
41
30
39
43
30
39
36
44
29
45
47
41
38
39
39
38
33
44
35
44
36
53
41
43
36
45
45
35
45
35
40
51
34
44
46
39
47
30
36
47
41
39
47
47
37
37
38
44
53
60
34
53
35
40
42
47
37
33
43
40
38
47
45
37
40
38
44
48
33
55
47
26
44
53
50
37
43
39
45
50
42
37
50
42
37
51
45
31
35
52
45
31
42
38
28
48
38
39
38
48
42
38
41
39
57
44
50
49
51
64
68
113
147
206
291
368
382
379
325
317
228
154
102
80
57
47
44
30
33
35
46
31
48
31
46
37
49
30
43
41
38
35
44
45
32
34
46
47
54
46
37
39
39
39
47
45
39
40
34
37
39
51
38
42
44
39
35
50
43
46
46
46
40
47
42
42
30
41
47
42
51
45
35
35
51
37
51
47
36
41
41
39
42
39
46
42
37
48
34
37
33
57
38
47
29
44
30
46
37
37
32
41
39
58
48
44
44
35
38
47
38
40
40
45
51
42
47
36
40
44
50
49
33
44
41
51
33
34
45
42
41
38
42
47
48
46
55
53
47
43
40
52
53
34
49
51
52
41
38
35
37
42
35
33
41
44
44
47
37
50
40
38
32
39
52
48
50
34
43
46
60
41
42
47
37
47
64
45
40
42
54
47
50
34
50
38
53
40
44
31
40
39
45
40
47
48
34
43
47
43
38
38
45
51
44
44
41
52
37
36
38
49
47
39
43
39
46
45
42
41
40
36
51
32
44
50
41
49
47
55
42
53
36
43
44
50
45
48
46
44
46
52
53
39
47
55
44
48
52
70
77
59
54
48
57
40
43
44
54
36
43
54
41
49
45
50
37
40
52
49
41
46
49
59
46
43
40
42
45
43
52
45
41
44
43
45
62
56
38
40
35
48
49
48
44
46
38
47
37
46
48
62
53
51
56
53
45
36
30
35
41
44
41
33
60
43
46
49
33
46
45
56
35
43
47
42
28
46
46
48
39
49
53
46
45
61
37
47
50
51
44
51
48
62
47
47
58
36
59
57
50
48
52
48
48
51
46
40
47
53
48
44
35
35
51
50
46
57
45
46
51
50
43
35
47
49
47
45
45
40
48
53
59
46
46
41
66
53
48
40
50
49
53
66
60
43
52
51
47
46
51
44
57
47
45
52
48
54
49
51
52
43
47
51
38
52
55
39
41
55
47
50
56
54
47
58
64
57
43
36
57
55
60
48
44
57
58
52
41
47
52
50
39
52
46
51
54
49
36
48
54
53
46
42
71
48
41
50
53
54
45
56
47
54
41
42
47
48
54
53
49
54
51
38
44
57
45
47
50
52
52
41
60
54
61
63
43
43
43
46
36
26
42
30
50
42
41
39
52
42
36
30
42
50
35
31
29
50
31
38
35
39
38
46
34
30
28
34
37
20
38
29
31
35
36
34
35
37
49
35
33
36
34
48
44
33
39
38
30
39
31
44
33
28
33
32
47
37
38
36
27
33
30
36
35
29
29
33
42
26
44
35
27
35
39
25
25
31
34
34
30
32
31
41
29
43
26
36
35
25
31
38
29
26
25
30
24
39
35
37
38
32
28
28
40
29
29
36
40
35
38
32
36
31
42
33
26
30
29
42
26
24
29
28
25
41
34
30
31
24
26
38
30
34
24
36
35
29
35
26
36
32
34
27
28
33
31
29
29
22
19
26
28
32
29
23
25
37
31
35
24
33
24
31
33
37
32
29
42
28
24
21
31
35
31
35
62
55
81
88
109
113
127
119
112
93
56
55
50
36
30
33
22
24
27
34
23
28
30
30
25
26
26
27
35
28
25
23
24
27
33
21
19
23
23
21
20
19
21
28
22
26
22
23
27
24
26
18
18
26
19
28
17
25
24
18
29
22
19
25
29
21
24
24
25
11
18
16
20
21
20
26
24
23
21
23
18
21
30
22
13
23
32
19
20
16
17
15
18
18
22
27
21
22
16
15
20
20
14
24
22
15
16
13
19
12
19
10
17
22
23
22
15
15
20
18
22
18
19
21
11
13
17
9
11
14
28
14
18
20
13
17
17
11
11
19
9
13
19
17
14
20
12
20
18
16
21
22
15
11
15
14
11
24
16
18
18
12
14
18
18
14
18
8
20
12
13
8
11
16
15
11
18
18
6
11
13
20
13
20
13
14
11
11
7
17
10
19
10
16
16
12
19
12
17
18
6
7
17
15
11
12
15
8
11
11
10
6
11
12
15
13
18
13
6
9
6
18
17
16
12
6
14
10
7
12
9
11
10
11
7
9
20
12
4
15
3
10
14
9
11
14
19
15
22
11
5
8
12
9
12
9
14
11
13
9
8
12
9
10
13
12
10
10
9
15
16
5
10
10
11
13
13
9
10
7
8
14
2
7
11
6
15
11
8
9
15
11
7
12
11
8
7
5
13
13
14
13
11
11
8
11
9
15
14
5
11
11
13
14
14
15
11
9
4
14
5
9
11
11
9
7
9
7
8
11
9
9
15
12
11
14
12
10
12
15
11
11
14
16
15
10
9
4
13
13
5
7
11
14
5
8
16
9
10
8
9
9
15
9
8
10
5
9
10
9
8
5
10
11
7
8
7
5
15
12
7
9
13
6
7
4
5
8
10
8
4
10
8
9
8
10
8
10
10
12
9
4
12
9
3
8
6
9
6
10
9
13
11
7
7
16
7
8
6
10
14
8
8
3
7
14
4
12
10
9
10
7
13
5
7
7
16
15
13
5
12
12
15
12
11
16
13
15
12
20
29
46
59
100
176
313
507
750
1042
1345
1629
1782
1731
1593
1335
962
704
390
270
127
80
22
18
6
7
1
4
2
3
6
5
1
0
7
3
4
3
3
1
2
7
4
6
5
5
4
2
4
5
1
1
2
3
1
5
5
2
8
8
0
0
2
1
0
2
1
9
5
4
3
1
3
3
3
2
0
5
3
2
5
3
1
5
5
4
3
3
4
2
6
4
5
4
1
5
3
3
2
12
3
2
4
4
4
5
7
4
1
4
9
3
2
4
2
2
5
4
7
4
3
6
1
1
4
4
2
6
9
4
3
2
3
3
1
4
4
3
0
1
4
1
3
3
7
3
5
2
5
4
1
2
6
0
5
2
3
2
4
4
10
2
6
0
3
5
4
0
3
3
5
5
8
6
3
3
2
2
4
3
4
3
3
5
7
2
2
1
1
2
2
4
4
3
5
8
1
2
3
1
4
4
1
10
3
5
5
2
4
4
6
7
3
7
1
4
3
1
5
1
3
2
4
5
3
2
3
4
2
3
3
6
3
3
4
7
4
2
0
3
3
1
3
4
2
2
2
4
3
6
0
1
4
9
2
4
5
5
5
4
5
5
2
7
2
6
3
4
3
5
4
8
2
2
5
3
4
5
2
3
1
2
5
4
5
2
4
2
1
2
5
1
3
0
3
3
5
1
3
3
2
2
3
7
4
3
3
4
2
5
2
3
2
3
2
6
1
4
3
1
1
5
5
3
5
5
3
3
4
4
4
2
3
1
5
3
4
0
4
1
1
3
4
1
4
3
4
4
5
6
1
1
3
2
2
6
0
4
2
3
5
1
4
4
4
9
1
0
3
2
1
2
1
6
4
4
3
1
1
3
4
3
4
3
1
0
7
1
4
1
4
3
6
3
3
6
2
1
2
2
4
2
3
2
2
2
1
3
3
2
5
5
5
1
3
3
3
3
6
2
3
4
3
3
3
5
7
6
1
4
0
5
2
6
4
4
6
4
5
2
6
7
7
3
4
3
1
4
3
2
4
2
6
5
1
3
2
2
4
3
4
4
5
4
6
2
1
4
3
3
6
4
2
2
2
1
2
3
4
1
4
5
2
6
1
4
4
3
0
4
4
5
1
3
4
2
2
3
3
3
2
5
3
1
5
5
2
2
1
2
2
3
3
5
2
3
1
2
3
0
5
5
4
3
4
1
2
4
5
3
4
6
4
3
1
2
3
4
3
3
1
5
4
8
3
2
3
7
4
1
4
1
1
2
2
4
4
1
1
2
2
3
5
5
4
0
2
2
2
4
2
1
4
1
2
2
2
1
3
3
0
4
0
2
7
4
1
3
3
3
3
6
3
4
1
3
3
5
1
4
2
2
4
1
5
2
5
4
2
4
2
1
3
3
1
4
5
3
4
2
3
6
2
3
2
2
2
4
1
1
1
4
5
2
4
3
3
2
3
3
1
4
7
5
4
3
5
2
2
3
4
3
2
2
5
2
4
1
4
7
3
6
4
2
4
3
3
1
0
2
5
3
3
5
4
2
4
6
0
4
3
1
5
2
3
3
1
2
1
2
9
2
3
2
0
4
1
6
4
0
3
7
3
5
1
5
3
2
4
4
0
2
3
4
1
3
3
3
1
2
4
7
2
2
6
2
1
2
4
4
2
3
2
3
3
7
3
3
5
3
6
3
2
3
4
0
3
2
1
3
2
2
3
4
5
2
4
3
0
6
1
2
2
4
4
1
0
3
4
3
4
3
5
1
1
3
1
3
3
3
5
4
4
5
1
4
4
1
2
1
4
4
2
2
4
1
5
5
5
1
1
4
2
5
1
2
4
3
3
3
5
1
3
2
0
2
4
4
1
2
8
5
6
3
1
4
4
2
0
7
3
3
2
1
0
1
2
3
2
2
1
3
5
4
4
2
3
3
8
3
5
2
2
3
4
4
1
3
2
1
1
3
3
2
1
5
1
3
5
1
5
4
4
2
4
2
4
3
3
1
1
0
1
3
5
4
0
4
5
3
4
3
1
2
3
3
2
2
3
4
1
1
4
3
3
4
2
5
4
2
3
1
4
4
4
3
2
1
4
1
0
3
3
3
1
3
2
0
3
3
0
3
4
4
1
2
3
3
4
4
5
0
5
3
3
5
2
5
4
1
3
2
4
0
2
2
2
1
3
1
5
1
3
3
5
8
2
6
4
1
2
7
2
4
2
2
2
3
5
5
1
3
1
1
1
0
1
2
4
2
3
3
4
3
2
2
2
1
1
9
1
1
8
1
4
2
2
4
2
1
2
4
2
4
4
2
2
4
1
5
2
4
1
4
5
2
3
0
5
2
2
4
1
5
2
2
2
7
0
1
1
3
3
4
4
2
8
5
2
2
1
0
2
4
8
3
4
2
1
3
2
2
5
0
$ENER_FIT:
0.381 0.365908 2.89349e-008
$MCA_CAL:
3
0.381 0.365908 2.89349e-008
$ICD_TYPE:
20
$PEAKLABELS:
1395.444, "Pos. Ann."
3481.421, "Na-22"
4876.417, "Sum Peak"
186.812, "Au XRF, detector"
181.850, "Au XRF, detector"
210.945, "Au XRF, detector"
218.088, "Au XRF, detector"
469.343, "511 keV, backscatter"
2882.349, "1275 keV, Compton edge"
3990.114, "K-40, (bkgd)"
7140.392, "Th-232 (d), (bkgd)"
911.186, "511 keV, Compton edge"
$ENDRECORD:
