$SPEC_ID:
PeakEasy Library File: Tc-99m, 1.5” x 1.5” LaBr3, 60 uCi @ 1 m 
$MEAS_TIM:
1800.00000 1802.16000
$DATE_MEA:
23-SEP-2013 12:46:36 PM
$DATA:
0 4095
0
0
0
0
0
0
0
0
0
2
10
28
64
132
207
267
327
400
453
496
554
615
711
906
1043
1101
960
903
833
822
735
593
552
514
504
516
504
502
462
519
490
510
500
506
586
661
812
1120
1517
2224
2949
3659
4419
4825
4631
4197
3340
2616
1948
1304
985
760
723
667
664
717
691
739
714
757
737
749
778
807
747
810
798
826
834
809
854
864
946
941
986
955
1011
1086
1151
1134
1166
1161
1189
1247
1279
1278
1312
1332
1412
1496
1468
1535
1516
1583
1629
1711
1803
1660
1752
1775
1888
1895
1958
1951
1931
1969
1935
1987
2029
2040
2021
2096
2174
2238
2319
2334
2404
2614
2817
2912
3088
3237
3424
3560
3891
3957
4079
4230
4221
4346
4259
4269
4112
3948
3927
3826
3556
3529
3421
3030
3090
2994
2898
2750
2667
2634
2552
2515
2472
2356
2330
2308
2182
2235
2134
1941
1978
1998
1995
2018
1914
1946
1864
1941
2046
2016
1931
2004
2028
2070
2144
2126
2054
2071
2031
2074
2071
2037
2041
2143
2069
2124
2220
2192
2248
2383
2681
2923
3336
4169
4849
6163
7553
9668
11566
13870
16102
18182
20879
22269
23256
23218
22720
21946
20013
17635
14703
12187
9732
7491
5611
4079
2950
1948
1484
1151
912
735
648
580
563
578
551
556
533
570
546
585
571
543
516
550
546
496
488
525
491
489
503
539
505
465
502
455
471
478
494
453
476
484
463
468
479
471
458
470
447
415
488
410
448
476
418
450
425
455
450
467
426
417
443
426
437
417
423
429
400
406
383
437
425
387
387
437
409
417
407
358
384
400
368
382
386
381
380
383
352
351
319
353
365
379
358
371
317
333
331
352
346
357
317
307
314
340
306
341
319
310
304
320
323
303
319
297
297
309
307
297
295
307
267
290
304
293
279
262
338
293
282
302
284
344
294
300
273
338
319
319
317
384
341
322
333
329
311
296
292
263
279
280
275
262
253
250
254
225
258
245
214
205
203
220
229
184
214
204
239
204
214
198
209
202
200
221
199
198
201
175
221
173
198
199
202
193
149
204
194
178
189
184
158
221
168
186
164
178
202
176
170
164
179
158
176
190
171
164
161
164
149
156
178
156
155
162
178
177
171
144
165
168
199
192
167
179
172
182
179
170
168
167
181
206
155
170
159
171
146
163
162
152
146
145
137
141
136
148
126
128
152
118
126
133
142
136
119
141
118
144
127
142
131
129
136
139
134
129
135
131
126
135
119
128
124
138
121
113
130
122
138
133
131
139
127
140
120
137
121
142
120
134
126
118
102
133
141
133
120
111
141
108
135
146
141
149
138
157
134
148
155
154
134
155
158
157
155
156
159
138
138
143
122
140
102
121
123
88
126
120
93
100
112
121
70
95
106
107
73
90
92
110
102
104
96
94
87
103
90
111
86
84
101
84
98
82
71
90
110
103
99
93
74
82
90
83
108
80
104
75
73
74
88
107
87
80
73
92
74
95
77
85
69
79
96
85
71
77
88
80
89
72
89
84
69
82
94
85
92
66
85
85
81
68
92
75
81
79
79
78
92
93
90
61
66
81
75
75
86
85
77
69
74
79
67
80
78
82
80
76
56
83
74
63
73
72
82
78
75
87
75
68
85
72
72
65
79
76
66
74
76
77
68
72
75
76
64
65
67
43
73
70
62
59
67
68
71
79
73
64
69
70
70
66
72
62
58
60
63
77
75
73
69
65
59
56
70
65
69
65
60
64
67
82
50
59
70
72
63
57
58
64
69
57
62
68
60
52
67
63
52
77
62
56
53
56
56
51
62
55
63
55
72
66
72
55
52
70
56
48
49
55
56
57
75
68
55
57
65
60
48
54
52
59
57
74
61
69
65
74
77
74
66
66
69
69
57
79
66
77
59
78
74
64
66
64
63
76
75
57
61
61
58
58
58
56
63
56
40
58
54
33
53
60
73
57
70
51
60
51
54
44
58
49
69
47
56
50
50
43
71
56
55
77
53
58
49
54
49
71
70
56
46
44
63
51
55
48
44
52
57
59
61
47
58
66
30
60
41
45
51
67
63
47
58
52
58
56
45
48
54
60
65
64
54
26
71
77
62
56
56
59
58
57
56
64
64
68
68
75
71
74
64
61
79
58
70
74
67
72
77
55
69
70
56
57
62
59
76
68
48
88
70
74
64
60
63
52
56
64
60
59
58
62
67
67
72
59
81
78
70
79
80
78
80
85
85
71
73
69
70
78
69
81
63
64
64
82
68
59
56
58
49
49
52
55
48
49
51
42
56
52
57
50
32
49
40
45
47
36
48
50
37
37
43
42
30
56
36
45
53
41
49
39
59
43
50
46
52
44
37
48
42
35
26
46
52
40
38
36
37
46
26
33
43
58
53
42
37
39
49
41
41
49
40
39
40
40
44
40
30
52
40
42
39
34
34
51
42
42
32
45
37
52
36
38
26
35
46
48
35
35
45
35
51
29
37
37
37
41
42
41
29
41
39
50
34
21
39
25
30
35
24
46
33
37
49
29
25
36
43
28
40
44
32
25
39
40
44
38
35
37
28
37
41
37
43
28
36
33
36
28
29
37
40
38
49
28
39
32
47
40
33
34
37
47
31
36
46
31
43
33
32
36
39
44
32
38
31
41
35
39
35
37
39
42
24
37
28
40
38
22
22
36
28
31
33
31
31
41
32
32
32
36
31
31
25
40
26
32
32
30
32
20
27
28
26
32
33
41
27
29
35
21
29
27
25
39
40
29
32
49
31
29
41
39
34
34
39
27
27
35
39
32
34
36
31
41
47
30
34
27
33
30
30
37
42
40
33
32
40
38
36
35
33
43
52
38
47
50
57
44
44
52
44
51
37
38
45
59
45
58
40
53
51
53
45
52
51
51
47
48
50
49
47
51
45
57
47
52
55
41
39
47
46
49
51
45
47
53
35
47
41
47
47
43
47
45
40
48
46
47
46
45
40
51
44
51
40
44
47
58
49
53
46
48
47
53
46
52
54
49
38
43
53
57
50
37
53
50
45
51
47
58
32
49
41
50
55
57
41
38
40
49
53
57
50
46
41
47
47
40
34
46
53
50
35
39
44
38
48
50
39
53
62
41
50
48
40
39
38
38
42
60
36
45
49
43
28
36
38
46
49
56
40
35
42
39
49
36
48
42
45
36
53
38
46
44
37
40
55
48
49
47
41
43
49
37
37
35
39
39
52
40
33
46
42
44
43
46
41
47
41
54
44
45
50
47
48
30
55
56
45
46
50
45
41
47
43
45
45
42
40
57
45
36
42
50
40
43
44
44
38
46
41
44
46
53
30
27
40
38
48
36
31
47
27
37
43
39
37
38
49
35
43
38
39
36
39
39
43
43
35
39
38
35
42
40
40
49
38
43
48
35
43
31
40
39
46
43
40
37
44
50
49
37
36
28
43
46
30
43
37
40
38
41
47
39
36
54
44
40
45
44
46
42
25
33
51
44
44
33
45
30
22
40
31
34
35
35
30
34
40
33
33
24
43
24
34
36
38
30
25
31
26
29
26
43
36
30
36
25
39
33
29
24
22
30
29
26
29
29
37
21
29
30
28
23
20
16
26
26
28
24
23
27
35
24
27
29
23
23
22
33
34
22
29
26
25
22
20
25
25
24
27
28
28
25
26
26
26
24
18
22
25
23
23
23
19
24
24
25
25
18
23
24
17
29
27
22
18
25
18
24
22
15
30
20
26
28
25
21
12
24
25
28
19
24
18
27
28
32
26
23
23
16
17
24
25
28
29
17
32
25
15
26
20
19
29
18
15
19
19
26
21
14
20
19
19
18
23
21
33
19
26
25
29
20
15
18
22
21
32
33
24
22
27
23
21
20
33
22
25
23
25
33
22
33
19
29
31
24
21
28
30
23
17
30
25
26
29
28
28
25
26
21
29
19
36
31
23
22
22
29
26
34
31
20
27
21
32
35
28
30
36
35
37
29
42
28
34
30
29
25
30
26
19
24
25
33
30
27
20
35
21
21
30
30
27
31
24
32
34
25
24
25
17
18
36
38
25
23
26
31
17
27
20
31
22
19
17
30
26
31
35
30
26
28
20
17
35
21
32
21
27
23
23
21
29
20
23
24
24
27
23
30
30
26
29
32
35
23
31
22
26
28
35
27
28
17
24
25
18
30
21
23
27
21
29
25
28
23
28
33
26
22
25
31
21
22
27
27
22
26
20
18
28
23
27
23
31
23
23
17
25
26
24
25
17
27
23
26
28
24
39
27
26
20
17
31
27
20
22
24
21
19
29
32
13
22
25
34
23
24
40
20
25
23
18
18
23
19
24
26
25
19
26
20
24
18
26
24
29
21
23
28
20
21
21
24
22
17
22
23
21
25
20
18
23
23
20
16
25
23
18
18
15
17
13
16
14
16
13
16
15
9
28
17
16
9
17
11
12
14
15
18
10
15
17
13
8
16
11
12
12
15
16
8
8
10
14
13
16
6
16
8
13
13
11
14
12
17
9
12
5
10
5
3
15
9
11
11
13
12
9
11
7
12
9
8
11
9
9
13
8
7
3
12
11
7
10
12
6
11
12
6
11
3
8
4
14
6
5
9
4
11
9
10
9
10
7
12
7
6
4
11
6
11
11
7
4
4
6
5
8
13
11
7
9
5
6
4
7
10
6
5
5
8
2
7
15
11
6
3
10
6
5
7
9
8
2
6
7
11
4
6
3
6
6
6
5
7
6
4
3
9
12
2
10
4
5
2
6
5
6
4
1
5
6
7
6
10
2
3
4
5
2
4
2
4
3
9
5
5
9
8
7
2
5
8
4
3
5
3
2
10
7
6
6
6
5
4
7
8
5
6
3
6
6
5
5
5
7
5
2
5
3
4
8
5
8
2
5
11
9
5
5
4
5
4
4
4
6
6
8
2
4
8
3
3
9
6
10
8
8
7
7
5
6
9
7
6
7
7
11
12
8
9
9
11
14
5
16
17
12
9
24
17
19
23
20
25
29
30
22
24
39
35
34
29
28
36
34
42
34
44
60
41
49
47
39
57
45
57
49
51
53
69
77
72
53
71
68
55
75
76
75
73
74
83
71
81
76
98
85
78
85
100
94
90
110
111
96
117
91
118
106
109
104
110
111
137
116
109
107
120
95
96
111
106
95
116
83
99
106
112
96
117
94
94
88
81
90
100
72
71
77
65
67
57
51
63
42
45
46
40
23
39
42
38
28
33
16
26
16
19
18
25
17
22
14
10
11
12
17
13
8
5
6
7
4
6
6
2
4
4
5
8
1
5
0
4
8
1
2
3
2
3
4
2
3
4
2
3
2
1
3
1
3
4
5
2
3
1
3
2
4
3
2
0
2
3
3
2
2
4
2
5
0
0
3
3
2
1
1
2
1
1
2
1
2
2
0
2
3
2
5
2
3
0
2
2
3
3
2
3
2
5
2
2
3
1
0
4
4
4
3
4
0
2
3
0
1
5
2
1
1
2
3
0
0
4
4
6
5
2
4
6
3
3
2
6
6
6
7
4
2
3
6
1
2
3
3
2
8
3
2
2
3
4
7
4
2
2
3
2
1
4
5
1
6
4
7
0
1
2
7
7
2
3
2
1
4
2
4
2
5
1
2
2
8
2
3
2
0
5
2
6
1
1
5
2
1
1
5
0
3
4
3
5
7
2
4
1
5
0
5
2
3
1
2
3
1
0
3
1
1
3
3
1
2
3
3
1
1
6
1
0
1
1
1
2
3
2
0
1
2
2
1
1
1
0
0
1
3
2
1
0
1
0
1
1
2
0
3
1
0
4
3
3
1
2
3
1
1
2
0
2
2
2
4
1
3
1
2
0
2
0
2
4
3
3
2
2
2
1
4
0
1
3
1
2
5
6
2
1
1
1
1
1
1
2
1
0
2
3
2
2
2
1
1
0
3
5
2
2
1
2
1
1
2
2
0
5
4
2
1
0
1
4
0
4
3
2
1
1
1
1
1
0
6
1
2
2
5
4
5
0
0
3
2
4
2
3
5
1
2
2
5
1
4
4
6
4
1
3
1
2
3
5
1
4
1
2
3
9
5
5
1
2
7
6
2
3
1
5
8
2
0
4
1
4
8
6
3
6
7
5
5
8
2
6
5
11
2
8
5
5
3
5
6
7
6
11
0
10
2
8
6
6
5
3
9
7
0
3
2
4
5
3
4
1
3
5
3
8
1
1
4
4
5
5
4
4
1
3
1
0
2
1
2
0
4
4
2
1
4
2
3
4
2
3
3
5
2
5
2
2
4
3
4
2
3
6
3
5
1
1
5
5
5
4
3
7
2
4
3
4
3
5
6
1
4
1
2
2
3
2
4
1
4
4
7
5
4
1
1
2
3
3
3
2
6
7
8
4
4
3
1
4
2
4
0
4
5
1
3
3
3
2
2
4
6
5
3
6
6
3
6
2
3
5
4
11
5
5
4
0
4
3
4
7
3
6
4
7
9
8
3
7
4
0
1
7
5
8
8
4
5
7
4
7
4
4
7
4
5
7
8
7
10
3
6
5
5
8
3
4
3
10
9
2
4
5
10
10
1
1
4
2
8
5
3
4
7
6
9
4
7
10
5
6
5
6
7
3
7
6
10
6
10
6
6
9
6
13
7
7
10
2
7
3
1
8
6
8
3
6
8
6
9
9
10
7
7
6
3
5
9
7
6
3
13
11
12
7
10
4
4
10
2
6
5
4
12
8
7
10
8
7
5
6
7
3
4
8
9
8
5
7
8
9
6
10
8
5
7
8
9
6
7
5
10
6
8
9
6
6
15
9
8
10
7
8
7
10
8
11
15
11
8
9
3
8
7
11
10
6
14
14
9
5
13
12
8
5
7
15
4
16
11
5
11
6
7
9
11
19
8
10
8
8
12
13
12
14
14
13
9
10
14
10
13
7
14
10
7
14
16
7
11
17
8
13
4
11
5
13
14
8
10
13
19
13
16
14
14
11
8
12
14
8
13
11
16
16
8
21
11
16
17
15
14
9
16
6
9
8
6
9
7
13
5
8
10
6
13
9
6
7
6
4
7
7
7
12
10
5
8
13
6
6
5
4
11
10
9
5
4
7
10
8
5
4
2
11
6
3
8
7
6
6
6
13
12
6
7
5
6
8
3
6
5
6
7
4
5
6
1
3
4
5
8
4
8
10
9
4
4
9
3
3
3
13
5
5
8
8
9
9
8
12
6
7
6
8
6
8
6
8
9
8
3
7
6
10
10
4
10
6
9
7
8
7
3
8
12
2
7
7
11
10
16
8
7
5
9
4
7
10
5
3
7
6
6
9
7
8
4
9
8
7
3
4
8
3
5
5
7
4
7
5
6
5
4
6
5
3
5
12
8
4
4
4
4
8
10
6
2
6
10
9
11
3
7
8
13
5
3
3
8
6
5
4
6
7
8
8
6
12
5
7
10
8
4
9
7
3
7
12
8
6
11
9
6
5
5
2
5
3
7
4
5
9
7
6
11
14
5
7
8
8
7
7
9
9
12
9
4
13
7
12
7
6
6
8
5
9
9
4
9
7
7
12
7
8
6
6
9
13
8
12
10
10
14
5
7
9
4
13
7
6
10
7
9
5
4
5
8
10
8
8
8
9
2
5
5
7
13
6
8
5
10
11
10
10
12
3
11
18
6
6
15
12
5
8
5
8
13
7
16
8
10
11
9
9
10
10
6
5
11
12
7
7
4
13
7
8
14
11
8
17
12
7
12
15
12
8
12
12
7
10
14
11
12
12
20
10
14
14
8
14
10
9
12
15
13
6
12
13
17
17
8
6
13
11
9
6
15
13
10
7
11
11
8
9
10
7
11
3
7
9
6
12
12
10
5
9
5
9
5
10
4
6
9
8
5
14
12
10
8
5
7
8
8
4
7
8
10
7
5
8
5
10
8
8
8
4
4
4
6
5
5
6
5
9
6
7
4
5
5
6
4
4
8
7
6
6
5
9
6
6
8
8
6
9
1
3
5
10
7
6
10
3
4
13
15
9
5
8
9
10
9
5
14
8
5
13
8
4
12
9
6
9
10
13
2
3
3
8
10
9
11
13
9
5
4
11
6
7
9
12
6
13
8
11
8
4
7
11
9
7
5
9
7
6
6
11
9
10
7
8
4
10
6
8
6
8
4
7
3
4
5
2
3
7
3
3
4
5
4
3
6
9
3
3
0
6
8
5
8
2
3
4
3
4
5
5
5
4
2
2
5
3
2
3
5
1
2
1
2
2
4
2
7
2
2
5
3
5
3
1
1
3
4
4
2
5
1
3
2
5
2
1
2
2
3
2
4
3
3
3
5
3
6
2
0
1
2
1
6
4
2
5
6
1
6
3
5
5
3
6
3
5
3
2
1
3
1
3
5
6
5
3
2
1
3
2
3
3
4
2
4
3
2
5
3
5
0
4
4
5
6
0
3
4
2
2
2
5
7
3
4
5
4
8
1
4
1
2
3
5
5
2
4
3
4
3
5
5
1
6
2
6
5
2
2
3
1
8
5
4
2
5
5
3
1
4
5
3
5
3
6
7
4
4
4
4
4
1
2
2
3
4
2
5
4
3
5
9
5
2
3
2
2
1
7
7
5
2
6
1
5
5
5
5
2
6
1
5
6
3
2
2
6
3
1
3
6
5
1
4
5
4
4
7
1
4
5
1
9
6
0
8
0
3
5
4
1
4
5
6
1
5
4
3
0
1
1
3
3
5
7
2
4
4
4
1
0
3
4
7
2
5
5
8
2
3
0
6
5
6
3
8
5
3
7
3
5
2
4
8
4
3
8
10
4
7
2
2
7
8
8
6
4
6
7
10
12
6
8
6
9
6
10
7
9
7
5
9
6
7
6
10
9
12
7
11
8
7
11
9
8
9
10
9
12
14
11
18
8
11
10
15
14
15
9
15
12
19
13
13
12
12
10
13
8
15
13
12
10
8
16
9
12
6
11
13
13
12
10
14
5
15
7
12
5
10
9
10
12
16
9
8
6
10
8
6
11
7
5
16
4
8
3
4
3
10
5
6
8
8
6
3
6
6
7
6
4
5
5
4
4
1
1
6
3
3
2
2
4
1
2
3
3
2
2
1
2
3
4
2
1
2
0
1
2
1
0
0
0
1
1
0
0
0
0
0
1
0
0
1
1
0
1
0
1
2
2
0
0
1
0
0
1
1
0
1
0
1
0
0
0
0
1
0
0
0
0
0
0
0
0
0
0
0
0
0
0
1
0
0
0
0
0
0
0
0
0
0
0
0
0
0
0
0
0
0
0
0
0
0
0
0
0
0
0
0
0
0
0
0
0
0
0
1
0
0
0
0
0
0
0
0
1
0
0
1
0
0
0
0
1
0
0
0
0
1
0
0
0
0
0
0
0
0
0
0
$ENER_FIT:
2.274 0.653361 4.56687e-006
$MCA_CAL:
3
2.274 0.653361 4.56687e-006
$SHAPE_CAL:
3
1.0000 0.00000e+000 0.00000e+000
$PEAKLABELS:
210.947, "Tc-99m"
2214.900, "K-40 (Bkgd),La-138"
3898.227, "Th-232(d),(Bkgd)"
53.294, "La-138,X-rays"
139.037, "Backscatter"
$ENDRECORD:
