$SPEC_ID:
naa kelp LONG BACKGROUND 1110A
$SPEC_REM:
DET# 1
DETDESC# SHUGART-PC MCB 337
AP# Maestro Version 7.01
$DATE_MEA:
12/29/2015 15:18:24
$MEAS_TIM:
583984 584199
$DATA:
0 8191
       0
       0
       0
       0
       0
       0
       0
       0
       0
       0
       0
       0
       0
       0
       0
       0
       0
       0
       0
       0
       0
       0
       0
       0
       0
       0
       0
       0
       0
       0
       0
       0
       0
       0
       1
      86
     412
     891
    1273
    1208
    1155
    1396
    1379
    1332
    1298
    1159
    1082
    1095
     946
     997
     961
    1022
    1051
    1209
    1414
    1659
    1702
    1513
    1257
    1163
    1222
    1146
    1186
    1193
    1211
    1117
    1152
    1080
    1057
    1097
    1120
    1074
    1069
    1093
    1109
    1183
    1270
    1234
    1172
    1151
    1159
    1263
    1201
    1286
    1252
    1281
    1338
    1333
    1394
    1341
    1319
    1403
    1445
    1509
    1477
    1605
    1618
    1632
    1704
    1657
    1599
    1686
    1730
    1732
    1742
    1777
    1693
    1814
    1770
    1927
    2224
    3051
    4075
    4843
    4657
    3323
    2150
    1783
    1651
    1666
    1734
    1637
    1734
    1820
    1802
    1791
    1845
    1764
    1866
    1893
    1960
    2024
    2079
    1930
    1888
    1865
    1903
    2041
    1990
    2082
    2020
    1985
    2169
    2111
    2202
    2278
    2242
    2223
    2161
    2221
    2215
    2228
    2262
    2400
    2743
    3304
    3787
    3860
    3203
    2715
    2468
    2436
    2491
    2390
    2511
    2379
    2541
    2510
    2495
    2521
    2430
    2631
    2591
    2676
    2522
    2483
    2612
    2811
    3157
    3983
    5099
    5616
    5034
    4239
    4246
    5986
    7715
    7689
    5798
    3676
    2373
    2238
    2262
    2132
    1963
    1806
    1740
    1799
    1707
    1806
    1814
    1730
    1778
    1844
    1881
    1770
    1804
    1965
    2103
    2495
    3290
    4011
    4394
    3763
    2887
    2073
    2010
    2192
    2328
    2271
    1933
    1452
    1286
    1338
    1316
    1373
    1360
    1334
    1252
    1688
    2244
    3090
    3365
    3057
    2343
    1561
    1425
    1248
    1255
    1195
    1162
    1190
    1150
    1131
    1123
    1161
    1207
    1265
    1211
    1253
    1174
    1171
    1150
    1189
    1143
    1189
    1180
    1163
    1158
    1128
    1076
    1152
    1156
    1153
    1196
    1176
    1119
    1176
    1139
    1198
    1222
    1176
    1189
    1169
    1220
    1176
    1217
    1207
    1211
    1137
    1221
    1192
    1289
    1230
    1300
    1193
    1207
    1165
    1124
    1222
    1157
    1135
    1133
    1134
    1159
    1066
    1108
    1231
    1133
    1111
    1108
    1172
    1102
    1166
    1212
    1118
    1140
    1128
    1103
    1111
    1137
    1087
    1156
    1139
    1141
    1176
    1091
    1094
    1103
    1102
    1078
    1107
    1131
    1160
    1162
    1108
    1099
    1180
    1146
    1075
    1094
    1148
    1130
    1128
    1091
    1182
    1117
    1093
    1133
    1127
    1043
    1070
    1050
    1121
    1013
    1086
    1098
    1114
    1104
    1091
    1123
    1089
    1136
    1109
    1100
    1125
    1089
    1030
    1129
    1087
    1030
    1121
    1239
    1349
    1324
    1193
    1157
    1072
    1082
    1090
    1072
    1040
    1022
    1087
     979
    1043
    1063
    1079
    1096
    1092
    1034
    1036
    1031
    1050
    1155
    1009
    1062
    1117
    1024
    1031
    1109
    1045
     994
    1024
    1043
    1075
    1007
    1046
    1004
    1045
     971
     986
    1011
     991
    1007
    1045
     982
    1033
    1001
    1022
    1027
    1034
    1089
    1067
    1099
    1141
    1035
    1058
     969
    1089
     939
    1066
     993
    1010
    1005
    1059
    1007
    1008
     964
    1030
     998
     987
    1019
    1010
    1011
    1010
     946
     944
    1007
    1019
    1066
     984
     982
     985
    1012
     985
     996
     997
     933
     959
     934
    1058
     975
    1013
     975
     999
    1040
     971
     920
     971
    1018
    1023
     972
     951
     969
     952
     969
    1002
    1046
    1316
    1495
    1893
    2043
    1792
    1403
    1094
     944
     946
     929
     927
     989
     940
     938
     894
     898
     949
     904
     926
     928
     966
     921
     868
     927
     932
     983
     912
     912
     939
     898
     992
     913
     957
     969
     941
     966
     926
     917
     925
     901
     898
     919
     935
     930
     953
     820
     896
     911
     896
     937
     923
     945
     978
     988
    1000
     988
     915
     888
     861
     857
     877
     918
     931
     927
     932
     851
     859
     905
     867
     833
     863
     898
     842
     828
     881
     843
     874
     800
     802
     856
     836
     871
     819
     839
     832
     821
     813
     771
     841
     859
     842
     853
     841
     855
     852
     848
     866
     860
     853
     780
     808
     837
     791
     851
     820
     760
     827
     855
     780
     763
     806
     838
     799
     803
     772
     817
     833
     827
     772
     818
     844
     852
     790
     782
     792
     851
     757
     780
     793
     817
     819
     806
     792
     845
     845
     823
     956
    1106
    1397
    1602
    1440
    1166
     917
     804
     855
     806
     881
     841
     784
     791
     747
     813
     766
     725
     785
     781
     747
     753
     765
     763
     766
     700
     755
     772
     744
     744
     723
     667
     716
     736
     730
     732
     764
     741
     756
     771
     709
     726
     732
     762
     650
     794
     754
     730
     747
     724
     725
     718
     750
     746
     719
     696
     729
     689
     722
     735
     722
     692
     721
     730
     714
     642
     705
     735
     696
     716
     725
     675
     683
     701
     692
     698
     662
     697
     727
     662
     728
     683
     687
     719
     755
     726
     735
     688
     684
     699
     675
     660
     666
     596
     640
     663
     686
     646
     622
     669
     680
     677
     647
     664
     652
     700
     683
     642
     644
     714
     660
     669
     657
     682
     645
     621
     660
     626
     657
     663
     646
     654
     622
     693
     656
     662
     626
     659
     665
     638
     622
     611
     656
     614
     615
     612
     614
     637
     674
     634
     620
     601
     637
     648
     640
     611
     708
     667
     704
     702
     657
     650
     592
     556
     645
     591
     600
     595
     573
     574
     663
     632
     691
     615
     627
     623
     578
     625
     616
     583
     572
     634
     630
     617
     636
     623
     571
     554
     590
     572
     570
     627
     605
     543
     589
     567
     620
     608
     633
     637
     585
     570
     566
     622
     588
     575
     574
     581
     540
     557
     577
     600
     556
     583
     560
     571
     549
     560
     584
     545
     590
     584
     570
     581
     580
     550
     582
     542
     579
     577
     512
     552
     547
     575
     606
     569
     528
     599
     540
     540
     530
     574
     587
     611
     587
     519
     533
     568
     541
     535
     546
     561
     569
     552
     532
     539
     515
     543
     556
     540
     514
     512
     542
     482
     517
     530
     546
     558
     618
     640
     673
     623
     568
     512
     520
     505
     538
     538
     545
     528
     514
     526
     485
     484
     519
     492
     528
     496
     472
     500
     504
     519
     497
     484
     445
     512
     515
     485
     479
     545
     492
     535
     499
     596
     637
     610
     623
     517
     509
     485
     452
     504
     446
     474
     456
     440
     480
     475
     493
     498
     467
     441
     460
     450
     447
     469
     452
     470
     495
     472
     453
     437
     486
     472
     470
     441
     482
     418
     451
     485
     446
     478
     472
     466
     466
     455
     430
     462
     451
     444
     464
     439
     465
     433
     458
     463
     462
     460
     429
     445
     463
     443
     469
     437
     441
     476
     447
     446
     438
     429
     422
     427
     462
     421
     435
     450
     468
     441
     432
     422
     480
     460
     454
     409
     412
     445
     438
     423
     442
     466
     431
     409
     437
     430
     424
     375
     439
     423
     427
     437
     457
     418
     434
     424
     440
     450
     439
     393
     395
     409
     422
     457
     388
     397
     404
     386
     371
     428
     409
     430
     432
     406
     385
     404
     421
     407
     400
     428
     369
     372
     380
     393
     415
     436
     411
     424
     416
     409
     400
     381
     379
     394
     388
     418
     389
     396
     401
     403
     371
     392
     427
     413
     405
     408
     360
     384
     366
     379
     344
     379
     368
     364
     402
     360
     394
     371
     383
     410
     414
     376
     398
     389
     369
     345
     358
     379
     395
     352
     356
     386
     411
     374
     360
     357
     340
     360
     350
     399
     409
     376
     342
     373
     375
     356
     364
     380
     359
     389
     403
     361
     369
     391
     353
     377
     385
     328
     349
     351
     384
     339
     380
     389
     437
     494
     594
     762
     811
     779
     599
     444
     346
     383
     362
     380
     343
     364
     340
     359
     364
     366
     370
     369
     362
     362
     343
     325
     382
     347
     330
     368
     348
     336
     334
     340
     391
     329
     368
     334
     314
     322
     346
     347
     345
     343
     342
     337
     321
     364
     349
     370
     324
     340
     325
     339
     337
     349
     361
     354
     302
     341
     337
     324
     361
     352
     373
     339
     349
     365
     333
     340
     336
     345
     350
     312
     334
     343
     310
     329
     320
     324
     369
     359
     363
     323
     333
     344
     316
     340
     330
     297
     327
     336
     315
     353
     332
     340
     366
     329
     334
     374
     369
     413
     412
     416
     456
     477
     475
     494
     473
     496
     502
     453
     485
     457
     490
     479
     490
     488
     487
     458
     514
     501
     497
     474
     480
     479
     441
     464
     455
     473
     455
     436
     440
     451
     434
     408
     396
     354
     332
     366
     331
     333
     301
     328
     285
     328
     339
     293
     332
     298
     325
     327
     292
     319
     313
     337
     320
     313
     304
     333
     299
     296
     334
     339
     289
     328
     347
     311
     310
     324
     354
     285
     333
     288
     293
     332
     265
     311
     314
     313
     303
     296
     294
     262
     330
     283
     290
     309
     322
     300
     295
     291
     300
     322
     335
     328
     384
     415
     473
     604
     785
    1094
    1326
    1524
    1691
    1701
    1492
    1314
     956
     728
     517
     447
     361
     357
     291
     306
     278
     283
     293
     286
     279
     294
     271
     265
     277
     253
     242
     307
     262
     238
     260
     258
     275
     290
     241
     281
     275
     266
     258
     287
     245
     277
     255
     230
     285
     284
     216
     271
     255
     266
     250
     256
     268
     261
     262
     277
     279
     245
     272
     268
     235
     255
     271
     263
     295
     259
     233
     254
     249
     255
     249
     243
     251
     273
     240
     285
     249
     275
     283
     253
     265
     255
     285
     240
     256
     255
     255
     242
     252
     248
     251
     231
     249
     233
     258
     261
     248
     260
     257
     260
     267
     258
     233
     272
     257
     254
     265
     275
     235
     266
     250
     269
     237
     228
     246
     266
     269
     264
     238
     243
     257
     242
     248
     264
     268
     251
     256
     234
     251
     258
     247
     284
     255
     253
     230
     240
     246
     272
     253
     251
     259
     263
     274
     261
     233
     251
     257
     253
     254
     259
     253
     254
     257
     254
     260
     269
     252
     287
     251
     249
     256
     231
     245
     252
     238
     240
     216
     228
     251
     240
     229
     233
     244
     256
     219
     261
     252
     252
     231
     229
     232
     235
     221
     234
     246
     259
     265
     281
     331
     345
     429
     397
     383
     333
     290
     258
     235
     235
     236
     264
     241
     248
     260
     222
     232
     251
     248
     226
     238
     222
     229
     243
     256
     211
     204
     245
     217
     230
     234
     205
     198
     238
     239
     250
     246
     256
     227
     224
     257
     237
     246
     222
     233
     214
     220
     246
     242
     250
     241
     226
     229
     217
     216
     213
     255
     230
     227
     209
     204
     214
     223
     224
     193
     224
     254
     295
     321
     363
     379
     348
     278
     243
     262
     253
     235
     259
     287
     389
     541
     665
     868
     847
     659
     486
     354
     263
     224
     210
     218
     236
     221
     201
     227
     213
     214
     224
     212
     221
     210
     193
     203
     228
     216
     200
     185
     201
     219
     204
     197
     200
     227
     191
     189
     202
     228
     208
     210
     200
     190
     194
     222
     192
     201
     194
     229
     197
     213
     191
     191
     208
     176
     217
     205
     199
     225
     204
     221
     203
     196
     234
     222
     211
     190
     193
     203
     202
     189
     201
     232
     206
     204
     212
     199
     215
     251
     201
     199
     227
     183
     184
     210
     197
     202
     219
     211
     193
     195
     185
     195
     233
     206
     189
     197
     177
     195
     193
     205
     222
     195
     205
     215
     185
     192
     185
     197
     184
     205
     217
     217
     209
     197
     192
     192
     206
     194
     244
     186
     205
     198
     206
     217
     228
     203
     230
     207
     221
     225
     214
     185
     160
     202
     207
     196
     175
     187
     177
     224
     203
     191
     186
     180
     196
     192
     175
     186
     188
     194
     169
     201
     184
     177
     199
     180
     219
     201
     232
     201
     195
     192
     177
     200
     208
     219
     186
     222
     172
     186
     195
     199
     181
     204
     191
     201
     179
     182
     195
     196
     186
     188
     190
     186
     176
     203
     185
     189
     184
     164
     181
     193
     180
     173
     191
     176
     178
     170
     196
     197
     208
     185
     171
     181
     185
     203
     197
     196
     183
     179
     178
     204
     157
     189
     205
     188
     175
     208
     174
     186
     190
     191
     186
     194
     201
     202
     168
     194
     191
     213
     164
     200
     175
     210
     200
     201
     176
     180
     179
     180
     209
     187
     183
     191
     178
     199
     178
     196
     184
     177
     178
     188
     193
     192
     156
     183
     179
     175
     192
     184
     195
     162
     178
     179
     188
     155
     158
     156
     203
     173
     202
     191
     176
     160
     181
     179
     184
     188
     219
     301
     374
     551
     791
     837
     793
     660
     429
     313
     197
     208
     167
     189
     202
     201
     241
     212
     206
     194
     171
     169
     186
     198
     180
     161
     172
     170
     181
     159
     184
     180
     180
     166
     168
     179
     182
     173
     196
     174
     156
     185
     173
     162
     159
     177
     163
     170
     184
     179
     153
     143
     187
     170
     168
     183
     189
     176
     170
     177
     163
     154
     193
     176
     166
     158
     174
     168
     163
     174
     157
     163
     155
     167
     166
     156
     153
     164
     153
     173
     177
     161
     147
     183
     196
     179
     178
     159
     192
     182
     170
     182
     160
     164
     164
     171
     189
     151
     157
     152
     150
     172
     189
     177
     171
     168
     166
     173
     176
     166
     156
     163
     186
     137
     196
     190
     201
     196
     191
     182
     196
     182
     178
     173
     176
     171
     166
     158
     180
     143
     185
     153
     189
     178
     165
     144
     172
     157
     167
     149
     158
     167
     173
     165
     144
     126
     163
     170
     143
     164
     152
     162
     156
     154
     152
     171
     131
     177
     167
     160
     143
     152
     171
     153
     176
     167
     155
     179
     187
     132
     160
     155
     176
     129
     164
     154
     158
     166
     140
     148
     150
     168
     164
     147
     158
     179
     162
     170
     159
     177
     181
     182
     162
     179
     151
     152
     174
     153
     165
     133
     161
     144
     147
     128
     125
     174
     168
     156
     168
     180
     197
     196
     189
     190
     166
     172
     160
     151
     144
     139
     165
     151
     168
     174
     136
     149
     144
     153
     146
     146
     159
     141
     164
     156
     143
     152
     167
     164
     141
     139
     155
     154
     152
     160
     150
     167
     152
     150
     142
     166
     140
     153
     127
     153
     149
     159
     144
     142
     161
     151
     172
     134
     160
     163
     147
     136
     151
     136
     155
     158
     150
     151
     151
     159
     162
     116
     156
     147
     164
     120
     151
     135
     141
     137
     140
     169
     174
     154
     126
     158
     157
     150
     164
     156
     147
     162
     155
     167
     178
     154
     163
     153
     139
     131
     151
     148
     159
     162
     127
     173
     159
     152
     142
     151
     154
     141
     157
     135
     149
     129
     149
     155
     153
     142
     140
     155
     132
     128
     150
     157
     154
     130
     145
     146
     156
     125
     136
     133
     160
     147
     134
     164
     142
     112
     139
     155
     148
     144
     134
     132
     147
     151
     155
     146
     143
     148
     147
     169
     157
     169
     151
     161
     172
     139
     160
     143
     143
     151
     144
     138
     151
     152
     127
     131
     132
     147
     167
     133
     117
     149
     114
     141
     142
     153
     157
     138
     128
     152
     121
     164
     147
     130
     159
     139
     154
     153
     118
     140
     146
     139
     154
     122
     159
     134
     160
     124
     138
     135
     147
     166
     121
     155
     127
     151
     121
     165
     124
     132
     145
     153
     138
     153
     124
     129
     137
     164
     168
     141
     140
     153
     151
     143
     146
     133
     119
     130
     124
     123
     130
     146
     124
     113
     142
     148
     152
     172
     143
     132
     131
     160
     121
     142
     148
     134
     157
     133
     123
     147
     131
     144
     134
     153
     140
     147
     130
     152
     138
     137
     138
     128
     132
     119
     173
     137
     127
     138
     146
     126
     145
     128
     152
     133
     137
     134
     146
     150
     175
     181
     257
     254
     290
     267
     257
     213
     155
     155
     132
     132
     132
     116
     142
     114
     132
     148
     124
     150
     132
     119
     136
     107
     119
     120
     147
     115
     121
     124
     126
     153
     118
     116
     140
     147
     132
     133
     118
     132
     148
     128
     142
     119
     149
     130
     121
     138
     122
     144
     128
     129
     135
     130
     149
     142
     133
      99
     122
     122
     112
     125
     148
     127
     136
     127
     135
     137
     151
     136
     150
     107
     146
     147
     122
     151
     135
     127
     143
     134
     128
     132
     139
     116
     130
     131
     142
     132
     129
     129
     126
     124
     142
     141
     118
     129
     131
     142
     110
     154
     146
     124
     136
     157
     126
     140
     140
     123
     135
     143
     127
     151
     128
     134
     127
     127
     138
     121
     134
     132
     116
     149
     114
     137
     127
     120
     127
     118
     119
     137
     124
     125
     129
     128
     110
     155
     125
     145
     117
     165
     159
     184
     150
     155
     151
     129
     130
     118
     133
     139
     172
     193
     211
     207
     229
     185
     138
     152
     130
     125
     124
     121
     132
     129
     113
     105
     128
     136
     127
     125
     126
     123
     108
     137
     121
     129
     124
     125
     128
     117
     136
     134
     127
     124
     124
     132
     145
     121
     125
     130
     118
     109
     121
     143
     101
     110
     122
     111
     109
     130
     118
     140
     131
     126
     125
     138
     128
     112
     122
     107
     110
     122
     120
     136
     112
     120
     114
     127
     126
     101
      97
     118
     124
     112
     116
     107
     104
     139
     130
     133
     135
     134
     156
     137
     172
     196
     196
     183
     159
     142
     149
     124
     122
     110
     110
     120
     118
     108
     113
     116
     129
     118
      99
     108
     121
     106
     124
     115
      94
     118
     117
     122
     126
     118
     126
     136
     120
     114
     122
     112
     133
     120
     133
     108
     107
     122
     115
     125
     116
     135
     102
     124
     113
     125
     117
     121
     116
     103
     122
     110
     121
     150
     100
     134
     100
     123
     123
     124
     116
     117
     106
     119
     120
     105
     119
     125
     117
     109
      94
     123
     110
     126
     103
     123
     127
     115
     104
     123
     116
     117
     116
     113
     125
     108
     116
     109
     131
     120
      95
     137
     118
      96
     113
     103
     113
     123
     116
     116
     104
     104
     123
     130
     103
     110
      96
     109
     108
     116
     116
     107
     105
     106
     121
     112
     131
     111
      96
     111
     107
     109
     127
     108
     118
     107
     123
     114
     127
     112
     116
     109
     103
     103
      93
     108
     113
     124
     123
     113
     115
     115
     114
     117
     110
     113
     108
     124
     107
     112
     142
     106
     123
     116
      98
     111
     100
     130
     123
     128
     117
     110
     112
     101
     140
     108
     109
     116
     122
     101
     101
      96
     106
      88
     119
     118
     102
     101
     121
     113
     100
      98
      97
      96
     115
     110
     119
     117
     106
     110
     114
     102
     109
     112
     109
     107
      97
     100
     127
     113
     105
     120
     114
     106
      80
     100
      88
     116
     111
     110
     114
     115
      91
     107
     108
     107
     108
     121
     110
      93
     121
      88
     110
     104
     122
     112
     110
     112
     123
     100
      96
     119
     105
      96
     100
     100
     122
     113
      96
     100
      94
     105
      99
     107
      94
     111
      98
     117
      84
     100
     112
     111
      96
      99
     114
      93
      96
     127
     106
     111
     121
     118
     106
     104
     100
     106
     102
     119
     107
     109
      91
     106
     100
      90
     104
      94
      97
      87
     116
     110
     107
     113
     100
      99
      79
     101
     118
     110
     109
     130
     117
     102
     112
     118
     114
     140
      96
     104
      97
     123
      95
     104
     133
     137
     123
     143
     151
     141
     131
     125
     120
     106
      97
     101
     111
     105
      97
      89
      92
     103
     101
      88
      95
     113
     109
      83
     114
      84
     100
      92
     104
     107
     101
      93
      81
      97
     114
     108
      99
      93
      99
     107
      80
      88
     108
     105
     107
     104
      74
      87
     106
      98
      98
      91
     105
      97
      98
      77
      81
      80
     100
      79
     102
      99
     112
      85
     107
     102
      76
      98
     100
     115
     109
     102
      79
      95
      92
      78
     103
     103
     109
     111
      87
     116
      82
     107
     101
      95
      85
      95
     102
      95
     114
     105
     102
      99
      97
     106
      95
      88
      88
      90
     110
     102
     102
     110
     113
      99
     101
     113
     102
      88
     104
      87
      96
     113
      76
     109
     102
     107
      87
      77
      92
     103
      85
      94
      96
     127
      92
      99
      89
      94
      95
     104
      86
     102
     125
     166
     236
     307
     353
     392
     385
     334
     212
     183
     134
     116
      91
     107
      79
      79
      96
     101
      86
     115
      80
      85
      86
      68
      79
      96
      83
      92
      86
     100
      93
      89
      95
     106
      98
      94
      90
      98
      89
      79
      92
      72
      67
      88
      93
      88
      79
      81
     103
      94
      86
     106
      73
      80
      95
      71
      87
      64
     102
      76
      96
      80
      81
      71
     102
      70
      95
      91
      78
      87
     101
      85
      69
      80
      82
      89
     101
      88
      69
      79
      77
      97
     102
      84
      94
      85
      84
      85
      88
      93
      82
      76
      97
      89
     112
      91
     103
      81
      93
      75
      90
     100
      70
      79
      99
      68
      89
      75
      78
      88
      84
      87
     104
      96
      92
     101
      77
      72
      90
      80
      80
      95
      96
      94
      91
      76
      92
      87
     112
      79
      83
      66
      84
      75
      87
      96
      88
      80
      86
      80
      83
      81
      68
      88
      80
      71
      76
      85
      91
      77
      91
      88
      97
      87
      90
      78
      83
      94
      69
      83
      71
      93
      82
      86
      81
     100
      70
      89
      93
      96
      92
     118
     133
     117
     102
      92
      75
      87
      93
      95
      80
      68
      69
      73
      82
      94
      80
      75
      93
      82
     104
      81
      84
      69
      81
      85
      71
      78
      81
      94
      84
      85
      93
      68
      78
      80
      79
      68
      66
      78
      86
      88
      80
      79
      72
      76
      70
      80
      75
      84
      73
      87
      78
      70
      82
      78
      71
      66
      82
      85
      84
      88
      76
      86
      78
      88
      86
      86
      67
      74
      70
      63
      74
      85
      87
      62
      61
      68
      85
      88
      73
      82
      71
      85
      81
      66
      79
      85
      66
      77
      94
      96
     146
     152
     166
     253
     221
     260
     220
     155
     116
     114
      87
      77
      79
      61
      73
      67
      69
      86
      75
      70
      74
      80
      90
      86
      77
      72
      73
      63
      67
      62
      61
      78
      63
      76
      78
      71
      80
      69
      75
      64
      72
      65
      83
      77
      76
      73
      94
      65
      66
      59
      69
      70
      56
      73
      64
      70
      65
      69
      78
      64
      59
      66
      67
      74
      65
      69
      76
      69
      62
      73
      68
      65
      60
      69
      80
      51
      80
      81
      72
      70
      68
      71
      78
      76
      69
      73
      73
      81
      82
      71
      80
      77
      61
      65
      73
      57
      57
      79
      79
      75
      62
      66
      73
      70
      67
      55
      80
      68
      74
      87
      81
      68
      70
      67
      70
      79
      78
      64
      67
      74
      60
      72
      76
      68
      69
      75
      95
      70
      64
      69
      75
      69
      63
      60
      68
      74
      77
      61
      55
      62
      53
      70
      64
      78
      66
      83
      76
      95
      95
     136
     199
     294
     338
     407
     353
     348
     249
     195
     157
      86
      74
      70
      63
      69
      72
      84
      52
      74
      56
      69
      63
      71
      66
      70
      69
      62
      54
      47
      54
      60
      64
      71
      61
      62
      65
      65
      52
      53
      53
      63
      63
      65
      59
      66
      55
      65
      60
      59
      55
      56
      72
      64
      61
      63
      65
      69
      50
      64
      72
      59
      58
      69
      47
      50
      62
      59
      59
      56
      55
      61
      61
      72
      61
      63
      78
      53
      70
      77
      61
      70
      56
      63
      57
      71
      49
      57
      64
      62
      73
      67
      57
      77
      66
      50
      70
      58
      61
      64
      62
      52
      61
      56
      59
      50
      46
      48
      65
      49
      54
      69
      56
      58
      44
      53
      48
      70
      54
      59
      82
      82
      75
      72
      72
      65
      66
      50
      57
      60
      52
      49
      56
      57
      47
      46
      71
      56
      59
      69
      44
      48
      51
      62
      66
      66
      53
      54
      51
      58
      60
      57
      63
      65
      67
      66
      46
      59
      56
      55
      60
      61
      68
      53
      57
      59
      66
      66
      54
      56
      44
      56
      60
      53
      52
      50
      56
      58
      65
      65
      44
      62
      69
      47
      57
      64
      67
      63
      63
      61
      47
      61
      50
      78
      49
      58
      53
      61
      71
      53
      68
      64
      70
      59
      50
      55
      62
      46
      63
      50
      47
      67
      53
      69
      65
      55
      60
      46
      42
      60
      63
      52
      50
      71
      43
      54
      60
      54
      43
      57
      43
      48
      69
      53
      53
      45
      54
      55
      54
      62
      59
      61
      60
      67
      67
      50
      47
      63
      50
      57
      59
      63
      57
      60
      61
      52
      44
      49
      50
      76
      51
      56
      61
      50
      72
      46
      60
      49
      54
      58
      43
      62
      44
      50
      54
      60
      45
      52
      54
      52
      42
      61
      55
      66
      65
      63
      53
      61
      63
      51
      59
      58
      51
      46
      52
      53
      50
      59
      61
      60
      48
      43
      65
      59
      58
      65
      46
      60
      52
      63
      51
      60
      63
      70
      45
      45
      68
      54
      59
      45
      57
      46
      59
      52
      56
      53
      66
      77
      63
      82
     117
     166
     250
     345
     480
     554
     617
     530
     461
     392
     237
     130
      81
      68
      63
      50
      53
      45
      55
      62
      51
      45
      44
      35
      44
      53
      44
      51
      38
      40
      47
      42
      35
      46
      44
      36
      39
      60
      38
      44
      52
      48
      44
      63
      44
      43
      46
      51
      50
      41
      48
      44
      45
      41
      46
      43
      37
      40
      45
      50
      46
      33
      33
      44
      45
      46
      43
      47
      39
      49
      44
      42
      54
      50
      31
      37
      33
      40
      50
      43
      51
      45
      53
      42
      40
      47
      47
      42
      51
      40
      30
      49
      45
      44
      50
      49
      56
      47
      45
      46
      55
      41
      41
      55
      39
      39
      43
      49
      34
      46
      54
      55
      43
      38
      47
      43
      48
      50
      34
      53
      49
      24
      48
      46
      45
      54
      51
      51
      60
      53
      55
      54
      59
      40
      54
      44
      47
      33
      44
      46
      51
      43
      51
      35
      44
      34
      43
      38
      34
      50
      37
      43
      45
      31
      36
      40
      41
      42
      40
      34
      43
      56
      35
      40
      47
      47
      58
      42
      33
      41
      49
      49
      50
      45
      44
      32
      48
      43
      37
      36
      40
      42
      37
      32
      54
      38
      46
      49
      43
      41
      34
      48
      37
      43
      42
      40
      48
      52
      52
      43
      45
      35
      35
      34
      46
      39
      47
      38
      39
      41
      31
      48
      47
      42
      42
      34
      39
      44
      44
      37
      45
      38
      46
      45
      48
      42
      38
      48
      44
      27
      33
      44
      25
      48
      51
      39
      43
      46
      36
      48
      52
      41
      44
      46
      53
      41
      48
      47
      40
      36
      42
      30
      46
      44
      38
      34
      50
      42
      44
      27
      48
      42
      33
      38
      41
      39
      28
      45
      43
      46
      49
      36
      38
      34
      43
      39
      44
      29
      36
      36
      37
      39
      43
      38
      35
      41
      33
      34
      35
      46
      49
      38
      41
      40
      46
      41
      32
      42
      41
      43
      68
      34
      42
      40
      27
      45
      35
      53
      32
      35
      54
      35
      54
      37
      44
      47
      44
      59
      44
      30
      33
      47
      43
      44
      44
      56
      38
      38
      35
      46
      52
      45
      57
      47
      60
      71
      45
      48
      49
      48
      38
      41
      48
      50
      45
      52
      50
      53
      52
      46
      43
      42
      38
      50
      37
      46
      45
      27
      32
      45
      42
      44
      30
      38
      41
      36
      37
      43
      48
      39
      27
      34
      53
      39
      30
      30
      33
      38
      41
      33
      38
      52
      40
      30
      35
      43
      34
      44
      38
      36
      37
      29
      34
      38
      28
      34
      25
      41
      27
      38
      33
      38
      33
      39
      44
      40
      27
      43
      41
      42
      30
      44
      39
      38
      47
      47
      36
      42
      43
      48
      39
      55
      41
      43
      35
      41
      35
      38
      35
      36
      29
      44
      37
      39
      27
      41
      38
      34
      49
      50
      41
      42
      47
      46
      47
      45
      44
      47
      33
      35
      30
      38
      37
      42
      42
      42
      37
      34
      44
      37
      39
      45
      36
      30
      36
      48
      33
      28
      37
      35
      47
      25
      38
      33
      44
      35
      22
      36
      41
      43
      35
      34
      39
      36
      28
      36
      37
      32
      33
      30
      35
      42
      33
      33
      41
      38
      39
      43
      39
      47
      35
      32
      33
      36
      43
      36
      26
      30
      32
      33
      27
      35
      41
      21
      28
      36
      34
      39
      38
      41
      34
      49
      45
      38
      36
      36
      33
      44
      44
      30
      34
      26
      53
      32
      39
      37
      42
      26
      35
      29
      35
      45
      31
      29
      33
      35
      36
      41
      30
      35
      43
      44
      29
      33
      38
      39
      30
      28
      34
      33
      34
      20
      32
      27
      36
      25
      38
      27
      35
      30
      36
      33
      26
      38
      35
      25
      35
      29
      40
      57
      36
      37
      31
      35
      30
      38
      31
      29
      40
      34
      32
      32
      39
      27
      39
      26
      22
      29
      32
      28
      38
      36
      27
      27
      29
      31
      32
      22
      34
      44
      42
      29
      27
      26
      33
      49
      32
      30
      32
      31
      32
      32
      30
      48
      23
      34
      36
      30
      32
      32
      39
      40
      39
      29
      43
      37
      27
      34
      28
      35
      34
      29
      31
      28
      44
      30
      39
      36
      24
      31
      35
      24
      28
      39
      26
      28
      43
      29
      42
      31
      29
      25
      23
      41
      43
      41
      25
      41
      33
      29
      28
      27
      32
      34
      31
      28
      37
      34
      33
      30
      31
      32
      31
      26
      33
      29
      32
      32
      28
      39
      40
      28
      42
      41
      37
      25
      31
      32
      53
      52
      36
      48
      41
      34
      35
      22
      39
      29
      32
      34
      36
      26
      17
      27
      32
      34
      37
      26
      21
      38
      23
      38
      35
      30
      28
      30
      40
      42
      32
      29
      33
      34
      24
      33
      23
      30
      30
      32
      28
      27
      34
      23
      29
      34
      35
      37
      39
      20
      36
      46
      30
      33
      24
      33
      28
      33
      32
      37
      41
      30
      40
      39
      36
      27
      23
      27
      42
      22
      26
      27
      32
      26
      40
      29
      42
      25
      26
      34
      38
      22
      34
      37
      47
      40
      65
      93
      94
     120
     109
     104
      77
      88
      58
      61
      38
      28
      27
      32
      29
      31
      32
      24
      29
      35
      28
      30
      31
      30
      41
      31
      35
      29
      33
      28
      31
      33
      29
      22
      31
      31
      40
      29
      38
      29
      25
      23
      33
      20
      24
      33
      22
      35
      22
      31
      36
      35
      36
      31
      28
      26
      32
      29
      25
      29
      25
      30
      27
      25
      24
      22
      35
      32
      29
      31
      25
      32
      35
      39
      28
      31
      27
      35
      38
      30
      24
      40
      32
      25
      29
      31
      31
      37
      33
      39
      32
      20
      25
      24
      29
      26
      33
      29
      24
      36
      33
      29
      34
      29
      26
      30
      25
      33
      42
      37
      30
      24
      27
      30
      29
      37
      34
      22
      25
      43
      29
      28
      32
      24
      43
      37
      27
      24
      26
      33
      37
      25
      33
      21
      28
      47
      35
      31
      34
      22
      29
      38
      25
      42
      28
      32
      35
      27
      35
      32
      27
      36
      20
      23
      29
      19
      33
      24
      29
      33
      32
      26
      28
      22
      34
      31
      29
      28
      32
      32
      29
      29
      30
      25
      30
      22
      29
      31
      26
      36
      25
      37
      30
      30
      26
      25
      25
      34
      33
      27
      28
      32
      33
      23
      25
      25
      39
      28
      22
      18
      29
      28
      38
      20
      25
      26
      27
      27
      33
      23
      27
      35
      29
      26
      34
      38
      36
      39
      44
      42
      29
      29
      25
      27
      17
      30
      34
      33
      31
      33
      29
      40
      29
      24
      28
      31
      21
      31
      20
      25
      26
      34
      27
      16
      29
      30
      40
      25
      34
      28
      30
      31
      26
      32
      28
      31
      31
      24
      24
      18
      29
      36
      23
      34
      25
      30
      26
      26
      31
      39
      30
      29
      24
      35
      34
      32
      21
      31
      33
      19
      19
      37
      28
      27
      23
      32
      25
      27
      30
      37
      26
      25
      24
      29
      26
      31
      22
      36
      33
      26
      38
      30
      24
      24
      33
      23
      26
      32
      25
      21
      29
      26
      28
      29
      25
      21
      32
      32
      25
      25
      22
      23
      22
      25
      36
      20
      25
      30
      22
      28
      31
      30
      27
      28
      29
      22
      29
      29
      24
      24
      26
      36
      30
      39
      36
      22
      27
      43
      30
      22
      28
      20
      18
      23
      30
      25
      33
      20
      18
      28
      23
      27
      24
      25
      30
      28
      28
      29
      19
      33
      29
      24
      33
      31
      28
      22
      40
      26
      22
      27
      32
      21
      16
      34
      27
      22
      27
      25
      23
      33
      23
      23
      28
      26
      21
      27
      27
      28
      25
      21
      31
      24
      14
      32
      28
      19
      25
      28
      15
      23
      35
      25
      25
      21
      22
      21
      34
      23
      18
      26
      23
      18
      20
      30
      27
      25
      24
      28
      27
      18
      23
      34
      28
      32
      25
      19
      24
      24
      19
      26
      28
      25
      21
      35
      22
      29
      29
      20
      20
      27
      21
      20
      28
      21
      21
      27
      31
      29
      20
      26
      17
      26
      37
      30
      31
      22
      19
      23
      24
      27
      28
      29
      24
      22
      29
      21
      24
      19
      28
      27
      27
      33
      23
      22
      20
      22
      20
      29
      36
      27
      25
      36
      22
      39
      32
      27
      27
      34
      28
      25
      33
      29
      24
      25
      29
      27
      32
      25
      25
      29
      21
      18
      19
      27
      21
      25
      29
      20
      29
      20
      25
      26
      33
      17
      21
      32
      20
      26
      21
      30
      26
      26
      20
      18
      28
      29
      22
      19
      30
      20
      19
      21
      29
      17
      22
      22
      22
      18
      22
      36
      27
      27
      22
      28
      32
      28
      21
      29
      32
      18
      17
      26
      19
      28
      32
      27
      28
      21
      25
      20
      29
      23
      23
      24
      33
      20
      24
      21
      35
      21
      25
      31
      19
      26
      20
      16
      20
      35
      23
      26
      21
      21
      28
      22
      24
      27
      18
      15
      25
      21
      22
      23
      31
      12
      30
      21
      23
      27
      28
      24
      18
      13
      26
      23
      20
      18
      30
      31
      31
      23
      22
      21
      16
      26
      16
      32
      19
      17
      21
      23
      29
      24
      21
      23
      25
      24
      29
      25
      16
      23
      27
      24
      21
      21
      19
      21
      21
      18
      18
      20
      29
      31
      18
      19
      23
      19
      21
      20
      28
      25
      20
      18
      21
      27
      22
      22
      25
      19
      26
      22
      15
      31
      21
      24
      22
      33
      18
      24
      27
      26
      28
      33
      20
      22
      21
      24
      22
      15
      22
      24
      27
      27
      25
      20
      33
      26
      19
      21
      23
      25
      26
      26
      24
      29
      29
      20
      17
      29
      32
      37
      24
      26
      21
      28
      24
      18
      20
      24
      23
      20
      21
      27
      25
      18
      29
      19
      26
      23
      20
      25
      19
      28
      17
      30
      24
      18
      17
      26
      20
      23
      15
      22
      19
      22
      19
      24
      26
      29
      25
      23
      18
      26
      20
      23
      22
      22
      20
      25
      20
      25
      19
      21
      32
      21
      34
      31
      19
      21
      20
      18
      22
      23
      24
      18
      24
      21
      27
      24
      19
      21
      23
      18
      16
      24
      21
      16
      22
      18
      23
      11
      20
      29
      22
      25
      22
      24
      13
      26
      22
      28
      21
      32
      24
      22
      22
      17
      27
      24
      29
      19
      16
      22
      13
      27
      24
      29
      25
      24
      20
      21
      23
      25
      29
      20
      23
      25
      11
      30
      32
      21
      25
      13
      21
      23
      22
      14
      21
      25
      24
      24
      24
      19
      28
      22
      24
      20
      23
      16
      16
      30
      18
      15
      22
      18
      25
      22
      21
      18
      24
      32
      19
      18
      16
      21
      17
      22
      20
      21
      17
      24
      26
      26
      39
      37
      40
      39
      42
      48
      52
      33
      45
      36
      38
      21
      30
      24
      20
      26
      24
      21
      23
      32
      16
      29
      26
      18
      20
      17
      27
      19
      27
      24
      24
      23
      22
      22
      22
      22
      29
      13
      26
      32
      25
      17
      24
      16
      35
      28
      32
      35
      23
      22
      28
      17
      19
      28
      25
      16
      28
      14
      21
      19
      18
      18
      29
      21
      24
      20
      21
      24
      22
      31
      24
      17
      27
      22
      19
      24
      16
      26
      25
      20
      22
      23
      23
      24
      20
      27
      20
      22
      25
      20
      22
      16
      16
      23
      21
      31
      20
      25
      21
      27
      20
      19
      18
      17
      19
      18
      28
      36
      25
      15
      21
      26
      25
      33
      21
      19
      20
      19
      14
      21
      22
      15
      24
      25
      15
      29
      17
      22
      19
      24
      32
      15
      22
      12
      18
      17
      11
      20
      14
      21
      21
      19
      14
      18
      36
      24
      27
      25
      15
      21
      19
      18
      27
      31
      22
      22
      29
      17
      16
      19
      26
      14
      20
      14
      21
      20
      17
      11
      23
      14
      22
      22
      16
      26
      15
      12
      10
      23
      26
      20
      19
      18
      28
      29
      15
      20
      17
      25
      21
      33
      22
      22
      23
      22
      20
      31
      22
      25
      15
      23
      21
      19
      19
      19
      23
      21
      18
      20
      16
      19
      22
      18
      13
      21
      18
      17
      21
      26
      20
      18
      21
      18
      19
      27
      24
      17
      27
      22
      19
      23
      26
      24
      18
      20
      26
      25
      24
      20
      26
      20
      18
      11
      23
      19
      18
      19
      18
      19
      24
      19
      20
      23
      15
      18
      28
      21
      26
      21
      25
      37
      33
      41
      42
      43
      38
      44
      44
      36
      34
      33
      21
      27
      30
      17
      14
      18
      17
      25
      15
      23
      18
      20
      25
      20
      23
      26
      22
      12
      19
      20
      34
      25
      24
      18
      25
      26
      19
      21
      23
      25
      22
      17
      22
      25
      25
      18
      19
      25
      22
      30
      35
      23
      18
      24
      28
      32
      23
      21
      20
      22
      20
      15
      23
      24
      23
      25
      22
      26
      14
      15
      17
      18
      14
      22
      20
      23
      12
      28
      16
      11
      19
      19
      20
      16
      21
      24
      22
      15
      27
      20
      27
      17
      19
      23
      16
      15
      22
      21
      12
      17
      23
      28
      17
      29
      25
      22
      25
      17
      20
      19
      18
      18
      15
      16
      28
      18
      28
      10
      31
      26
      17
      22
      17
      30
      17
      15
      19
      14
      18
      21
      20
      16
      27
      16
      21
      25
      18
      25
      20
      18
      18
      19
      22
      14
      24
      24
      22
      24
      17
      14
      15
      15
      16
      20
      25
      28
      20
      17
      20
      19
      17
      20
      19
      22
      20
      24
      17
      19
      15
      24
      22
      19
      19
      14
      11
      13
      18
      22
      19
      23
      19
      22
      19
      20
      17
      14
      20
      14
      33
      18
      19
      19
      18
      20
      29
      15
      22
      26
      21
      17
      22
      20
      23
      18
      32
      16
      16
      27
      25
      19
      15
      20
      16
      23
      18
      16
      16
      15
      15
      20
      20
      23
      16
      15
      20
      21
      22
      30
      29
      20
      16
      23
      18
      18
      25
      22
      11
      21
      25
      18
      18
      21
      25
      25
      19
      20
      20
      23
      17
      19
      15
      21
      12
      14
      17
      25
      21
      21
      22
      18
      15
      21
      21
      21
      23
      17
      14
      19
      20
      17
      20
      20
      22
      15
      17
      24
      17
      21
      20
      22
      31
      14
      17
      15
      22
      19
      21
      18
      26
      16
      15
      19
      18
      23
      15
      22
      23
      16
      24
      19
      18
      19
      21
      23
      18
      19
      19
      25
      21
      19
      22
      15
      22
      20
      21
      16
      23
      20
      22
      20
      19
      18
      15
       7
      24
      29
      16
      18
      15
      24
      20
      22
      17
      15
      26
      26
      13
      17
      18
      22
      24
      15
       9
      17
      21
      13
      21
      20
      20
      14
      26
      22
      25
      22
      16
      19
      15
      26
      31
      21
      17
      17
      22
      21
      20
      28
      16
      21
      13
      20
      21
      23
      11
      16
      25
      21
      18
      20
      19
      14
      16
      22
      24
      22
      25
      14
      20
      25
      21
      20
      17
      17
      17
      25
      19
      24
      13
      21
      25
      14
      19
      18
      19
      21
      17
      15
      19
      16
      14
      31
      16
      14
      21
      15
      20
      17
      20
      29
      21
      16
      21
      29
      30
      25
      21
      21
      13
      14
      21
       9
      15
      18
      22
      28
      17
      16
      17
      19
      15
      19
      19
      25
      14
      23
      15
      15
      17
      20
      20
      25
      16
      19
      17
      21
      18
      18
       8
      24
      22
      23
      21
      13
      21
      24
      20
      16
      27
      14
      16
      23
      14
      29
      16
      26
      17
      16
      14
      17
       8
      17
      19
      16
      18
      13
      22
      17
      15
      12
      14
      14
      20
      17
      15
      24
      19
      21
      13
      23
      23
      18
      23
      12
      19
      23
      16
      15
      22
      18
      21
      15
       9
      17
      19
      15
      16
      13
      19
      22
      15
      19
      23
      17
      16
      12
      19
      25
      21
      20
      10
      20
      23
      18
      14
      17
      14
      17
      20
      13
      24
      18
      14
      18
      15
      17
      17
      17
      12
      18
      18
      21
      27
      28
      14
      10
      24
      15
      22
      11
      17
      13
      19
      18
      14
      15
      24
      16
      14
      12
      15
       8
      23
      30
      17
      20
      25
      10
      24
      22
      20
      10
      19
      16
      19
       7
      14
      20
      23
      15
      17
      13
      20
      27
      23
      13
      24
       8
      21
      17
      13
      15
      13
      14
      21
      16
      17
      14
      13
      25
      11
      19
      13
      12
      14
      19
      17
      16
      16
      18
      16
      14
      18
      20
      11
      20
      17
      16
      21
      20
      16
      14
      29
      24
      28
      18
      30
      17
      22
      19
      14
      16
      19
      19
      11
      11
      15
      10
      22
      16
      18
      25
      20
      21
      13
      18
      20
      17
      18
      22
       9
      22
      14
      12
      21
      12
      19
      15
      15
      14
      16
      18
      14
      15
      19
      17
      12
       7
      24
      16
      22
      14
      13
      14
      16
      11
      21
      19
      16
      18
      10
      14
      14
      21
       8
      20
      17
      11
      21
      14
      16
      17
      21
      12
      18
      13
       5
      12
      22
      13
      23
      14
      15
      10
      16
      13
      14
      16
      11
      21
      13
      14
      15
      14
      16
      20
      16
      18
      15
      17
      15
      13
      15
      18
      11
      11
      19
      12
      16
      19
      19
      12
      15
      17
       5
      20
      14
      21
      16
      22
      14
      17
      14
      16
      16
       8
      22
      14
      19
      23
      20
      17
      19
      17
      23
      14
      20
      21
      19
      14
      23
      17
      16
      16
      14
      14
      17
      15
      10
      17
      13
      14
      14
      17
      13
       7
      22
      15
      15
      13
      15
      12
      16
      15
      13
      11
      15
      13
      22
      14
      14
       8
      10
      17
      15
      11
      11
      10
      12
      14
      17
      19
      13
      18
      11
      14
      20
      18
      16
      21
      13
      17
      10
      23
      16
      18
       7
      19
      12
      19
      18
      11
      17
      10
      12
      12
      19
      15
      14
      15
      11
      18
      17
      15
      12
      14
      12
      18
      10
      10
      18
      11
      16
      13
      10
      10
      15
      17
      19
      10
      10
      17
      16
      12
      15
      10
      15
      13
      14
      14
      18
      24
       5
      16
      11
      11
      10
       9
      14
      15
      10
      15
      11
      15
      19
      16
       9
      15
      15
      12
      19
      14
      21
      12
      18
      17
      10
      16
      11
       8
      15
       9
      15
      20
      13
      10
      17
      17
      12
       8
      14
      16
      10
       9
      17
      12
      12
      12
      12
      17
      18
       6
      14
      15
      22
      18
      12
      15
       9
      12
      15
      19
      19
      10
      13
      17
      16
      14
      19
      19
      12
      12
      23
      16
      14
      14
       8
       8
      12
      15
      18
      14
      13
       7
      14
      11
      12
      15
       9
      17
      15
      13
      12
       8
      13
      18
       4
      10
      13
      15
      15
      16
      15
      14
      13
      20
      14
      10
      12
      14
      10
       4
      12
      14
      17
      14
      12
      12
      10
      13
       8
      15
      17
      10
      18
       9
      11
      12
      20
      10
      17
       8
      10
      13
      14
      13
      17
      16
      11
      19
      19
      20
      14
      12
      16
      16
      14
      15
       8
      16
      16
      14
      16
      12
      18
      14
      12
      14
      15
      21
      12
      15
      19
      22
      13
      12
      19
      11
      19
      14
      16
      13
      13
      13
      25
      15
      13
      20
      10
      16
      13
      26
      20
      35
      32
      36
      51
      79
      76
     127
     166
     199
     244
     230
     213
     185
     177
     139
     115
      71
      51
      28
      21
      15
      21
      11
      12
       9
       7
      13
      14
       9
       8
      10
       9
      10
      15
       9
       7
       8
       5
      13
      16
       8
      10
       7
      12
       9
      13
      15
       9
      13
      16
      10
       9
      14
      18
      12
      17
      13
      11
      17
       6
      15
      14
      14
      12
      15
      20
      16
      10
       9
      11
       9
      12
      13
      16
      19
       7
      10
       9
       9
      12
       8
      13
      23
      18
      10
      12
      11
      16
      13
      17
      12
       9
      12
      19
      11
       6
       8
      15
      10
      11
       6
       7
      11
      12
       7
      12
       8
       8
       7
       6
      18
      11
       8
       9
      10
      10
       9
      12
      10
       9
      16
      16
      15
      15
      10
       9
       6
      11
       9
      10
      16
      12
      16
      11
      10
       9
       4
      10
      14
      16
      13
       9
      14
      11
      10
      13
       4
      13
      15
      14
      17
      12
      14
      11
       9
      15
      14
      10
       8
       9
       8
       9
       8
      10
      19
      11
       8
      10
      12
      10
      18
       6
       7
       8
      10
      10
       8
       8
       8
       9
      14
      11
       6
      11
       8
      16
      12
      13
      11
      14
       8
      12
      15
      11
      10
      10
       9
      14
      12
       6
      12
      12
      11
      10
       7
       6
      11
      17
       9
       4
       9
      10
       7
      12
      12
      14
      15
       8
      12
      14
      13
      11
      14
      19
      10
      12
       6
       9
       8
       8
      12
      12
       8
      11
      13
      12
      10
       6
      12
      11
      10
       7
      10
      10
      15
      15
      12
       7
      16
      15
       6
       9
      10
      12
       9
      11
      10
      13
       6
       9
      10
       9
      12
       6
      14
      10
       6
      12
      13
       7
      13
      11
      13
       8
       8
      17
      11
       8
      12
      11
      17
      11
       7
      12
       9
      10
      16
      12
      14
      17
      13
       9
      18
      10
      11
       9
      11
       6
      11
       7
      15
       7
       7
      14
       7
       8
      13
       5
       9
      10
      17
      14
       8
       4
       8
      16
      16
      12
      14
      13
       8
       7
       8
       8
      17
      13
      13
      16
      11
      14
      12
       5
      17
       8
      11
       8
       9
       7
      12
      11
      12
      13
      18
       7
       9
      11
       6
      12
      15
       8
       7
      13
       8
      10
      10
       7
      10
      10
       8
       8
       9
      13
       7
      10
      11
      12
      17
       3
      16
      15
       7
      14
      10
       9
      12
       8
      13
       9
      13
       9
       8
       7
      15
      12
       7
      16
      12
      15
      16
      14
      10
       7
      16
      10
      10
      10
      12
      12
      13
      12
       8
      17
      15
       9
      12
       7
      14
      11
      11
      12
      19
      12
       8
      14
      13
      17
      11
      12
       3
       4
       7
      16
      18
       8
      16
      11
       8
      10
      14
       6
      15
      12
       6
      13
      11
      12
      10
      12
       8
      21
      10
      11
      10
      12
      13
       8
       4
      12
       7
      10
       8
       9
       9
       8
      11
      10
      15
      10
      15
       9
      11
       4
      13
       6
       9
       9
      10
       7
      16
      12
      17
      17
      10
      11
      12
      14
      16
      14
       9
      11
      10
      12
      13
       6
       8
      16
       9
      13
       5
       8
       8
      11
      10
      14
      14
       6
      14
      12
      13
       7
       7
      11
       9
      17
       8
      14
      11
      11
       9
      14
      10
       8
       5
       5
      15
      10
       9
       9
       4
      15
       7
       9
      13
       8
      13
      13
      14
      14
      11
       5
       8
       6
      10
      10
       9
       7
       8
      10
      13
       7
      11
      14
       7
       7
       8
       6
       7
      12
       5
      11
      14
       6
      14
       9
       7
       6
       5
      16
       5
       8
      12
       8
      11
      13
      13
       8
      12
       8
       9
       4
      14
       9
      10
      15
      12
      12
      13
      12
      12
       2
       8
       7
      12
      10
      11
       8
      14
      12
      10
      13
      11
      14
      11
      15
       8
       9
      11
       9
      10
      11
       8
      12
      12
      11
      12
      10
       8
      11
      12
       9
       9
      10
      15
      12
      13
      14
       5
       5
       9
       8
      10
      13
      16
      14
       6
       5
       6
       4
      17
      11
       8
      18
       6
      15
       6
       8
       9
      15
       7
      13
      12
      10
       7
      11
       9
      10
       7
      12
       7
       7
      14
      11
       5
      11
      12
      12
      11
      10
       7
      11
       7
      12
       8
       7
      18
       7
       7
      14
       9
      14
      11
      10
       8
      13
       5
       9
      10
      11
      10
       8
       6
      14
       8
       7
      10
      10
       9
      11
      13
      10
      10
      15
       5
      13
       9
      12
       8
       7
      14
      11
       6
       6
      11
       9
       5
       9
      13
      13
      10
       8
      10
       5
      14
       7
      12
      10
       9
      14
      14
      14
       5
       8
       6
      16
      11
      11
       7
      10
      13
       9
      10
      11
      10
       6
      13
      13
      13
       7
       5
      11
       9
       8
       8
      12
      14
      14
      11
       7
      15
      12
       9
       5
       6
       9
      13
       8
      11
      12
       8
       9
       6
       4
       8
      17
       5
       6
       9
      14
      10
       9
      11
      13
      12
      11
       9
       8
       9
       5
      10
       5
       9
      11
      10
       9
       6
       3
      10
       9
       9
      11
      16
       6
      14
      21
       8
      14
       8
      11
       9
       5
      11
       5
      11
      11
      13
       8
      14
       3
       8
      14
       7
      10
      12
      12
      11
       9
      13
      10
       8
       8
      11
       8
      11
      12
       8
       9
       6
       7
       7
      12
      10
       7
       7
       9
       8
       8
      13
       9
      12
       8
      11
      13
       8
       9
       8
       8
      15
      15
       6
       8
       4
       7
       7
      10
       7
       6
      12
      12
       8
       7
      13
       5
      10
       5
       5
       6
      14
      10
       8
       9
       8
      11
       7
       9
       6
      11
      10
       7
      12
      12
      14
       9
      14
       8
       9
       6
       7
      11
       3
       7
       3
      10
       8
      10
       4
      10
      10
       9
       9
       9
       8
       8
      12
      11
      11
      12
      18
       9
      11
       9
       7
      13
      11
      10
       6
       7
      13
       6
      12
       9
       9
       9
       9
      11
       8
       5
      11
      13
       9
       9
       8
       9
       7
       8
       6
      10
       7
       8
       6
       9
      11
      10
       8
      12
      10
       8
      10
      11
       8
       6
      10
      13
       8
      10
      11
      11
       8
       9
       7
       7
      15
       9
      14
      11
      13
       6
       5
       8
      10
      10
       8
      12
       7
       8
       6
      11
      12
      10
      13
       7
      12
      13
      10
       3
      10
      11
      10
      12
      15
      11
       6
      12
       5
       6
       8
      11
      11
      15
       8
      17
       4
      13
       5
      12
      11
      10
      12
      10
      12
      20
      13
       2
       6
       5
      10
       6
      10
      13
       5
       9
       3
      11
       5
      13
      13
       5
      10
      12
       7
       3
       9
       3
       9
      11
      10
       9
      10
       9
      18
       6
       5
       8
       6
       8
      13
      10
       3
      14
      12
       8
       7
       6
       9
       7
       9
      10
       6
      10
       6
      16
      10
       8
      11
      10
       9
       7
      13
      12
       5
      11
       9
      10
       8
       5
       6
       9
       6
       7
      11
      11
      12
       6
       9
      10
       9
      12
      10
      13
      12
       9
       7
      11
      10
      11
       4
       7
      10
      10
       8
       7
       9
       9
      11
       6
       6
       6
      11
      10
       5
       6
      10
      11
      11
       8
      11
      10
      12
       9
       9
       6
       7
      16
      10
      12
       9
      10
      13
       5
      10
      11
       9
       5
      13
      13
       6
       4
       7
       8
       4
      10
      10
       6
      11
       8
      17
       8
       6
       7
       4
       9
       8
       8
       8
      12
       5
       6
       7
      12
      13
      12
      10
       5
      11
      10
       8
       8
      14
      10
       9
      10
       7
       9
       8
       6
      11
       6
       7
       8
      12
      10
      14
       8
       6
      12
       6
       9
      12
       6
      10
      11
      10
       5
      11
      12
      14
       4
       8
      10
       7
       9
      11
       9
      10
      14
       7
      11
       7
       6
      11
       6
       9
       6
      11
      13
       6
      11
      10
       9
       8
       6
       7
       5
       7
      12
       7
       6
       4
       8
       5
       9
      11
       8
       5
       7
      15
       8
       8
       7
       9
       4
      13
      10
      11
       9
       8
      11
       7
       9
       9
       6
       6
       8
       8
       8
      12
      11
       7
      10
      11
      12
      11
      16
       8
       6
      11
       9
       8
       5
       7
       9
      11
      10
      14
       8
      10
      13
      11
       8
       6
       8
       5
      12
      10
      13
       8
       8
       9
       7
       7
       8
    1424
    2874
    2733
    2669
    2756
    2774
    2781
    2802
    2797
    2835
    2746
    2802
    2757
    2755
    2700
    2674
    2745
    2798
    2800
    2760
    2748
    2843
    2806
    2764
    2793
    2744
    2822
    2782
    2749
    2859
    2742
    2792
    2783
    2812
    2697
    2699
    2808
    2769
    2735
    2781
    2819
    2815
    2810
    2762
    2753
    2720
    2798
    2780
    2808
    2768
    2826
    2709
    2764
    2788
    2773
    2698
    2776
    2766
    2756
    2709
    2831
    2711
    2709
    2713
    2780
    2650
    2755
    2702
    2705
    2764
    2723
    2730
    2708
    2803
    2773
    2792
    2761
    2711
    2629
    2732
    2852
    2681
    2777
    2670
    2822
    2705
    2721
    2834
    2731
    2771
    2721
    2693
    2801
    2813
    2745
    2776
    2829
    2729
    2703
    2697
    2772
    2795
    2853
    2758
    2742
    2735
    2779
    2800
    2754
    2720
    2848
    2780
    2735
    2782
    2730
    2737
    2769
    2735
    2770
    2781
    2755
    2781
    2761
    2743
    2774
    2782
    2755
    2741
    2762
    2770
    2786
    2786
    2751
    2839
    2716
    2722
    2706
    2695
    2726
    2725
    2716
    2723
    2809
    2784
    2709
    2700
    2763
    2849
    2711
    2767
    2793
    2765
    2747
    2723
    2777
    2738
    2735
    2707
    2762
    2774
    2737
    2804
    2679
    2772
    2814
    2833
    2680
    2740
    2718
    2733
    2846
    2783
    2655
    2709
    2753
    2749
    2729
    2780
    2742
    2698
    2792
    2829
    2764
    2839
    1401
$ROI:
5
598 616
1488 1502
3004 3030
3417 3440
6719 6742
$PRESETS:
None
0
0
$ENER_FIT:
1.820202 0.388090
$MCA_CAL:
3
1.820202E+000 3.880899E-001 -2.021690E-008 keV
$SHAPE_CAL:
3
1.939874E+000 2.172949E-003 -2.951990E-007
