$SPEC_ID:
naa kelp 1
$SPEC_REM:
DET# 1
DETDESC# SHUGART-PC MCB 337
AP# Maestro Version 7.01
$DATE_MEA:
12/23/2015 15:28:45
$MEAS_TIM:
3782 3815
$DATA:
0 8191
       0
       0
       0
       0
       0
       0
       0
       0
       0
       0
       0
       0
       0
       0
       0
       0
       0
       0
       0
       0
       0
       0
       0
       0
       0
       0
       0
       0
       0
       0
       0
       0
       0
       0
       0
       2
      19
     284
    1025
    1116
    1174
    1101
    1194
    1231
    1220
    1186
    1267
    1222
    1227
    1291
    1279
    1346
    1326
    1360
    1456
    1419
    1506
    1377
    1394
    1343
    1414
    1406
    1354
    1314
    1406
    1353
    1418
    1458
    1497
    1465
    1444
    1362
    1356
    1403
    1414
    1396
    1448
    1454
    1468
    1387
    1327
    1299
    1399
    1381
    1284
    1356
    1300
    1254
    1331
    1249
    1276
    1302
    1279
    1290
    1332
    1325
    1274
    1254
    1203
    1323
    1233
    1240
    1232
    1215
    1189
    1181
    1270
    1200
    1256
    1265
    1236
    1226
    1174
    1195
    1270
    1211
    1198
    1193
    1197
    1206
    1205
    1180
    1138
    1202
    1173
    1147
    1207
    1128
    1136
    1100
    1205
    1099
    1135
    1205
    1191
    1113
    1105
    1170
    1109
    1077
    1100
    1109
    1083
    1100
    1120
    1134
    1164
    1145
    1071
    1085
    1089
    1104
    1103
    1065
    1123
    1089
    1148
    1083
    1072
    1148
    1073
    1130
    1057
    1070
    1089
    1130
    1057
    1123
    1054
    1136
    1147
    1104
    1078
    1119
    1052
    1056
    1061
    1110
    1105
    1210
    1422
    1759
    1943
    1652
    1329
    1415
    1968
    2444
    2390
    1786
    1204
     944
     895
     928
     891
     871
     883
     809
     867
     864
     869
     902
     848
     832
     845
     837
     830
     863
     886
     881
     982
    1165
    1333
    1433
    1255
    1042
     875
     853
     913
     948
     893
     840
     817
     706
     795
     736
     682
     798
     713
     781
     804
     901
     894
     891
     821
     748
     732
     691
     739
     712
     699
     691
     703
     682
     695
     682
     731
     680
     734
     732
     720
     745
     701
     693
     707
     703
     636
     695
     643
     684
     678
     637
     650
     680
     669
     660
     689
     698
     691
     683
     696
     689
     681
     650
     631
     688
     696
     668
     665
     643
     634
     668
     645
     634
     620
     643
     689
     663
     603
     700
     673
     676
     611
     676
     655
     649
     701
     631
     616
     607
     632
     650
     686
     647
     657
     653
     655
     624
     658
     605
     673
     636
     647
     666
     641
     704
     666
     640
     666
     626
     582
     653
     640
     607
     614
     624
     647
     614
     590
     654
     597
     617
     644
     621
     655
     592
     623
     586
     615
     595
     621
     614
     593
     596
     602
     625
     600
     646
     628
     596
     619
     600
     564
     527
     624
     609
     598
     580
     644
     562
     571
     574
     548
     555
     552
     585
     605
     554
     569
     597
     577
     549
     522
     588
     537
     574
     556
     522
     583
     597
     557
     573
     554
     557
     553
     560
     524
     581
     533
     521
     529
     541
     573
     540
     584
     533
     511
     524
     538
     495
     537
     493
     560
     569
     571
     594
     603
     560
     505
     536
     540
     481
     537
     575
     513
     523
     520
     533
     522
     523
     526
     517
     512
     516
     527
     476
     472
     485
     530
     506
     517
     506
     491
     524
     508
     482
     528
     478
     492
     514
     492
     505
     537
     532
     530
     495
     569
     529
     506
     532
     547
     505
     561
     540
     562
     542
     515
     526
     561
     501
     581
     552
     519
     586
     535
     542
     544
     559
     529
     515
     558
     552
     538
     589
     579
     540
     553
     553
     556
     558
     546
     544
     572
     571
     525
     565
     528
     562
     532
     585
     574
     576
     580
     548
     508
     574
     571
     569
     546
     491
     599
     564
     555
     541
     557
     574
     596
     552
     582
     561
     570
     558
     571
     538
     587
     527
     547
     595
     593
     589
     526
     540
     551
     566
     527
     565
     571
     542
     552
     521
     528
     544
     550
     567
     548
     533
     548
     503
     558
     565
     553
     535
     508
     505
     539
     533
     545
     542
     551
     548
     490
     590
     523
     536
     525
     563
     534
     536
     533
     514
     565
     571
     597
     661
     760
     807
     845
     653
     598
     527
     512
     517
     534
     538
     554
     524
     511
     536
     514
     535
     532
     510
     518
     543
     540
     528
     482
     500
     539
     538
     459
     431
     489
     433
     482
     450
     496
     486
     510
     512
     500
     517
     496
     452
     467
     472
     451
     464
     501
     487
     474
     505
     477
     489
     477
     497
     489
     430
     501
     460
     470
     455
     489
     444
     438
     459
     492
     461
     481
     465
     472
     447
     466
     479
     446
     448
     419
     466
     488
     449
     424
     433
     467
     418
     469
     453
     452
     421
     405
     387
     433
     435
     452
     416
     495
     420
     444
     396
     393
     421
     398
     441
     424
     395
     428
     425
     437
     454
     401
     406
     448
     440
     427
     436
     394
     400
     475
     417
     421
     408
     375
     364
     412
     407
     379
     426
     417
     434
     433
     428
     391
     422
     446
     414
     390
     409
     377
     418
     501
     520
     476
     441
     408
     416
     403
     363
     374
     411
     378
     435
     406
     392
     422
     408
     371
     377
     404
     387
     418
     371
     418
     365
     392
     372
     372
     401
     399
     364
     358
     399
     383
     399
     393
     366
     337
     369
     355
     367
     394
     383
     333
     381
     351
     409
     377
     344
     384
     373
     333
     347
     350
     360
     357
     370
     338
     401
     343
     344
     382
     365
     351
     391
     339
     380
     381
     371
     355
     337
     393
     346
     380
     353
     334
     330
     345
     344
     353
     360
     358
     387
     349
     378
     325
     326
     333
     373
     372
     338
     354
     350
     355
     341
     361
     330
     393
     344
     340
     420
     353
     384
     355
     332
     391
     348
     323
     337
     305
     345
     313
     369
     335
     332
     364
     371
     359
     341
     342
     357
     355
     331
     335
     358
     365
     330
     338
     333
     325
     364
     357
     364
     357
     300
     339
     342
     332
     311
     344
     333
     326
     340
     355
     359
     342
     314
     337
     327
     293
     332
     323
     347
     336
     341
     321
     332
     314
     351
     333
     330
     324
     361
     364
     350
     309
     342
     316
     302
     342
     305
     314
     320
     312
     322
     293
     309
     327
     338
     320
     317
     338
     319
     318
     334
     320
     335
     348
     344
     313
     358
     334
     373
     295
     333
     326
     347
     327
     338
     321
     328
     343
     315
     305
     318
     307
     330
     330
     311
     329
     281
     338
     336
     330
     290
     357
     323
     355
     348
     360
     312
     300
     325
     301
     314
     320
     307
     331
     328
     330
     359
     326
     339
     323
     280
     332
     305
     299
     307
     325
     317
     341
     317
     336
     309
     313
     339
     331
     321
     324
     334
     338
     301
     321
     359
     320
     289
     320
     329
     334
     286
     328
     305
     328
     283
     313
     353
     313
     329
     290
     327
     302
     333
     297
     298
     324
     313
     287
     305
     289
     282
     292
     288
     291
     311
     300
     288
     280
     294
     328
     265
     306
     303
     278
     276
     278
     284
     291
     265
     277
     296
     302
     259
     295
     310
     285
     261
     304
     284
     263
     292
     253
     249
     238
     287
     299
     288
     265
     270
     262
     296
     267
     298
     303
     252
     287
     294
     264
     296
     241
     299
     275
     264
     276
     285
     241
     253
     271
     281
     296
     286
     288
     286
     278
     254
     282
     274
     249
     262
     281
     256
     268
     293
     280
     295
     282
     271
     276
     247
     228
     310
     289
     265
     287
     256
     285
     299
     256
     283
     304
     289
     251
     252
     234
     256
     263
     277
     263
     275
     275
     268
     236
     262
     261
     286
     268
     242
     260
     262
     266
     266
     258
     236
     266
     235
     283
     268
     252
     279
     280
     278
     291
     252
     267
     238
     255
     247
     242
     239
     262
     266
     244
     261
     253
     252
     255
     255
     287
     264
     263
     225
     250
     251
     235
     243
     241
     230
     260
     248
     244
     259
     231
     252
     250
     249
     246
     248
     251
     221
     251
     251
     254
     259
     241
     244
     246
     236
     240
     248
     221
     218
     229
     207
     251
     220
     246
     218
     209
     234
     218
     258
     238
     216
     256
     242
     235
     225
     255
     235
     229
     236
     234
     230
     230
     213
     242
     215
     224
     216
     228
     233
     240
     225
     245
     258
     234
     263
     221
     235
     226
     228
     257
     211
     218
     227
     215
     218
     227
     251
     210
     224
     190
     229
     219
     226
     221
     231
     231
     211
     216
     226
     224
     215
     230
     237
     202
     206
     227
     228
     227
     237
     227
     230
     225
     220
     238
     237
     246
     216
     245
     219
     194
     198
     227
     227
     234
     219
     229
     195
     253
     216
     195
     209
     208
     239
     195
     214
     211
     206
     249
     203
     231
     222
     208
     238
     224
     216
     219
     218
     198
     239
     211
     221
     235
     212
     237
     218
     245
     206
     197
     226
     228
     190
     237
     200
     206
     228
     223
     217
     219
     220
     223
     248
     234
     242
     193
     211
     219
     215
     212
     176
     198
     216
     233
     222
     227
     225
     218
     208
     204
     214
     218
     248
     234
     201
     215
     217
     247
     219
     247
     285
     319
     333
     348
     397
     359
     376
     342
     298
     264
     220
     251
     231
     259
     220
     226
     225
     209
     196
     180
     230
     212
     197
     201
     225
     209
     191
     206
     205
     217
     202
     213
     213
     217
     212
     208
     217
     183
     205
     206
     204
     201
     201
     209
     236
     206
     199
     213
     199
     190
     191
     239
     219
     196
     205
     206
     203
     201
     182
     191
     177
     215
     187
     193
     239
     188
     208
     204
     193
     182
     226
     183
     206
     202
     214
     199
     208
     203
     175
     168
     215
     184
     200
     214
     180
     206
     185
     184
     195
     189
     216
     197
     200
     219
     217
     203
     199
     186
     219
     190
     215
     180
     233
     223
     218
     196
     211
     180
     205
     208
     231
     370
     622
    1334
    2601
    4148
    4593
    4170
    2742
    1350
     571
     323
     225
     224
     252
     319
     445
     627
     722
     747
     596
     348
     279
     229
     217
     206
     201
     208
     212
     222
     203
     210
     217
     216
     200
     201
     169
     211
     183
     161
     206
     200
     186
     180
     199
     171
     191
     198
     163
     164
     203
     190
     204
     200
     194
     199
     193
     211
     176
     230
     196
     211
     168
     192
     178
     186
     190
     178
     195
     205
     180
     164
     194
     170
     189
     193
     166
     180
     189
     191
     180
     186
     167
     200
     188
     178
     158
     182
     157
     195
     181
     195
     174
     172
     203
     167
     165
     147
     196
     164
     170
     192
     168
     167
     159
     185
     172
     181
     156
     145
     165
     162
     161
     175
     172
     161
     163
     153
     181
     177
     169
     156
     182
     183
     155
     148
     155
     153
     154
     165
     174
     171
     166
     143
     158
     152
     174
     182
     206
     223
     233
     241
     211
     187
     179
     164
     148
     167
     178
     153
     162
     163
     172
     178
     184
     154
     164
     159
     161
     165
     169
     173
     145
     168
     183
     148
     151
     200
     271
     500
     916
    1596
    2325
    2522
    2244
    1464
     726
     337
     194
     157
     143
     139
     161
     171
     144
     144
     147
     127
     154
     158
     139
     124
     133
     139
     148
     155
     142
     155
     144
     155
     140
     145
     131
     148
     151
     140
     139
     143
     136
     138
     137
     129
     161
     164
     160
     141
     143
     138
     147
     133
     131
     145
     123
     149
     135
     145
     147
     128
     146
     141
     128
     154
     123
     123
     127
     139
     153
     134
     126
     120
     123
     153
     108
     150
     134
     126
     116
     115
     110
     150
     133
     153
     124
     128
     136
     109
     137
     136
     122
     128
     117
     142
     120
     127
     125
     112
     133
     141
     147
     183
     164
     207
     192
     155
     158
     141
     118
     123
     132
     113
     144
     140
     103
     117
     110
     107
     127
     154
     125
     120
     123
     112
     133
     122
     112
     123
     114
     119
     138
     120
     109
     119
     129
     142
     112
     127
     131
     130
     116
     108
     125
     109
     117
     104
      94
     101
     110
     116
      88
     105
     121
     127
     104
     117
     125
     117
     117
     101
     114
     114
     102
     120
     117
     124
     112
     116
     111
     105
     106
     118
      89
     116
     129
      91
     103
     120
     122
     132
     121
     113
     133
     126
     103
     124
      96
     117
     129
     108
      94
     109
     103
     113
     118
     110
      81
     119
     119
     102
     121
     109
     116
     123
     153
     270
     528
     841
    1205
    1534
    1408
     949
     602
     318
     168
     120
     102
     122
     110
     105
     105
     117
     102
     107
     113
      88
     101
     104
     108
     113
      95
     116
     114
     107
     103
      79
     121
      91
      95
      97
     113
     105
     104
      95
      99
      92
     105
     100
     102
     105
      99
     104
     100
     104
      71
     119
      96
     108
      96
      99
     105
      93
      95
     102
      93
      99
     100
      99
      96
     103
      86
     118
      99
     102
      97
      93
      93
      97
     105
     115
     110
     116
      97
      95
     106
      95
     125
     105
      95
     102
      82
     107
     101
      91
     119
     100
      98
      91
     120
     100
      84
      93
      87
     102
     102
     118
     129
      72
      84
      88
     102
      90
     103
     115
      94
      94
      91
     105
     110
      92
     110
      93
      82
      98
      83
      92
     102
      95
      99
      93
      87
      98
     119
      82
      92
      92
     109
      92
      97
      98
      93
      96
      86
      93
      95
     102
     101
      91
      89
     111
     100
      93
      83
      95
      96
      99
      95
      92
      91
      74
      87
     113
     103
     103
      90
      92
      86
     104
      83
      75
      96
      97
     100
      79
     101
     106
      98
      82
     101
      89
     102
      93
      92
      87
      81
      88
     106
      96
      92
      93
      96
      97
     103
     100
      97
     103
     113
     106
     101
      90
      90
      78
      96
      96
     130
     214
     421
     882
    1566
    2759
    3567
    3783
    3156
    2021
    1045
     410
     193
     128
      94
      88
     113
      98
     103
      95
      86
     103
      87
      78
     101
      83
      75
      82
      73
      83
      90
      78
      89
      91
      73
      90
      87
      95
      96
      88
      68
      90
      66
      75
      87
      76
      75
      83
      87
      86
      98
      82
      70
      86
      91
      94
      96
      72
      90
     117
      82
      77
      87
      68
      75
      79
      90
      87
      90
      85
      90
      90
      78
      97
      98
      75
      89
      91
      69
      80
     101
      80
      88
      82
      80
     105
      92
      81
      76
      97
      72
      77
      71
      90
      78
      86
      80
      77
     101
      83
      86
      90
      74
      81
      96
      76
      80
      90
      92
      96
      90
      80
      86
      91
      81
      99
      76
      82
      84
      78
      78
      81
      80
      86
      76
      82
      84
      80
      81
      88
     107
      97
      91
      93
     180
     276
     447
     701
    1004
    1118
     987
     710
     408
     239
     137
     102
      75
      76
      72
      69
      87
      84
      81
      81
      80
      76
      72
      79
      85
      74
      76
      84
      79
      82
      83
      82
      78
      91
      68
      59
      77
      77
      67
      79
      73
      68
      68
      68
      69
      66
      69
      75
      64
      65
      75
      64
      76
      73
      72
      74
      82
      71
      69
      78
      85
      67
      76
      72
      95
      67
      64
      68
      81
      78
      77
      87
      67
      64
      70
      68
      62
      80
      69
      68
      73
      81
      75
      68
      63
      72
      79
      63
      65
      78
      79
      69
      66
      74
      54
      69
      73
      74
      65
      53
      49
      72
      66
      80
      69
      73
      60
      62
      77
      62
      68
      70
      68
      69
      78
      70
      65
      58
      65
      61
      68
      74
      66
      65
      68
      68
      68
      76
      72
      47
      69
      64
      78
      68
      64
      60
      68
      50
      66
      57
      72
      77
      58
      60
      54
      52
      69
      64
      73
      66
      65
      63
      61
      49
      61
      55
      74
      53
      63
      59
      62
      51
      58
      73
      88
      72
      61
      65
      59
      69
      67
      65
      60
      74
      46
      66
      60
      57
      54
      47
      65
      56
      73
      54
      47
      72
      67
      59
      67
      48
      70
      69
      75
      62
      50
      50
      52
      59
      70
      64
      45
      46
      54
      64
      62
      51
      46
      68
      65
      54
      63
      58
      50
      48
      61
      43
      52
      52
      47
      56
      60
      46
      57
      50
      59
      57
      56
      63
      44
      52
      50
      56
      31
      58
      53
      72
      63
      66
      51
      63
      55
      68
      65
      76
      53
      53
      60
      50
      41
      52
      50
      51
      58
      55
      66
      57
      53
      55
      58
      50
      49
      55
      55
      44
      63
      43
      63
      57
      66
      49
      51
      42
      56
      54
      64
      56
      48
      42
      56
      51
      49
      53
      45
      50
      48
      57
      44
      53
      44
      41
      53
      51
      48
      56
      52
      50
      57
      59
      61
      40
      54
      36
      43
      44
      42
      69
      47
      49
      57
      55
      41
      37
      47
      56
      58
      59
      57
      58
      59
      37
      51
      54
      55
      58
      64
      61
      60
      57
      44
      44
      47
      53
      47
      37
      49
      50
      46
      40
      50
      55
      47
      50
      44
      41
      44
      49
      44
      45
      50
      39
      53
      53
      54
      53
      56
      60
      53
      60
      48
      63
      53
      46
      49
      47
      45
      48
      60
      60
      44
      58
      45
      60
      33
      53
      44
      44
      42
      41
      49
      54
      58
      48
      39
      42
      52
      50
      46
      48
      47
      60
      59
      50
      51
      48
      44
      40
      57
      43
      45
      48
      43
      37
      41
      49
      57
      43
      45
      46
      42
      59
      49
      48
      44
      60
      46
      56
      56
      54
      46
      47
      41
      49
      46
      41
      49
      35
      43
      51
      36
      49
      47
      35
      54
      45
      47
      50
      50
      42
      47
      41
      48
      44
      39
      44
      51
      52
      53
      57
      45
      34
      55
      41
      43
      45
      39
      48
      52
      47
      52
      49
      51
      48
      51
      59
      50
      46
      90
      86
      90
     101
      84
      79
      51
      58
      39
      50
      48
      42
      45
      52
      55
      51
      52
      43
      40
      47
      41
      50
      51
      53
      39
      57
      49
      37
      45
      48
      35
      43
      52
      53
      40
      57
      37
      41
      52
      52
      43
      53
      42
      58
      45
      41
      46
      45
      54
      43
      48
      45
      40
      48
      45
      57
      51
      46
      45
      45
      44
      34
      39
      32
      48
      51
      43
      51
      32
      42
      42
      43
      46
      46
      41
      52
      52
      54
      54
      45
      60
      45
      44
      45
      40
      45
      41
      50
      56
      67
      97
     130
     211
     337
     547
     826
     943
     901
     734
     461
     259
     134
      69
      55
      46
      31
      44
      39
      43
      45
      45
      48
      51
      50
      41
      55
      32
      35
      44
      44
      38
      36
      47
      47
      52
      50
      39
      63
      35
      41
      47
      49
      42
      36
      41
      47
      39
      45
      48
      49
      37
      54
      48
      34
      42
      46
      38
      57
      46
      47
      34
      44
      49
      48
      43
      51
      32
      43
      41
      44
      39
      52
      49
      38
      36
      35
      43
      42
      55
      47
      52
      41
      50
      46
      54
      46
      46
      50
      60
      64
      67
      84
      72
      59
      64
      54
      56
      61
      53
      50
      55
      65
      47
      77
      52
      70
      67
      58
      44
      58
      46
      60
      43
      43
      40
      40
      58
      49
      42
      58
      49
      55
      60
      56
      49
      39
      49
      43
      48
      41
      42
      50
      28
      43
      51
      49
      53
      45
      49
      41
      43
      41
      36
      37
      42
      39
      49
      41
      48
      44
      44
      53
      50
      41
      59
      47
      44
      40
      47
      45
      46
      39
      41
      40
      50
      47
      41
      49
      36
      53
      59
      39
      50
      37
      34
      40
      57
      41
      37
      58
      37
      48
      43
      39
      46
      51
      30
      49
      39
      49
      41
      57
      44
      35
      44
      44
      37
      40
      36
      36
      42
      56
      53
      47
      53
      39
      53
      36
      32
      40
      44
      40
      40
      46
      40
      44
      45
      42
      52
      45
      51
      40
      44
      49
      38
      53
      45
      43
      44
      50
      41
      41
      52
      35
      56
      33
      58
      47
      37
      57
      46
      42
      46
      50
      54
      40
      34
      35
      49
      39
      49
      52
      48
      41
      40
      42
      42
      33
      39
      33
      44
      45
      37
      54
      44
      56
      64
      58
      35
      38
      41
      48
      56
      40
      43
      42
      33
      33
      39
      41
      51
      36
      36
      39
      46
      49
      36
      33
      45
      43
      45
      33
      34
      31
      41
      34
      28
      29
      33
      38
      29
      38
      33
      36
      37
      33
      35
      27
      28
      34
      41
      26
      33
      33
      32
      34
      28
      38
      32
      45
      35
      20
      29
      30
      29
      32
      24
      40
      32
      35
      18
      21
      31
      34
      24
      38
      42
      47
      39
      50
      41
      42
      34
      33
      32
      45
      31
      24
      13
      39
      26
      27
      35
      28
      27
      28
      31
      37
      22
      26
      40
      28
      25
      24
      25
      30
      24
      31
      25
      19
      27
      36
      48
      33
      25
      22
      40
      25
      37
      23
      16
      19
      37
      20
      26
      28
      22
      23
      25
      30
      22
      30
      21
      23
      30
      27
      38
      32
      24
      25
      28
      20
      23
      25
      25
      25
      22
      23
      26
      27
      30
      25
      30
      25
      23
      21
      37
      18
      30
      36
      35
      26
      24
      31
      30
      18
      28
      33
      30
      21
      24
      27
      38
      21
      23
      22
      36
      25
      34
      28
      28
      31
      37
      24
      34
      27
      22
      34
      45
      31
      39
      53
      33
      27
      24
      26
      27
      27
      22
      28
      21
      24
      22
      22
      25
      29
      29
      23
      16
      26
      21
      32
      21
      19
      18
      30
      13
      20
      32
      29
      29
      30
      24
      27
      23
      24
      30
      32
      23
      20
      21
      14
      27
      20
      23
      23
      18
      20
      25
      18
      20
      26
      36
      19
      15
      19
      22
      16
      18
      19
      24
      16
      26
      20
      23
      18
      23
      15
      24
      23
      26
      26
      16
      18
      21
      18
      13
      14
      23
      13
      19
      20
      29
      16
      24
      20
      21
      15
      22
      21
      22
      23
      17
      20
      22
      25
      26
      16
      17
      22
      23
      13
      23
      19
       9
      18
      21
      21
      15
      13
      15
      23
      24
      15
      14
      15
      25
       8
      15
      17
      21
      23
      17
      19
      14
      13
      16
      24
      10
      15
      16
      17
      21
      16
      11
      19
      17
      13
      12
      17
       9
      16
       5
       8
       7
      18
      19
      17
      23
      20
      15
      17
      11
      10
      17
      25
      17
      19
      12
      14
      16
      14
      10
      19
      16
       9
      13
      17
       8
      15
      23
      17
      15
      19
       9
      14
      16
      14
       9
      17
      14
      10
      12
      15
      10
      11
      17
      18
      10
       6
      13
      13
      10
      17
      19
      14
      13
      13
       9
      11
      10
      16
      16
      11
      11
      14
      11
      15
      20
      18
      17
      11
      17
      15
      16
      17
      12
      17
      13
      13
      13
      15
      10
       7
      16
      13
      13
      12
       8
      15
      10
       9
      22
      22
       5
      17
      13
      12
      14
      15
      14
      17
      14
      14
      15
       5
      10
      16
      12
      12
      12
      17
      12
      32
      51
      92
     113
     190
     327
     466
     645
     698
     718
     553
     426
     220
     123
      59
      36
      25
      11
      17
      13
      19
      10
      15
      13
      12
      12
       7
       9
      15
       8
       8
      18
      10
      13
       7
       6
      13
      19
      23
      19
      18
      16
      26
      25
      19
      19
      17
      17
      10
       8
      13
       9
      12
      11
       5
       7
       9
       5
      14
      12
      13
       6
       9
      13
      11
      10
       9
      12
      12
       8
       5
      16
      17
      10
      10
       9
      11
       5
      11
      10
      12
      12
       8
      16
      14
      11
       4
       8
      12
      13
      12
       6
       4
      12
       9
      10
       9
      12
      10
      11
      11
       7
      10
       8
      15
      14
       8
      13
      10
      11
       5
       7
      14
      13
       6
      17
      14
      10
      13
      13
       4
      11
       2
      19
      13
      10
      13
      16
      17
      17
      20
      41
      44
      83
     144
     251
     391
     651
     970
    1346
    1450
    1505
    1237
     858
     490
     245
     122
      53
      18
      14
      15
      15
       8
      10
       8
       7
       9
       8
       6
       6
       7
       7
       6
      12
       9
       9
       7
      10
       7
       6
      16
       6
       3
       5
       4
      12
       9
       7
       4
       6
       9
      12
       5
       6
       6
       4
       7
       5
      13
      10
       6
       9
       9
       5
       2
       5
       4
       6
       5
       6
       4
       8
       8
       9
       8
       5
       7
      12
       7
      15
      19
      12
      10
      13
      13
       9
       5
       8
       4
       7
       7
      12
       7
      12
       6
      12
      13
       8
       9
       7
       5
       5
       7
       6
       7
       9
       6
       8
      10
      10
       3
       7
       7
       5
       7
       4
       6
       5
       4
       4
       6
       6
       4
       8
       8
      10
       5
       7
       6
       6
       8
      11
       6
       4
       5
       5
       5
       6
       2
       7
       5
       9
       4
       3
       3
       7
       5
       7
      10
       8
      10
       6
       6
      10
       4
       6
       8
      11
       7
       4
       9
       9
       9
       6
       7
       3
       9
       9
       8
       2
       6
       5
       6
       5
       7
       3
       2
       2
       8
       7
       6
       9
      10
       9
       8
       1
       6
       7
       7
      10
       5
       9
       5
      12
       6
       9
      10
       7
       5
       4
       5
       9
       9
       7
       6
       1
       8
       7
       6
       8
       7
      15
       7
       5
       9
       5
       5
      10
       9
       8
       5
       7
       8
       5
      10
       5
       7
       9
       8
       7
       7
       3
       6
       4
       4
      14
       3
      11
       6
       6
      12
      10
       5
       6
      10
       7
       7
      13
      14
      14
       7
      10
       4
       5
       5
       6
       6
      10
       7
       7
       6
       2
       6
       9
       9
       6
       7
      19
       8
       6
       5
      10
      13
      11
      10
      14
      22
      34
      44
      77
     110
     182
     261
     383
     370
     355
     319
     189
     129
      62
      32
      19
       8
       6
      10
       4
       5
       7
      10
       9
       5
       1
       8
       9
       3
       7
      11
       7
       4
       5
       5
       4
       5
       4
       4
       8
       1
       8
       6
       4
       6
       8
       7
       8
       1
       4
       4
       4
      12
       2
       4
       3
       8
       9
       5
      10
       7
       6
       6
      10
       4
       2
       4
       4
       9
       5
       7
       9
       1
       5
       7
       6
       6
       7
       6
       2
       8
       3
       4
       5
       3
       7
       7
       7
       8
       3
      10
       7
       4
       4
       6
       3
       2
       4
       8
       6
       6
       4
       6
       4
      14
       8
       4
       5
       6
       5
       1
       3
      12
       4
       5
       8
       7
       3
       5
       5
       6
       4
       5
       4
       6
      10
       4
       7
       6
      10
       3
       4
      12
      13
      20
      27
      18
      17
      15
      14
      15
      11
       5
       7
       7
       4
       5
       7
       3
      10
       6
       4
       8
       5
       6
      11
       3
       7
       5
       7
       7
       3
       2
       4
       5
       3
       8
       7
       7
       7
       7
       8
       4
       4
       6
       4
       4
       3
       2
       5
       5
       3
       6
       6
       3
       8
       7
      10
       7
       6
       7
       6
       6
       6
       7
       5
       8
       4
       7
       8
       4
       3
       4
       4
       7
       4
       7
       2
       5
       2
       5
       7
       6
       8
       4
       4
       4
       4
       7
       5
       9
       9
       6
       5
       6
       4
       7
       9
       4
       4
       4
       6
       8
       7
       9
       4
       5
       4
       6
       6
       3
       4
       8
       4
       2
       7
       4
       5
       5
       3
       4
       5
       6
       9
       5
       2
       6
       5
       2
       6
       6
       3
       5
      11
       5
       8
       5
      10
       6
       5
       8
      11
       5
       4
       4
       4
       8
       6
       5
       7
       9
       9
       9
       3
       4
       8
       4
       5
       7
       6
       5
       2
       3
      11
       3
       3
       7
       7
       1
       7
      12
       8
       5
       3
       4
       4
       4
       5
       8
       2
       2
       3
       5
       6
       2
       4
       6
       5
       6
       8
       8
       9
      10
      12
       6
       2
      10
       4
       3
       5
       3
       2
       5
       8
       7
       4
       6
       7
       8
       9
      10
       8
      16
       8
       9
       6
       4
       5
       9
       9
       6
       6
       4
       6
       7
      11
       7
       7
       8
       8
       4
       9
       4
       4
       8
      10
       5
       8
       7
       6
       5
       4
       8
       5
       6
       5
       3
       6
       9
       3
       4
       8
       6
       7
       7
       3
       5
       5
       9
       1
       5
       3
       5
       5
       9
       5
       4
       7
       5
       4
       5
       6
       9
       5
       5
       3
       5
       6
       6
       3
       5
       5
       6
       3
       6
       6
       6
       4
       5
       5
       5
       3
       5
       5
       6
      10
       6
       3
       2
       4
       5
       9
       3
       4
       5
       2
       6
       7
       4
       9
       8
       1
       4
       7
       5
       4
       5
       5
       4
       3
       7
       7
       5
       2
       4
       7
       6
      18
       7
      16
      20
      15
      18
      15
       9
      11
       6
       4
       3
       7
       1
       5
       4
       9
       5
       3
       8
       6
       3
       4
       5
       5
       5
       4
       3
       5
       5
       7
       4
       5
       7
       2
       4
       4
       6
       6
       4
       4
       5
       3
       6
       5
       4
       1
       3
       2
       8
       8
       9
       4
       7
      11
       4
       9
       6
       6
       9
       5
       4
       3
       7
       5
       7
       5
       2
       6
       6
       4
       3
       9
       4
       6
       2
       5
       5
       5
       2
       1
       7
       5
       4
       8
       4
       6
       0
       2
      10
       4
       5
       5
       4
       7
       5
       6
       5
       4
      10
       2
       5
       4
       3
       6
       4
       7
       4
       6
       4
       5
       5
       4
       5
       5
       2
      11
       6
       3
       4
       3
       4
       2
       4
       5
       3
       6
       2
       4
       3
       1
       3
       1
       6
       5
      12
       4
       2
      10
       4
       9
       6
       7
       5
       4
       3
       6
       6
       6
       8
       8
       5
       3
       8
      11
       4
       1
       3
       9
       7
       7
       4
      10
      10
       4
       3
       3
       5
       4
       7
       8
       8
       3
       5
       8
       3
       6
       6
       5
       3
       4
       5
       7
       6
       2
       2
       4
       4
       4
       4
       4
       4
       0
       1
       8
       2
       5
       6
       8
       4
       6
      10
       9
      12
      11
      19
      11
      15
      20
      18
      33
      31
      30
      42
      29
      37
      28
      27
      26
      18
      10
       5
       9
       7
      12
       6
       5
      12
       5
       5
      12
       4
       7
       5
       6
       9
       4
       5
       6
       8
       5
       7
       5
       3
       6
       9
       2
       8
       7
       6
       4
       8
       5
       5
      12
       4
       6
       8
       5
       5
      12
       3
       9
       4
       2
       6
       9
       6
       6
       2
       6
       3
       2
       5
       5
      11
       5
       9
       5
       5
       6
       7
       2
       9
       5
       6
       1
       7
      10
       2
       9
       9
       8
       6
       3
       6
       7
       6
       9
       5
       6
       9
       7
       8
       6
       2
       1
       5
      11
       4
       4
       9
       4
       4
       6
       6
       9
       6
       9
       4
       8
       4
       4
       7
       4
      10
       8
       3
       6
       6
       4
       6
       6
       2
       9
       9
       9
       6
      14
       9
      10
       7
       4
       7
       4
       7
       4
       6
       5
       5
       4
      10
       2
       7
       8
       6
       3
      10
       8
       4
       4
       5
       9
       2
       5
       6
       6
       4
      10
       4
       7
       4
       2
       5
       6
       9
       3
       2
       5
       4
       4
       3
       4
       8
       5
      10
       6
       4
       7
       5
       3
       6
       4
       8
       5
       3
      13
       3
       2
       9
       7
       1
       6
       5
       6
       3
       6
       7
       8
       5
       4
       6
       3
       5
       4
       1
       7
       7
       8
       5
       8
       5
       4
       4
       8
       7
       2
       3
       7
       6
       5
      11
       5
      10
       2
      10
       4
       3
       6
      12
      10
       8
      13
      10
      10
      10
       8
       4
       2
       6
       4
       9
       3
       3
       2
       5
       4
       3
       5
       8
       6
       7
       5
      17
      16
       6
      11
       6
       4
       4
       1
       6
      16
       2
       3
       9
       3
       4
       7
       5
       3
       3
       4
       7
       9
       6
       5
       5
       6
       5
       4
      10
       7
       3
       4
       4
       0
       5
       7
      10
       4
       5
       3
       6
       4
       6
       8
       6
      12
       7
       5
       5
       5
       5
       4
       6
       9
       6
       8
       5
       6
      11
       7
       7
       6
       6
       5
       4
       6
       8
       7
       9
      10
       9
      10
       5
       6
       5
       6
       5
       3
       7
       0
       9
       7
       6
      10
       5
      10
       6
       4
       5
       5
       6
       4
       7
       3
       6
       6
       6
       2
       8
       5
       5
       8
       3
       8
       9
       4
      12
       9
       8
      12
      12
      19
      11
      14
      14
      12
      13
       6
       7
       7
       5
       4
       5
       5
       2
       7
       8
       6
       8
       9
       4
       9
       4
       2
       4
       5
       3
      10
       7
       7
       9
       6
       7
       7
       5
       4
       9
       1
       9
       2
       2
       6
       5
       7
       4
       4
       7
       7
       8
       7
       7
       7
       6
       4
       5
       4
       4
       5
       8
       9
       5
       7
       8
       9
       5
       4
       3
       5
      12
       8
       6
       2
       6
       7
       5
       2
       8
       8
       6
       6
      13
       7
       7
       4
       4
       7
       7
       3
       1
      10
       6
       9
       6
       2
       6
       8
       8
       6
       9
       7
       2
       4
       3
       4
       6
       7
       5
       6
       4
       7
       8
      10
       4
       4
       6
       5
       7
       3
       9
       0
       9
      11
       5
       4
       2
       7
       5
       6
       9
       9
       7
       7
       6
       6
       7
       8
       7
       3
       8
       2
       7
       5
       5
       7
       8
       5
       8
       8
       3
       5
       6
       2
       6
       7
      12
       7
      12
       2
       9
      13
       4
       9
       9
       8
       9
       9
       8
       8
       7
       8
      10
      10
       9
       2
       7
       3
      12
       3
       5
       6
       4
       9
       6
      11
       4
      12
       8
       5
       6
       1
       2
       5
       4
      13
       5
       5
       5
       4
       5
       8
       4
      11
       5
      11
       5
      11
       6
       5
       7
       5
       4
       6
       6
       3
       9
      12
       4
      11
       3
       7
       7
       4
       6
       5
       4
       1
       6
      10
       6
       6
       5
       0
      10
       6
       8
       3
       5
       6
       7
       9
       4
       4
       6
       3
       4
       7
       2
       4
       4
       7
       5
       4
       4
       7
       5
       3
       8
      10
       3
       6
       8
       4
       8
       7
       6
      10
       6
      12
       8
       6
       7
       5
       6
       8
       6
       3
       8
       6
       9
       3
       8
       4
       6
       3
       8
       5
       5
       4
       7
       8
       9
       7
       6
       5
       3
       9
       4
       8
       3
       7
       9
      10
       6
       5
       6
       5
       6
       3
       5
       9
       8
       6
       4
       4
       4
       3
       7
       8
       5
      10
       5
       6
       3
       6
       6
       7
       8
       1
       3
       3
       8
       5
      10
       0
       4
       3
       5
       8
       2
       8
       6
       8
       2
      10
       7
       7
       5
       8
       8
       7
       3
       3
       4
       7
       5
       8
       3
       2
      10
       3
       6
       8
       5
      10
       4
       9
       8
       1
       7
       8
       7
      13
       4
       5
       6
      10
       4
       8
       9
       4
      12
       6
       4
       6
       5
       4
       6
       5
       5
       6
       5
       8
       4
       8
      12
       6
       6
       9
      10
       9
       5
       7
       7
      10
      10
      10
       6
       5
       6
       8
      10
       7
       7
      10
       5
       5
       6
       6
       4
       6
       8
       5
       6
       6
       6
       5
       6
       8
       6
       9
       6
       6
       5
       8
       6
       8
       6
       4
       4
       6
       9
       8
       7
       9
       6
       7
       7
       8
       5
       7
       7
       7
       6
       3
       3
       5
       3
       6
       8
       4
       6
       4
       8
       6
       8
       5
       6
       9
       5
       9
       7
       6
       9
       9
       6
       8
       9
       5
       8
       5
      11
       4
       5
       4
       3
       7
       3
       4
       7
       8
       7
       2
       7
       7
       8
       7
       5
       7
       9
      10
       8
       6
       5
       5
       7
      10
       9
       7
       3
      12
       6
       7
       4
       9
       6
       5
      11
      10
       4
       1
      11
      11
       5
       4
       4
       5
       3
       8
       3
       7
       9
       5
       5
      11
      11
       3
      10
       5
       5
       9
       8
       4
       4
       4
       4
       4
       6
       6
       2
       5
      10
       9
       6
       2
       6
       9
       7
      11
      11
       5
       9
       6
       5
       6
       7
       8
       8
      12
       5
      13
       8
      11
      12
      15
      10
       6
       8
       9
       8
       8
       8
       6
       8
       8
       9
       7
      12
       7
       5
      11
       6
       6
       6
       6
       9
       8
       6
      10
       2
      11
       7
       5
       4
       9
       6
      11
       5
       7
       6
       6
       6
       7
       6
       6
       8
      10
       8
      11
       6
       4
       5
       9
       9
       5
       7
      11
       7
       6
       3
       7
       7
       8
       3
       8
       6
       7
       7
       5
       6
       6
       6
       6
       8
       5
       5
       7
       4
       6
       9
       8
       4
       1
       5
      11
       5
       9
       3
       7
       6
      10
       2
       5
       5
       7
       6
       5
      12
       4
       7
       4
       5
       4
       7
       6
       7
       8
      10
       5
      11
       7
       8
       5
       3
       6
       7
       7
      10
       6
      11
       6
       4
       9
       4
       3
       9
       3
       8
       4
      11
       2
       7
       3
       8
       9
       2
       5
       5
       9
       6
      10
      11
       6
       2
       4
       6
       9
       7
       3
       5
       6
       4
      14
       9
       4
       3
       7
       6
       6
       7
      13
       2
      11
       4
       5
       5
       1
       7
       6
      10
       6
       4
       6
      12
       6
       8
       7
       4
       4
       7
       6
       6
       7
       4
       3
       7
       5
       7
       5
       6
       7
       4
       9
       8
       4
       5
       5
       8
       5
       7
       6
       9
       6
       3
       7
       9
       4
       5
       8
       6
       2
       4
       9
       6
       6
       9
       5
       7
       4
       4
       6
       7
       9
       9
      10
       8
       5
       8
       8
      14
       4
       4
       5
       5
       8
       7
       6
       8
       8
       6
       6
       6
       4
       6
       5
       4
       5
       5
      11
       9
       6
       9
       8
      11
       4
       8
       7
       7
      11
       6
       2
       3
       1
       2
       9
       7
       7
       8
       5
       7
       4
       3
       2
       9
       7
       6
       5
      11
       7
       2
       4
       9
       5
      11
       5
      10
       5
       6
       4
       9
       8
       8
       3
       9
       9
       6
       9
       5
       9
       5
      13
       6
       5
       5
       8
      12
       6
       7
      10
       3
       7
       7
       8
       4
       3
       6
      11
       6
       4
       9
       3
       4
       6
       4
       8
       8
       9
      14
       4
       9
       7
       6
       7
       5
      11
      12
       7
       4
       3
       9
      10
      11
       5
       3
       7
       9
       6
       9
      10
      17
      12
       6
       8
       6
       7
       6
       3
       9
       6
       5
       6
       9
       7
       4
       6
      12
      14
       4
       5
       8
       5
      13
       5
       8
      10
      12
      19
      12
      12
      14
      28
      23
      38
      26
      55
      50
      73
      62
      95
      75
      77
      69
      62
      47
      39
      23
      20
      24
      10
       8
       9
       5
      11
       6
      10
       7
       7
      12
       3
       7
       6
       6
       5
       5
       6
       9
      13
      10
       7
       6
      12
       5
       7
       6
      12
       8
       6
      13
       3
       8
      12
       6
       8
      12
       6
       5
       5
       8
       3
       9
       4
       4
       8
       5
       4
       9
       2
       7
       8
      10
       9
       9
       5
      11
       8
       4
       9
       8
       4
       6
       8
       5
      11
       5
       7
       7
       6
       2
       5
       9
       8
       7
       8
       7
       2
      10
      15
       9
      11
       7
       7
       9
       3
       6
      10
       8
      12
       7
       9
       8
       4
       4
      10
       7
       8
      13
       6
       9
       8
       4
       6
      12
       6
       5
       7
      11
       5
       7
       2
       6
       3
       7
       9
       6
       9
       6
       8
      15
       7
       8
       9
       5
      12
       8
      16
      10
       7
       8
      11
      12
       8
       6
       7
       9
       3
       8
      10
       7
       7
       6
       8
       5
      10
       9
       8
       4
       6
      11
       7
      13
       6
       8
       4
       9
       4
       5
       5
       3
      14
       9
      11
       4
       5
      14
      12
       7
      11
      12
       7
       7
       8
      12
       6
      11
       6
       7
       5
       9
      11
      14
      13
       5
       3
       7
       8
       9
       8
       7
       8
       7
       9
      14
      10
      18
      13
      10
      11
       8
       4
       7
      15
       9
       7
       9
      11
       9
       5
      10
       9
       3
       7
      10
      12
      10
       9
       9
      10
      15
       7
      17
      12
       9
       7
       4
      11
      10
       8
      14
       7
       6
       2
       9
       8
      12
       6
      10
      15
       6
       8
       6
       8
       8
       8
      11
       7
      10
       5
       9
       7
       5
       9
       7
      10
       7
       3
      15
       7
       5
       5
       7
       8
       5
      10
       7
      12
      10
      14
       5
      12
       9
      14
       9
      10
      10
      11
       9
       7
       6
       8
       8
      12
       7
       7
       9
      14
       9
       8
       7
      10
       6
      12
      11
      13
       5
       8
       8
       6
       5
       5
      14
       6
       6
       7
      12
      10
       7
      12
       9
       8
      13
       8
      10
       8
       9
       7
      10
       4
      10
       9
       9
       8
      12
      11
      14
      10
       7
       5
      10
      11
      10
      12
      10
      13
       7
      14
      17
       8
      10
       7
      10
      16
      13
      16
      10
       7
       8
       7
       7
      11
      14
      17
       7
      11
       6
      12
      11
       6
      11
       9
       4
      10
       8
      10
       8
       6
      15
      15
      15
       8
      12
       9
      11
      12
       8
      17
      13
       5
       7
       5
      11
      10
      11
       9
       5
       2
      12
      10
       7
       6
       8
      15
      12
      10
      12
       9
       9
      12
      12
       9
      19
       7
      10
       3
       8
      13
      15
       9
       8
      12
      12
      13
       8
      11
      13
      12
      12
      13
       1
      11
       7
      11
       9
       9
       3
      12
      14
       7
       9
      13
      12
       8
      10
       7
       6
       9
       5
      10
      10
       9
       7
      12
       7
       7
      12
      11
      11
      13
      17
       9
       9
      11
       9
       8
      15
      11
       8
       9
       8
       4
      14
      10
      16
       9
       9
      15
       6
      16
      10
      14
      15
       9
      20
      12
      11
      12
      13
       9
       7
       6
      11
      19
      12
       9
      14
      13
      13
      14
      10
      11
      11
      19
      11
      12
      15
       4
      13
      12
       3
      10
      14
       9
      10
      15
      12
      20
       9
       8
      14
      11
      16
       9
      12
      12
       5
      13
      10
      17
      11
      14
       8
       9
       9
      12
       8
       8
       9
      13
       5
      17
      14
      17
      13
      16
       7
      13
      16
      13
      13
      13
      13
      14
      18
      10
      14
      11
      10
      19
      16
      13
      11
       9
      14
      12
       7
      14
      20
      14
      14
       9
       9
      14
      14
       9
      10
      13
      10
      14
      14
      11
       6
      19
      15
      15
      11
      13
       7
       5
      13
      12
      14
      14
      11
       9
      16
      13
      12
       5
      13
      13
       9
      20
      11
      10
      16
      15
      15
       5
       9
       3
      13
      12
      16
      14
      19
      13
      16
      12
      11
      11
      12
      13
      13
       5
      13
       9
       8
      15
      16
      13
      11
       9
      17
      11
      18
       8
       6
       8
      11
       5
      13
      12
      13
      10
      12
       9
      14
      12
       8
      16
      16
      10
      13
      11
      15
      20
       9
      13
      19
      12
       8
      21
      14
      15
       9
      22
      14
      15
      16
      14
      11
      16
      16
      13
      12
       5
      13
      18
      17
      14
      16
      13
      11
      11
      13
      16
       9
      12
       9
      16
      12
      14
      14
      14
      13
       8
      13
      16
       9
      12
      12
      15
      18
       9
      13
      15
      17
      12
      11
      11
       9
      13
      11
       7
      10
      11
      12
       9
      13
       9
      12
      13
      14
      16
      12
      16
      11
      11
      11
       8
       8
      15
      12
      12
       7
       9
      11
      15
       7
       8
       9
       9
      14
       9
       7
       5
       5
       8
       9
       8
       7
      13
       9
      11
       9
      10
       7
       5
      11
       6
      10
       1
       8
       3
       7
       7
       7
      11
       9
      14
      11
       7
       7
      11
       9
      11
       4
       7
      12
       9
       7
       9
       5
       9
      12
       6
       8
      11
       5
       4
      11
      10
      12
       5
       6
       8
      10
      14
      14
       7
      10
      14
      12
      10
       8
       7
       5
      11
       8
       9
       7
      11
      11
       5
       4
       6
       9
       7
      14
      10
      11
       9
       4
       5
       5
       8
       9
       9
       7
       5
       6
       7
      11
      11
       8
       7
      12
       5
       3
       9
       7
       7
      11
       8
       9
       4
      13
      10
      16
       7
      15
       8
      10
       6
       8
       8
       8
       6
       6
       4
       5
      10
      11
       9
       7
      10
       5
       8
       5
       8
       7
       4
       8
       6
       4
       6
       6
       7
       9
       6
       5
       3
       7
       4
      10
       9
       7
       5
       5
       9
       9
       7
       7
       7
       9
       5
       5
       2
       6
       6
       4
       4
       8
      10
       5
       6
       5
       5
       7
       9
       5
       9
      11
       3
       2
       8
       3
       3
       6
       4
       6
       6
       5
       4
       5
      10
       5
      10
       5
       7
       8
       8
       6
       6
       4
       7
       9
       3
       5
       4
       7
       3
       8
       6
       5
       7
       5
       5
       6
       4
       3
       7
       7
       3
       9
       8
       6
       4
       5
      10
       5
       8
       9
       7
       4
       7
       3
       4
       6
       4
       4
       2
       3
       5
       6
       4
       3
       6
       2
       3
       2
       4
       1
       4
       3
       5
       6
       4
       5
       2
       1
       3
       7
       4
       5
       5
       1
       6
       4
       3
       2
       4
       0
       3
       4
       3
       4
       2
       3
       4
       6
       2
       3
       0
       4
       5
       4
       1
       1
       2
       4
       2
       2
       3
       3
       6
       2
       1
       1
       4
       7
       3
       2
       6
       1
       3
       3
       2
       0
       2
       2
       2
       2
       3
       3
       3
       5
       5
       1
       3
       5
       3
       3
       4
       5
       3
       2
       5
       1
       4
       3
       3
       2
       0
       3
       2
       3
       5
       2
       2
       2
       5
       3
       4
       4
       1
       2
       6
       1
       0
       3
       2
       1
       1
       1
       2
       2
       0
       1
       2
       2
       1
       2
       3
       3
       1
       3
       2
       0
       2
       0
       4
       1
       4
       2
       3
       2
       2
       2
       0
       0
       3
       0
       0
       1
       3
       2
       4
       2
       2
       2
       0
       3
       1
       2
       3
       1
       2
       1
       2
       1
       2
       4
       3
       1
       2
       4
       1
       1
       1
       1
       2
       5
       1
       2
       1
       5
       0
       2
       0
       3
       3
       0
       1
       0
       4
       1
       2
       1
       1
       2
       2
       1
       2
       1
       2
       5
       2
       5
       3
       1
       3
       1
       2
       0
       4
       0
       2
       5
       2
       2
       1
       1
       2
       2
       2
       1
       0
       0
       4
       1
       1
       3
       0
       0
       4
       2
       1
       0
       2
       0
       1
       2
       2
       0
       0
       3
       4
       0
       0
       2
       2
       0
       4
       3
       2
       1
       0
       2
       5
       2
       2
       1
       0
       1
       1
       4
       3
       2
       2
       1
       2
       2
       1
       2
       1
       3
       3
       1
       0
       3
       3
       1
       5
       2
       3
       5
       4
       3
       4
       4
       1
       4
       0
       0
       2
       2
       2
       1
       1
       3
       5
       1
       1
       4
       2
       2
       4
       3
       3
       4
       2
       2
       2
       4
       0
       2
       0
       2
       3
       3
       1
       3
       6
       1
       5
       2
       3
       2
       3
       0
       3
       5
       2
       3
       6
       3
       2
       3
      13
      12
      10
      13
      25
      22
      33
      26
      55
      47
      84
     128
     177
     232
     316
     380
     488
     549
     587
     604
     503
     386
     314
     207
     135
      78
      48
      30
      15
       7
       6
       5
       1
       0
       2
       0
       0
       1
       0
       2
       1
       1
       0
       1
       0
       0
       0
       0
       0
       0
       0
       0
       0
       1
       0
       0
       1
       1
       1
       0
       1
       0
       1
       0
       0
       0
       1
       1
       0
       0
       0
       0
       0
       0
       0
       0
       2
       0
       0
       1
       1
       0
       0
       0
       0
       2
       0
       0
       0
       0
       0
       0
       0
       0
       0
       0
       0
       0
       2
       0
       2
       0
       0
       0
       0
       1
       1
       0
       0
       0
       0
       0
       0
       0
       1
       0
       0
       0
       1
       0
       0
       1
       0
       0
       1
       0
       0
       0
       0
       1
       0
       0
       0
       0
       0
       0
       1
       0
       1
       1
       0
       2
       0
       0
       1
       0
       0
       1
       0
       0
       0
       0
       0
       0
       0
       0
       0
       0
       1
       2
       0
       0
       0
       1
       1
       1
       0
       0
       0
       3
       0
       0
       0
       0
       0
       2
       0
       2
       0
       1
       0
       0
       0
       1
       0
       1
       0
       1
       0
       1
       0
       0
       0
       0
       1
       0
       0
       1
       0
       0
       1
       0
       0
       1
       0
       0
       0
       0
       0
       0
       0
       2
       0
       1
       0
       1
       0
       1
       1
       1
       2
       0
       0
       0
       0
       0
       0
       1
       0
       0
       0
       1
       0
       1
       4
       2
       0
       0
       0
       0
       0
       1
       0
       0
       0
       1
       0
       0
       0
       0
       1
       0
       1
       0
       1
       0
       1
       1
       0
       0
       0
       0
       0
       0
       1
       0
       1
       0
       1
       0
       0
       0
       1
       0
       1
       0
       1
       1
       0
       0
       0
       0
       0
       0
       0
       0
       2
       2
       0
       0
       0
       1
       0
       1
       1
       0
       0
       0
       0
       0
       0
       0
       0
       0
       1
       3
       0
       0
       0
       1
       0
       0
       0
       1
       1
       0
       0
       0
       0
       0
       1
       0
       0
       0
       0
       0
       1
       1
       0
       0
       0
       3
       0
       2
       0
       0
       0
       0
       0
       0
       0
       1
       0
       0
       1
       1
       1
       1
       0
       0
       0
       0
       0
       0
       0
       1
       0
       0
       0
       0
       0
       0
       1
       0
       0
       0
       0
       0
       0
       1
       0
       0
       0
       0
       1
       0
       0
       0
       1
       0
       1
       1
       0
       0
       2
       0
       0
       0
       0
       0
       0
       0
       1
       0
       0
       0
       0
       0
       0
       0
       0
       0
       0
       2
       0
       0
       0
       1
       0
       0
       0
       0
       0
       0
       0
       0
       0
       1
       0
       1
       1
       0
       1
       0
       0
       0
       0
       0
       1
       0
       1
       0
       1
       0
       0
       0
       0
       0
       0
       0
       0
       0
       0
       1
       0
       0
       0
       0
       0
       1
       0
       0
       0
       0
       1
       0
       1
       0
       0
       1
       0
       0
       0
       1
       0
       0
       0
       0
       0
       0
       0
       0
       0
       1
       1
       0
       0
       0
       2
       0
       1
       0
       0
       1
       0
       0
       1
       0
       0
       0
       0
       0
       0
       0
       0
       0
       1
       0
       0
       0
       0
       0
       0
       0
       0
       0
       0
       0
       0
       0
       0
       0
       2
       0
       1
       1
       0
       0
       0
       0
       0
       1
       2
       0
       1
       0
       1
       0
       1
       0
       0
       0
       0
       0
       0
       0
       0
       0
       0
       0
       1
       0
       0
       0
       0
       1
       0
       0
       1
       0
       0
       1
       1
       0
       0
       0
       0
       0
       0
       0
       0
       0
       0
       0
       0
       0
       0
       0
       1
       1
       0
       0
       0
       1
       0
       0
       0
       0
       1
       0
       1
       0
       0
       0
       1
       1
       1
       2
       0
       0
       0
       2
       0
       0
       0
       0
       1
       0
       0
       3
       0
       2
       0
       0
       1
       0
       0
       0
       0
       1
       1
       0
       0
       0
       0
       1
       0
       0
       1
       1
       0
       0
       0
       0
       0
       1
       1
       1
       0
       0
       1
       0
       1
       1
       1
       0
       0
       1
       0
       0
       0
       0
       0
       0
       0
       0
       2
       0
       0
       1
       0
       0
       1
       0
       0
       0
       2
       0
       0
       0
       0
       0
       1
       0
       0
       0
       0
       1
       0
       0
       0
       0
       0
       1
       2
       0
       0
       0
       1
       0
       1
       1
       0
       0
       0
       1
       0
       1
       1
       0
       0
       0
       1
       0
       0
       0
       0
       1
       1
       0
       0
       0
       0
       0
       1
       1
       0
       0
       0
       2
       0
       0
       0
       0
       4
       0
       0
       1
       1
       0
       0
       1
       0
       0
       1
       0
       0
       0
       1
       0
       0
       0
       0
       0
       0
       0
       0
       0
       1
       0
       0
       0
       0
       0
       0
       0
       0
       1
       0
       0
       0
       0
       0
       0
       0
       2
       0
       0
       1
       0
       0
       0
       0
       0
       1
       0
       0
       0
       0
       0
       0
       0
       0
       0
       1
       1
       0
       0
       0
       0
       0
       0
       1
       0
       0
       0
       0
       0
       0
       0
       0
       0
       0
       0
       0
       0
       0
       0
       0
       0
       0
       0
       1
       0
       0
       0
       0
       0
       0
       1
       1
       0
       0
       0
       0
       0
       0
       1
       0
       0
       0
       2
       0
       0
       0
       2
       0
       0
       0
       0
       0
       0
       0
       1
       0
       0
       0
       0
       0
       0
       0
       0
       0
       0
       1
       0
       0
       0
       0
       0
       1
       0
       0
       1
       0
       0
       0
       0
       0
       0
       0
       0
       0
       0
       0
       0
       0
       0
       0
       0
       0
       1
       0
       0
       0
       1
       0
       0
       0
       0
       0
       0
       1
       0
       0
       0
       0
       1
       0
       1
       0
       0
       0
       0
       0
       0
       0
       0
       0
       0
       1
       0
       1
       0
       0
       0
       2
       2
       0
       0
       0
       0
       0
       0
       2
       0
       0
       1
       0
       0
       0
       0
       0
       0
       0
       0
       1
       0
       1
       0
       1
       0
       7
      13
      25
      21
      21
      25
      28
      19
      27
      13
      23
      18
      19
      17
      15
      23
      24
      29
      22
      28
      22
      18
      19
      23
      18
      20
      26
      22
      21
      18
      20
      21
      12
      19
      18
      17
      21
      25
      19
      26
      20
      19
      26
      22
      21
      19
      28
      20
      22
      16
      19
      23
      23
      20
      21
      16
      14
      16
      28
      12
      22
      19
      17
      16
      22
      21
      18
      13
      13
      14
      19
      26
      24
      20
      16
      16
      25
      21
      15
      22
       9
      24
      27
      19
      15
      22
      20
      20
      20
      18
      27
      19
      26
      13
      20
      24
      21
      33
      20
      21
       8
      16
      20
      17
      18
      20
       8
      21
      16
      18
      29
      24
      18
      17
      25
      18
      23
      25
      12
      19
      14
      22
      23
      27
      23
      22
      15
      13
      26
      23
      17
      18
      23
      16
      18
      21
      18
      24
      22
      22
      24
      24
      14
      24
      15
      17
      19
      24
      12
      16
      26
      17
      26
      23
      23
      17
      24
      20
      19
      21
      26
      23
      23
      25
      21
      15
      17
      26
      22
      15
      25
      16
      27
      17
      15
      29
      15
      21
      12
      21
      22
      15
      14
      15
      11
$ROI:
5
598 616
1488 1502
3004 3030
3417 3440
6719 6742
$PRESETS:
None
0
0
$ENER_FIT:
1.820202 0.388090
$MCA_CAL:
3
1.820202E+000 3.880899E-001 -2.021690E-008 keV
$SHAPE_CAL:
3
1.939874E+000 2.172949E-003 -2.951990E-007
