$SPEC_ID:
naa kelp 1
$SPEC_REM:
DET# 1
DETDESC# SHUGART-PC MCB 337
AP# Maestro Version 7.01
$DATE_MEA:
12/24/2015 12:34:44
$MEAS_TIM:
180409 181257
$DATA:
0 8191
       0
       0
       0
       0
       0
       0
       0
       0
       0
       0
       0
       0
       0
       0
       0
       0
       0
       0
       0
       0
       0
       0
       0
       0
       0
       0
       0
       0
       0
       0
       0
       0
       0
       0
       0
      55
    1390
   19635
   42445
   43229
   43869
   44906
   45264
   46120
   46257
   47607
   47355
   47845
   49473
   50109
   50592
   51659
   52863
   54137
   55554
   55932
   56199
   55498
   54410
   54527
   54829
   54891
   55749
   55317
   56128
   56461
   57689
   58599
   57743
   56877
   55892
   54903
   54972
   55213
   55631
   55907
   56631
   57100
   54810
   54097
   52953
   52268
   51691
   51878
   51101
   51544
   51636
   51441
   51419
   51546
   50101
   49410
   49293
   49503
   48815
   48974
   48730
   48625
   48489
   48094
   47673
   47234
   47088
   46422
   46580
   46634
   46292
   45852
   45339
   45664
   45425
   45292
   45074
   45768
   45355
   44972
   44454
   43428
   43860
   43474
   43270
   43195
   42814
   42407
   42284
   42042
   42005
   41492
   41471
   40956
   41122
   40229
   40636
   40204
   39993
   39540
   39910
   39560
   39532
   39378
   39315
   39113
   39206
   39431
   38706
   38890
   38936
   38859
   38543
   38178
   38692
   38321
   37848
   37790
   37472
   37710
   37826
   37516
   37058
   36772
   36217
   36442
   36489
   36062
   36516
   36158
   35932
   35695
   35505
   35400
   35058
   35871
   35314
   35817
   35257
   35182
   35335
   35532
   36755
   40634
   48338
   55774
   53824
   45474
   41563
   48550
   63654
   70243
   59471
   42991
   33289
   29643
   29113
   28758
   28725
   28364
   28193
   28095
   27942
   27790
   27650
   27372
   27605
   27257
   27362
   27509
   27424
   27123
   27527
   28839
   32176
   37398
   41228
   39522
   33326
   29123
   26941
   27226
   28775
   29041
   28029
   25776
   24609
   24206
   23942
   24212
   23623
   23300
   24049
   24211
   25532
   27204
   26869
   25460
   23984
   23251
   22840
   22317
   22724
   22711
   22503
   22119
   22399
   22216
   22047
   22265
   22027
   21942
   21815
   21673
   21763
   21892
   21786
   21589
   21862
   21648
   21322
   21082
   21002
   20866
   21147
   21197
   21049
   20624
   20817
   20856
   20718
   21049
   20492
   20594
   20615
   20650
   20083
   20216
   20007
   20334
   19932
   19970
   19854
   19940
   19779
   20060
   19853
   19808
   19649
   19663
   19778
   19677
   19362
   19585
   19344
   19562
   19476
   19425
   19679
   19293
   19495
   19252
   19180
   19000
   19214
   19081
   19201
   19002
   18980
   19082
   19128
   19010
   18979
   19130
   18924
   18979
   18949
   18723
   18879
   18801
   18599
   18205
   18512
   18260
   18398
   18412
   18385
   18271
   18332
   18269
   18166
   18186
   17919
   18055
   17882
   17786
   17641
   17735
   17770
   17868
   17823
   17570
   17475
   17683
   17474
   17677
   17241
   17614
   17390
   17595
   17700
   17843
   17620
   17250
   16992
   17019
   16941
   17097
   16970
   16939
   16861
   16990
   16798
   16642
   16865
   16484
   16640
   16640
   16769
   16484
   16444
   16351
   16018
   16464
   16441
   16271
   16021
   16084
   16067
   16019
   15970
   15979
   16185
   16039
   15814
   15886
   15781
   15730
   15789
   15417
   15393
   15705
   15657
   15458
   15306
   15381
   15631
   15432
   15130
   15375
   15428
   15252
   15335
   15192
   15088
   15104
   15724
   16724
   17199
   17484
   16315
   15408
   15101
   14845
   14815
   14742
   14719
   14954
   14726
   14749
   14786
   14483
   14631
   14484
   14540
   14383
   14542
   14405
   14428
   14532
   14307
   14451
   14480
   14641
   14379
   14371
   14226
   14353
   14458
   14382
   14328
   14088
   14255
   14262
   14386
   14270
   14390
   14197
   14380
   14726
   14778
   14781
   14969
   14780
   14707
   14647
   14874
   14866
   14769
   15011
   14866
   14824
   15138
   14851
   14956
   14874
   14918
   14898
   14813
   14888
   15028
   15017
   14999
   14888
   15111
   14880
   15336
   15081
   15045
   14881
   14928
   14722
   14940
   14572
   14976
   14894
   14679
   14905
   14946
   14767
   14827
   14788
   15061
   14960
   14885
   15025
   15030
   15231
   15194
   15346
   15265
   15151
   15133
   15051
   15095
   15090
   14850
   15168
   15072
   14822
   14995
   15094
   15015
   14904
   14756
   14741
   14643
   14824
   15144
   14726
   14747
   14617
   14789
   14843
   14501
   14457
   14575
   14635
   14601
   14346
   14620
   14716
   14339
   14346
   14438
   14445
   14451
   14128
   14346
   14359
   14353
   14165
   14172
   14249
   13990
   14147
   14062
   14344
   13826
   14139
   14116
   14005
   14241
   14022
   14027
   14236
   13908
   13754
   13990
   13979
   13928
   14012
   13960
   13706
   14073
   14358
   15707
   17984
   19898
   20093
   17299
   15228
   14204
   13543
   13537
   13514
   13452
   13500
   13337
   13335
   13280
   13576
   13546
   13494
   13429
   13268
   13335
   13230
   13233
   13160
   13274
   13063
   13218
   13246
   12985
   13043
   12940
   13034
   13166
   12887
   12860
   12892
   12955
   13035
   12629
   12921
   12739
   12647
   12694
   12647
   12805
   12840
   12794
   13027
   13156
   12712
   12417
   12704
   12708
   12836
   12676
   12359
   12407
   12429
   12562
   12335
   12649
   12491
   12249
   12331
   12350
   12192
   12419
   12111
   12151
   12259
   12319
   12097
   11984
   12184
   12115
   12002
   12257
   11879
   11856
   11989
   12114
   11946
   11657
   11930
   11793
   11849
   11703
   11906
   11685
   11729
   11772
   11582
   11711
   11617
   11583
   11699
   11760
   11586
   11640
   11688
   11664
   11674
   11549
   11420
   11400
   11440
   11330
   11372
   11469
   11285
   11318
   11471
   11506
   11244
   11241
   11284
   11269
   11209
   11188
   11323
   11443
   11302
   11241
   11200
   10916
   11148
   11117
   11042
   11083
   10998
   11024
   11028
   10921
   11316
   11768
   12553
   12902
   12824
   12071
   11451
   11017
   10947
   10793
   10951
   10955
   10883
   10947
   10922
   10902
   10794
   10783
   10731
   10890
   10565
   10752
   10505
   10595
   10621
   10497
   10460
   10519
   10576
   10602
   10449
   10571
   10446
   10594
   10569
   10559
   10375
   10533
   10522
   10364
   10482
   10382
   10303
   10462
   10267
   10327
   10356
   10224
   10234
   10245
   10100
   10291
   10223
   10149
   10506
   10140
   10247
   10066
   10149
    9982
   10330
   10131
   10039
   10179
   10278
   10073
   10097
    9990
   10113
   10089
   10090
   10028
   10014
    9880
   10143
    9874
   10021
   10011
   10024
    9991
    9918
    9986
    9818
    9837
    9900
    9909
    9842
   10040
    9761
    9821
    9810
    9807
    9815
    9690
    9759
    9852
    9862
    9786
    9817
    9648
    9717
    9676
    9671
    9689
    9638
    9753
    9669
    9772
    9723
    9786
    9852
    9618
    9568
    9828
    9589
    9576
    9599
    9643
    9703
    9399
    9684
    9629
    9584
    9694
    9776
    9698
    9547
    9659
    9601
    9529
    9497
    9580
    9622
    9521
    9549
    9613
    9357
    9482
    9544
    9598
    9415
    9371
    9472
    9537
    9688
    9444
    9337
    9516
    9484
    9325
    9349
    9345
    9310
    9322
    9374
    9358
    9514
    9241
    9433
    9422
    9474
    9419
    9424
    9227
    9457
    9602
    9363
    9218
    9492
    9256
    9369
    9294
    9234
    9316
    9289
    9239
    9311
    9213
    9410
    9260
    9141
    9264
    9324
    9291
    9038
    9161
    9288
    9321
    9397
    9380
    9244
    9246
    9251
    9253
    9271
    9214
    9229
    9333
    9132
    9091
    9132
    9111
    9246
    9250
    9073
    9198
    9199
    9305
    9219
    9209
    9153
    9108
    9074
    9107
    9139
    9233
    9242
    9182
    9212
    9062
    9113
    9045
    9112
    9038
    9138
    9260
    9056
    9231
    9047
    9164
    8893
    8990
    9179
    9123
    9134
    9117
    9227
    9022
    9049
    9165
    8792
    9148
    9153
    9156
    9069
    9052
    9150
    8942
    9043
    9012
    8970
    9010
    9023
    9063
    9044
    9051
    8987
    8978
    9070
    8968
    8960
    8906
    8896
    8807
    8849
    8853
    8948
    8896
    8807
    8789
    8871
    9069
    8779
    8793
    8627
    8602
    8681
    8685
    8625
    8523
    8596
    8621
    8550
    8529
    8506
    8435
    8293
    8451
    8336
    8292
    8354
    8522
    8315
    8531
    8294
    8327
    8138
    8199
    8463
    8358
    8645
    8230
    8560
    8273
    8073
    8237
    8183
    8183
    8133
    8068
    8261
    8240
    8135
    8188
    8220
    8274
    8053
    8389
    8330
    8068
    8103
    8110
    8043
    8124
    8085
    8201
    8062
    8066
    7936
    7921
    8097
    8176
    8279
    8163
    8119
    8053
    8127
    7940
    8286
    7966
    7998
    8280
    8127
    7997
    7960
    7954
    8069
    7997
    7906
    7888
    8184
    7842
    7877
    7785
    8041
    7816
    7722
    7821
    7910
    7941
    7964
    8067
    8013
    7838
    7860
    7944
    8009
    7862
    7786
    7769
    7892
    7874
    8040
    7824
    7922
    7795
    7836
    7702
    7880
    7956
    7923
    7742
    7914
    7846
    7901
    7761
    7908
    7646
    7815
    7749
    7854
    7917
    7591
    7777
    7705
    7751
    7858
    7545
    7695
    7620
    7735
    7695
    7623
    7605
    7616
    7602
    7662
    7716
    7609
    7660
    7497
    7580
    7659
    7674
    7756
    7707
    7732
    7673
    7641
    7666
    7634
    7471
    7689
    7625
    7522
    7450
    7406
    7672
    7400
    7482
    7318
    7213
    7413
    7411
    7388
    7276
    7357
    7268
    7285
    7245
    7135
    7111
    7158
    7151
    7293
    7171
    7359
    7166
    7240
    7061
    7133
    7175
    7040
    7246
    7117
    7235
    7180
    7095
    7152
    7070
    7102
    7198
    7021
    6975
    7182
    7052
    7139
    6931
    7061
    7050
    7020
    7048
    7012
    6903
    6986
    7042
    6795
    7112
    6897
    7071
    6921
    7045
    6995
    6899
    6921
    7012
    6794
    7064
    7015
    7005
    6845
    6878
    6986
    6957
    6967
    7019
    6824
    7001
    6887
    6909
    6754
    6825
    6808
    6747
    6919
    6942
    6924
    6789
    6798
    6626
    6663
    6782
    6844
    6813
    6852
    6822
    6993
    6765
    6891
    6855
    6845
    6705
    6843
    6678
    6835
    6793
    6870
    6921
    6788
    6941
    6727
    6812
    6872
    6769
    6831
    6754
    6688
    6779
    6731
    6705
    6726
    6719
    6713
    6586
    6731
    6646
    6584
    6606
    6601
    6523
    6799
    6567
    6758
    6688
    6708
    6700
    6638
    6510
    6600
    6657
    6486
    6540
    6618
    6672
    6512
    6526
    6635
    6498
    6634
    6596
    6550
    6490
    6526
    6561
    6518
    6668
    6600
    6674
    6616
    6575
    6459
    6596
    6393
    6525
    6504
    6446
    6435
    6525
    6580
    6626
    6523
    6415
    6541
    6323
    6421
    6479
    6428
    6534
    6465
    6436
    6421
    6376
    6595
    6545
    6483
    6494
    6611
    6566
    6547
    6673
    6783
    7325
    7498
    7833
    7976
    8093
    8052
    7830
    7542
    7263
    7304
    7614
    8067
    8083
    7778
    7062
    6646
    6286
    6317
    6352
    6158
    6143
    6241
    6220
    6125
    6234
    6240
    6238
    6158
    6160
    6121
    6192
    6192
    6215
    6294
    6228
    6134
    5995
    6119
    6034
    6159
    6106
    5995
    6100
    6149
    6262
    6058
    6181
    6182
    6205
    6094
    6096
    5860
    6308
    6115
    5965
    6080
    6112
    6210
    5973
    6019
    6037
    6112
    6044
    6062
    5948
    6022
    5945
    6061
    6027
    6116
    6066
    6100
    6122
    5952
    5960
    6011
    6089
    6174
    6032
    6137
    5973
    6068
    6065
    6149
    5963
    5829
    6006
    5953
    5915
    6034
    6117
    6029
    6020
    6073
    5936
    6015
    6066
    5990
    5881
    6134
    5999
    5923
    5922
    6038
    5962
    6097
    5803
    5876
    5961
    6238
    7185
   10151
   17717
   34834
   61829
   88146
   96958
   79325
   49219
   24831
   12000
    7474
    6228
    6222
    6837
    8050
   10175
   13023
   14440
   13356
   10689
    8076
    6637
    6134
    5807
    5919
    5952
    5894
    6025
    5937
    5961
    5890
    5788
    5752
    5742
    5642
    5851
    5686
    5849
    5711
    5858
    5783
    5762
    5815
    5695
    5819
    5873
    5755
    5855
    5612
    5899
    5737
    5790
    5719
    5820
    5786
    5868
    5672
    5731
    5637
    5612
    5833
    5621
    5612
    5635
    5813
    5683
    5532
    5682
    5570
    5537
    5536
    5570
    5715
    5511
    5532
    5617
    5606
    5584
    5589
    5502
    5537
    5455
    5430
    5342
    5290
    5269
    5308
    5313
    5231
    5213
    5211
    5211
    5253
    5306
    5112
    5213
    5143
    5185
    5050
    5140
    5097
    5150
    5206
    5209
    5050
    5101
    5061
    5173
    5039
    5049
    5098
    5094
    4945
    5051
    5046
    4937
    5037
    5121
    5110
    4900
    5067
    5058
    4857
    5039
    4926
    4942
    5056
    4945
    5038
    4858
    4931
    5122
    5024
    4886
    4983
    5174
    5444
    5724
    6153
    6111
    5846
    5417
    5094
    4972
    4954
    4990
    4900
    4910
    4861
    4945
    4990
    4763
    4804
    4942
    4784
    4823
    5031
    4854
    4969
    4895
    4967
    4988
    4766
    4790
    4874
    5131
    5922
    8333
   13785
   24913
   39813
   52099
   53196
   41399
   25410
   13387
    7408
    5396
    4803
    4758
    4689
    4663
    4623
    4562
    4777
    4555
    4590
    4530
    4652
    4530
    4557
    4555
    4613
    4539
    4529
    4534
    4530
    4515
    4516
    4413
    4526
    4334
    4533
    4430
    4388
    4390
    4383
    4272
    4395
    4383
    4500
    4451
    4287
    4200
    4349
    4203
    4249
    4388
    4329
    4158
    4201
    4295
    4253
    4298
    4202
    4213
    4203
    4128
    4281
    4266
    4174
    4276
    4108
    4115
    4180
    4114
    4131
    4155
    4077
    4181
    4188
    4059
    4106
    4040
    4073
    4176
    4060
    4124
    4052
    4078
    4013
    3983
    4055
    4026
    4079
    4015
    3990
    4039
    3949
    3884
    4047
    3987
    4099
    3951
    4046
    4034
    4148
    4466
    4803
    4882
    4806
    4614
    4328
    4071
    3929
    3854
    3903
    3952
    3941
    3947
    3798
    3723
    3852
    3882
    3821
    3851
    3810
    3830
    3750
    3846
    3823
    4002
    3931
    3992
    3941
    3851
    3812
    3867
    3907
    3812
    3689
    3748
    3762
    3820
    3768
    3687
    3717
    3664
    3778
    3702
    3637
    3728
    3700
    3723
    3670
    3656
    3547
    3709
    3551
    3676
    3673
    3637
    3722
    3581
    3583
    3615
    3721
    3540
    3563
    3611
    3593
    3586
    3553
    3598
    3593
    3510
    3640
    3629
    3508
    3526
    3568
    3544
    3474
    3407
    3626
    3548
    3552
    3475
    3584
    3563
    3495
    3524
    3561
    3418
    3438
    3539
    3540
    3409
    3602
    3484
    3413
    3477
    3484
    3467
    3472
    3454
    3468
    3477
    3527
    3665
    4191
    5560
    8646
   14467
   22353
   29278
   31541
   25999
   17238
    9769
    5575
    3989
    3547
    3439
    3277
    3442
    3359
    3326
    3302
    3317
    3233
    3321
    3343
    3304
    3241
    3303
    3275
    3215
    3323
    3314
    3231
    3353
    3160
    3213
    3280
    3253
    3256
    3103
    3190
    3186
    3117
    3271
    3211
    3167
    3217
    3075
    3207
    3172
    3153
    3136
    3131
    3223
    3160
    3067
    3129
    3143
    3057
    3116
    3112
    3084
    3065
    3072
    3132
    3045
    3185
    3145
    3178
    3232
    3245
    3317
    3349
    3303
    3064
    3126
    3019
    2975
    3111
    3080
    3132
    3077
    3020
    3129
    3004
    2963
    3031
    3083
    3097
    3006
    3051
    3010
    2943
    3014
    3119
    2968
    3050
    2959
    2974
    2972
    2983
    2939
    3015
    3085
    3013
    3006
    2931
    2953
    3072
    2914
    2990
    2964
    2971
    3004
    2886
    2984
    2966
    2992
    2955
    2969
    2857
    2801
    2873
    2907
    2951
    2938
    2906
    2903
    2981
    2897
    2976
    2929
    2841
    2827
    2871
    2870
    2826
    2799
    2823
    2828
    2844
    2809
    2822
    2907
    2904
    2846
    2831
    2882
    2852
    2799
    2885
    2934
    2911
    2869
    2867
    2864
    2872
    2825
    2842
    2773
    2824
    2853
    2787
    2817
    2771
    2752
    2903
    2759
    2787
    2734
    2781
    2707
    2682
    2761
    2774
    2754
    2825
    2767
    2790
    2769
    2718
    2901
    2800
    2709
    2738
    2734
    2775
    2704
    2797
    2740
    2738
    2834
    2747
    2707
    2644
    2749
    2801
    2714
    2776
    2846
    2842
    3019
    3473
    4540
    7578
   14109
   27161
   46884
   67677
   78930
   71341
   50951
   29152
   13816
    6221
    3632
    2799
    2743
    2725
    2611
    2627
    2527
    2626
    2563
    2501
    2513
    2486
    2546
    2500
    2477
    2509
    2495
    2622
    2491
    2416
    2544
    2513
    2481
    2482
    2470
    2435
    2524
    2407
    2450
    2427
    2470
    2371
    2436
    2483
    2413
    2387
    2411
    2426
    2503
    2457
    2466
    2435
    2502
    2445
    2529
    2431
    2416
    2481
    2293
    2504
    2358
    2410
    2414
    2429
    2333
    2360
    2325
    2358
    2389
    2441
    2410
    2384
    2362
    2255
    2380
    2469
    2375
    2342
    2277
    2354
    2448
    2462
    2368
    2285
    2495
    2421
    2313
    2313
    2232
    2297
    2328
    2321
    2392
    2357
    2313
    2311
    2325
    2332
    2320
    2377
    2332
    2244
    2319
    2352
    2312
    2380
    2333
    2310
    2270
    2246
    2237
    2222
    2241
    2306
    2287
    2241
    2374
    2252
    2346
    2240
    2255
    2242
    2299
    2256
    2332
    2303
    2190
    2271
    2350
    2462
    2733
    3484
    5006
    8324
   13138
   18901
   22437
   21831
   17030
   10822
    6100
    3671
    2568
    2310
    2289
    2185
    2196
    2147
    2172
    2132
    2171
    2130
    2091
    2092
    2210
    2085
    2162
    2109
    2088
    2034
    2099
    2102
    2088
    2119
    2018
    1940
    2042
    2070
    2063
    2095
    2001
    1989
    1972
    1897
    1911
    1942
    2043
    2026
    1900
    2028
    1991
    1994
    1919
    1935
    2013
    1880
    1909
    1962
    1957
    1930
    2017
    1935
    1976
    1943
    1911
    2009
    2007
    1948
    1954
    1909
    2043
    1897
    1830
    1821
    1925
    1904
    1820
    1913
    1905
    1800
    1888
    1914
    1944
    1860
    1889
    1829
    1886
    1821
    1861
    1820
    1821
    1869
    1775
    1858
    1873
    1879
    1803
    1752
    1761
    1803
    1892
    1777
    1783
    1745
    1785
    1777
    1751
    1771
    1779
    1778
    1784
    1798
    1719
    1771
    1761
    1726
    1666
    1754
    1744
    1689
    1712
    1726
    1774
    1769
    1640
    1708
    1677
    1665
    1667
    1713
    1695
    1728
    1696
    1666
    1648
    1714
    1612
    1720
    1643
    1679
    1665
    1664
    1716
    1652
    1674
    1639
    1640
    1634
    1659
    1627
    1647
    1654
    1646
    1631
    1581
    1604
    1599
    1586
    1598
    1616
    1599
    1740
    1793
    1964
    2035
    2029
    1985
    1782
    1630
    1629
    1562
    1644
    1561
    1606
    1573
    1585
    1542
    1615
    1547
    1476
    1493
    1512
    1581
    1575
    1563
    1605
    1522
    1546
    1499
    1531
    1525
    1490
    1442
    1562
    1512
    1528
    1513
    1522
    1479
    1514
    1505
    1472
    1510
    1428
    1504
    1443
    1440
    1430
    1476
    1426
    1479
    1450
    1400
    1445
    1358
    1453
    1353
    1478
    1375
    1426
    1511
    1528
    1482
    1442
    1454
    1429
    1431
    1437
    1427
    1284
    1371
    1392
    1339
    1354
    1432
    1437
    1455
    1401
    1310
    1299
    1389
    1372
    1336
    1331
    1372
    1323
    1372
    1391
    1359
    1351
    1322
    1304
    1352
    1344
    1343
    1316
    1325
    1379
    1341
    1309
    1340
    1346
    1337
    1269
    1255
    1323
    1298
    1289
    1288
    1309
    1302
    1266
    1303
    1244
    1254
    1238
    1325
    1248
    1239
    1272
    1194
    1233
    1239
    1262
    1311
    1260
    1295
    1233
    1268
    1223
    1228
    1244
    1253
    1193
    1228
    1239
    1173
    1230
    1185
    1234
    1198
    1176
    1246
    1178
    1184
    1199
    1228
    1206
    1174
    1186
    1191
    1186
    1224
    1226
    1154
    1187
    1244
    1216
    1126
    1103
    1151
    1187
    1198
    1280
    1401
    1363
    1424
    1401
    1364
    1224
    1159
    1160
    1157
    1152
    1135
    1119
    1113
    1198
    1188
    1148
    1167
    1066
    1116
    1176
    1079
    1110
    1049
    1047
    1108
    1083
    1118
    1189
    1122
    1178
    1197
    1176
    1232
    1107
    1119
    1143
    1118
    1087
    1062
    1041
    1122
    1083
    1115
    1075
    1085
    1058
    1105
    1092
    1123
    1095
    1030
    1047
    1054
    1046
    1044
    1011
    1043
    1085
    1050
    1095
    1059
    1024
    1054
    1090
    1026
     988
    1053
    1004
    1031
    1073
    1057
    1036
    1030
    1031
    1027
    1026
    1100
    1011
     985
    1059
    1025
    1032
    1005
    1004
    1045
     992
     977
    1021
    1013
     977
     927
    1023
     951
     989
    1010
     973
    1017
     967
    1016
     962
    1004
    1020
     972
     989
    1015
     961
     991
    1010
     971
     973
    1020
     964
     954
     964
    1017
     961
     958
     980
     959
     979
    1004
     988
     993
     984
     997
     957
     934
     921
    1000
     995
     898
     893
    1006
     920
     903
     912
     917
     896
     950
     967
    1052
    1050
    1172
    1436
    1611
    1816
    1773
    1666
    1404
    1219
    1039
     899
     909
     951
     878
     848
     930
     910
     919
     905
     898
     888
     876
     935
     834
     936
     894
     898
     893
     877
     833
     887
     920
     904
     915
     862
     894
     909
     854
     897
     877
     863
     913
     898
     888
     883
     856
     866
     881
     860
     841
     885
     863
     935
     918
     834
     853
     897
     862
     923
     825
     795
     895
     821
     859
     862
     896
     881
     880
     892
     887
     857
     873
     834
     908
     829
     874
     843
     862
     846
     873
     826
     878
     863
     874
     824
     890
     855
     826
     874
     906
    1028
    1278
    1620
    2598
    4329
    7222
   11439
   16098
   18666
   18349
   14785
    9800
    5410
    2726
    1589
    1073
     882
     882
     837
     811
     798
     809
     703
     813
     756
     842
     752
     782
     774
     831
     812
     802
     794
     764
     798
     751
     770
     788
     784
     771
     818
     764
     796
     783
     761
     768
     717
     754
     756
     793
     845
     789
     784
     779
     778
     801
     766
     792
     819
     748
     740
     758
     765
     806
     780
     724
     755
     764
     759
     728
     789
     745
     757
     765
     749
     736
     692
     850
     806
     754
     801
     763
     767
     764
     853
     724
     845
     852
     986
    1136
    1343
    1728
    1895
    2051
    1852
    1634
    1265
     987
     907
     747
     812
     924
     967
    1011
    1128
    1099
    1102
     981
     896
     786
     738
     760
     736
     741
     806
     719
     785
     735
     760
     731
     751
     698
     729
     727
     779
     768
     728
     753
     778
     673
     730
     748
     678
     730
     756
     784
     759
     737
     733
     741
     706
     750
     703
     787
     746
     719
     710
     793
     756
     746
     776
     832
     771
     757
     742
     700
     769
     710
     755
     678
     688
     653
     672
     700
     714
     683
     639
     709
     621
     662
     650
     641
     695
     652
     639
     699
     594
     675
     631
     642
     626
     654
     595
     595
     618
     641
     609
     666
     671
     705
     764
     824
     853
     895
     915
     803
     726
     667
     625
     653
     626
     664
     814
     756
     926
    1000
     940
     942
     807
     744
     657
     594
     636
     614
     585
     580
     592
     593
     625
     592
     589
     572
     590
     605
     609
     611
     626
     633
     659
     630
     627
     595
     590
     622
     571
     620
     583
     596
     558
     587
     540
     614
     541
     577
     559
     570
     554
     572
     577
     541
     590
     552
     615
     611
     550
     586
     602
     540
     617
     584
     572
     581
     513
     590
     591
     556
     545
     540
     539
     574
     561
     536
     569
     563
     556
     573
     568
     569
     576
     508
     518
     551
     521
     539
     492
     556
     554
     540
     486
     527
     503
     539
     485
     494
     519
     499
     476
     502
     455
     467
     496
     493
     463
     466
     481
     460
     457
     478
     449
     495
     486
     501
     420
     438
     454
     458
     426
     449
     446
     473
     481
     462
     434
     432
     412
     433
     515
     477
     471
     436
     477
     452
     433
     456
     413
     461
     463
     511
     578
     667
     751
     847
     812
     773
     647
     531
     469
     436
     433
     423
     425
     451
     407
     406
     399
     383
     416
     434
     424
     425
     465
     464
     427
     429
     429
     409
     386
     412
     384
     410
     368
     390
     384
     404
     406
     390
     372
     368
     374
     390
     421
     405
     424
     381
     401
     395
     347
     395
     401
     394
     383
     357
     368
     364
     364
     355
     447
     345
     375
     370
     382
     386
     404
     374
     333
     340
     346
     359
     381
     364
     347
     393
     359
     377
     405
     355
     338
     351
     352
     338
     362
     362
     380
     320
     365
     328
     328
     356
     334
     335
     376
     375
     337
     356
     364
     350
     313
     390
     371
     361
     352
     413
     383
     474
     453
     431
     430
     427
     471
     474
     554
     593
     643
     599
     521
     463
     392
     364
     346
     296
     335
     335
     343
     309
     325
     315
     328
     356
     331
     297
     295
     310
     316
     348
     295
     340
     328
     323
     312
     302
     351
     389
     425
     442
     384
     386
     352
     355
     334
     311
     302
     296
     340
     303
     312
     319
     295
     310
     325
     298
     318
     329
     320
     314
     297
     281
     301
     320
     328
     315
     300
     293
     307
     321
     310
     270
     292
     305
     317
     294
     310
     283
     346
     313
     318
     305
     309
     287
     310
     281
     283
     283
     290
     313
     268
     283
     269
     296
     289
     279
     291
     301
     351
     369
     452
     477
     466
     422
     368
     340
     291
     281
     276
     305
     310
     251
     248
     256
     277
     281
     282
     218
     245
     226
     270
     233
     262
     267
     255
     227
     224
     246
     231
     247
     231
     245
     248
     237
     253
     268
     235
     224
     211
     225
     218
     223
     188
     232
     242
     206
     232
     223
     223
     224
     213
     235
     226
     209
     262
     250
     234
     266
     250
     243
     242
     253
     241
     209
     216
     202
     221
     202
     192
     221
     214
     203
     210
     214
     174
     197
     215
     198
     213
     205
     220
     223
     196
     214
     207
     222
     181
     219
     173
     176
     198
     208
     221
     201
     203
     202
     224
     210
     233
     212
     220
     266
     264
     244
     242
     242
     220
     222
     182
     218
     219
     238
     264
     302
     337
     395
     387
     395
     365
     294
     267
     230
     200
     206
     192
     222
     184
     185
     201
     202
     188
     202
     179
     198
     186
     192
     178
     203
     192
     212
     202
     195
     187
     194
     184
     208
     196
     190
     183
     206
     196
     190
     178
     188
     186
     200
     194
     229
     242
     318
     434
     621
     966
    1620
    2711
    4589
    7326
   10545
   12916
   13988
   12921
   10033
    6478
    3589
    1807
     805
     374
     245
     200
     166
     189
     184
     162
     202
     162
     155
     168
     158
     165
     163
     144
     155
     140
     148
     149
     148
     165
     189
     207
     259
     307
     358
     462
     470
     463
     467
     416
     312
     359
     276
     212
     170
     157
     143
     143
     154
     154
     164
     137
     132
     135
     169
     121
     149
     135
     162
     148
     150
     143
     120
     132
     143
     141
     135
     124
     129
     145
     144
     141
     131
     138
     121
     130
     127
     143
     144
     127
     149
     157
     137
     130
     150
     130
     126
     151
     124
     129
     138
     137
     135
     121
     121
     131
     116
     127
     142
     131
     132
     136
     130
     132
     136
     144
     113
     136
     120
     139
     137
     111
     136
     130
     129
     132
     129
     151
     134
     138
     153
     166
     155
     201
     261
     379
     543
     820
    1334
    2301
    3720
    5772
    8197
    9894
   10686
    9651
    7531
    5061
    2819
    1481
     683
     324
     178
     127
     121
     127
     102
     122
     110
      97
      95
      95
     116
     104
     116
     108
      88
     124
     115
      95
      91
     101
      90
     102
      93
     120
     107
      84
     103
     104
     122
     130
      90
      94
     122
      91
     110
     110
     103
     104
     114
      88
     114
      98
      92
      94
      92
     103
     116
     115
     112
     106
     108
     113
     108
      99
     120
     104
     126
     134
     147
     215
     224
     225
     227
     176
     166
     134
     104
     104
     114
     101
     112
      87
     104
      91
     102
     101
      77
      89
      93
      90
     109
      88
      94
      84
      84
      91
     103
      82
      84
     108
      97
      98
      91
      91
      95
     113
      93
      89
      96
      94
     114
      83
     104
      92
      98
      98
     102
      92
      99
      85
     100
     100
      99
      92
      90
      92
      77
      89
      88
     118
      87
     107
     101
     107
     102
      96
      86
      80
      89
      81
      89
      75
      81
     102
      88
      91
      85
      99
      95
      95
      76
      89
      91
      96
      80
      96
      89
      82
      91
      85
      64
      88
      87
      94
      81
      99
      85
      99
      66
      98
      94
      77
      83
      96
     103
      99
     100
      87
      94
     103
      90
      93
      92
      92
     108
     114
     118
      96
     102
      91
      82
     102
     119
      92
      81
      99
      92
      85
      86
      98
      82
      94
     104
      90
      96
      83
      77
      95
      92
      77
      88
      83
     107
      94
      76
      90
      93
      90
     111
      97
     119
     107
      88
      97
      84
      71
     100
      77
      74
     110
     102
      92
     103
     106
     119
     146
     185
     240
     268
     300
     325
     254
     210
     153
     126
      94
      97
      98
      93
     113
      80
      81
      90
     107
      92
     108
      84
      89
      88
      83
      98
     111
     116
      99
     128
     178
     208
     318
     457
     734
    1189
    1939
    3006
    4564
    6083
    7346
    7478
    6639
    4991
    3312
    1788
     922
     439
     235
     112
      88
      66
      94
      51
      69
      78
      65
      60
      57
      76
      80
      71
      81
      66
      78
      83
      58
      86
      75
      69
      61
      56
      58
      75
      69
      66
      63
      65
      76
      79
      73
      77
      71
      71
      54
      58
      71
      58
      74
      69
      63
      77
      66
      60
      74
      76
      88
      75
      73
      78
      51
      70
      63
      86
      66
      72
      67
      77
      65
      73
      63
      64
      69
      70
      81
      81
      62
      60
      50
      74
      69
      61
      68
      54
      61
      84
      74
      60
      64
      74
      73
      77
      72
      67
      75
      62
      64
      77
      68
      73
      67
      63
      70
      75
      61
      67
      81
      66
      81
      66
      65
      78
      72
      82
      75
      55
      65
      77
      63
      61
      65
      79
      81
      69
      64
      86
     105
     124
     130
     130
     122
     123
     108
     101
      76
      84
      67
      61
      80
      68
      64
      58
      55
      72
      57
      66
      72
      64
      58
      75
      82
      61
      67
      73
      83
      68
      56
      67
      61
      71
      72
      65
      79
      83
      70
      68
      77
      70
      59
      76
      60
      56
      67
      74
      72
      61
      67
      68
      66
      64
      51
      88
      60
      72
      65
      75
      64
      52
      73
      65
      77
      63
      74
      80
      75
      78
      74
      75
      59
      72
      66
      62
      62
      57
      60
      58
      59
      80
      74
      61
      75
      75
      58
      67
      75
      67
      64
      60
      69
      69
      75
      69
      56
      62
      65
      66
      61
      61
      73
      72
      78
      78
      71
      69
      57
      60
      64
      70
      68
      68
      79
      71
      66
      58
      58
      75
      64
      72
      50
      76
      64
      62
      59
      85
      67
      71
      54
      66
      51
      89
      76
      75
      65
      62
      75
      54
      73
      72
      65
      76
      58
      64
      55
      73
      70
      65
      70
      66
      57
      57
      66
      62
      62
      64
      68
      71
      75
      79
      72
      73
      72
      64
      74
      76
      70
      64
      65
      70
      50
      78
      75
      65
      80
      72
      72
      59
      61
      68
      77
      77
      78
      91
      92
      84
      86
      83
      92
      68
      77
      69
      78
      67
      62
      64
      80
      72
      52
      74
      71
      92
      91
     156
     139
     171
     187
     164
     144
     113
      98
      81
      58
      66
      53
      65
      63
      68
      64
      64
      43
      61
      67
      73
      61
      68
      70
      62
      57
      68
      63
      61
      65
      67
      65
      59
      62
      58
      75
      58
      63
      58
      76
      80
      51
      77
      74
      53
      69
      79
      76
      61
      73
      69
      78
      71
      54
      49
      57
      67
      62
      68
      71
      58
      65
      63
      54
      57
      61
      45
      60
      59
      48
      53
      55
      77
      53
      60
      60
      64
      49
      67
      58
      51
      70
      55
      64
      70
      71
      65
      53
      61
      41
      51
      61
      51
      81
      69
      63
      61
      68
      60
      66
      55
      54
      59
      58
      61
      64
      52
      54
      63
      66
      67
      73
      66
      68
      91
      94
     110
     148
     177
     264
     284
     347
     356
     308
     241
     211
     135
     105
      83
      85
      68
      51
      84
      73
      50
      67
      59
      69
      68
      66
      55
      45
      57
      55
      58
      62
      49
      52
      59
      70
      59
      57
      52
      53
      71
      75
      62
      64
      69
      65
      64
      43
      64
      68
      60
      79
      48
      64
      49
      65
      53
      54
      43
      59
      63
      52
      67
      56
      51
      49
      59
      65
      54
      59
      58
      57
      70
      73
      62
      59
      62
      69
      64
      59
      58
      63
      65
      55
      55
      68
      68
      61
      55
      50
      54
      58
      52
      49
      51
      54
      58
      51
      73
      54
      49
      48
      48
      50
      51
      53
      47
      51
      37
      56
      59
      44
      66
      56
      56
      58
      68
      59
      71
      46
      66
      68
      60
      54
      47
      50
      65
      55
      59
      53
      54
      74
      58
      52
      52
      55
      50
      59
      52
      48
      56
      46
      59
      67
      54
      52
      54
      47
      45
      50
      58
      59
      54
      61
      54
      58
      44
      57
      47
      51
      55
      51
      63
      38
      43
      57
      48
      58
      59
      48
      67
      53
      55
      44
      75
      56
      59
      46
      45
      45
      63
      55
      52
      56
      56
      41
      66
      55
      47
      40
      46
      52
      46
      42
      45
      62
      68
      57
      61
      51
      51
      39
      60
      64
      68
      59
      75
     111
      97
     104
     110
     148
     156
     170
     193
     259
     281
     305
     325
     309
     257
     233
     168
     139
     102
      80
      65
      67
      55
      58
      63
      56
      56
      57
      51
      56
      55
      59
      50
      57
      49
      55
      53
      58
      62
      63
      55
      55
      50
      39
      56
      54
      44
      58
      45
      52
      51
      59
      53
      72
      63
      71
      39
      51
      71
      61
      46
      59
      50
      49
      42
      72
      59
      60
      55
      45
      72
      52
      56
      55
      53
      61
      55
      65
      51
      55
      55
      61
      64
      60
      60
      61
      55
      56
      66
      53
      59
      68
      66
      77
      92
      78
      90
      74
      74
      67
      56
      50
      54
      55
      63
      56
      55
      51
      69
      49
      47
      61
      52
      58
      51
      52
      61
      53
      45
      50
      72
      46
      54
      65
      65
      67
      52
      58
      47
      64
      78
      88
      83
     102
      98
      96
      96
      73
      62
      64
      70
      66
      61
      43
      53
      50
      49
      60
      54
      50
      72
      64
      65
      68
      67
      56
      88
      77
      54
      56
      83
      66
      63
      54
      37
      51
      62
      54
      42
      53
      62
      54
      68
      52
      51
      50
      61
      61
      45
      52
      45
      56
      65
      59
      58
      59
      53
      48
      54
      52
      60
      55
      65
      63
      65
      48
      59
      61
      54
      60
      64
      68
      44
      51
      42
      59
      57
      69
      54
      58
      54
      54
      54
      66
      47
      47
      64
      44
      57
      65
      51
      48
      52
      53
      52
      60
      54
      48
      62
      60
      52
      48
      51
      49
      64
      82
     122
     125
     136
     140
     166
     133
     125
      94
      81
      73
      65
      61
      73
      51
      57
      59
      58
      44
      44
      38
      65
      60
      63
      58
      56
      56
      53
      49
      37
      53
      62
      53
      43
      46
      58
      56
      65
      49
      51
      40
      56
      45
      62
      50
      52
      59
      58
      50
      49
      44
      46
      51
      50
      50
      55
      70
      47
      39
      61
      55
      39
      60
      55
      58
      55
      50
      47
      62
      53
      60
      55
      62
      61
      58
      45
      64
      61
      65
      48
      59
      56
      55
      56
      43
      55
      59
      51
      49
      65
      54
      53
      55
      53
      52
      52
      49
      57
      50
      49
      58
      63
      64
      57
      50
      53
      56
      72
      57
      45
      62
      57
      57
      44
      64
      45
      62
      40
      59
      53
      63
      53
      51
      59
      60
      65
      51
      60
      72
      69
      77
     102
      88
     143
     183
     213
     231
     225
     222
     169
     159
     115
      83
      68
      49
      64
      52
      54
      53
      46
      51
      50
      60
      45
      58
      52
      56
      51
      47
      60
      45
      59
      62
      54
      68
      43
      53
      53
      40
      56
      63
      51
      51
      51
      53
      36
      57
      58
      50
      49
      60
      53
      57
      51
      51
      48
      58
      62
      50
      53
      48
      44
      42
      58
      48
      62
      49
      54
      69
      50
      44
      57
      53
      58
      57
      51
      52
      56
      60
      56
      45
      56
      48
      65
      66
      48
      41
      53
      53
      49
      60
      62
      52
      43
      47
      41
      43
      51
      55
      59
      54
      35
      58
      56
      43
      41
      63
      50
      63
      58
      49
      64
      40
      56
      53
      48
      51
      62
      54
      49
      63
      56
      60
      58
      60
      65
      48
      46
      46
      51
      47
      52
      55
      38
      49
      57
      48
      58
      46
      49
      55
      46
      50
      49
      47
      53
      52
      58
      55
      48
      48
      50
      53
      61
      45
      65
      48
      39
      58
      56
      59
      53
      49
      50
      29
      58
      57
      50
      55
      52
      55
      48
      64
      48
      54
      50
      47
      51
      40
      57
      48
      50
      51
      59
      48
      48
      57
      44
      50
      45
      47
      51
      47
      45
      39
      59
      34
      54
      49
      44
      49
      53
      40
      44
      50
      58
      62
      63
      44
      53
      45
      56
      54
      56
      48
      55
      49
      48
      57
      54
      53
      52
      55
      47
      57
      64
      73
      70
      63
      42
      48
      54
      50
      60
      49
      44
      55
      42
      57
      57
      54
      59
      60
      59
      55
      49
      43
      64
      70
      63
      44
      52
      49
      46
      42
      48
      50
      44
      53
      55
      50
      50
      56
      63
      47
      47
      40
      49
      43
      53
      63
      44
      48
      41
      44
      45
      42
      50
      47
      50
      47
      53
      51
      63
      64
      53
      49
      43
      51
      54
      49
      59
      45
      60
      41
      53
      53
      46
      54
      61
      37
      53
      53
      51
      56
      52
      47
      53
      47
      52
      56
      49
      63
      59
      70
      48
      44
      65
      49
      56
      35
      37
      55
      68
      54
      56
      54
      49
      50
      51
      49
      47
      53
      46
      49
      62
      53
      60
      50
      58
      34
      59
      54
      39
      49
      52
      42
      49
      60
      46
      37
      70
      60
      66
      52
      57
      49
      45
      59
      42
      47
      54
      66
      47
      66
      55
      59
      54
      52
      56
      53
      42
      58
      48
      55
      59
      57
      58
      44
      59
      50
      50
      50
      58
      53
      46
      51
      47
      54
      49
      49
      54
      52
      56
      53
      45
      55
      57
      55
      63
      56
      60
      55
      51
      58
      61
      64
      60
      76
      94
      92
      92
      97
     102
      96
      86
      64
      76
      57
      44
      46
      47
      43
      62
      59
      49
      53
      49
      58
      53
      56
      75
      55
      59
      46
      49
      60
      48
      47
      55
      57
      59
      66
      55
      61
      65
      55
      50
      64
      55
      69
      52
      45
      39
      50
      43
      43
      54
      48
      58
      44
      71
      55
      54
      67
      53
      64
      46
      49
      48
      56
      53
      55
      53
      39
      55
      56
      41
      67
      60
      60
      72
      45
      48
      68
      54
      56
      47
      51
      61
      51
      51
      50
      56
      55
      54
      64
      58
      63
      65
      62
      51
      69
      59
      40
      67
      43
      56
      60
      65
      68
      62
      48
      56
      60
      52
      61
      64
      51
      57
      54
      58
      42
      60
      56
      61
      53
      63
      43
      52
      47
      47
      41
      44
      45
      48
      48
      59
      64
      46
      52
      60
      48
      51
      58
      42
      55
      53
      35
      56
      69
      63
      48
      57
      49
      56
      60
      58
      46
      43
      51
      60
      45
      48
      60
      51
      49
      66
      59
      57
      62
      52
      68
      72
      77
      85
     135
     139
     166
     161
     173
     140
     118
     113
     100
      89
      81
      69
      64
      66
      71
      58
      56
      60
      45
      58
      59
      65
      57
      60
      50
      64
      68
      51
      52
      42
      70
      72
      66
      56
      55
      50
      56
      52
      62
      54
      56
      51
      50
      45
      53
      65
      51
      66
      52
      65
      50
      44
      44
      46
      50
      56
      61
      49
      47
      77
      56
      62
      56
      41
      60
      48
      51
      53
      47
      59
      57
      48
      48
      53
      43
      41
      52
      39
      47
      50
      53
      61
      44
      51
      39
      52
      61
      43
      35
      44
      62
      57
      46
      48
      53
      47
      54
      45
      37
      48
      64
      53
      49
      47
      55
      49
      65
      53
      59
      50
      56
      50
      53
      56
      50
      49
      64
      48
      42
      58
      54
      45
      58
      41
      51
      56
      53
      40
      47
      48
      47
      58
      50
      50
      51
      54
      58
      50
      47
      58
      45
      55
      51
      51
      56
      41
      45
      48
      42
      45
      41
      53
      65
      53
      53
      50
      52
      43
      51
      49
      47
      45
      46
      64
      60
      52
      53
      51
      54
      60
      50
      48
      48
      51
      45
      46
      52
      55
      45
      57
      56
      59
      40
      52
      44
      53
      59
      58
      42
      50
      52
      44
      52
      45
      57
      49
      52
      45
      65
      62
      54
      55
      59
      47
      55
      53
      56
      51
      51
      43
      49
      50
      42
      54
      43
      47
      61
      60
      61
      43
      48
      51
      51
      58
      37
      46
      53
      65
      61
      57
      54
      59
      57
      51
      59
      53
      51
      57
      51
      35
      51
      59
      51
      59
      48
      52
      49
      50
      55
      53
      55
      55
      73
      46
      44
      37
      52
      36
      47
      55
      45
      46
      56
      44
      45
      61
      48
      59
      49
      52
      42
      48
      47
      56
      48
      63
      52
      60
      64
      56
      49
      50
      58
      59
      58
      58
      55
      56
      75
      73
      56
      68
      61
      42
      56
      50
      52
      53
      58
      58
      61
      55
      38
      55
      51
      53
      42
      58
      43
      49
      52
      53
      44
      61
      66
      53
      47
      58
      47
      57
      38
      57
      49
      55
      51
      50
      64
      62
      49
      54
      59
      62
      64
      55
      54
      59
      60
      50
      44
      47
      47
      54
      52
      53
      54
      65
      56
      60
      54
      71
      54
      82
      45
      61
      58
      53
      46
      46
      54
      44
      63
      67
      65
      53
      65
      53
      62
      64
      55
      54
      75
      69
      83
      86
      78
     103
      99
     117
     137
     178
     213
     268
     297
     394
     487
     502
     529
     530
     513
     493
     458
     377
     296
     249
     191
     128
      99
      96
      73
      63
      53
      72
      61
      69
      56
      45
      53
      60
      81
      45
      75
      61
      61
      75
      70
      51
      57
      56
      70
      58
      54
      66
      62
      70
      61
      63
      60
      47
      56
      48
      56
      73
      45
      61
      59
      47
      53
      60
      58
      61
      74
      65
      43
      67
      70
      67
      60
      83
      58
      69
      58
      60
      66
      62
      62
      53
      57
      57
      53
      65
      52
      59
      68
      48
      61
      55
      54
      61
      65
      51
      60
      50
      53
      57
      51
      63
      59
      63
      64
      57
      57
      53
      50
      56
      43
      61
      86
      55
      56
      58
      61
      60
      55
      66
      59
      65
      70
      55
      55
      64
      70
      65
      60
      66
      51
      56
      72
      54
      63
      67
      70
      65
      60
      71
      73
      85
      65
      58
      73
      66
      50
      58
      54
      69
      63
      75
      55
      63
      60
      59
      57
      61
      62
      62
      59
      58
      59
      59
      64
      70
      62
      61
      62
      61
      60
      44
      67
      61
      60
      65
      54
      76
      64
      62
      69
      57
      56
      63
      67
      80
      67
      63
      56
      67
      64
      67
      59
      68
      72
      61
      44
      72
      71
      57
      64
      59
      64
      59
      83
      65
      83
      55
      66
      72
      70
      69
      64
      45
      65
      70
      67
      62
      72
      63
      61
      72
      72
      71
      74
      48
      59
      64
      66
      59
      64
      62
      59
      64
      71
      55
      56
      73
      51
      83
      54
      75
      81
      59
      76
      59
      59
      55
      70
      74
      68
      63
      59
      68
      69
      88
      57
      55
      61
      67
      63
      58
      72
      74
      69
      66
      81
      78
      65
      65
      68
      64
      60
      70
      68
      61
      56
      68
      55
      72
      69
      71
      71
      63
      67
      55
      60
      71
      64
      60
      67
      80
      85
      63
      59
      71
      86
      60
      78
      88
      62
      67
      58
      58
      66
      69
      61
      63
      66
      81
      61
      64
      75
      77
      78
      62
      65
      74
      73
      69
      86
      82
      67
      51
      68
      82
      82
      60
      72
      76
      62
      53
      74
      71
      73
      62
      76
      63
      83
      60
      67
      75
      62
      71
      81
      77
      73
      72
      62
      63
      67
      73
      73
      81
      88
      63
      75
      79
      70
      72
      66
      76
      63
      76
      69
      68
      68
      86
      56
      62
      74
      76
      69
      59
      75
      70
      68
      85
      67
      64
      69
      52
      82
      64
      72
      73
      73
      74
      72
      68
      75
      86
      65
      79
      78
      64
      74
      74
      78
      69
      75
      62
      56
      73
      51
      78
      82
      74
      79
      75
      79
      70
      73
      79
      58
      68
      90
      80
      87
      76
      75
      72
      69
      61
      75
      77
      78
      79
      61
      69
      71
      76
      77
      71
      82
      74
      61
      78
      77
      58
      71
      74
      77
      78
      72
      80
      69
      83
      98
      88
      69
      92
      82
      91
      84
      82
      73
      72
      82
      91
      77
      75
      67
     104
      73
      82
      62
      81
      69
      88
      78
      83
      78
      86
      76
      71
      85
      72
      79
      88
      74
      78
      82
      84
      69
      85
      89
      78
      81
      79
      91
      72
      77
      88
      85
      73
      91
      72
      84
      93
      94
      73
      94
      89
      82
      90
      71
      67
      87
      79
      80
      82
      76
      71
      82
      73
      91
      84
      98
      75
      77
      94
      89
      80
      92
      86
     101
      86
      83
      93
      80
      79
      81
      74
      73
      71
      80
      82
      74
      75
      93
      67
      92
      83
      89
     101
      87
      82
      87
      94
      91
      99
      83
     102
      87
      78
      98
      86
      87
      79
      93
      89
     101
      84
      79
      87
      74
      83
      92
      83
      89
     115
      91
      92
      92
      81
      89
      90
      82
      78
      75
      90
      96
      91
      67
      98
      78
      89
      86
      78
     100
      83
      77
     101
      90
      95
      70
      98
      74
      76
      82
     108
     104
      87
     106
      76
      85
      84
      96
     105
     111
      90
     107
      91
     108
      78
      94
      93
     103
      70
      95
      81
      90
      89
      97
      93
      88
      91
      89
      84
      86
     104
     105
     106
      76
     106
      97
      88
      91
     105
      91
      75
      94
     102
      73
      92
     103
      91
      82
      93
      79
     104
     100
      94
     101
      98
     113
      94
      89
     114
      87
     106
      98
      93
     100
      89
      65
     106
      78
     100
      92
     109
     105
      88
     115
      86
     103
      99
     101
      98
     104
      81
     111
      96
      99
      92
     106
      98
     101
     114
      82
      89
      71
      90
      87
      92
     102
      91
      91
      93
     104
      89
      90
     109
     102
     110
      92
     116
     114
      84
     117
      80
     102
      97
     103
      99
     106
      96
      89
      74
      85
      99
      95
     100
      68
      84
      87
      78
      94
      67
      95
      74
      73
      84
      85
      75
      84
      80
      69
      75
      81
      87
      70
      72
      84
      77
      65
      67
      73
      75
      56
      65
      87
      72
      71
      64
      63
      75
      71
      66
      73
      74
      86
      67
      67
      57
      67
      66
      76
      63
      70
      69
      61
      70
      53
      60
      78
      67
      66
      73
      80
      75
      66
      60
      67
      62
      72
      67
      74
      76
      59
      62
      62
      65
      58
      70
      73
      64
      65
      68
      70
      68
      71
      63
      60
      66
      60
      77
      69
      62
      73
      64
      62
      74
      77
      63
      57
      61
      64
      82
      52
      58
      54
      67
      58
      55
      68
      63
      57
      60
      57
      84
      58
      58
      62
      63
      55
      75
      59
      58
      77
      67
      54
      54
      60
      61
      59
      59
      66
      55
      64
      77
      52
      60
      66
      45
      69
      71
      61
      55
      70
      65
      65
      64
      71
      60
      51
      67
      47
      63
      49
      60
      66
      57
      48
      47
      58
      58
      48
      65
      49
      55
      63
      60
      51
      52
      55
      51
      54
      59
      71
      52
      62
      62
      40
      47
      41
      65
      52
      41
      53
      52
      61
      54
      53
      56
      55
      61
      48
      48
      48
      58
      54
      56
      47
      54
      61
      56
      51
      63
      54
      45
      47
      49
      56
      55
      57
      47
      50
      49
      53
      50
      57
      50
      55
      61
      45
      48
      52
      44
      33
      49
      59
      45
      56
      43
      45
      37
      43
      44
      50
      45
      46
      56
      41
      34
      37
      55
      51
      46
      40
      54
      49
      51
      48
      62
      78
      94
     103
     100
      90
     130
     124
      79
      99
      59
      79
      40
      43
      54
      35
      34
      31
      34
      44
      33
      40
      48
      31
      37
      41
      33
      29
      32
      41
      29
      40
      26
      28
      17
      30
      27
      30
      48
      35
      32
      27
      29
      24
      35
      32
      36
      22
      29
      27
      37
      30
      41
      23
      28
      29
      24
      24
      24
      34
      27
      27
      24
      34
      24
      27
      35
      23
      26
      32
      35
      22
      31
      32
      28
      29
      27
      30
      26
      22
      29
      27
      22
      13
      17
      26
      29
      26
      23
      22
      18
      31
      21
      19
      24
      16
      23
      32
      18
      25
      27
      21
      25
      21
      19
      21
      21
      18
      20
      22
      24
      14
      23
      23
      23
      18
      18
      15
      19
      26
      12
      23
      20
      21
      11
      16
      15
      14
      18
      23
      18
      22
      15
      14
      12
      13
      11
      14
      12
      18
      13
      23
      18
      17
      17
      19
      19
      13
      11
      17
      13
      12
      13
      20
      21
      14
      21
      17
      20
      14
      12
      15
      28
      18
      16
      25
      13
      18
      16
      15
      16
      18
      21
      17
      18
      14
      17
      12
      15
      17
      16
      20
      19
      15
      17
      16
      11
      13
       9
      14
      10
      15
      17
      24
      12
      14
      10
      16
      18
       8
      19
      15
      14
      20
      14
      10
       8
      15
      22
      19
      20
      14
      17
      22
       8
      14
      16
      16
      12
      13
       7
      11
      12
      24
      15
      15
      15
      13
      12
      17
      12
      12
      10
      12
      16
       7
      12
      14
      18
      18
      14
      15
      20
      11
      15
      21
      14
       7
      12
      11
      18
      16
      17
      21
      13
      15
      12
      11
      12
      17
      18
      18
      10
      16
      15
      17
      18
      10
      14
      19
      15
      16
      12
      13
      15
      16
       7
      17
      14
       8
      14
      10
      13
      16
      15
      14
      13
      11
      18
      18
       9
      10
      19
      20
      16
      12
      15
      20
      12
      21
      19
      15
      23
      14
      14
      19
      16
      18
      20
      16
      11
      18
       9
      16
      20
      18
      19
      18
      23
      19
      21
      21
      21
      17
      16
      21
      22
      24
      15
      20
      24
      23
      22
      26
      27
      22
      34
      24
      21
      34
      19
      30
      32
      28
      39
      53
      57
      58
      66
      89
     122
     150
     202
     235
     331
     422
     563
     755
    1047
    1477
    1848
    2502
    3145
    3647
    4037
    4102
    3838
    3334
    2685
    2029
    1310
     849
     509
     298
     152
      83
      55
      33
      21
      14
      13
       3
       7
      10
       8
       9
       6
       2
       8
       6
       4
       8
       5
       6
       3
       3
       4
       3
       7
       3
       8
       6
       7
       3
       4
       8
       4
       5
       5
       3
       6
       5
       6
       6
       6
       7
       8
       3
       1
       4
       8
       5
       5
       5
       5
       8
       4
       3
       4
       9
       3
       7
       4
       8
      10
       7
       3
       3
       6
       8
       6
       5
       6
       5
       3
       7
       4
       6
       5
       6
       5
       8
       6
       8
       3
       7
      10
       8
       3
       5
       2
       4
       6
       4
       4
       3
       6
       5
       5
       7
       9
       5
       5
       6
      10
       6
       4
       5
       3
       4
       3
       3
       6
       5
       3
       8
       7
       6
       5
       6
       7
       3
       5
       5
       3
       7
       5
       2
       5
       7
       3
       4
       1
       3
       3
       8
       4
       5
       5
       4
       7
       6
       7
       3
       5
       0
       2
       3
       3
       6
       3
       8
       3
       3
       6
       6
       3
       3
       6
       4
       1
       4
       3
       4
       7
       4
       5
       9
       5
       5
       9
       8
       3
       2
      10
       8
       8
       2
       7
       7
       4
       3
       6
       7
       4
       4
       5
       4
       5
       6
       2
       3
       8
       1
       3
       4
       5
       3
       1
       6
       7
      11
       3
       4
       3
       3
       2
       4
       3
       4
       7
       5
       8
       6
       4
       4
       4
       5
       3
       5
       3
      10
       6
       6
       6
       3
       5
       7
       4
       3
       4
       5
       5
       2
       3
       3
       2
       3
       5
       1
       4
       9
       7
       3
       2
       6
       3
       3
       1
       5
       8
       1
       5
       4
       3
       4
       5
       2
       5
       2
       5
       1
       3
       5
       3
       7
       4
       4
       5
       2
       2
       5
       5
       4
       4
       7
       5
       3
       8
       7
       9
       4
       2
       3
       5
       1
       3
       0
       5
       2
       4
       3
       9
       7
       5
       6
       5
       6
       4
       5
       2
       4
       6
       7
       6
       4
       4
       3
       2
       4
       6
       6
       5
       5
       5
       6
       3
       4
       6
      11
       1
       9
       7
       5
       5
       7
       5
       2
       2
       5
       3
       2
       5
       5
       2
       3
       4
       3
       7
       4
       4
       7
       5
       3
       9
       3
       6
       5
       4
       3
       6
       4
       3
       4
       6
       6
       5
       2
       2
       2
       3
       7
       8
       8
       5
       4
       6
       3
      12
       5
       6
       5
       3
       5
       3
       2
       5
       2
       7
       5
       6
       2
       6
       4
       5
       7
       4
       3
       3
       3
       6
       5
       7
       5
       5
       3
      13
       1
       1
       5
       4
       7
       7
       3
       5
       5
       7
       1
       6
       3
       8
       4
       4
       5
       2
       5
       3
       3
       7
       3
       5
       4
       0
       3
       2
       5
       3
       3
       6
       4
       5
       6
       2
       1
       3
       4
       3
       4
       3
       6
       3
       3
       4
       4
       4
       9
       1
       9
       4
       6
       4
       6
       6
       8
       6
       6
       4
       2
       2
       5
       6
       2
       3
       4
       6
       7
       2
       5
       2
       3
       1
       4
       5
       0
       3
       3
       5
       3
       9
       2
       3
       2
       6
       3
       3
       5
       3
       1
       5
       3
       2
       1
       6
       5
       8
       1
       4
       6
       2
       6
       1
       8
       4
       2
       6
       2
       5
       3
       6
       2
       5
       4
       8
       9
      10
       6
       2
       2
       5
       4
       4
       5
       7
       5
       3
       2
       1
       2
       4
       3
       5
       2
       4
       4
       3
       4
       6
       7
       9
       4
       4
       7
       5
       2
       4
       2
       5
       5
       4
       5
       8
       2
       3
       6
       6
       4
       6
       4
       5
       7
       7
       6
       8
       5
       3
       7
       3
       4
       2
       5
       2
       5
       3
       2
       5
       6
       3
       5
       1
       6
       3
       5
       5
       5
       6
       3
       2
       5
       2
       8
       3
       9
       5
       2
       4
       5
       1
       3
       4
       7
       2
       5
       4
       7
       5
       5
       4
       2
       2
       3
       7
       6
       2
       7
       7
       6
       3
       1
       6
       2
       4
       6
       3
       2
       7
       4
       4
       5
       4
       4
       4
       2
       4
       6
       4
       4
      10
       5
       4
       4
       3
       4
      11
       3
       6
       5
       6
       7
       3
       1
       3
       3
       6
       5
       4
       3
       6
       6
       7
       8
       2
       5
       4
      11
       2
       8
       3
       3
       1
       1
       5
       2
       5
       5
       3
       3
       6
       6
       6
       6
      11
       7
       2
       2
       4
       2
       7
       4
       3
       3
       2
       5
       2
       2
       4
       3
       3
       5
       5
       5
       4
       6
       5
       0
       7
       2
       2
       6
       5
       3
       6
       3
       6
       7
       6
       6
       4
       4
       3
       3
       1
       5
       2
       1
       3
       3
       4
       6
       5
       6
       6
       2
       5
       5
       4
       1
       2
       4
       3
       2
       4
       2
       2
       4
       3
       2
       5
       8
       9
       3
       7
       2
       3
       5
       4
       1
       2
       3
       2
       5
       6
       5
       4
       2
       2
       5
       4
       7
       3
       3
       7
       5
       6
       6
       4
       6
       4
       3
       4
       2
       3
       6
       2
       4
       7
       1
       6
       5
       2
       3
       2
       3
       5
       1
       2
       5
       3
       7
       3
       5
       5
       3
       5
       2
       3
       4
       0
       3
       2
       3
       3
       5
       4
       2
       8
       2
       6
       2
       2
       4
       2
       2
       2
       4
       3
       4
       1
       4
       4
       0
       3
       5
       5
       2
       0
       4
       3
       4
       7
       3
       2
       5
       5
       6
       0
       3
       2
       1
       5
       6
       3
       1
       4
       5
       8
       3
       5
       3
       4
       4
       8
       5
       9
       6
       2
       1
       2
       7
       3
       3
       2
       5
       6
       1
       6
       4
       4
       5
       5
       3
       5
       2
       4
       3
       2
       4
       5
       5
       3
       6
       4
       2
       2
       5
       3
       4
       3
       2
       3
       2
       0
       6
       3
       4
       3
       3
       2
       4
       5
       2
       3
       1
       5
     452
     933
     816
     880
     850
     857
     908
     888
     901
     828
     852
     891
     892
     847
     935
     858
     875
     854
     838
     874
     847
     924
     880
     876
     900
     847
     871
     834
     877
     845
     868
     824
     883
     851
     821
     833
     860
     863
     863
     910
     902
     888
     858
     886
     915
     887
     960
     836
     789
     873
     837
     846
     864
     879
     855
     897
     888
     932
     810
     859
     811
     858
     861
     834
     852
     860
     860
     888
     876
     827
     867
     846
     864
     869
     873
     906
     866
     870
     850
     869
     849
     837
     921
     878
     831
     878
     909
     918
     916
     859
     869
     846
     833
     855
     832
     844
     869
     874
     864
     894
     848
     881
     888
     909
     867
     860
     859
     878
     801
     888
     895
     855
     875
     902
     837
     831
     886
     851
     850
     851
     872
     821
     895
     867
     843
     861
     903
     863
     885
     854
     877
     920
     832
     867
     915
     846
     786
     890
     827
     894
     887
     850
     850
     899
     855
     878
     848
     809
     856
     846
     819
     845
     835
     809
     846
     894
     834
     836
     887
     816
     862
     830
     852
     823
     891
     829
     840
     844
     833
     849
     851
     822
     847
     833
     850
     814
     842
     855
     915
     843
     867
     861
     863
     836
     432
$ROI:
5
598 616
1488 1502
3004 3030
3417 3440
6719 6742
$PRESETS:
None
0
0
$ENER_FIT:
1.820202 0.388090
$MCA_CAL:
3
1.820202E+000 3.880899E-001 -2.021690E-008 keV
$SHAPE_CAL:
3
1.939874E+000 2.172949E-003 -2.951990E-007
