$SPEC_ID:
naa kelp 10
$SPEC_REM:
DET# 1
DETDESC# SHUGART-PC MCB 337
AP# Maestro Version 7.01
$DATE_MEA:
01/05/2016 10:22:16
$MEAS_TIM:
83576 83662
$DATA:
0 8191
       0
       0
       0
       0
       0
       0
       0
       0
       0
       0
       0
       0
       0
       0
       0
       0
       0
       0
       0
       0
       0
       0
       0
       0
       0
       0
       0
       0
       0
       0
       0
       0
       0
       0
       0
      22
     224
    1865
    5790
    6143
    6198
    6357
    6496
    6492
    6588
    6710
    6786
    6549
    6724
    6873
    6916
    6914
    7063
    7152
    7318
    7246
    7333
    7269
    7202
    6859
    7009
    7108
    7176
    7201
    6969
    6999
    6935
    7037
    6946
    6894
    6741
    6622
    6623
    6550
    6665
    6657
    6659
    6653
    6543
    6221
    6225
    5953
    6085
    5987
    6074
    5982
    5960
    5928
    5943
    5679
    5552
    5671
    5565
    5537
    5517
    5468
    5560
    5212
    5395
    5252
    5245
    5215
    5269
    5144
    5078
    5053
    4942
    4953
    4769
    4907
    4916
    4737
    4828
    5055
    5218
    5026
    4688
    4465
    4441
    4384
    4438
    4286
    4339
    4351
    4270
    4148
    4104
    4135
    4089
    4127
    4076
    3890
    4022
    3801
    3906
    3875
    3792
    3801
    3770
    3782
    3756
    3714
    3733
    3700
    3669
    3632
    3541
    3572
    3513
    3570
    3561
    3580
    3538
    3535
    3486
    3362
    3519
    3709
    3566
    3448
    3404
    3259
    3275
    3216
    3284
    3271
    3168
    3129
    3146
    3292
    3105
    3102
    3097
    2984
    3073
    3079
    3071
    3089
    3127
    3245
    3601
    4327
    4291
    3822
    3446
    3714
    4546
    5225
    4877
    3792
    2924
    2653
    2682
    2646
    2462
    2488
    2514
    2367
    2451
    2546
    2505
    2455
    2385
    2461
    2311
    2429
    2398
    2384
    2258
    2386
    2596
    2859
    3178
    3133
    2902
    2496
    2288
    2345
    2317
    2533
    2246
    2242
    2201
    2069
    2054
    2030
    1983
    1980
    1999
    2035
    1976
    2165
    2158
    2342
    2209
    2061
    2035
    1890
    1903
    1890
    1840
    1860
    1859
    1877
    1825
    1852
    1850
    1811
    1803
    1842
    1849
    1779
    1757
    1838
    1780
    1773
    1784
    1732
    1672
    1746
    1717
    1738
    1759
    1777
    1754
    1612
    1685
    1657
    1694
    1662
    1595
    1633
    1628
    1661
    1679
    1659
    1628
    1671
    1671
    1549
    1647
    1644
    1565
    1551
    1652
    1574
    1611
    1601
    1601
    1609
    1608
    1534
    1569
    1482
    1615
    1570
    1492
    1528
    1567
    1578
    1476
    1488
    1506
    1483
    1467
    1488
    1515
    1570
    1452
    1439
    1482
    1516
    1465
    1479
    1519
    1434
    1477
    1339
    1503
    1420
    1452
    1392
    1479
    1381
    1382
    1435
    1417
    1411
    1380
    1333
    1408
    1385
    1348
    1393
    1362
    1380
    1305
    1350
    1397
    1323
    1415
    1340
    1255
    1357
    1364
    1311
    1265
    1358
    1324
    1251
    1282
    1280
    1304
    1341
    1259
    1290
    1306
    1305
    1354
    1302
    1326
    1273
    1302
    1237
    1309
    1322
    1274
    1210
    1285
    1238
    1292
    1262
    1286
    1262
    1225
    1187
    1143
    1194
    1179
    1252
    1258
    1245
    1207
    1214
    1159
    1218
    1241
    1208
    1227
    1173
    1231
    1186
    1174
    1189
    1289
    1223
    1196
    1189
    1178
    1248
    1207
    1209
    1146
    1229
    1394
    1465
    1401
    1245
    1198
    1196
    1164
    1203
    1155
    1146
    1175
    1202
    1173
    1078
    1165
    1200
    1137
    1146
    1160
    1138
    1136
    1066
    1142
    1134
    1090
    1162
    1092
    1109
    1106
    1174
    1103
    1123
    1114
    1127
    1086
    1104
    1131
    1067
    1163
    1080
    1183
    1069
    1048
    1110
    1027
    1162
    1091
    1135
    1059
    1094
    1153
    1050
    1064
    1095
    1110
    1088
    1035
    1113
    1047
    1153
    1084
    1078
    1014
    1023
    1075
    1082
    1002
    1071
    1207
    1280
    1200
    1093
    1042
    1073
    1002
    1057
    1045
    1060
    1053
    1032
    1091
    1055
    1036
    1044
    1012
    1053
    1085
    1107
    1064
    1012
     985
    1044
    1044
    1012
    1024
    1042
    1068
    1038
    1040
    1060
    1045
    1025
    1001
    1055
     982
    1006
    1044
    1001
    1028
    1002
    1025
    1028
    1048
     970
    1005
    1029
     998
    1034
    1105
    1006
    1030
     961
     986
    1008
     980
     952
     965
    1013
    1023
     965
    1019
     976
    1045
     970
     935
    1003
     997
     998
     982
     962
    1016
     940
    1004
     947
     987
     974
    1002
     976
     992
     939
     989
     916
     942
    1000
     975
     950
     984
     953
     998
     904
     960
     995
     948
     959
     929
     950
     966
    1035
     928
     933
     909
     969
     944
     965
     940
     933
     994
     889
     927
     916
     897
     987
     892
     929
     926
     891
     892
     968
     937
     961
     946
     924
     941
     885
     964
     915
     949
     929
     883
     960
     931
     903
     976
     989
     976
    1064
    1068
     948
     927
     884
     895
     901
     882
     942
     893
     917
     872
     921
     896
     900
     890
     941
     950
     908
     901
     921
     839
     876
     920
     841
     889
     893
     890
     910
     901
     948
     856
     906
     882
     815
     850
     930
     909
     851
     860
     849
     891
     942
     892
     851
     843
     873
     863
     867
     893
     899
     828
     930
     854
     935
     846
     879
     886
     880
     857
     805
     854
     903
     818
     838
     887
     871
     813
     839
     885
     873
     860
     853
     862
     922
     844
     840
     862
     834
     893
     860
     883
     837
     889
     898
     827
     897
     874
     846
     919
     878
     877
     822
     892
     822
     854
     833
     865
     810
     813
     844
     811
     887
     803
     831
     816
     892
     826
     847
     808
     817
     843
     839
     845
     855
     840
     834
     831
     810
     846
     854
     855
     798
     806
     837
     854
     854
     835
     837
     859
     816
     821
     760
     845
     825
     819
     821
     841
     832
     899
     773
     833
     816
     839
     851
     819
     834
     861
     774
     801
     804
     853
     815
     792
     773
     801
     827
     828
     843
     744
     818
     873
     804
     761
     790
     771
     873
     896
     869
     798
     863
     773
     774
     812
     806
     789
     786
     820
     854
     779
     783
     814
     766
     793
     780
     777
     778
     797
     800
     780
     749
     801
     797
     799
     811
     784
     798
     774
     869
     807
     765
     777
     815
     766
     785
     761
     695
     833
     802
     800
     817
     766
     835
     827
     808
     787
     772
     781
     753
     805
     782
     786
     810
     775
     779
     769
     739
     777
     754
     724
     799
     770
     737
     821
     767
     716
     733
     767
     733
     760
     818
     803
     761
     719
     736
     790
     760
     765
     787
     764
     772
     821
     751
     776
     780
     763
     745
     811
     720
     735
     788
     770
     717
     808
     796
     809
     841
     745
     756
     748
     717
     738
     707
     722
     769
     726
     763
     741
     749
     720
     744
     745
     749
     765
     746
     766
     756
     721
     765
     735
     797
     760
     821
     768
     733
     830
     731
     747
     745
     749
     798
     732
     784
     755
     747
     764
     698
     721
     720
     704
     744
     728
     737
     707
     737
     757
     724
     754
     705
     693
     791
     700
     725
     731
     780
     764
     747
     771
     739
     715
     741
     759
     691
     756
     734
     647
     680
     710
     709
     702
     713
     737
     741
     745
     703
     755
     709
     702
     712
     753
     690
     668
     702
     669
     647
     704
     664
     708
     710
     706
     685
     717
     698
     681
     703
     697
     714
     696
     698
     691
     685
     713
     736
     731
     699
     703
     646
     709
     716
     714
     686
     694
     729
     661
     653
     724
     754
     712
     719
     690
     666
     686
     733
     658
     708
     704
     777
     720
     734
     661
     698
     719
     698
     680
     698
     705
     667
     696
     703
     655
     709
     721
     720
     665
     702
     680
     640
     678
     716
     663
     688
     686
     666
     711
     676
     685
     680
     631
     737
     688
     689
     669
     676
     627
     687
     639
     653
     714
     590
     652
     705
     683
     675
     698
     687
     629
     660
     648
     633
     680
     657
     651
     703
     621
     633
     656
     604
     699
     668
     641
     650
     662
     627
     652
     666
     683
     639
     676
     652
     676
     639
     657
     631
     678
     654
     622
     650
     655
     642
     678
     672
     658
     632
     618
     675
     644
     674
     660
     608
     641
     690
     642
     605
     690
     638
     671
     646
     673
     611
     676
     672
     687
     693
     719
     726
     663
     692
     679
     639
     651
     664
     653
     655
     679
     600
     617
     700
     622
     618
     613
     653
     645
     615
     630
     579
     633
     640
     617
     591
     639
     600
     647
     615
     596
     542
     636
     617
     645
     705
     602
     621
     626
     619
     577
     655
     645
     638
     611
     657
     619
     631
     661
     632
     632
     655
     666
     616
     634
     614
     568
     669
     665
     586
     612
     657
     591
     620
     631
     616
     672
     584
     636
     628
     633
     609
     623
     592
     646
     603
     625
     596
     588
     614
     591
     595
     597
     603
     575
     627
     611
     595
     607
     687
     647
     591
     603
     588
     535
     629
     594
     597
     616
     634
     642
     569
     639
     619
     632
     658
     608
     666
     599
     609
     622
     627
     611
     638
     625
     594
     627
     634
     603
     600
     575
     617
     566
     625
     577
     632
     607
     622
     589
     617
     553
     565
     640
     618
     619
     650
     579
     598
     593
     592
     600
     593
     614
     594
     587
     583
     597
     582
     572
     605
     599
     569
     573
     547
     588
     598
     588
     558
     580
     611
     605
     574
     603
     578
     640
     573
     554
     604
     603
     577
     570
     596
     585
     590
     559
     627
     587
     549
     551
     552
     542
     540
     584
     528
     522
     557
     566
     534
     580
     541
     624
     530
     559
     572
     656
     698
     703
     695
     778
     775
     694
     706
     704
     686
     778
     956
    1044
    1034
     931
     710
     598
     568
     530
     523
     580
     604
     535
     535
     585
     544
     576
     548
     527
     557
     553
     546
     516
     517
     513
     552
     482
     496
     526
     596
     523
     530
     538
     577
     558
     527
     539
     522
     555
     562
     525
     539
     544
     550
     556
     575
     532
     517
     507
     544
     513
     527
     517
     532
     516
     540
     527
     546
     525
     494
     519
     513
     533
     526
     537
     490
     477
     497
     541
     510
     535
     503
     528
     496
     542
     539
     503
     519
     538
     542
     513
     505
     483
     515
     470
     537
     525
     541
     487
     517
     584
     497
     508
     523
     502
     504
     501
     497
     448
     514
     496
     530
     534
     556
     606
     741
     790
     813
     729
     572
     570
     530
     474
     501
     507
     490
     552
     490
     510
     516
     518
     466
     525
     488
     539
     487
     508
     474
     487
     539
     506
     462
     502
     482
     523
     454
     510
     518
     504
     487
     477
     460
     480
     494
     527
     496
     518
     501
     504
     465
     490
     473
     452
     474
     477
     497
     473
     506
     446
     484
     461
     508
     494
     488
     496
     502
     453
     471
     493
     502
     498
     457
     465
     487
     485
     480
     451
     444
     458
     499
     469
     463
     467
     462
     467
     500
     477
     479
     471
     456
     495
     457
     437
     462
     521
     449
     458
     448
     469
     469
     480
     425
     448
     468
     470
     427
     479
     448
     445
     437
     452
     481
     455
     435
     462
     475
     445
     468
     416
     451
     492
     424
     468
     488
     454
     432
     490
     466
     511
     483
     449
     522
     464
     461
     497
     470
     523
     483
     472
     437
     475
     459
     429
     453
     477
     430
     478
     441
     479
     470
     423
     468
     443
     446
     433
     476
     453
     443
     456
     506
     524
     546
     489
     500
     456
     457
     464
     458
     407
     425
     418
     506
     557
     569
     545
     543
     492
     442
     435
     372
     416
     468
     457
     398
     421
     428
     449
     430
     412
     416
     399
     411
     429
     453
     433
     435
     408
     418
     402
     399
     414
     415
     353
     419
     424
     427
     371
     435
     401
     395
     409
     412
     420
     409
     435
     421
     418
     441
     443
     406
     415
     418
     383
     397
     371
     417
     421
     407
     432
     387
     411
     436
     422
     385
     416
     399
     389
     387
     380
     397
     452
     415
     394
     405
     383
     408
     399
     380
     430
     413
     386
     407
     408
     400
     385
     374
     385
     396
     362
     430
     422
     353
     391
     363
     390
     410
     358
     416
     386
     348
     386
     377
     408
     435
     401
     380
     381
     404
     364
     384
     374
     352
     366
     359
     380
     383
     405
     382
     331
     384
     377
     353
     423
     375
     387
     385
     375
     397
     374
     381
     366
     321
     342
     374
     383
     355
     369
     345
     396
     400
     361
     333
     340
     362
     344
     382
     372
     378
     374
     318
     389
     366
     370
     392
     372
     350
     400
     366
     378
     334
     355
     368
     373
     346
     361
     326
     363
     327
     349
     379
     342
     351
     327
     342
     335
     337
     375
     357
     382
     346
     338
     361
     352
     325
     342
     343
     337
     372
     347
     323
     319
     359
     394
     311
     335
     354
     350
     313
     353
     317
     320
     335
     341
     329
     328
     349
     347
     420
     410
     409
     389
     365
     338
     354
     348
     343
     331
     312
     299
     342
     305
     315
     352
     316
     332
     324
     359
     344
     321
     351
     326
     313
     326
     295
     321
     333
     335
     313
     335
     332
     326
     351
     319
     345
     334
     314
     306
     345
     312
     321
     322
     331
     316
     318
     350
     311
     308
     321
     347
     286
     348
     314
     306
     331
     352
     307
     303
     347
     367
     356
     394
     423
     375
     351
     321
     301
     280
     311
     340
     293
     316
     318
     305
     311
     302
     309
     293
     335
     323
     314
     291
     327
     309
     269
     303
     327
     305
     290
     311
     270
     275
     315
     301
     335
     307
     292
     285
     309
     291
     323
     297
     289
     297
     284
     291
     289
     272
     280
     311
     267
     278
     305
     295
     238
     261
     261
     271
     317
     286
     285
     294
     291
     283
     283
     294
     295
     252
     269
     289
     297
     302
     286
     278
     267
     279
     284
     274
     276
     264
     275
     277
     251
     289
     270
     275
     262
     280
     302
     291
     246
     253
     251
     296
     240
     239
     276
     257
     240
     257
     240
     236
     256
     263
     234
     283
     240
     268
     251
     271
     257
     239
     278
     262
     296
     288
     297
     282
     247
     252
     234
     261
     236
     232
     245
     263
     237
     268
     251
     250
     251
     256
     262
     292
     255
     276
     279
     330
     379
     453
     462
     440
     365
     320
     297
     283
     243
     258
     261
     252
     255
     264
     223
     241
     250
     252
     235
     251
     228
     219
     235
     207
     238
     246
     238
     243
     198
     236
     236
     231
     272
     256
     243
     261
     255
     231
     245
     245
     218
     232
     224
     244
     264
     232
     216
     243
     254
     266
     237
     275
     248
     241
     237
     217
     253
     228
     248
     228
     216
     252
     246
     231
     253
     217
     227
     237
     216
     238
     248
     224
     250
     252
     233
     230
     234
     220
     235
     219
     238
     232
     229
     207
     237
     226
     224
     216
     216
     209
     205
     235
     214
     213
     247
     220
     219
     234
     237
     217
     251
     196
     204
     206
     231
     200
     199
     233
     237
     228
     198
     210
     224
     224
     219
     202
     200
     188
     201
     213
     188
     222
     192
     197
     235
     191
     195
     216
     196
     204
     216
     214
     257
     229
     275
     263
     245
     221
     220
     218
     186
     191
     202
     212
     199
     211
     174
     199
     194
     192
     198
     178
     214
     195
     191
     196
     207
     225
     200
     187
     203
     181
     174
     209
     176
     220
     195
     205
     183
     201
     221
     197
     179
     215
     194
     176
     217
     211
     198
     205
     197
     181
     169
     178
     160
     190
     168
     199
     168
     202
     182
     149
     165
     187
     201
     176
     180
     177
     191
     199
     194
     203
     171
     197
     178
     162
     184
     164
     187
     169
     181
     188
     171
     179
     174
     169
     202
     169
     188
     172
     169
     179
     177
     184
     165
     172
     180
     163
     189
     165
     172
     181
     159
     169
     180
     177
     184
     179
     148
     158
     156
     160
     178
     172
     147
     174
     189
     165
     164
     176
     154
     149
     146
     154
     173
     164
     139
     152
     182
     158
     158
     155
     169
     153
     165
     185
     165
     169
     174
     159
     155
     172
     139
     168
     155
     189
     161
     155
     147
     146
     176
     140
     146
     148
     163
     168
     179
     174
     155
     167
     195
     183
     213
     222
     200
     184
     184
     158
     155
     145
     149
     170
     169
     140
     153
     137
     164
     136
     161
     139
     150
     148
     150
     139
     131
     142
     156
     144
     139
     151
     156
     144
     150
     151
     143
     159
     149
     126
     162
     153
     130
     155
     157
     144
     142
     133
     149
     142
     142
     124
     128
     166
     130
     145
     132
     151
     143
     172
     164
     172
     155
     152
     143
     130
     120
     120
     127
     140
     136
     123
     129
     150
     149
     118
     131
     134
     128
     148
     143
     114
     139
     118
     126
     137
     119
     143
     141
     139
     135
     124
     122
     140
     144
     124
     132
      98
     130
     115
     136
     124
     131
     107
     133
     128
     122
     111
     120
     107
      81
     126
     114
     126
     125
     105
     118
     120
     101
     113
     127
     125
     108
     106
     120
     113
     130
     121
     107
     136
     118
     101
     116
     131
     126
     119
     130
     125
     122
     113
      91
     116
     116
     110
      95
     115
     121
      97
     125
     115
     119
     120
     113
     106
     112
      92
     108
     120
     106
     122
     104
     128
     110
     104
     110
     103
     117
     108
     115
     112
      98
     110
     119
     115
      97
     104
      95
      96
     100
      96
      94
      98
      96
      91
     101
     109
     108
     127
      91
      99
      94
     109
      83
     105
      95
      84
     106
      81
     106
     105
      92
      77
      80
      77
     102
      88
      85
      85
      89
     120
     108
     111
     118
     102
      85
      87
      96
     102
      81
     102
      88
     108
     105
      90
     103
     113
     113
      74
      85
      90
      98
      82
      73
      72
      83
      74
      83
      94
      80
      82
     107
      87
     104
      93
      85
      79
      92
      94
      91
      89
      87
      88
     102
      81
      88
      83
      75
      86
      74
      92
      92
      72
      83
      89
      83
      88
      80
     100
      86
      80
      85
      76
      81
      84
      89
      66
      86
      83
      81
      95
      79
      76
      66
      58
      63
      87
      92
      93
      69
      79
      74
     100
      87
      82
      77
     107
      72
      83
      85
      87
      89
      78
      88
      79
      80
      82
      71
      78
      75
      74
      81
      89
      69
      79
      66
      74
      74
      58
      79
      60
      87
      48
      77
      64
      69
      72
      52
      62
      62
      61
      56
      57
      80
      73
      62
      64
      65
      55
      67
      74
      67
      71
      67
      76
      63
      67
      64
      62
      52
      70
      80
      66
      78
      59
      72
      65
      82
      56
      75
      53
      85
      61
      65
      63
      71
      61
      72
      67
      65
      50
      71
      64
      62
      49
      72
      75
      66
      64
      61
      62
      55
      65
      59
      51
      66
      61
      57
      48
      56
      63
      57
      53
      69
      72
      63
      66
      45
      62
      65
      68
      69
      85
     106
     123
     110
      95
      81
      80
      56
      54
      67
      62
      67
      63
      55
      47
      62
      57
      52
      51
      46
      61
      47
      54
      68
      47
      52
      45
      42
      47
      53
      44
      55
      56
      64
      57
      56
      54
      65
      54
      46
      49
      62
      46
      48
      49
      52
      57
      51
      51
      56
      57
      43
      51
      53
      43
      50
      50
      51
      57
      47
      43
      46
      52
      57
      56
      61
      53
      56
      56
      41
      55
      43
      51
      62
      44
      51
      44
      66
      47
      50
      39
      73
      86
     130
     166
     228
     278
     323
     299
     177
     135
      86
      61
      47
      58
      34
      36
      40
      56
      35
      45
      39
      37
      44
      46
      41
      48
      48
      34
      50
      45
      39
      42
      28
      37
      44
      49
      47
      45
      43
      37
      48
      37
      42
      38
      46
      31
      47
      48
      49
      39
      52
      41
      33
      45
      28
      42
      38
      36
      37
      34
      50
      52
      48
      50
      60
      34
      52
      42
      41
      32
      24
      30
      25
      34
      42
      36
      34
      32
      37
      35
      38
      35
      42
      43
      31
      32
      44
      33
      34
      37
      40
      37
      38
      37
      38
      39
      31
      37
      37
      37
      52
      51
      73
     118
     161
     162
     181
     177
     129
      79
      49
      47
      35
      40
      49
      48
      56
      76
      78
      86
      67
      54
      43
      37
      32
      46
      40
      29
      34
      24
      18
      38
      19
      37
      27
      33
      30
      28
      31
      29
      19
      34
      21
      30
      30
      34
      36
      31
      31
      19
      27
      31
      33
      34
      36
      31
      28
      36
      25
      25
      29
      27
      34
      30
      22
      35
      24
      32
      24
      31
      30
      27
      32
      29
      28
      35
      26
      23
      32
      23
      25
      34
      40
      20
      23
      27
      30
      26
      19
      27
      25
      39
      26
      27
      32
      21
      33
      35
      21
      29
      29
      29
      26
      33
      25
      19
      26
      19
      19
      20
      23
      19
      21
      27
      30
      32
      25
      29
      21
      26
      20
      32
      28
      18
      21
      33
      24
      23
      20
      28
      28
      24
      28
      24
      23
      21
      22
      26
      30
      21
      24
      29
      22
      17
      17
      15
      17
      25
      25
      17
      32
      40
      60
      58
      75
      64
      74
      52
      45
      27
      14
      29
      28
      20
      30
      14
      26
      12
      28
      21
      33
      26
      21
      21
      18
      23
      19
      28
      23
      16
      26
      15
      21
      12
      21
      26
      15
      18
      15
      25
      23
      15
      15
      21
      26
      26
      22
      16
      21
      16
      21
      19
      21
      27
      19
      17
      20
      15
      17
      17
      13
      17
      20
      17
      14
      12
      13
      21
      20
      19
      16
      17
      19
      25
      21
      17
      25
      13
      13
      18
      22
      19
      12
      26
      25
      23
      17
      13
      23
      14
      15
      24
      18
      15
      21
      13
      14
      23
      27
      20
      27
      19
      20
      18
      10
      18
      19
      13
      16
      22
      18
      13
      19
      17
      14
      21
      26
      15
      11
      12
      15
      19
      23
      15
      21
      18
       8
      25
      14
      15
      21
      24
      10
      13
      24
      17
      22
      21
      19
      14
      14
       7
      17
      12
      13
      19
      11
      11
      15
      17
      15
       9
      23
      24
      14
      25
      13
      22
      21
      15
      16
      17
      15
      11
      11
      12
      13
      15
      18
      17
      23
      13
      17
      16
      11
      14
      13
      17
      16
      11
      12
      15
      13
      22
      15
       9
      12
      10
      12
      16
      11
      10
       9
       7
       8
      16
      25
      10
      10
      13
      14
      17
      17
      11
      15
      24
      13
      14
       9
      20
      16
      13
      16
      14
      16
      15
      15
      10
      11
      13
      17
      20
      18
       7
       9
       9
      16
      13
       7
      13
      13
      13
      15
      10
      10
      12
      11
      20
      13
      15
      18
      11
      10
      18
       6
      17
       9
      13
      11
       9
      10
      14
      12
      17
       9
      17
      14
      12
      10
      11
      11
      21
      22
      27
      36
      33
      40
      39
      27
      12
      12
      13
      12
      17
      12
       9
      15
       7
      10
      13
      11
      13
       9
      17
      16
       5
      12
      11
      13
      12
      14
      14
      11
      10
      12
      15
      15
      12
      10
      12
      16
       7
      16
      14
      14
      16
      18
      18
      18
      21
      27
      21
      20
      27
      11
       7
      23
      21
      13
      18
      18
      27
      24
      27
      26
      27
      21
      21
      24
      19
       9
      13
       8
      13
       9
      10
      12
       6
       9
       7
      12
      10
       9
      12
       9
       9
       5
      23
       9
      10
       6
      11
      15
       9
       8
       9
       2
      12
      14
       8
       6
      14
      12
      15
      13
       8
      11
      18
      12
      19
      13
      16
      24
      41
      38
      47
      53
      34
      28
      22
      22
      16
       7
       9
       9
      11
       7
      16
       9
      11
       6
       6
      13
       5
      10
      13
      12
      11
       7
      19
       7
      12
       6
       7
      12
      13
      12
      12
      20
      13
      14
      29
      48
      52
      77
      64
      69
      45
      34
      22
      15
      11
       4
       7
       8
      12
      17
       6
       7
       9
      14
      11
      11
       9
       9
      11
      12
       9
      10
       8
       9
       8
       7
      13
       8
      11
       9
      12
      12
       6
       8
       8
       7
      11
       6
      10
       9
      10
       5
      10
       7
      13
      11
      12
       7
       8
       9
       4
       7
       6
      11
       7
      11
      14
      10
      18
      15
       4
       6
       7
       5
       8
       6
      11
      10
       9
       8
       9
       6
       5
       9
       8
       5
       9
       2
       8
      10
       4
      14
       8
      14
      11
      13
       7
       6
       7
       9
       9
      12
      16
       8
       8
       7
       7
       7
      10
       7
       7
       8
       6
       6
       4
       4
      10
       6
       9
       9
       4
      11
      18
      11
      19
      13
       7
      12
       4
      11
      10
      13
       5
       9
      10
       9
      10
       7
      14
       6
      10
      10
      11
       9
      15
       7
       9
      12
       8
       7
       5
       7
      10
      10
      14
      11
       9
      10
      12
      10
       6
       7
      10
       8
       8
      11
       6
       6
      11
       8
       8
      19
      10
       6
      10
      14
       4
       7
      10
      10
       6
       9
      10
       8
      11
       6
      10
      11
      10
       6
       8
      11
      12
       6
       8
      13
      10
       8
       5
       7
       9
      15
      17
      11
       7
       7
       9
      11
      10
       9
      12
       8
      10
      14
       5
      10
      11
      10
       3
      11
       4
      12
       6
      11
       9
       4
      11
       9
       5
       8
       8
       6
      10
       7
       7
       8
      11
      10
       5
       9
       7
       6
       8
       9
       7
       6
      11
       6
      10
      11
      15
      11
       5
       3
      13
       9
       8
       5
      13
      11
       6
       9
       4
       7
       9
      14
      10
       9
       9
      11
       9
       5
       9
       8
       9
       8
       7
      13
       8
       9
       3
       6
      11
       6
       6
      13
      14
       8
       6
       7
       7
      10
      10
       6
       8
      10
       5
       9
       9
      13
       4
       7
       8
       6
       6
       5
      11
      11
       6
       7
       6
       5
       6
       9
       7
       8
       3
      13
       6
       8
       9
       8
       9
       5
       8
       8
       6
      12
      11
       8
      16
      12
      14
      31
      27
      34
      70
      76
     101
     109
      88
      79
      38
      27
      17
       6
      11
       9
      12
       4
       3
       4
      12
       7
       8
       6
       5
       8
       7
       5
       9
       9
       9
       9
       4
       8
       6
      11
      13
       9
      15
      25
      15
      22
      21
      32
      24
      15
      10
      13
       9
       4
      10
       6
       9
       5
       6
       8
       9
       7
      10
       6
       8
       5
       7
      11
       7
       8
       7
      11
       6
       8
      10
       6
      10
       2
       2
       3
       4
       5
       7
       9
       8
       8
      10
       6
       6
      11
      10
       6
      10
       1
       5
      11
       7
       9
       8
      10
       7
      12
       8
       9
       5
       5
       7
       8
       5
       7
       7
       6
      10
       7
       8
       7
       6
      13
       9
       7
       5
       5
       5
       5
       5
       8
       7
       5
       6
       8
       7
       4
      10
      14
       7
      10
       8
       4
       7
       8
       4
       6
       7
       3
      10
       7
       7
       7
       6
       8
       6
       7
       1
       5
       8
       8
       8
       7
       2
       6
       6
       8
       7
       4
       7
       3
       3
       5
       9
       6
       5
       5
       8
      13
       5
       4
       4
       6
       6
       8
       5
      11
       4
       8
       6
      11
       1
       7
       2
       5
       6
       7
       5
       5
       5
      13
       3
       7
       2
       7
       5
       8
       6
       7
      10
       7
       2
       8
       5
       6
       7
       5
       8
       8
       6
       7
       7
       7
       6
       5
       8
       3
       9
      11
       7
       5
       6
       3
       4
       7
       4
       5
      11
       4
       4
       5
       5
       8
       9
       5
       9
       1
       7
       7
      12
       8
       1
       5
       5
       4
       6
       4
       4
       6
       5
       3
       7
       7
       5
       6
       4
       7
       6
       6
       9
       8
       5
       5
       5
       5
       4
       5
       9
       8
       5
       7
       5
       6
       8
       5
       6
       5
      11
       5
      11
       9
       7
       3
       8
       5
      10
       7
      12
       4
       5
       6
       6
       5
       4
       8
       4
       4
       6
       2
       9
      10
       8
       4
       5
       1
       9
       4
       6
       8
       8
      10
       6
       8
       6
       6
       5
      10
       8
       7
       3
       5
       8
      13
       6
       7
       7
       8
       6
       7
       5
       7
       4
      11
       6
       4
       8
      13
      12
       8
       6
      13
       9
      10
      10
      10
       9
      10
       9
       7
       7
       8
       9
       4
      12
       7
      11
       9
       6
       7
       6
       5
      10
       6
       8
       5
       7
       8
       5
       9
       5
       3
       5
       4
       5
       5
       5
       8
       6
       7
       6
       7
       4
       4
       2
       5
       4
       4
       3
       8
       8
       6
       5
       4
       9
       7
       3
       5
       5
      10
       5
       2
       9
       3
       2
       7
       5
       3
       9
       2
       6
       3
       9
       8
       6
       5
       5
       4
       6
       3
       4
       4
       6
       7
       6
       5
       1
       9
       6
       8
       6
       8
       6
       7
       3
       2
       3
       6
       6
       4
       8
       5
       7
       7
       8
       8
       9
       6
      12
       5
       4
       0
       1
       6
       3
       5
       5
       5
       5
       3
      10
       6
       4
      10
       8
       2
       6
       7
      10
       7
       4
       3
       4
       5
       3
       6
       6
       4
       5
       9
       8
       9
       4
       8
       4
       3
       3
       3
       6
       4
       3
       3
       6
       5
       4
       6
       6
       8
      11
       5
       1
       6
       4
       4
       3
       6
       6
       3
       7
       0
       4
       1
       4
       5
       3
       8
       3
       3
       8
       3
       5
       8
       8
      11
       8
      10
       7
       8
       3
       3
       8
       5
       3
       8
       3
       6
       3
      10
       5
       4
       7
       3
       1
       6
       5
       6
       4
       7
       6
       6
       2
       3
       3
       3
       2
       6
       5
       4
       5
       5
       4
       5
       4
       7
       9
       5
       5
       9
       8
       3
       4
       3
       2
       7
       6
       2
       2
       5
       4
       4
       5
       2
       5
       4
       3
       5
       0
       3
       8
       6
       6
       6
       5
       7
       7
      11
       6
      13
       9
       6
      15
       7
      10
       8
       6
       8
       9
       2
       4
       6
       1
       6
       3
       4
       5
       5
       2
       5
       4
       2
       7
       6
       3
       9
       1
       3
       6
       8
       2
       5
       3
       3
       4
       4
       3
       2
       1
       6
       8
       3
      11
       5
       3
       5
       5
       4
       4
       3
       2
       5
       5
       4
       5
       4
       8
       1
       4
       7
       4
       7
       3
       3
       8
       3
       9
       3
       4
       4
       7
       8
       4
       7
       4
       6
       3
       2
       4
       9
       4
       7
       7
       6
       3
       8
       4
       6
       3
       3
       2
       4
       7
       6
       4
       5
       6
       7
       6
       4
       9
       7
       9
       5
       7
       9
       6
       6
       5
       6
       6
       4
       8
       5
       5
       3
       6
       5
       3
       3
       6
       1
       0
       6
       4
       3
       4
       6
       5
       5
       5
       2
       6
       8
       3
       3
       2
       5
       7
       6
       5
       8
       5
       3
       7
       3
       7
       8
       6
       4
       5
       5
       5
       7
       4
       3
       6
       6
       2
       4
       5
       1
       5
       4
       5
       4
       4
       4
       3
       4
       3
       6
       2
       2
       3
       5
       4
       5
      11
       4
       4
      10
       6
       5
       6
       4
       8
       8
      15
      14
      16
      18
      18
      11
      12
       5
       8
       7
       6
       9
       5
       1
       4
       7
       6
       7
       3
       4
       3
       4
       7
       3
       6
       3
       3
       3
       9
       5
       6
       8
       5
       4
       3
       2
       3
      10
       7
       7
       7
       4
       3
       4
       3
       9
       2
       4
       6
       4
       2
      10
       2
       9
       7
       4
       5
       2
       3
       4
       3
       5
       2
       0
       4
       5
       2
       6
       3
       5
       3
       4
       3
       9
       7
       2
       0
       2
       4
       7
       5
       2
       5
       3
       7
       5
       4
       3
       3
       4
       5
       5
       3
       5
       7
       5
       5
       3
       4
       2
       1
       6
       6
       6
       4
       6
       3
       4
       4
       4
       5
       5
       6
       6
       2
       5
       6
       2
       3
       3
       5
       9
       0
       5
       5
       6
       3
       1
       3
       7
       7
       8
       3
       4
       3
       5
       8
       6
       5
       2
       4
       6
       6
       5
       4
       5
       4
       8
       3
       5
       6
       4
       6
       5
       3
       5
       6
       5
       4
       5
       5
       2
       5
       5
       1
       3
       4
       3
       1
      10
       7
       3
       3
       6
       3
       4
       6
       6
       3
       6
       4
       5
       7
       4
       3
       7
       2
       7
       2
       5
       5
       2
       0
       3
       2
       6
       3
       2
       3
       1
       4
       6
       6
       6
       7
       2
       6
       2
       4
       6
       9
       5
       3
       7
       3
       7
       4
       8
       4
       3
       2
       5
       5
       4
       5
       5
       3
       4
       5
       5
       7
       7
       5
       8
       3
       7
       2
       2
       4
       3
       3
      10
       5
       1
       1
       2
       4
       5
       4
       6
       4
       2
      10
       3
       2
       2
       5
       6
       2
       5
       5
       3
       8
       3
       3
       0
       3
       2
       2
       3
       1
       2
       9
       1
       8
       6
       3
       4
      10
       3
       6
       2
       1
       6
       6
       0
       8
       7
       7
       2
       1
       6
       4
       3
       0
       4
       1
       2
       7
       5
       6
       2
       4
       8
       2
       8
       3
       6
       6
       4
       3
       4
       5
       1
       8
       3
       4
       8
       0
       3
       0
       6
       3
       4
       2
       2
       1
       3
       4
       6
       2
       3
       4
       6
       7
       3
       7
       3
       2
       2
       3
       6
       5
       4
       2
       5
       3
       3
       2
       3
       2
       9
       3
       2
       4
       3
       4
       3
       3
       6
       3
       8
       7
       5
       4
       6
       3
       3
       5
       4
       3
       0
       1
       3
       9
       7
       5
       5
       4
       5
       5
       6
       2
       4
       5
       1
       1
       5
       2
       3
       2
       2
       3
       2
      10
       4
       4
       4
       4
       1
       1
       6
       4
       4
       8
       2
       1
       3
       5
       6
       5
       1
       5
       3
       3
       3
       1
       6
       4
       2
       4
       3
       0
       2
       2
       6
       5
       5
       5
       5
       3
       6
       4
       1
       5
       2
       6
       4
       6
       3
       2
       5
       4
       2
       5
       2
       4
       6
       2
       7
       3
       1
       5
       9
       3
       2
       1
       5
       3
       5
       4
       6
       3
       3
       3
       6
       3
       3
       3
       2
       5
       5
       4
       8
       1
       5
       4
       8
       3
       7
       5
       5
       2
       1
       2
       3
       6
       7
       1
       4
       5
       3
       3
       2
       2
       5
       4
       5
       6
       3
       6
       7
       2
       3
       3
       7
       2
       4
       2
       6
       2
       3
       1
       2
       4
       5
       5
       3
       2
       2
       1
       3
       2
       4
       3
       4
       1
       1
       3
       2
       2
       4
       1
       3
       6
       2
       4
       1
       5
       7
       3
       5
       4
       2
       1
       5
       6
       1
       3
       3
       2
       5
       2
       7
       8
       5
       5
       1
       4
       5
       4
       6
       4
       4
       3
       2
       1
       6
       1
       2
       3
       6
       6
       6
       3
       4
       3
       1
       7
       2
       5
       7
       5
       3
       3
       3
       3
       3
       5
       3
       8
       1
       3
       4
       5
       3
       3
       4
       3
       3
       3
       2
       5
       4
       2
       1
       3
       8
       1
       4
       2
       1
       6
       4
       4
       1
       3
       8
       2
       4
       2
       3
       4
       7
       4
       4
       8
       4
       4
       4
       3
       2
       4
       3
       3
       2
       7
       4
       3
       5
       4
       3
       1
       4
       5
       2
       3
       3
       2
       3
       2
       4
       5
       3
       3
       5
       3
       2
       4
       3
       2
       2
       2
       1
       2
       3
       8
       6
       4
       1
       3
       3
       2
       2
       7
       3
       4
       4
       1
       4
       5
       0
       3
       5
       0
       5
       3
       6
       5
       6
       7
       1
       3
       3
       6
       1
       4
       4
       0
       3
       3
       4
       1
       2
       1
       3
       2
       7
       2
       3
       6
       3
       4
       2
       5
       1
       1
       5
       6
       4
       1
       5
       1
       4
       2
       3
       6
       2
       7
       2
       4
       3
       6
       2
       5
       2
       3
       0
       4
       3
      10
       4
       5
       1
       4
       4
       6
       4
       2
       4
       3
       2
       3
       4
       3
       3
       3
       2
       3
       4
       2
       0
       3
       4
       3
       5
       4
       0
       3
       3
       3
       5
       2
       3
       3
       7
       2
       5
       4
       6
       3
       2
       2
       3
       4
       2
       8
       5
       4
       4
       4
       2
       4
       4
       2
       5
       1
       4
       5
       5
       4
       3
       1
       6
       7
       2
       1
       5
       4
       1
       0
       5
       4
       4
       6
       3
       1
       6
       2
       3
       5
       6
       2
       6
       2
       1
       4
       3
       1
       4
       2
       4
       3
       3
       3
       2
       5
       0
       5
       2
       2
       7
       5
       3
       6
       4
       7
       3
       3
       7
       4
       1
       2
       5
       3
       5
       1
       5
       3
       4
      10
       6
       3
       1
       3
       5
      10
       5
       5
       5
       6
       7
       6
       9
      11
       6
       6
       4
       7
       8
       7
       5
       4
       8
       4
       2
       6
       2
       4
       2
       4
       4
       4
       5
       3
       2
       2
       3
       5
       2
       2
       2
       4
       2
       6
       3
       1
       3
       7
       1
       2
       8
       7
       2
       3
       3
       4
       4
       5
       2
       3
       2
       2
       4
       2
       3
       3
       4
       4
       8
       3
       2
       3
       0
       1
       1
      11
       4
       4
       5
       2
       4
       4
       7
       4
       4
       2
       2
       2
       2
       3
       3
       0
       3
       4
       1
       1
       3
       3
       3
       2
       7
       5
       6
       3
       1
       4
       4
       4
       4
       1
       5
       2
       4
       2
       5
       3
       5
       3
       1
       2
       3
       2
       0
       4
       2
       3
       5
       3
       1
       4
       2
       3
       3
       1
       5
       1
       2
       6
       4
       6
       6
       0
       2
       5
       1
       1
       6
       4
       5
       3
       5
       4
       0
       5
       4
       5
       6
       3
       4
       1
       2
       4
       4
       2
       2
       2
       3
       4
       2
       3
       2
       2
       3
       1
       2
       2
       4
       1
       3
       2
       6
       3
       3
       6
       2
       1
       2
       6
       3
       1
       4
       4
       1
       0
       2
       2
       2
       3
       5
       3
       2
       4
       1
       5
       2
       3
       6
       2
       4
       2
       7
       2
       5
       6
       3
       3
       3
       2
       2
       3
       4
       3
       2
       8
       3
       4
       5
       1
       6
       0
       1
       6
       0
       6
       5
       9
       2
       4
       5
       4
       1
       1
       6
       4
       4
       5
       2
       3
       4
       2
       1
       6
       2
       4
       3
       3
       1
       2
       2
       2
       1
       3
       2
       1
       2
       3
       1
       1
       4
       2
       3
       1
       5
       9
      10
       5
       2
       5
       2
       2
       6
       4
       3
       1
       3
       4
       5
       5
       1
       6
       4
       2
       3
       3
       1
       1
       2
       2
       7
       1
       3
       3
       3
       3
       3
       2
       4
       4
       5
       1
       3
       0
       3
       3
       6
       4
       1
       4
       3
       3
       2
       3
       6
       3
       3
       4
       6
       3
       4
       3
       1
       2
       1
       3
       2
       2
       2
       2
       2
       1
       4
       1
       3
       4
       3
       3
       3
       4
       2
       2
       3
       4
       4
       3
       1
       1
       3
       6
       6
       3
       9
       2
       6
       7
       5
       4
       1
       3
       6
       7
       0
       1
       4
       4
       3
       3
       3
       3
       3
       1
       2
       2
       6
       0
       3
       2
       3
       2
       4
       2
       2
       3
       2
       3
       2
       2
       3
       3
       2
       7
      10
       4
       1
       4
       1
       2
       5
       2
       3
       4
       1
       2
       2
       1
       5
       7
       1
       5
       4
       0
       4
       6
       2
       2
       1
       3
       1
       1
       1
       1
       1
       2
       4
       1
       3
       3
       2
       4
       0
       1
       1
       0
       2
       1
       1
       2
       1
       0
       7
       2
       3
       5
       3
       4
       7
       3
       5
       5
       5
       2
       4
       1
       5
       0
       6
       1
       4
       3
       4
       1
       4
       3
       3
       1
       2
       1
       4
       5
       2
       2
       3
       2
       4
       2
       6
       4
       5
       5
       2
       7
       2
       2
       3
       4
       2
       2
       0
       2
       4
       0
       4
       5
       2
       2
       2
       6
       4
       4
       3
       2
       4
       2
       2
       1
       4
       2
       4
       2
       3
       3
       2
       0
       2
       1
       2
       2
       0
       2
       2
       5
       6
       1
       6
       2
       4
       4
       5
       3
       2
       3
       4
       2
       5
       3
       1
       3
       3
       3
       5
       5
       2
       7
       6
       2
       4
       7
       3
       2
       2
       1
       1
       3
       4
       3
       4
       3
       2
       3
       4
       2
       1
       5
       3
       5
       0
       2
       3
       2
       3
       3
       4
       1
       3
       1
       2
       3
       3
       4
       4
       3
       3
       6
       0
       2
       1
       3
       2
       4
       3
       1
       3
       2
       0
       2
       2
       3
       1
       3
       0
       1
       1
       4
       0
       5
       2
       3
       1
       2
       2
       4
       2
       4
       2
       0
       5
       1
       1
       2
       1
       4
       3
       3
       6
       4
       2
       1
       4
       2
       4
       4
       2
       3
       1
       2
       0
       3
       6
       2
       3
       0
       6
       4
       2
       2
       2
       6
       2
       2
       1
       2
       3
       3
       2
       0
       2
       2
       2
       0
       3
       1
       1
       2
       4
       2
       5
       4
       2
       1
       1
       1
       6
       6
       5
       5
       4
       2
       1
       4
       0
       1
       1
       2
       1
       1
       4
       3
       0
       6
       4
       2
       1
       1
       3
       2
       6
       2
       3
       2
       3
       2
       3
       4
       2
       1
       3
       4
       1
       5
       2
       2
       2
       3
       1
       8
       3
       0
       4
       2
       1
       2
       2
       6
       2
       5
       1
       5
       1
       3
       1
       2
       0
       6
       2
       4
       3
       2
       3
       7
       4
       1
       6
       1
       3
       1
       2
       2
       2
       3
       1
       2
       3
       7
       2
       0
       3
       6
       2
       1
       2
       4
       3
       0
       1
       3
       5
       3
       3
       4
       4
       3
       2
       1
       1
       5
       2
       0
       0
       1
       3
       2
       2
       0
       0
       6
       2
       3
       2
       2
       2
       1
       2
       3
       7
       0
       2
       1
       1
       4
       1
       3
       1
       1
       4
       1
       5
       3
       3
       1
       2
       3
       1
       3
       3
       3
       3
       3
       3
       1
       2
       2
       2
       2
       3
       3
       4
       3
       1
       1
       4
       2
       1
       0
       4
       3
       2
       2
       1
       0
       0
       5
       8
       3
       1
       1
       5
       2
       0
       4
       3
       1
       4
       4
       2
       4
       2
       4
       4
       2
       1
       2
       2
       1
       2
       1
       7
       1
       1
       1
       2
       4
       3
       1
       5
       2
       3
       1
       4
       2
       3
       2
       1
       1
       2
       4
       5
       2
       1
       3
       1
       5
       5
       4
       1
       2
       4
       2
       5
       3
       3
       1
       2
       1
       9
       2
       1
       1
       1
       3
       5
       4
       0
       3
       1
       1
       5
       2
       1
       3
       5
       1
       4
       1
       1
       1
       2
       1
       1
       1
       3
       3
       3
       3
       4
       0
       2
       2
       3
       0
       0
       0
       1
       3
       0
       2
       2
       5
       0
       3
       2
       2
       1
       3
       2
       8
       3
       4
       3
       1
       2
       2
       2
       2
       3
       2
       1
       4
       4
       2
       1
       2
       0
       2
       3
       2
       4
       1
       3
       1
       3
       1
       3
       2
       2
       1
       3
       2
       2
       0
       2
       0
       2
       4
       2
       2
       5
       0
       1
       2
       1
       4
       0
       0
       1
       4
       2
       4
       2
       2
       1
       0
       2
       3
       1
       2
       2
       2
       2
       2
       2
       1
       2
       2
       0
       1
       4
       4
       1
       4
       3
       5
       7
       3
       2
       2
       3
       0
       5
       5
       1
       2
       1
       1
       2
       4
       1
       3
       1
       2
       1
       1
       1
       3
       2
       2
       6
       2
       2
       1
       4
       3
       2
       2
       1
       3
       1
       0
       2
       1
       1
       3
       4
       2
       3
       2
       1
       6
       5
       1
       2
       0
       0
       2
       3
       5
       4
       1
       1
       5
       1
       4
       3
       3
       2
       0
       5
       0
       5
       3
       1
       1
       1
       4
       2
       1
       1
       1
       2
       3
       0
       0
       3
       3
       2
       1
       0
       4
       1
       2
       2
       1
       0
       1
       5
       4
       2
       1
       4
       2
       3
       3
       1
       0
       1
       1
       3
       3
       5
       1
       0
       1
       1
       1
       3
       1
       3
       3
       3
       1
       2
       1
       0
       2
       3
       2
       0
       2
       0
       1
       2
       2
       0
       0
       0
       2
       1
       2
       0
       2
       2
       0
       5
       5
       1
       4
       3
       3
       2
       3
       1
       0
       3
       1
       1
       2
       1
       2
       0
       0
       0
       2
       1
       0
       1
       4
       2
       3
       1
       4
       2
       1
       1
       1
       2
       2
       1
       4
       2
       1
       4
       2
       0
       2
       2
       2
       1
       0
       0
       2
       3
       0
       1
       2
       1
       1
       0
       2
       3
       4
       2
       5
       1
       2
       2
       3
       1
       0
       5
       5
       3
       2
       0
       1
       3
       4
       1
       0
       2
       1
       1
       3
       2
       2
       5
       1
       4
       2
       3
       1
       1
       1
       2
       1
       1
       2
       2
       1
       3
       2
       2
       3
       0
       0
       3
       3
       3
       2
       2
       2
       4
       0
       6
       2
       0
       1
       1
       0
       1
       1
       0
       2
       1
       5
       1
       3
       1
       4
       2
       2
       1
       2
       1
       1
       2
       0
       2
       2
       3
       4
       2
       1
       0
       5
       2
       5
       4
       9
      13
      15
      23
      32
      26
      34
      30
      38
      32
      28
      18
       8
       7
       5
       5
       1
       1
       1
       0
       1
       2
       3
       1
       5
       3
       1
       6
       2
       6
       3
       1
       0
       0
       3
       2
       5
       2
       2
       0
       3
       4
       1
       1
       3
       2
       0
       1
       4
       1
       2
       1
       1
       1
       1
       1
       4
       3
       2
       3
       3
       3
       0
       2
       0
       2
       0
       3
       0
       1
       1
       2
       1
       2
       2
       1
       4
       3
       2
       3
       0
       5
       1
       4
       2
       0
       0
       1
       1
       0
       1
       2
       2
       3
       1
       1
       3
       2
       2
       0
       0
       5
       2
       4
       1
       1
       1
       0
       1
       3
       2
       0
       2
       1
       4
       3
       4
       1
       1
       1
       4
       3
       1
       1
       1
       2
       2
       0
       0
       1
       2
       0
       0
       2
       0
       1
       4
       3
       1
       1
       3
       2
       1
       4
       2
       2
       1
       1
       2
       1
       0
       0
       3
       3
       2
       3
       1
       1
       4
       1
       1
       0
       4
       0
       4
       2
       1
       1
       2
       2
       3
       0
       1
       1
       2
       1
       2
       3
       2
       1
       4
       1
       1
       2
       0
       1
       2
       1
       3
       0
       1
       2
       2
       1
       5
       0
       1
       4
       0
       1
       2
       3
       0
       2
       3
       1
       0
       3
       2
       0
       0
       0
       1
       1
       0
       2
       4
       3
       1
       1
       2
       2
       3
       2
       0
       1
       1
       2
       1
       0
       0
       0
       1
       0
       3
       3
       3
       1
       0
       0
       3
       0
       1
       1
       2
       2
       2
       2
       1
       1
       1
       2
       2
       0
       2
       2
       0
       6
       0
       4
       0
       3
       2
       0
       0
       0
       2
       1
       0
       0
       0
       1
       5
       0
       1
       5
       2
       0
       1
       2
       1
       4
       3
       1
       2
       0
       3
       1
       1
       0
       2
       0
       1
       3
       3
       2
       2
       2
       2
       2
       3
       0
       3
       1
       2
       2
       0
       0
       0
       2
       2
       1
       1
       2
       1
       3
       1
       0
       0
       1
       4
       2
       0
       1
       0
       2
       1
       3
       3
       1
       1
       2
       1
       1
       3
       3
       0
       0
       0
       3
       3
       1
       1
       1
       2
       1
       4
       2
       4
       1
       1
       1
       2
       1
       2
       0
       0
       0
       1
       3
       0
       3
       2
       1
       2
       0
       2
       0
       2
       4
       2
       1
       0
       0
       2
       2
       0
       1
       1
       2
       2
       0
       1
       0
       6
       4
       0
       2
       0
       1
       4
       1
       1
       0
       1
       3
       1
       1
       0
       1
       1
       2
       0
       4
       3
       0
       2
       1
       3
       0
       2
       1
       2
       3
       0
       4
       3
       3
       3
       5
       2
       2
       1
       0
       0
       0
       0
       3
       2
       3
       0
       0
       0
       2
       1
       1
       0
       1
       2
       0
       2
       2
       0
       1
       0
       3
       1
       3
       0
       0
       2
       2
       1
       2
       3
       1
       1
       4
       0
       0
       2
       0
       0
       0
       0
       1
       0
       2
       3
       2
       2
       0
       1
       1
       3
       0
       0
       0
       1
       1
       1
       1
       2
       2
       1
       2
       2
       1
       1
       1
       1
       3
       3
       0
       2
       1
       1
       2
       4
       1
       0
       1
       3
       2
       0
       0
       2
       2
       2
       1
       1
       3
       4
       2
       1
       1
       3
       1
       2
       1
       4
       3
       4
       2
       2
       1
       1
       2
       1
       2
       2
       3
       0
       3
       0
       0
       1
       0
       0
       2
       2
       1
       1
       2
       1
       0
       0
       4
       1
       3
       4
       1
       3
       2
       3
       1
       3
       0
       3
       4
       2
       2
       2
       0
       0
       6
       2
       2
       2
       1
       0
       0
       0
       0
       2
       2
       1
       1
       1
       1
       1
       2
       2
       0
       2
       0
       1
       2
       2
       0
       2
       1
       1
       0
       0
       1
       0
       1
       0
       1
       2
       5
       0
       2
       1
       0
       2
       1
       2
       3
       1
       0
       0
       2
       3
       0
       5
       4
       0
       0
       2
       1
       0
       1
       2
       0
       1
       2
       0
       0
       1
       2
       1
       0
       1
       1
       3
       3
       3
       2
       0
       0
       1
       2
       0
       1
       1
       2
       2
       3
       3
       0
       2
       3
       0
       3
       3
       1
       2
       0
       1
       5
       2
       1
       1
       3
       0
       2
       1
       2
       3
       2
       0
       3
       1
       1
       0
       2
       2
       4
       2
       3
       2
       0
       1
       2
       4
       1
       4
       0
       1
       0
       1
       2
       2
       0
       5
       3
       3
       0
       0
       3
       2
       1
       1
       1
       1
       1
       1
       1
       1
       0
       1
       2
       2
       1
       0
       1
       0
       0
       0
       2
       2
       2
       3
       0
       1
       2
       1
       2
       0
       0
       1
       0
       1
       1
       0
       3
       3
       0
       1
       1
       3
       1
       1
       2
       0
       1
       0
       2
       0
       3
       2
       4
       1
       0
       0
       0
       1
       1
       2
       2
       1
       0
       2
       2
       1
       2
       1
       1
       0
       1
       1
       3
       2
       3
       1
       2
       2
       2
       1
       1
       1
       0
       0
       2
       2
       1
       0
       1
       2
       1
       1
       2
       2
       1
       0
       3
       0
       2
       1
       0
       5
       2
       2
       3
       1
       1
       4
       2
       1
       1
       2
       2
       1
       0
       1
       4
       6
       1
       0
       1
       1
       0
       1
       1
       1
       5
       1
       2
       2
       2
       1
       1
       1
       5
       1
       1
       2
       2
       0
       0
       3
       1
       1
       1
       3
       0
       2
       1
       1
       3
       0
       2
       1
       1
       2
       3
       0
       4
       2
       1
       1
       1
       3
       0
       0
       0
       2
       1
       2
       3
       0
       3
       2
       3
       0
       2
       2
       0
       0
       1
       1
       3
       2
       4
       2
       1
       0
       0
       0
       1
       2
       4
       1
       1
       3
       2
       4
       1
       1
       1
       2
       0
       2
       0
       5
       2
       1
       0
       2
       1
       0
       2
       2
       1
       1
       2
       0
       2
       0
       4
       2
       2
       1
       6
       3
       2
       1
       1
       2
       1
       2
       1
       1
       1
       1
       5
       0
       1
       2
       2
       2
       2
       0
       3
       2
       3
       1
       1
       1
       0
       1
       2
       1
       0
       0
       2
       1
       0
       1
       2
       1
       1
       0
       1
       2
       1
       4
       1
       3
       2
       2
       2
       2
       0
       2
       2
       1
       0
       1
       3
       2
       2
       1
       2
       1
       3
       1
       4
       0
       3
       1
       3
       1
       1
       0
       2
       1
       0
       2
       3
       4
       1
       2
       0
       1
       1
       0
       0
       0
       1
       1
       4
       3
       0
       0
       0
       0
       2
       4
       1
       4
       0
       1
       1
       1
       1
       5
       2
       2
       1
       1
       0
       3
       3
       0
       1
       0
       2
       3
       3
       3
       1
       0
       0
       0
       1
       0
       1
       2
       0
       1
       4
       1
       4
       3
       1
       0
       2
       0
       0
       0
       0
       2
       2
       0
       0
       4
       1
       2
       1
       1
       1
       4
       1
       3
       0
       2
       2
       1
       2
       3
       3
       0
       6
       3
       2
       1
       0
       0
       4
       1
       2
       2
       0
       2
       1
       1
       4
       3
       1
       1
       2
       1
       2
       0
       1
       2
       4
       5
       1
       0
       2
       1
       1
       2
       0
       1
       4
       0
       2
       2
       2
       0
       0
       1
       1
       0
       0
       2
       1
       2
       1
       0
       2
       0
       1
       1
       4
       2
       0
       1
       1
       2
       1
       0
       3
       0
       1
       1
       0
       1
       1
       0
       3
       0
       1
       1
       0
       2
       1
       0
       2
       0
       1
       2
       2
       2
       2
       1
       1
       2
       3
       1
       1
       0
       2
       2
       1
       3
       5
       5
       1
       3
       2
       1
       1
       1
       0
       1
       2
       0
       5
       1
       0
       0
       4
       4
       1
       1
       2
       3
       1
       0
       1
       3
       0
       1
       0
       1
       3
       2
       2
       2
       3
       0
       0
       2
       2
       4
       0
       0
       2
       2
       1
       5
       0
       0
       2
       0
       3
       1
       2
       0
       4
       1
       4
       0
       1
       1
       3
       0
       2
       4
       1
       0
       2
       1
       0
       2
       5
       2
       2
       1
       0
       4
       1
       1
       2
       1
       2
       2
       1
       3
       2
       1
       1
       3
       1
       1
       1
       1
       2
       0
       0
       0
       0
       1
       2
       3
       2
       2
     207
     360
     407
     437
     380
     436
     404
     373
     418
     395
     395
     375
     395
     409
     433
     421
     424
     389
     369
     413
     399
     412
     415
     385
     376
     399
     373
     383
     383
     382
     416
     406
     376
     404
     394
     415
     392
     398
     432
     383
     405
     389
     437
     402
     415
     409
     425
     410
     426
     407
     383
     407
     380
     419
     398
     401
     389
     413
     418
     358
     394
     411
     392
     396
     392
     443
     412
     417
     387
     404
     412
     389
     363
     443
     403
     383
     421
     395
     440
     409
     423
     401
     380
     377
     416
     411
     405
     417
     401
     428
     385
     400
     408
     418
     396
     374
     442
     426
     400
     384
     387
     375
     403
     424
     409
     374
     406
     373
     385
     425
     398
     386
     423
     393
     413
     394
     408
     395
     394
     393
     405
     414
     408
     421
     442
     370
     394
     402
     401
     355
     378
     436
     441
     402
     374
     406
     372
     415
     389
     383
     386
     393
     395
     418
     411
     420
     422
     428
     377
     423
     430
     383
     426
     413
     373
     394
     365
     396
     407
     411
     392
     404
     380
     393
     425
     415
     430
     404
     408
     416
     390
     407
     430
     435
     384
     375
     393
     402
     422
     397
     436
     404
     437
     420
     200
$ROI:
5
598 616
1488 1502
3004 3030
3417 3440
6719 6742
$PRESETS:
None
0
0
$ENER_FIT:
1.820202 0.388090
$MCA_CAL:
3
1.820202E+000 3.880899E-001 -2.021690E-008 keV
$SHAPE_CAL:
3
1.939874E+000 2.172949E-003 -2.951990E-007
