$SPEC_ID:
naa kelp 10
$SPEC_REM:
DET# 1
DETDESC# SHUGART-PC MCB 337
AP# Maestro Version 7.01
$DATE_MEA:
12/23/2015 13:13:24
$MEAS_TIM:
4138 4169
$DATA:
0 8191
       0
       0
       0
       0
       0
       0
       0
       0
       0
       0
       0
       0
       0
       0
       0
       0
       0
       0
       0
       0
       0
       0
       0
       0
       0
       0
       0
       0
       0
       0
       0
       0
       0
       0
       0
       0
      11
     185
     704
     718
     763
     789
     771
     760
     752
     751
     801
     780
     775
     808
     800
     786
     790
     869
     840
     893
     872
     907
     865
     813
     877
     799
     849
     832
     860
     829
     802
     842
     880
     810
     855
     854
     757
     766
     796
     839
     832
     832
     801
     828
     786
     744
     767
     764
     765
     732
     797
     738
     784
     783
     725
     760
     778
     673
     763
     755
     781
     734
     718
     766
     780
     695
     721
     698
     711
     694
     689
     744
     717
     679
     736
     745
     754
     759
     673
     764
     784
     734
     744
     777
     746
     774
     770
     730
     730
     734
     728
     752
     757
     717
     740
     707
     697
     720
     739
     769
     732
     761
     749
     768
     775
     804
     791
     736
     797
     763
     831
     830
     770
     793
     817
     824
     821
     805
     796
     792
     833
     793
     821
     795
     813
     784
     804
     809
     818
     781
     788
     865
     871
     881
     870
     871
     811
     816
     876
     857
     872
     838
     929
     996
    1294
    1659
    1803
    1549
    1189
    1306
    1786
    2471
    2369
    1628
    1019
     771
     623
     706
     644
     662
     621
     613
     610
     670
     622
     631
     673
     670
     673
     660
     633
     619
     616
     706
     750
     972
    1263
    1371
    1141
     867
     743
     701
     752
     775
     806
     717
     626
     576
     593
     607
     593
     597
     558
     598
     665
     736
     797
     765
     724
     605
     600
     553
     560
     566
     546
     568
     596
     560
     612
     549
     603
     544
     542
     548
     537
     567
     608
     572
     567
     608
     569
     572
     553
     595
     547
     623
     538
     564
     570
     563
     517
     550
     603
     583
     534
     532
     609
     580
     556
     541
     564
     561
     599
     555
     540
     541
     500
     529
     566
     588
     563
     569
     565
     561
     605
     605
     583
     588
     583
     559
     560
     609
     543
     589
     566
     583
     529
     595
     563
     583
     568
     619
     598
     582
     584
     590
     591
     579
     588
     590
     523
     624
     580
     575
     588
     547
     571
     611
     581
     559
     550
     569
     580
     539
     596
     559
     523
     556
     602
     566
     557
     577
     597
     590
     569
     577
     534
     568
     524
     585
     563
     598
     574
     555
     577
     576
     518
     545
     557
     570
     510
     531
     548
     523
     569
     555
     528
     522
     546
     514
     533
     525
     571
     498
     510
     511
     537
     534
     531
     534
     494
     505
     523
     504
     530
     509
     507
     529
     547
     527
     525
     501
     502
     491
     520
     519
     507
     488
     516
     491
     451
     490
     471
     477
     470
     443
     506
     548
     545
     512
     525
     515
     500
     531
     515
     524
     467
     474
     471
     487
     461
     469
     481
     433
     483
     472
     458
     493
     487
     450
     488
     486
     482
     471
     467
     488
     454
     456
     489
     480
     439
     464
     427
     471
     456
     523
     485
     482
     485
     498
     495
     508
     484
     560
     535
     534
     552
     547
     507
     566
     549
     512
     540
     514
     575
     529
     565
     526
     567
     557
     556
     561
     537
     518
     539
     594
     536
     545
     562
     587
     554
     512
     550
     557
     506
     550
     515
     569
     528
     589
     556
     546
     556
     558
     529
     547
     566
     522
     585
     582
     549
     603
     608
     564
     577
     562
     610
     599
     596
     632
     568
     571
     539
     527
     591
     588
     535
     604
     574
     546
     564
     591
     576
     512
     574
     569
     556
     555
     523
     577
     590
     601
     549
     551
     564
     555
     601
     563
     555
     526
     597
     496
     589
     569
     548
     563
     597
     546
     523
     529
     566
     546
     560
     558
     535
     545
     508
     509
     527
     550
     562
     558
     530
     526
     530
     570
     599
     667
     922
     978
     903
     783
     678
     537
     528
     540
     540
     544
     530
     476
     506
     521
     491
     504
     534
     519
     514
     532
     504
     447
     480
     514
     545
     499
     483
     541
     519
     506
     504
     471
     474
     499
     472
     500
     495
     491
     493
     496
     481
     504
     460
     502
     489
     515
     490
     450
     474
     517
     500
     468
     470
     472
     462
     466
     456
     448
     435
     440
     476
     469
     458
     447
     498
     455
     463
     461
     445
     478
     449
     451
     446
     487
     443
     397
     430
     422
     413
     481
     424
     398
     472
     464
     439
     421
     441
     451
     414
     453
     418
     449
     426
     432
     431
     404
     457
     386
     419
     403
     404
     388
     446
     422
     414
     450
     445
     384
     424
     356
     372
     412
     415
     422
     429
     405
     422
     384
     406
     372
     402
     375
     430
     396
     402
     399
     397
     408
     352
     388
     411
     381
     431
     448
     516
     538
     521
     454
     375
     379
     380
     382
     407
     393
     351
     368
     374
     391
     356
     356
     401
     376
     347
     386
     358
     358
     354
     390
     367
     363
     363
     341
     357
     381
     388
     370
     361
     333
     372
     380
     364
     357
     371
     367
     370
     353
     353
     336
     364
     342
     321
     343
     332
     331
     330
     345
     348
     350
     326
     359
     327
     348
     353
     334
     335
     311
     352
     352
     335
     368
     359
     330
     308
     336
     342
     303
     379
     305
     344
     360
     330
     345
     316
     347
     321
     333
     306
     361
     326
     323
     342
     327
     338
     317
     341
     394
     313
     347
     294
     326
     310
     328
     350
     342
     359
     339
     351
     326
     339
     322
     331
     328
     360
     305
     325
     307
     333
     264
     313
     333
     348
     334
     336
     323
     297
     334
     329
     294
     297
     306
     323
     298
     342
     288
     331
     288
     305
     316
     316
     318
     312
     299
     310
     331
     329
     294
     294
     304
     309
     327
     321
     316
     332
     316
     308
     324
     265
     314
     299
     313
     311
     313
     334
     319
     299
     297
     300
     323
     308
     308
     329
     290
     322
     264
     307
     270
     322
     299
     327
     295
     334
     330
     327
     294
     310
     297
     268
     316
     310
     330
     316
     317
     309
     312
     313
     331
     333
     280
     311
     294
     303
     326
     310
     284
     291
     303
     323
     296
     334
     308
     294
     283
     313
     302
     272
     333
     278
     338
     315
     326
     284
     313
     316
     261
     335
     299
     304
     295
     296
     282
     299
     282
     342
     302
     299
     294
     307
     306
     280
     310
     290
     282
     288
     278
     303
     304
     300
     288
     312
     312
     306
     323
     291
     306
     267
     283
     296
     280
     302
     304
     304
     306
     293
     289
     332
     299
     281
     306
     313
     284
     291
     295
     257
     298
     290
     285
     281
     277
     297
     267
     291
     254
     272
     281
     294
     273
     277
     279
     271
     276
     249
     271
     272
     247
     288
     269
     255
     258
     241
     302
     257
     250
     266
     259
     258
     273
     259
     273
     250
     268
     275
     258
     274
     239
     232
     254
     241
     236
     259
     237
     281
     260
     257
     250
     255
     261
     258
     274
     231
     260
     234
     245
     256
     254
     267
     259
     248
     227
     247
     237
     229
     240
     267
     227
     259
     245
     267
     243
     239
     246
     240
     224
     255
     225
     248
     248
     237
     245
     239
     268
     249
     239
     224
     244
     205
     230
     241
     248
     239
     255
     255
     240
     262
     222
     260
     198
     216
     252
     240
     223
     219
     235
     225
     233
     246
     232
     222
     251
     238
     216
     219
     236
     244
     247
     196
     258
     251
     210
     217
     246
     256
     242
     270
     246
     222
     220
     232
     239
     233
     208
     237
     237
     241
     232
     226
     237
     230
     230
     230
     227
     241
     230
     210
     223
     248
     234
     214
     222
     211
     231
     213
     211
     212
     199
     231
     195
     214
     242
     248
     200
     206
     174
     196
     210
     187
     212
     216
     219
     232
     222
     212
     207
     208
     195
     213
     213
     208
     211
     191
     207
     225
     207
     208
     203
     193
     202
     234
     206
     180
     212
     194
     209
     176
     212
     187
     212
     178
     189
     213
     192
     196
     207
     195
     196
     194
     210
     222
     193
     194
     223
     194
     191
     191
     167
     176
     188
     185
     196
     200
     200
     198
     196
     180
     182
     192
     189
     197
     193
     210
     193
     206
     189
     202
     210
     215
     197
     205
     191
     201
     194
     209
     186
     198
     203
     190
     185
     165
     166
     208
     198
     179
     206
     188
     200
     205
     220
     211
     172
     175
     175
     215
     187
     191
     202
     176
     201
     226
     193
     212
     188
     194
     182
     185
     188
     209
     173
     191
     216
     187
     208
     194
     214
     189
     177
     197
     200
     194
     192
     205
     198
     197
     195
     160
     203
     192
     177
     193
     187
     171
     182
     202
     199
     188
     210
     180
     207
     177
     181
     202
     191
     203
     181
     182
     227
     203
     184
     169
     191
     202
     167
     187
     190
     176
     211
     220
     213
     192
     211
     193
     199
     196
     228
     234
     255
     289
     300
     340
     335
     325
     308
     301
     275
     229
     227
     229
     208
     208
     191
     184
     189
     174
     186
     179
     182
     185
     174
     170
     174
     173
     180
     176
     168
     188
     180
     179
     182
     188
     151
     197
     171
     167
     187
     200
     162
     185
     169
     171
     167
     169
     174
     172
     199
     169
     185
     187
     173
     191
     193
     195
     187
     166
     169
     175
     148
     165
     192
     168
     186
     157
     149
     182
     184
     187
     191
     165
     190
     179
     165
     190
     171
     163
     171
     167
     185
     163
     178
     173
     189
     209
     191
     200
     189
     163
     202
     199
     168
     174
     168
     188
     189
     187
     184
     162
     183
     180
     169
     183
     202
     177
     201
     178
     197
     196
     247
     384
     794
    1735
    3414
    5542
    6683
    5997
    4042
    2020
     871
     353
     225
     201
     214
     285
     374
     523
     635
     615
     500
     320
     264
     206
     160
     177
     195
     167
     189
     186
     194
     199
     201
     166
     177
     191
     199
     165
     193
     167
     176
     173
     169
     149
     184
     175
     193
     188
     174
     178
     148
     177
     186
     160
     197
     176
     178
     197
     162
     187
     190
     182
     182
     175
     151
     183
     174
     174
     163
     177
     149
     167
     175
     166
     171
     180
     144
     212
     176
     150
     181
     179
     165
     166
     163
     161
     152
     143
     150
     146
     138
     166
     151
     130
     160
     150
     160
     151
     152
     144
     136
     160
     141
     149
     128
     162
     138
     142
     148
     174
     138
     152
     130
     142
     152
     119
     134
     133
     148
     144
     128
     139
     160
     119
     128
     146
     132
     145
     154
     146
     151
     130
     160
     142
     145
     120
     131
     146
     192
     233
     231
     208
     188
     154
     155
     131
     131
     143
     135
     146
     140
     120
     128
     125
     145
     144
     132
     147
     146
     135
     142
     133
     118
     137
     128
     157
     144
     219
     287
     541
    1195
    2157
    3228
    3657
    3190
    2131
    1087
     488
     221
     160
     136
     125
     137
     123
     113
     122
     143
     137
     112
     102
     128
     129
     148
     112
     137
     121
     129
     135
     140
     110
     140
     107
     121
     104
     112
     132
     116
     114
     109
     101
     134
     107
     111
     113
     120
     122
     106
     110
     102
     132
     111
     106
     135
     113
     110
      94
      92
     108
      95
     123
     108
     105
      99
     108
     109
     109
     105
     101
     113
     116
     105
     121
     113
     113
     128
     110
      98
     112
     110
     100
     102
      88
     102
      98
      99
      94
     112
      97
      97
      95
      94
     105
     104
      98
      93
      95
      96
     101
     118
     129
     153
     145
     136
     117
     115
      97
      95
     107
      80
      87
     107
     100
      80
      92
     105
     120
      82
     102
     105
      85
     120
      98
      96
      93
     109
      93
      98
      94
     104
      89
      91
      94
      89
      81
      98
      90
      89
      91
      85
     101
      79
      74
      93
      95
      94
      89
     117
      92
      89
      98
     106
      79
      77
      89
      91
      91
      82
      69
      80
      87
     102
      96
      81
      91
      99
      86
      85
     103
      87
      95
      97
      73
      89
      86
      77
      92
      90
      76
      81
      88
      93
      98
      97
      86
      92
      79
      90
      88
      88
      85
      89
      94
      83
      80
      88
     109
      95
      91
      82
      74
      81
     124
     172
     346
     592
    1087
    1696
    2027
    1944
    1450
     860
     408
     181
     117
      95
      85
      75
      87
      67
      82
      84
      98
      78
      81
      85
      83
      84
      81
      77
      78
      71
      69
      88
      82
      84
      76
      76
      68
      66
      77
      75
      78
      84
      67
      95
      89
      68
      77
      79
      82
      85
      68
      81
      83
      76
      72
      82
      83
      92
      79
      65
      76
      75
      83
      75
      83
      82
      69
      78
      71
      85
      89
      83
      84
      77
      72
      78
      93
      76
      75
      85
      90
      92
      76
      70
      71
      81
      78
      91
      77
      68
      54
      87
      83
      74
      79
      62
      82
      77
      86
      68
      65
      75
      77
      84
      84
      86
      75
      71
      84
      77
      80
      79
      90
      77
      90
     100
      89
      69
      82
      62
      79
      88
      67
      84
      74
      86
      74
      75
      70
      79
      75
      66
      60
      66
      71
      75
      76
      91
      87
      79
      72
      71
      79
      67
      84
      77
      71
      65
      89
      80
      75
      73
      81
      70
      70
      71
      73
     108
      84
      81
      76
      69
      82
      84
      69
      85
      67
      71
      78
      77
      63
      76
      64
      73
      70
      86
      72
      82
      96
      74
      71
      88
      80
      85
      79
      71
      67
      85
      70
      83
      88
      80
      79
      83
      81
      71
      82
      74
      87
      91
     119
     133
     228
     519
    1090
    2196
    3628
    5104
    5466
    4689
    2957
    1546
     674
     259
     126
      76
      76
      90
      75
      85
      67
      58
      79
      77
      73
      64
      69
      67
      70
      72
      69
      77
      71
      72
      50
      71
      69
      71
      55
      70
      66
      67
      69
      71
      72
      61
      65
      55
      89
      62
      74
      75
      48
      71
      65
      71
      75
      65
      64
      73
      67
      64
      81
      70
      86
      65
      73
      65
      72
      85
      56
      52
      68
      66
      75
      65
      74
      73
      82
      72
      72
      68
      79
      70
      64
      60
      79
      69
      66
      68
      70
      72
      73
      75
      82
      60
      65
      79
      72
      65
      65
      69
      64
      77
      75
      73
      68
      80
      64
      71
      68
      69
      77
      68
      83
      67
      67
      51
      61
      73
      66
      73
      70
      70
      64
      70
      67
      60
      61
      76
      81
      74
      65
      90
     101
     202
     264
     563
     895
    1353
    1537
    1401
    1068
     589
     292
     154
      88
      76
      81
      63
      68
      54
      72
      59
      57
      68
      66
      61
      61
      76
      49
      65
      47
      40
      62
      73
      64
      68
      57
      48
      55
      67
      73
      72
      66
      78
      71
      72
      64
      58
      58
      54
      44
      60
      63
      57
      66
      68
      53
      61
      71
      64
      56
      68
      50
      59
      63
      74
      51
      42
      46
      63
      49
      60
      41
      44
      62
      47
      66
      60
      65
      49
      63
      54
      50
      74
      62
      45
      67
      65
      53
      54
      62
      57
      56
      59
      62
      56
      57
      57
      75
      51
      59
      65
      55
      65
      45
      59
      45
      54
      51
      55
      49
      60
      51
      63
      64
      56
      53
      52
      49
      59
      52
      48
      48
      53
      50
      58
      46
      58
      55
      48
      50
      42
      68
      44
      61
      47
      58
      59
      48
      48
      55
      55
      49
      56
      53
      63
      42
      54
      49
      47
      52
      64
      61
      59
      61
      42
      43
      35
      44
      42
      57
      53
      60
      43
      63
      54
      52
      56
      36
      48
      57
      46
      56
      60
      51
      50
      43
      54
      48
      43
      51
      58
      62
      63
      41
      54
      50
      46
      49
      49
      43
      58
      50
      56
      47
      44
      61
      33
      35
      55
      53
      47
      54
      52
      54
      48
      53
      39
      57
      45
      58
      49
      46
      42
      63
      53
      64
      51
      42
      51
      40
      45
      48
      48
      43
      57
      32
      49
      54
      49
      45
      51
      49
      48
      38
      44
      54
      47
      56
      50
      50
      48
      53
      51
      59
      45
      48
      51
      58
      40
      44
      37
      39
      54
      52
      46
      39
      45
      43
      47
      42
      50
      52
      36
      31
      35
      42
      39
      48
      54
      49
      37
      40
      44
      36
      38
      48
      47
      49
      45
      53
      34
      42
      43
      37
      54
      53
      47
      44
      38
      47
      43
      42
      40
      52
      48
      51
      40
      35
      44
      51
      39
      42
      34
      39
      37
      49
      35
      54
      54
      39
      50
      50
      38
      40
      41
      49
      35
      49
      46
      35
      47
      46
      42
      46
      61
      51
      67
      63
      52
      65
      62
      55
      41
      26
      28
      42
      35
      43
      36
      50
      43
      43
      57
      52
      37
      41
      31
      49
      51
      47
      37
      51
      38
      56
      44
      39
      42
      50
      48
      44
      55
      52
      48
      50
      49
      41
      50
      49
      52
      48
      50
      54
      43
      49
      38
      48
      34
      41
      44
      38
      44
      44
      34
      50
      46
      38
      46
      51
      38
      42
      38
      38
      45
      41
      40
      40
      36
      38
      36
      40
      58
      50
      52
      44
      39
      38
      48
      46
      58
      43
      43
      31
      52
      53
      43
      49
      37
      50
      39
      58
      47
      48
      31
      40
      41
      40
      44
      42
      39
      39
      38
      26
      56
      38
      40
      40
      48
      49
      39
      42
      40
      46
      46
      36
      43
      26
      45
      39
      56
      39
      40
      39
      44
      46
      58
      33
      35
      40
      46
      52
      32
      37
      38
      46
      52
      45
      38
      58
      84
      81
      99
      95
      87
      81
      61
      53
      57
      37
      42
      39
      38
      37
      39
      37
      54
      51
      29
      43
      47
      50
      44
      48
      40
      54
      58
      35
      49
      37
      47
      41
      47
      48
      40
      47
      36
      52
      52
      41
      46
      46
      55
      48
      49
      48
      39
      49
      48
      56
      48
      52
      43
      43
      44
      46
      38
      40
      43
      39
      39
      55
      49
      51
      36
      56
      47
      40
      48
      27
      47
      42
      51
      52
      49
      39
      52
      41
      62
      48
      52
      56
      48
      39
      52
      35
      60
      44
      50
      69
      95
     162
     283
     461
     729
    1071
    1350
    1321
    1102
     697
     406
     208
      99
      65
      35
      44
      43
      50
      48
      35
      36
      47
      45
      28
      55
      49
      44
      45
      44
      44
      45
      33
      49
      47
      60
      32
      33
      50
      43
      45
      40
      34
      47
      54
      50
      46
      42
      44
      51
      41
      61
      48
      47
      55
      50
      42
      47
      42
      43
      57
      45
      46
      45
      46
      35
      50
      44
      41
      36
      46
      42
      41
      39
      38
      43
      43
      45
      59
      52
      50
      51
      42
      54
      52
      50
      48
      48
      40
      57
      71
      77
      64
      70
      60
      64
      49
      55
      44
      39
      55
      76
      73
      76
      74
      72
      59
      64
      52
      49
      45
      45
      56
      41
      52
      51
      57
      54
      45
      50
      44
      53
      40
      38
      48
      61
      41
      71
      45
      61
      36
      43
      47
      44
      51
      49
      49
      52
      44
      52
      54
      51
      46
      52
      59
      36
      51
      56
      59
      42
      52
      50
      52
      48
      50
      47
      49
      55
      36
      46
      47
      39
      46
      44
      54
      43
      39
      40
      45
      48
      35
      39
      38
      40
      46
      42
      36
      53
      39
      36
      46
      59
      43
      35
      38
      54
      46
      46
      50
      55
      44
      43
      42
      50
      44
      66
      58
      36
      46
      33
      25
      26
      39
      39
      49
      33
      39
      64
      44
      36
      42
      48
      46
      37
      45
      47
      45
      40
      43
      52
      47
      52
      37
      50
      55
      43
      32
      39
      37
      42
      43
      37
      51
      40
      38
      28
      55
      43
      50
      42
      37
      44
      49
      36
      34
      50
      41
      30
      50
      40
      49
      41
      44
      44
      56
      45
      45
      43
      65
      39
      42
      40
      37
      53
      50
      39
      41
      44
      42
      47
      53
      39
      41
      46
      43
      41
      48
      54
      40
      46
      46
      36
      31
      38
      44
      42
      39
      31
      46
      36
      39
      33
      39
      47
      35
      39
      36
      34
      37
      34
      40
      32
      32
      31
      31
      45
      37
      27
      36
      35
      33
      34
      36
      29
      41
      38
      29
      31
      32
      39
      30
      22
      30
      31
      31
      38
      39
      29
      42
      27
      29
      44
      37
      30
      37
      35
      43
      37
      34
      39
      56
      51
      51
      44
      40
      26
      35
      23
      29
      26
      29
      33
      32
      38
      48
      35
      19
      27
      19
      45
      42
      35
      24
      34
      34
      23
      38
      26
      27
      33
      31
      28
      33
      37
      23
      20
      35
      31
      27
      29
      30
      34
      18
      30
      31
      22
      31
      37
      26
      28
      27
      30
      29
      36
      31
      24
      29
      15
      24
      30
      31
      22
      31
      23
      29
      21
      25
      35
      33
      23
      27
      27
      29
      18
      33
      33
      27
      25
      18
      24
      31
      31
      21
      35
      29
      26
      26
      32
      26
      29
      25
      29
      21
      34
      21
      35
      21
      26
      27
      29
      25
      42
      15
      31
      36
      28
      35
      30
      31
      30
      30
      46
      37
      38
      36
      34
      23
      34
      29
      22
      36
      27
      25
      20
      26
      24
      21
      21
      21
      20
      19
      26
      24
      23
      25
      25
      28
      33
      25
      18
      26
      28
      23
      33
      36
      23
      32
      24
      22
      24
      19
      25
      21
      22
      21
      20
      23
      23
      26
      14
      28
      32
      30
      22
      14
      21
      30
      25
      24
      25
      26
      21
      16
      19
      18
      23
      23
      27
      30
      23
      25
      23
      21
      17
      29
      19
      27
      27
      26
      27
      24
      25
      21
      23
      19
      11
      24
      23
      24
      28
      22
      17
      19
      29
      26
      32
      28
      27
      30
      29
      24
      16
      20
      21
      21
      15
      23
      21
      18
      17
      12
      20
      14
      20
      20
       9
      13
      17
      19
      14
      16
      21
      20
      17
      16
      14
      19
      23
       8
      20
      20
      18
      14
      24
      15
      11
      13
      29
      22
      17
      19
       9
      15
      18
      21
      26
      12
      20
       9
      18
      13
      25
      18
      12
      17
      23
      23
      18
      22
      28
      10
      18
      16
      17
      13
      20
      19
      22
      14
      25
      18
      16
       8
      17
      14
       9
      21
      11
      11
      11
      21
      20
       9
      14
      12
      14
      23
      22
      11
      11
      16
      16
      16
      13
       9
      14
      12
      16
      13
      13
      16
      24
      11
      18
       8
       7
      22
      16
      17
      17
      19
      25
      20
      25
      17
      15
      14
      17
      15
      13
      14
      18
      16
      12
      14
      18
      20
      18
      18
      14
      17
      13
      18
      14
      13
       9
      12
      15
      11
      12
      15
      15
      15
      12
      15
      15
      12
      17
      17
      10
       7
      14
      33
      31
      25
      51
      83
     115
     256
     414
     638
     883
    1017
    1025
     892
     644
     346
     190
      78
      42
      23
      20
      15
      18
      17
       7
      11
       7
       8
      14
       8
      10
      10
      15
      12
      12
      13
       3
       7
      14
      12
      14
      12
      21
      31
      22
      33
      43
      37
      18
      24
      20
      13
      13
       9
      11
      11
      12
       8
       9
       7
       7
      15
      12
       9
       8
      13
       8
       9
       7
      11
       8
      16
       7
       7
      11
      14
      14
      16
      16
      11
       9
       4
       9
      15
      13
       9
      13
      11
       5
      11
      10
      16
      10
      12
      10
       7
      11
      14
       6
      13
      14
       4
      12
      10
      11
      12
      15
      12
      11
      10
      14
       8
      18
      12
      10
       9
      11
       9
      10
      22
       8
       9
       8
      13
      11
       7
       8
       9
      12
      11
      10
      14
      21
      27
      34
      37
      74
     112
     164
     298
     530
     782
    1061
    1298
    1336
    1129
     813
     507
     304
     113
      56
      23
      17
      13
       7
      11
       8
       7
       7
       8
       4
       6
      11
       9
       9
       7
      10
       5
       7
       8
      11
      12
       5
       8
       8
      14
      12
       8
       5
       6
       8
       7
      14
       7
       9
       9
       8
       6
       7
       4
       8
       7
       6
       9
       8
       7
       4
       5
       3
       7
      11
       8
       8
       7
       9
       7
       6
       6
      13
      18
      11
      16
      14
      25
      20
      11
      15
       7
      11
       7
       6
       4
       3
       5
      10
       5
       8
       6
       9
       6
      14
       8
       8
       6
       3
       9
       8
       9
       5
       9
       7
       4
      10
       8
       7
      11
       9
       6
      10
      10
      11
       5
       7
       8
      11
       7
       1
       8
       5
       7
       9
      10
       7
      10
       8
       6
       3
       5
      11
       7
       8
      12
      15
       6
       7
       6
      10
       4
       4
       8
       5
       7
       9
       8
       7
       6
       7
       8
       5
       5
       3
      10
       4
      11
       8
       2
       7
       9
       5
       6
       5
       7
       9
       6
       4
       5
       3
      10
       9
       5
       6
       6
       7
       7
       4
       5
       9
       8
       7
       7
       7
       5
       7
       5
       5
       5
       9
       6
       3
       7
       9
       6
       9
       6
       9
       9
       9
       4
       5
       2
       7
       8
       9
       3
      10
       4
       4
       7
       8
       8
       7
       9
      12
       6
       6
       9
       7
      12
       2
       4
       5
       8
       9
       6
       8
      10
       8
       4
       3
       6
       9
       7
       3
       7
       6
       8
       9
       4
       8
      11
      17
       6
      10
      15
       7
      10
      12
       6
       9
       5
       6
      10
      10
       5
       5
      12
       6
       3
       7
       8
       2
      13
       4
       8
       8
       8
      12
      11
      14
      26
      37
      56
      80
     160
     227
     336
     476
     533
     524
     468
     352
     204
     107
      66
      26
       9
      10
       3
       5
       5
       3
       7
       6
       5
       2
       9
       7
       5
      10
       9
       6
       4
       4
       5
       6
       5
       6
       5
       6
       3
       7
       4
       3
       7
       8
      11
       4
       8
       7
       4
       7
       5
       4
       4
       8
       5
       8
       8
       3
       5
       7
       6
       7
       4
       8
       9
       8
       5
       5
       7
       6
       3
       7
       4
       6
       6
       5
       4
       8
       9
      11
       4
       6
       5
       4
       8
       3
       6
       3
       7
       5
       3
       6
       5
       2
      10
       3
       7
       4
       5
       3
       8
       7
       1
       6
       6
       8
       5
       5
       1
       5
       7
       6
       3
       6
       2
       7
       6
       1
       3
       7
       6
       3
       7
       5
       4
       6
       5
       6
      10
       4
       5
      11
      15
      23
      10
      13
      12
      15
      13
      11
       5
       3
       7
       5
       4
       6
       5
       3
       2
       5
       6
       8
      11
       5
       7
       5
       4
       3
       4
       5
       8
       5
       5
       5
       8
       8
       4
      10
       5
       4
       8
      11
       5
       5
       6
      10
       6
      12
       7
       3
       6
       5
       7
       5
       5
       4
       8
       2
       7
       7
       6
      11
       7
      10
       4
       4
       4
       2
       9
       5
       6
       6
       8
       2
       2
       7
       3
       9
       5
       5
       6
       4
       4
       7
       1
       3
       5
      11
       5
       6
       5
      11
       7
       4
       4
       4
       3
       6
      10
       5
       7
       7
       6
       6
       4
       3
       6
       3
       5
       9
       5
       6
       6
       9
       5
       5
       6
       7
       6
       7
       5
       4
       5
       5
       8
       6
       7
       3
       4
       5
       6
       6
       4
       3
       5
       3
       4
       3
       3
       7
       6
       3
       3
       6
       3
       5
      10
       0
       7
       8
       3
       8
       6
       8
       4
       5
       8
       7
       9
       3
       7
       2
       8
       4
       4
       6
       6
       2
       1
       0
       3
       5
       8
       5
       4
       5
       4
       2
       5
       5
       4
      10
       6
       6
       5
       5
       5
       9
       5
      11
       7
       8
       8
       7
       7
       3
       4
       8
       5
       6
       5
       4
       5
      10
       4
       8
       8
      16
       7
      17
      10
      13
      14
      10
       9
       5
       3
       4
       7
       5
       4
       1
       7
       8
      12
       4
       4
       4
       2
       5
       6
       8
      10
       7
       3
       2
       5
       8
       2
       4
       0
       3
       5
       4
       5
       3
       4
       6
       6
       2
       8
       4
       3
       2
       5
       7
       4
       7
       3
       8
       6
       6
       4
       4
       5
       4
       4
       2
       2
       6
       7
       5
       5
       1
       5
       6
       4
       4
       4
       2
       7
       5
       4
       4
       4
       9
       3
       5
       5
      10
       4
       2
       5
       9
       7
      10
       5
       2
       4
       4
       2
       7
       5
       1
       5
       7
       8
      13
       4
       6
      11
       3
       5
       3
       2
       3
       9
       2
      10
       7
       6
       4
       6
      11
      11
      16
      13
      22
      31
      27
      19
      20
      11
      11
       6
       8
       6
       5
       4
       3
       4
       4
       5
       4
       4
       7
       1
       6
       8
       2
       6
       3
       3
       4
       4
       5
       3
       4
       5
       3
       3
       8
       5
       4
       3
       2
       5
       3
       5
       5
       6
       1
       3
       7
       2
       1
       4
       4
       6
       8
       7
       7
       7
       5
       8
       4
       3
       5
       5
       3
       7
       1
       2
       7
      10
       4
       5
       3
       7
      10
       5
       6
       6
       7
       2
       2
       5
       6
       9
       8
       5
       9
       3
       6
       4
       2
       1
       6
       2
       4
      10
       3
       3
       0
       6
       5
      12
       4
       3
       1
       4
       4
       3
       3
       1
       8
       7
       2
       8
       5
       2
       4
       6
       5
       3
       6
       4
       1
       8
       4
       1
       6
       3
       6
       7
       4
       5
       4
       3
       5
       9
       7
       6
       2
       4
       2
       3
       4
       5
       8
       4
       5
       8
       8
       2
       3
       4
       6
       4
       7
       6
       3
       2
       3
       2
       5
       5
       3
       3
       2
       8
       1
       3
       5
       3
       3
       7
       5
       8
       9
       9
       7
       9
       6
       1
       4
       8
       3
       6
       3
       4
       5
       6
       2
       3
       2
       7
       3
       2
       5
       2
       3
       5
       2
      10
       6
       7
       9
       9
      16
       9
      13
      19
      18
      12
      23
      27
      26
      37
      33
      34
      30
      29
      22
      10
       6
       6
       4
       5
       7
       5
       6
       3
       6
       4
       9
       6
       2
       9
       9
       4
       7
       4
       5
       3
       9
       5
       8
       2
       8
       9
      11
       8
      10
       5
       5
       9
       7
       5
       2
       5
       5
       5
       4
       3
       6
       2
       6
       6
       8
       6
       6
       4
       7
       9
       4
       8
       6
       8
       8
       4
       2
      11
       6
       5
       7
       7
       9
       6
      10
       6
       6
       7
       6
       3
       9
       6
       7
       7
       5
       4
       2
      14
       5
       7
       9
      10
       5
       6
       5
       3
       5
       3
       5
       5
       5
       6
       5
       7
       7
       8
       2
       3
       4
       6
       7
      10
       4
       6
       4
       3
       4
       5
       6
       8
       3
       7
       8
       4
       5
       5
      11
       5
      16
      10
       4
       8
       6
       3
       5
       9
       4
       7
       9
       8
       9
       7
       7
       8
       3
       4
      10
       6
       7
       8
       9
       5
       6
       2
       5
       4
       5
       3
       8
       2
       6
       2
      11
       5
       4
       3
       8
       5
       4
      12
       7
       3
       5
      10
       2
       2
       5
       6
       9
       4
       7
       4
       9
       4
       2
       5
       6
       5
       6
       4
       6
       7
       5
       2
      10
      10
      11
       6
       3
       4
       5
       5
       7
       1
       4
       3
       7
       5
       7
       9
      10
       6
       6
       4
       7
       0
       4
       5
       5
       6
       5
       6
       6
       2
       5
       4
       6
      10
       6
       7
      14
      15
      18
      10
      10
      13
       3
       9
       3
       8
       3
       7
      14
       9
       6
       7
       3
       4
       3
       5
       3
       6
       6
       3
       2
       4
       4
       6
       7
       8
       5
       4
       2
       4
      10
       4
       9
       5
       7
       5
       2
       6
       6
       8
       6
       1
       0
       5
       6
       3
       3
       5
       7
       7
       4
       4
       5
       5
       7
       3
       9
       9
       6
       4
       3
       5
       8
       7
       5
      10
       5
       7
       5
       6
       4
       7
       1
       7
       3
       5
       2
       5
       8
       3
       6
       6
       1
       7
       7
      11
       3
       5
       5
      10
       6
       8
       3
       5
       7
       9
       5
       5
       3
       5
       4
       9
       5
       6
       3
       5
       7
       9
       6
       5
       8
       4
       6
       3
       4
      10
       5
       5
       7
       8
       3
       5
       8
       7
       4
      13
       8
      20
       9
      17
      16
      23
      22
      14
      12
      13
       9
       9
       4
       5
       4
       6
       5
       4
       5
       6
       5
       4
       4
       5
       5
       6
       3
       8
      10
       1
      10
       6
       3
       9
       5
       4
       5
       4
       4
       4
       8
       1
      11
       6
       8
      13
       8
       7
       8
       1
       9
       5
       7
       5
       6
       4
       4
       7
       4
       7
       8
       9
       3
       7
       5
       5
       9
       6
       5
       5
       5
       7
       7
       7
       4
       4
       4
       5
       5
       6
       5
       0
       7
       5
       8
       9
       4
       1
       9
       5
       4
       9
       5
       7
       4
       8
       4
       6
       2
       5
       3
      11
       8
       7
       6
       8
      10
       6
       3
       6
       4
       1
       5
       5
       3
       9
       5
       8
       4
       3
       7
       6
       4
       9
       5
       3
       7
       3
       5
      10
       8
       5
       8
       7
       5
       7
       6
       6
       4
       3
       2
       6
       6
       4
       7
       4
      12
       2
       4
       7
       3
       6
       7
       7
       4
       5
       4
       6
       6
       4
       2
       8
       6
       8
       6
      10
       3
       6
       4
       5
       4
       5
       4
       3
       2
       8
       4
       7
       5
       3
       7
       8
       5
       4
       3
       3
       4
       4
       5
       5
       3
       2
       7
       4
       6
       5
       4
       5
       4
       8
       4
       4
       5
       6
       8
       4
       3
       4
       6
       3
       5
       4
       5
       5
       5
       4
       7
       4
       6
       3
       7
      10
       6
       7
       6
       4
       5
       6
      10
       5
       9
       5
       6
       3
       5
       7
       2
       3
       3
       6
       6
       7
       6
       5
       3
       6
       3
       6
       9
       7
       6
       4
       8
       2
       6
       5
       2
       3
       8
       7
       4
       4
      10
       6
       1
       3
       6
       6
       6
       4
       7
       6
       6
       5
       8
       5
       6
       7
       8
       5
       4
       1
       4
       4
       3
       4
       4
       5
       7
       6
       4
       3
       5
       3
       2
       7
       6
       7
       2
       5
       6
       6
       8
       3
       4
       4
       8
       2
       8
       6
       8
       8
       4
       9
       8
       1
       7
       8
       8
      10
       4
      10
       2
      11
       5
       5
       4
       6
       4
       3
       3
       4
       4
       7
       1
       7
       6
       4
       6
       9
       4
       6
       4
       9
       8
       5
       0
       7
       3
       3
       9
       6
       6
       7
       2
       8
      10
       7
       2
       5
       1
       7
       8
       3
       6
       7
       4
       4
       6
       3
       9
       4
       6
       5
       5
       8
       6
       3
       7
       7
       8
       7
       2
       6
       5
       7
       4
       7
       6
       8
       7
       3
       8
       4
       6
       3
       4
       2
       4
       4
       7
       4
      10
       4
       9
      10
       4
       4
       6
       9
      12
       7
       9
       4
       1
       9
       7
       4
       8
       3
       6
       5
       7
       4
       4
       3
       8
       3
       5
       2
       2
       4
       2
       8
       4
       8
       4
       6
       3
       5
       3
      10
       6
       4
       4
       2
       1
       6
       5
       5
       5
       5
       6
       6
       4
       5
       9
       7
       8
       4
       4
       3
      10
       8
       7
       3
       3
       6
      10
       7
       3
      10
       4
       2
       4
       7
       5
       9
      10
       5
       2
       5
       6
       7
       6
       4
       5
       7
       4
       7
       4
       5
       4
       8
       7
       5
       9
       3
       4
       5
       6
       4
       8
       6
       5
       6
      13
       7
      10
       6
      10
       5
       1
       4
       4
       6
       8
       8
       3
       5
       7
       5
       4
       4
       4
       7
       3
       9
       6
       2
       4
       7
       3
       8
       3
       3
       9
       5
       5
       3
       6
       5
       7
       4
       7
       7
       5
       8
       4
       1
       3
       7
       6
       7
       2
       7
       6
      11
       4
       6
       8
       8
       8
       3
       7
       5
       5
       5
       5
       1
       7
       6
       9
      11
      17
      13
      15
       7
      16
      11
      13
       7
      12
       6
       6
       6
       7
       5
       9
       6
       7
       3
       5
       5
       5
       4
       3
       6
       6
       3
       3
       6
       7
       2
       3
       6
       4
      11
       6
       6
       3
       3
       5
       7
       7
       8
       3
       3
       4
      10
       9
       6
       5
       4
       2
       3
       3
       7
       6
       8
       2
       6
       5
       6
       5
       8
       2
       2
       5
       6
       8
       4
       1
       7
       3
       6
       5
       7
       6
       6
       4
       6
       3
       5
       3
       9
       5
       5
       7
       9
       2
       6
       4
       7
       5
       8
       2
       6
       5
       8
       6
       7
       5
       6
       6
       3
       9
       5
       8
       6
       2
       8
       5
       8
       5
       5
       9
       8
       4
       5
       6
       6
       6
       3
       4
       6
       7
       4
       6
       6
       2
       2
       8
       9
       3
       6
       2
       6
       2
       8
       6
       6
       3
       6
       7
       4
       4
       6
       7
       5
       7
       4
       7
       4
       4
      11
       9
       3
       6
       3
       7
       1
       3
       7
       7
      11
       5
       7
       6
       7
       3
       6
       9
       8
       4
       8
       5
       6
       3
       4
      11
       6
       2
       5
       1
       7
       6
      10
       4
       3
       8
       5
       3
       6
       9
       8
       5
       7
       4
       4
       7
       4
       2
       5
       8
       3
       4
       9
       3
       5
       5
       6
       9
       4
       5
       7
       4
       8
       6
       4
       4
       2
       5
       6
      11
       8
       5
       5
       5
       6
       4
       6
       6
       2
       3
       3
       4
       6
      11
       4
       3
       5
      11
       5
       8
       3
       8
       5
       3
       5
       2
       4
       6
       9
       8
       5
       9
       1
       6
       5
       6
       4
       7
       5
       5
       7
       5
       9
       4
       8
       3
       1
       3
       3
       4
       9
       2
       8
       8
       7
       7
       6
       4
       4
       8
       1
       4
       7
       6
       6
       5
       4
       6
       6
       7
       8
       4
       4
       9
       8
       4
       4
       6
       8
       2
       4
      11
       8
       4
       9
       6
       9
      13
       5
      11
       4
       6
       4
      11
       4
       3
       1
       7
       0
       5
       3
      11
       3
       8
      11
       4
       6
       2
       6
       4
       9
      11
       7
       7
       8
       5
      12
       8
       7
       6
       3
       7
       5
       3
       7
       7
       1
       2
       4
       7
       7
       5
       5
       8
       4
       8
       6
      12
       6
       6
       4
       4
       7
       1
       4
       4
       5
       7
       5
      11
       5
       1
       7
       9
      10
       9
      17
      10
      19
      25
      25
      42
      37
      61
      52
      74
      49
      69
      63
      53
      52
      38
      29
      16
      14
      14
       8
      14
       7
       3
      10
      12
       4
      13
       4
       7
       6
      10
       6
       7
       6
       4
       3
       6
       4
       9
       7
       8
       7
       9
       5
       8
       9
       5
       9
       2
       4
      10
      15
       6
       3
       6
       6
       7
       8
       8
       7
       7
       6
       9
       7
       5
       4
       5
       4
       6
       8
       7
       8
       5
       2
       4
       4
       6
       7
       6
       3
       7
       7
       9
      10
      13
       3
       3
       6
       7
       7
      11
       4
       7
       4
       9
       4
       4
       2
       7
       3
       6
      11
       5
       8
       6
       5
       3
      10
       8
       9
       9
       6
       9
       5
       5
       8
       8
       4
      14
       7
       7
       5
       4
       9
       3
       4
       9
       6
       4
       6
       6
       4
       7
      12
       8
       9
       9
       6
      10
       7
       8
       3
       3
       6
       3
       8
       7
       7
      11
       5
       6
       4
       4
      10
       4
       8
       5
       3
       8
       5
       5
      11
       9
       4
       8
       5
       8
       7
       8
       6
       6
       8
       7
       5
       5
      10
       8
       6
       6
       7
       7
      10
       4
      13
       4
       4
       5
       7
       8
      12
       4
       9
       8
      12
       9
      12
       5
       8
      10
       1
      10
       5
       5
       8
       3
       6
       7
       9
       7
       6
      12
       8
       7
       8
       9
       6
       7
       6
       6
      12
       6
       5
      15
       8
       4
       6
       7
       5
       5
       4
       7
       2
       7
       8
       6
       2
       7
       9
       8
       5
       8
       5
       8
       5
      12
       4
       9
       3
       6
       6
       4
       8
       6
       8
      10
       3
       7
       7
      11
       4
       6
      12
       3
       8
       5
      11
       7
       5
       9
      11
       6
       7
       4
       6
       3
      10
       8
      10
      14
       5
      13
       8
       5
       7
      13
       9
      10
       6
      12
       5
       6
       7
       7
       7
       6
      10
       3
       7
      11
      10
      10
       9
       9
      10
      11
       6
       2
       8
       8
       4
      10
       7
      12
      10
       6
      15
      10
      11
      13
       8
       8
       4
       7
       8
       7
       8
       3
       8
       5
      10
       6
       5
       6
       9
       6
      11
       8
       9
       7
       7
      12
       7
       2
       5
      12
       8
       5
       6
      10
      10
      13
      11
      10
       9
       7
       9
      12
      12
       3
       7
       7
       5
       1
       7
       7
      11
      10
       6
       8
       9
       7
      12
       8
      11
       7
       7
       5
      11
       7
       7
       5
       9
       7
       7
       6
       7
       6
       8
       9
       5
      15
       5
      11
       4
      11
      10
       7
       9
       9
       9
       6
       8
      15
       8
       8
       9
      15
      11
       7
      15
       6
       8
      10
       6
      10
      15
       9
       7
       8
       9
       5
       7
       7
      10
       8
       8
      11
      10
       8
      10
      12
       7
      12
       7
      12
      11
       9
      12
      13
      10
      12
      10
      13
       4
       8
       6
       8
       9
      10
       4
       6
      11
      10
       4
      11
      11
       3
      13
       8
      11
      11
       7
       9
       8
       9
      11
       9
      10
      18
       8
       8
       8
       9
      17
      12
       9
       7
      17
       6
       9
       8
       6
      11
      10
      15
       9
      15
       4
       8
       3
      13
       9
      10
       9
      12
       8
      14
      11
       7
       6
       8
       6
      12
      10
       8
       7
      11
      11
      11
       8
      13
       6
       9
      11
       5
       6
      13
      13
      13
      13
       8
       4
       7
       8
      15
       9
       9
       7
       9
      10
       7
       7
      12
      12
      11
       8
      12
      13
      12
      11
       5
      12
      17
       9
      11
       9
       8
       6
       8
      18
      12
       9
       7
      18
      15
      13
       7
      11
       7
      12
      10
      11
       9
      11
       7
       7
      13
      11
       9
      10
       8
       8
      10
      13
      11
      13
      10
      13
       9
       8
       7
       7
       9
      11
      11
       8
       6
      15
       9
      12
      15
      12
      11
      12
      14
      12
       9
      14
      13
      18
      10
      17
       7
      12
       9
       5
       9
       7
      13
      10
      10
       5
      12
      11
      11
       4
      10
       8
      12
      10
       9
       6
      11
      15
       9
      16
       3
      18
      12
       5
       8
       7
      10
      14
       8
      11
      14
      12
      12
      14
      11
      15
      16
      13
      15
      13
       9
       8
      18
      13
      10
      11
       8
      10
      11
      14
       7
      14
      14
      15
      11
       8
       8
      15
      17
      13
      13
      19
       7
       7
      13
      13
      15
       7
       8
      11
      10
       9
       8
      12
      13
      10
      11
      18
      15
      12
      12
      11
      12
      11
       8
       8
      11
      13
       3
       6
       9
       9
       8
      14
      10
       7
      12
      12
      11
      10
       8
       8
       6
      10
      15
      20
       8
      11
      16
      10
      11
       9
      10
       9
      10
      11
      12
       8
      10
       7
       9
      11
       9
       5
      11
       9
      14
      16
      13
       5
       9
      11
       5
      10
       8
       8
      11
      14
       5
      12
       6
      11
       5
       5
       9
      12
       8
      10
       8
       8
       6
      13
       9
      10
       9
       4
       5
       5
       4
      14
       8
      10
       8
      13
       5
      10
      12
       7
      12
       7
       5
      10
       7
       5
       4
       9
       8
       4
      15
       5
       9
      12
      11
      10
       6
       3
       4
      11
       8
       6
       7
       2
      10
       5
       8
       5
       9
       6
      12
      16
      10
       6
       3
       8
       7
       8
      10
       7
       6
      11
       3
       9
      10
       6
       4
       7
      10
      10
      11
       7
       7
      12
       7
       9
       8
       8
       8
       9
       6
      10
       6
       4
       8
      12
       9
      11
       5
       4
       6
       8
      10
       7
       5
       8
       3
      11
       6
      10
       3
       5
       7
       5
      14
       1
       5
      11
       4
       5
       6
      12
       9
       6
       8
       6
      11
       4
      11
      11
       5
      12
       0
       8
       9
      11
       7
       3
       4
       5
       5
       5
       6
       7
       7
       9
       4
       6
       6
       6
       3
       5
       6
       8
       5
       3
       7
       7
       9
       3
       2
       5
       6
      11
       6
      10
       4
       6
       6
       9
      10
       4
       7
      11
      10
       7
       5
       3
       1
       7
       7
       6
       3
       3
       5
       4
      12
       1
       9
       3
       5
       6
       6
      10
       3
       6
       6
       4
      12
       5
       2
       7
       5
       4
       6
       2
       3
       5
       3
       7
       4
       7
       4
       6
       6
       5
       3
       5
       5
       8
       2
       8
       9
       6
       6
       6
       5
       3
       3
       5
       3
       6
       3
       8
       6
       3
       5
       4
       2
       3
       1
       3
       9
       2
       1
       9
       6
       3
       5
       8
       5
       5
       5
       5
       2
       3
       6
       5
       6
       4
       4
       7
       2
       6
      11
       6
       3
       4
       0
       3
       1
       2
       6
       7
       4
       3
       4
       1
       6
       4
       3
       3
       1
       2
       2
       2
       0
       3
       2
       1
       3
       1
       2
       2
       3
       3
       0
       3
       2
       3
       2
       1
       3
       2
       4
       4
       5
       3
       4
       1
       5
       5
       4
       4
       2
       1
       2
       2
       1
       2
       2
       2
       3
       4
       1
       0
       1
       4
       4
       0
       2
       0
       2
       1
       5
       1
       3
       3
       2
       2
       0
       2
       1
       3
       1
       0
       1
       2
       1
       1
       2
       1
       1
       1
       3
       3
       3
       2
       0
       3
       0
       2
       0
       2
       1
       1
       0
       1
       2
       4
       1
       3
       1
       5
       4
       1
       2
       1
       0
       0
       1
       1
       1
       2
       2
       1
       1
       0
       1
       2
       2
       4
       1
       1
       0
       3
       0
       2
       2
       0
       4
       0
       0
       3
       1
       2
       0
       2
       0
       0
       3
       2
       0
       0
       0
       1
       1
       2
       2
       1
       3
       3
       3
       2
       1
       1
       1
       1
       5
       1
       2
       0
       1
       2
       2
       1
       2
       1
       1
       2
       2
       2
       1
       1
       2
       2
       0
       1
       3
       2
       1
       0
       2
       1
       2
       0
       3
       1
       4
       1
       3
       2
       2
       2
       2
       2
       1
       2
       2
       4
       1
       1
       1
       4
       0
       1
       3
       0
       2
       2
       1
       1
       0
       2
       1
       1
       1
       0
       0
       0
       0
       1
       0
       1
       1
       3
       1
       2
       2
       2
       1
       1
       1
       0
       2
       0
       0
       1
       0
       1
       1
       3
       1
       2
       3
       2
       1
       0
       1
       2
       3
       1
       3
       0
       3
       2
       3
       2
       2
       1
       2
       3
       1
       3
       1
       1
       2
       3
       2
       3
       2
       2
       2
       3
       4
       3
       2
       0
       2
       0
       4
       4
       1
       3
       1
       4
       2
       6
       2
       2
       1
       1
       3
       2
       6
       5
      20
      12
      16
      17
      16
      26
      39
      58
      65
     111
     134
     161
     227
     296
     376
     459
     511
     546
     490
     420
     297
     210
     167
      85
      57
      18
      23
       9
       1
       3
       3
       3
       0
       1
       2
       0
       2
       1
       0
       0
       0
       1
       0
       0
       0
       0
       1
       0
       0
       0
       0
       0
       0
       0
       0
       0
       0
       0
       0
       0
       1
       0
       1
       0
       0
       0
       0
       0
       0
       1
       0
       0
       1
       0
       0
       0
       0
       0
       0
       1
       0
       1
       0
       0
       0
       0
       1
       0
       0
       0
       0
       1
       0
       0
       1
       0
       0
       0
       0
       0
       0
       0
       0
       0
       0
       1
       0
       0
       1
       1
       0
       0
       1
       0
       1
       1
       0
       1
       1
       0
       0
       0
       0
       0
       0
       0
       0
       0
       0
       0
       1
       0
       0
       1
       0
       0
       0
       0
       1
       0
       0
       0
       0
       0
       0
       0
       0
       0
       1
       1
       1
       1
       0
       0
       0
       0
       0
       0
       0
       0
       0
       0
       0
       0
       0
       1
       0
       1
       0
       0
       0
       0
       0
       0
       0
       0
       1
       0
       0
       0
       0
       1
       0
       0
       0
       0
       0
       1
       0
       0
       0
       1
       0
       0
       0
       0
       0
       0
       0
       0
       1
       0
       1
       0
       1
       1
       1
       0
       0
       0
       0
       0
       0
       0
       0
       2
       0
       0
       0
       1
       1
       0
       0
       1
       0
       0
       0
       1
       0
       0
       0
       1
       0
       2
       0
       0
       0
       0
       1
       0
       0
       0
       0
       0
       0
       0
       0
       2
       0
       0
       0
       0
       0
       1
       0
       2
       0
       0
       0
       1
       0
       1
       0
       0
       0
       0
       0
       0
       0
       0
       0
       0
       1
       0
       0
       0
       0
       1
       1
       1
       0
       1
       0
       0
       0
       0
       0
       1
       0
       0
       0
       0
       0
       0
       1
       0
       0
       1
       0
       0
       0
       0
       0
       0
       0
       1
       0
       1
       0
       0
       0
       0
       0
       0
       0
       0
       1
       0
       0
       0
       0
       1
       0
       0
       0
       0
       0
       0
       0
       1
       1
       0
       1
       1
       1
       0
       0
       0
       1
       0
       0
       0
       0
       0
       0
       0
       0
       0
       0
       1
       0
       0
       0
       0
       0
       0
       0
       0
       0
       0
       0
       1
       0
       1
       1
       0
       0
       1
       0
       0
       2
       0
       0
       0
       1
       1
       0
       1
       0
       0
       0
       0
       0
       0
       0
       0
       0
       0
       0
       0
       0
       1
       0
       0
       0
       0
       0
       0
       0
       0
       0
       0
       0
       1
       0
       0
       0
       1
       0
       0
       0
       0
       0
       0
       1
       0
       0
       1
       0
       0
       0
       0
       0
       0
       0
       0
       0
       0
       0
       1
       0
       0
       0
       0
       0
       0
       0
       1
       0
       0
       0
       0
       0
       0
       1
       3
       0
       0
       0
       0
       0
       0
       0
       0
       0
       0
       0
       0
       0
       0
       0
       0
       0
       0
       0
       0
       0
       0
       1
       0
       0
       0
       0
       0
       0
       1
       0
       0
       1
       1
       0
       0
       0
       1
       0
       2
       0
       0
       0
       1
       0
       0
       0
       0
       2
       0
       0
       0
       1
       1
       0
       0
       0
       1
       0
       0
       1
       0
       0
       1
       0
       0
       0
       0
       0
       0
       0
       0
       0
       0
       0
       0
       0
       0
       0
       1
       0
       0
       0
       0
       0
       0
       4
       1
       0
       0
       1
       0
       0
       0
       1
       0
       1
       0
       0
       0
       0
       0
       0
       2
       0
       0
       0
       0
       0
       1
       1
       0
       1
       1
       2
       0
       0
       0
       0
       0
       0
       0
       0
       0
       0
       0
       0
       0
       0
       1
       0
       0
       0
       0
       0
       0
       0
       0
       1
       0
       0
       0
       0
       0
       1
       1
       0
       0
       0
       1
       0
       0
       0
       0
       1
       0
       0
       0
       0
       0
       0
       0
       0
       0
       0
       0
       1
       0
       0
       1
       0
       0
       0
       1
       0
       0
       1
       0
       0
       0
       0
       0
       0
       0
       0
       0
       0
       2
       0
       0
       0
       0
       1
       0
       0
       0
       1
       0
       0
       0
       1
       0
       0
       0
       0
       1
       0
       0
       0
       0
       0
       1
       1
       0
       0
       0
       0
       0
       1
       0
       1
       1
       0
       0
       0
       0
       0
       1
       0
       0
       0
       0
       0
       0
       0
       0
       0
       0
       0
       0
       0
       0
       0
       0
       1
       0
       0
       0
       0
       0
       0
       0
       0
       2
       0
       0
       0
       0
       0
       0
       0
       1
       0
       0
       0
       1
       1
       0
       0
       0
       1
       0
       0
       1
       0
       0
       0
       0
       0
       0
       0
       0
       1
       0
       0
       1
       1
       1
       0
       1
       0
       0
       0
       0
       0
       0
       0
       1
       0
       1
       0
       0
       0
       2
       0
       0
       0
       0
       0
       0
       0
       0
       0
       0
       0
       0
       0
       0
       1
       0
       0
       1
       0
       0
       0
       0
       0
       0
       0
       0
       0
       0
       1
       0
       0
       0
       0
       1
       0
       0
       0
       0
       0
       0
       0
       0
       0
       0
       0
       0
       0
       0
       1
       0
       0
       0
       0
       0
       0
       1
       0
       0
       0
       0
       0
       1
       0
       0
       0
       1
       0
       0
       0
       0
       0
       2
       0
       0
       0
       0
       2
       0
       0
       1
       0
       0
       1
       1
       0
       1
       1
       0
       0
       1
       0
       0
       0
       1
       0
       1
       0
       0
       0
       1
       0
       0
       1
       0
       1
       0
       0
       0
       0
       0
       0
       0
       0
       0
       0
       0
       0
       0
       0
       1
       0
       1
       0
       1
       1
       1
       0
       0
       0
       1
       0
       0
       0
       0
       0
       0
       0
       1
       0
       1
       0
       0
       0
       0
       1
       0
       0
       1
       1
       0
       0
       0
       1
       0
       0
       0
       0
       0
       0
       0
       0
       1
       0
       0
       0
       0
       0
       0
       0
       0
       1
       2
       0
       1
       0
       0
       0
       0
       0
       1
      11
      17
      25
      25
      18
      17
      26
      22
      14
      26
      25
      20
      24
      30
      11
      26
      15
      18
      18
      19
      27
      19
      22
      19
      19
      17
      20
      22
      27
      21
      29
      17
      26
      16
      28
      17
      21
      31
      19
      23
      23
      12
      23
      22
      26
      25
      23
      24
      25
      24
      19
      17
      21
      21
      18
      20
      25
      16
      24
      31
      28
      20
      25
      16
      13
      16
      13
      26
      24
      26
      15
      30
      15
      23
      24
      33
      20
      35
      21
      29
      25
      23
      19
      25
      26
      19
      27
      34
      21
      17
      19
      14
      27
      22
      17
      22
      20
      16
      31
      15
      14
      30
      31
      24
      16
      27
      20
      25
      17
      27
      23
      23
      20
      30
      26
      18
      18
      25
      21
      20
      12
      18
      16
      21
      26
      27
      14
      30
      20
      18
      29
      19
      18
      20
      20
      16
      19
      19
      22
      15
      26
      24
      27
      24
      21
      19
      22
      23
      21
      21
      17
      19
      20
      31
      26
      16
      22
      18
      25
      19
      20
      14
      24
      27
      19
      20
      15
      20
      19
      15
      20
      16
      18
      19
      19
      18
      22
      22
      24
      17
      19
      21
      18
      17
      13
$ROI:
5
598 616
1488 1502
3004 3030
3417 3440
6719 6742
$PRESETS:
None
0
0
$ENER_FIT:
1.820202 0.388090
$MCA_CAL:
3
1.820202E+000 3.880899E-001 -2.021690E-008 keV
$SHAPE_CAL:
3
1.939874E+000 2.172949E-003 -2.951990E-007
