$SPEC_ID:
naa kelp 11
$SPEC_REM:
DET# 1
DETDESC# SHUGART-PC MCB 337
AP# Maestro Version 7.01
$DATE_MEA:
12/26/2015 14:57:02
$MEAS_TIM:
172336 172709
$DATA:
0 8191
       0
       0
       0
       0
       0
       0
       0
       0
       0
       0
       0
       0
       0
       0
       0
       0
       0
       0
       0
       0
       0
       0
       0
       0
       0
       0
       0
       0
       0
       0
       0
       0
       0
       0
       0
      46
     820
   10220
   19011
   19628
   19652
   19681
   19944
   20169
   20419
   20601
   20383
   20436
   20723
   20732
   21174
   21062
   21530
   21578
   21975
   22424
   22141
   21461
   21258
   21066
   21280
   21359
   21185
   21567
   21248
   21214
   21122
   20896
   21304
   20853
   20562
   20357
   20295
   20320
   20413
   20188
   20521
   20313
   19578
   19039
   19081
   19075
   18664
   18670
   18476
   18584
   18273
   18223
   18139
   17915
   17696
   17419
   17678
   17515
   17197
   16987
   16983
   16940
   16848
   16887
   16787
   16386
   16474
   16470
   16040
   15786
   16307
   15904
   15769
   15774
   15481
   15616
   15875
   16579
   16381
   15841
   15243
   15005
   14868
   15037
   14836
   14724
   14688
   14699
   14517
   14138
   14380
   14403
   14293
   14058
   14047
   14336
   13934
   13917
   13840
   13851
   13588
   13590
   13576
   13353
   13485
   13433
   13662
   13485
   13357
   13753
   13468
   13437
   13526
   13370
   13612
   13368
   13290
   13236
   13242
   13430
   13332
   13647
   13289
   12987
   12733
   12798
   12810
   12848
   12866
   12787
   12700
   12588
   12745
   12635
   12863
   12699
   12752
   12679
   12782
   12606
   12700
   12684
   13295
   15163
   18333
   20754
   19568
   16377
   14955
   18710
   24486
   26830
   21430
   15114
   11606
   10458
   10426
   10422
   10362
   10187
   10177
   10022
   10137
   10066
    9871
   10072
    9935
    9829
    9657
    9825
    9645
    9929
   10074
   10802
   12085
   14311
   15651
   14697
   12253
   10496
    9770
   10272
   10783
   10813
   10253
    9499
    8878
    8597
    8754
    8807
    8685
    8778
    8702
    8998
    9913
   10691
   10418
    9941
    9032
    8539
    8495
    8307
    8273
    8140
    8198
    8221
    8151
    8263
    8274
    8210
    8258
    8210
    8177
    8336
    8078
    8186
    8163
    8087
    8127
    7992
    8083
    7828
    7990
    8076
    7887
    7960
    7936
    7957
    7851
    7736
    7908
    7829
    7986
    7661
    7737
    7703
    7770
    7653
    7583
    7751
    7581
    7461
    7557
    7544
    7583
    7577
    7551
    7645
    7374
    7609
    7530
    7492
    7496
    7523
    7415
    7608
    7474
    7284
    7629
    7554
    7478
    7312
    7397
    7427
    7486
    7444
    7445
    7550
    7493
    7420
    7413
    7289
    7315
    7411
    7442
    7318
    7323
    7292
    7473
    7281
    7293
    7097
    7157
    7206
    7170
    7123
    7287
    7219
    6964
    7243
    7126
    7314
    7130
    7099
    7020
    7113
    7128
    7072
    7000
    7058
    7080
    7132
    6809
    6947
    7049
    6968
    6917
    6916
    7046
    6973
    6988
    7061
    6979
    6897
    6889
    6778
    6951
    6716
    6708
    6797
    6837
    6664
    6918
    6647
    6714
    6640
    6581
    6657
    6602
    6636
    6660
    6588
    6593
    6494
    6555
    6579
    6527
    6561
    6576
    6416
    6367
    6397
    6342
    6323
    6325
    6523
    6284
    6429
    6318
    6242
    6294
    6143
    6258
    6223
    6253
    6196
    6263
    6311
    6346
    6165
    6244
    6100
    6182
    6066
    6209
    6248
    6527
    7036
    7444
    7329
    6745
    6465
    6182
    6074
    6088
    6193
    6137
    6093
    6059
    6038
    5834
    6030
    6010
    6046
    5932
    5928
    5804
    5977
    5915
    6137
    5810
    5697
    5852
    5811
    5877
    5945
    5871
    5696
    5782
    5790
    5912
    5896
    5800
    5969
    5869
    5835
    5828
    5846
    6006
    6008
    6130
    6083
    6169
    6122
    6035
    6152
    6142
    6143
    6174
    6158
    6253
    6164
    6170
    6266
    6252
    6172
    6207
    6246
    6361
    6298
    6287
    6063
    6204
    6297
    6560
    6342
    6471
    6609
    6313
    6332
    6153
    6142
    6209
    6292
    6081
    6124
    6300
    6082
    6159
    6203
    6336
    6176
    6403
    6246
    6315
    6393
    6393
    6465
    6529
    6373
    6365
    6404
    6312
    6403
    6350
    6426
    6419
    6387
    6381
    6278
    6394
    6433
    6276
    6387
    6383
    6155
    6399
    6315
    6310
    6206
    6200
    6206
    6173
    6193
    6196
    6265
    6243
    6240
    6342
    5994
    6132
    6205
    6198
    6139
    6102
    6122
    6303
    6128
    6130
    6084
    6098
    6118
    6123
    6169
    6009
    6009
    5887
    5979
    6065
    6074
    5992
    6075
    5977
    5996
    5948
    6086
    6027
    5925
    6032
    5898
    5945
    6147
    5941
    5824
    6056
    6099
    7195
    8275
    9106
    8861
    7493
    6375
    5994
    5912
    5858
    5796
    5756
    5626
    5708
    5836
    5804
    5762
    5679
    5787
    5713
    5644
    5794
    5647
    5616
    5548
    5582
    5625
    5499
    5673
    5747
    5623
    5618
    5619
    5562
    5463
    5708
    5561
    5527
    5450
    5466
    5484
    5549
    5450
    5501
    5442
    5519
    5529
    5681
    5602
    5517
    5585
    5363
    5349
    5368
    5259
    5258
    5421
    5486
    5305
    5288
    5295
    5383
    5261
    5270
    5179
    5248
    5245
    5195
    5239
    5169
    5221
    5238
    5064
    5153
    5152
    5202
    5237
    5148
    5042
    5222
    5139
    5168
    5177
    5098
    5125
    5097
    5153
    5019
    4895
    5034
    4949
    4978
    4978
    5094
    4993
    4997
    4969
    4866
    4931
    4866
    4963
    4965
    4976
    4944
    4865
    4922
    4890
    4868
    5011
    4895
    4824
    4846
    4878
    4898
    4953
    4707
    4837
    4772
    4758
    4854
    4917
    4851
    4705
    4777
    4873
    4802
    4833
    4661
    4795
    4790
    4823
    4765
    4844
    4782
    4907
    5043
    5449
    5585
    5611
    5196
    4968
    4655
    4639
    4663
    4708
    4662
    4622
    4765
    4852
    4661
    4675
    4647
    4639
    4516
    4607
    4569
    4623
    4458
    4564
    4569
    4608
    4569
    4409
    4549
    4560
    4647
    4332
    4334
    4740
    4393
    4515
    4405
    4409
    4455
    4526
    4554
    4519
    4451
    4372
    4455
    4364
    4347
    4424
    4410
    4402
    4448
    4534
    4392
    4385
    4367
    4459
    4477
    4431
    4483
    4355
    4421
    4366
    4374
    4358
    4315
    4312
    4386
    4480
    4218
    4249
    4370
    4148
    4222
    4214
    4335
    4412
    4285
    4250
    4222
    4227
    4387
    4195
    4281
    4236
    4169
    4218
    4278
    4180
    4257
    4260
    4241
    4310
    4179
    4203
    4198
    4241
    4218
    4151
    4129
    4237
    4157
    4270
    4114
    4173
    4271
    4109
    4154
    4154
    4070
    4099
    4112
    4136
    4245
    4204
    4082
    4096
    4063
    4041
    4167
    4119
    4096
    4171
    4158
    4244
    4043
    4122
    4075
    4096
    4115
    4034
    4188
    4070
    4123
    4122
    4230
    3852
    4025
    4039
    4091
    4077
    4039
    4175
    4105
    4154
    4097
    4048
    4092
    4097
    4134
    4020
    4071
    3939
    4104
    4031
    3987
    4042
    4019
    4048
    4058
    3873
    4068
    3987
    4032
    4012
    4010
    3945
    4134
    4046
    4129
    4045
    4073
    4103
    4030
    4085
    3941
    4067
    3954
    3976
    3891
    3884
    3964
    4061
    3942
    4017
    3954
    3930
    3961
    3923
    3961
    3992
    4071
    3903
    3997
    3977
    3977
    3963
    4048
    4009
    3926
    3994
    3926
    3757
    4007
    3982
    3942
    4045
    4049
    3936
    3952
    3986
    3899
    3977
    3856
    3871
    3954
    3913
    3980
    3846
    3858
    3914
    3848
    3941
    3928
    3828
    3933
    3955
    3967
    3793
    3833
    3977
    3834
    3876
    3909
    3953
    3941
    3884
    3955
    3931
    3948
    4069
    3971
    3911
    3850
    3931
    3974
    3891
    3884
    3849
    3931
    3829
    3951
    3866
    3973
    3959
    3856
    3883
    3783
    3884
    3978
    3825
    3902
    3967
    3952
    3801
    4049
    3731
    3900
    3923
    3858
    3768
    3743
    3783
    3732
    3874
    3814
    3753
    3808
    3664
    3643
    3612
    3679
    3736
    3698
    3691
    3613
    3661
    3622
    3705
    3658
    3637
    3727
    3621
    3591
    3504
    3532
    3512
    3657
    3695
    3692
    3654
    3597
    3484
    3581
    3529
    3588
    3537
    3609
    3495
    3618
    3573
    3497
    3530
    3435
    3554
    3441
    3524
    3508
    3566
    3477
    3505
    3607
    3582
    3346
    3482
    3549
    3474
    3518
    3620
    3495
    3535
    3531
    3582
    3602
    3467
    3518
    3525
    3430
    3494
    3565
    3439
    3467
    3525
    3481
    3404
    3475
    3480
    3455
    3477
    3505
    3566
    3449
    3411
    3373
    3442
    3371
    3464
    3478
    3430
    3479
    3421
    3496
    3544
    3383
    3434
    3471
    3438
    3403
    3448
    3464
    3447
    3341
    3400
    3434
    3366
    3427
    3380
    3519
    3300
    3360
    3278
    3418
    3446
    3326
    3439
    3341
    3399
    3383
    3339
    3296
    3361
    3405
    3322
    3329
    3360
    3331
    3360
    3328
    3329
    3299
    3302
    3344
    3315
    3387
    3369
    3386
    3459
    3333
    3264
    3356
    3371
    3366
    3287
    3288
    3388
    3471
    3377
    3337
    3434
    3375
    3310
    3304
    3238
    3228
    3331
    3259
    3294
    3252
    3220
    3283
    3177
    3270
    3222
    3068
    3261
    3130
    3103
    3101
    3158
    3187
    3123
    3131
    3183
    3095
    3150
    3111
    3095
    3118
    3071
    3120
    3159
    3128
    3134
    3268
    3097
    3004
    3049
    3065
    3061
    3068
    3085
    3036
    3014
    3035
    2957
    3173
    3052
    2997
    3063
    3145
    3025
    3077
    3055
    2977
    3044
    3041
    3000
    3017
    3030
    3027
    3048
    2981
    3087
    3163
    3118
    3003
    3019
    3067
    3023
    2853
    2966
    3032
    2949
    3078
    2940
    2944
    2947
    2914
    2964
    2932
    2969
    2982
    2843
    3003
    3007
    2980
    2882
    3034
    2954
    2998
    3027
    2890
    3012
    3015
    3099
    3080
    3012
    3009
    2969
    3027
    2997
    2945
    2899
    3060
    3049
    3007
    2968
    2986
    2942
    2946
    2993
    2978
    2860
    2932
    2978
    3107
    3094
    2920
    2874
    2978
    2967
    2890
    2852
    2980
    2958
    2919
    3023
    2956
    2877
    2925
    2978
    2858
    2905
    2987
    2859
    2855
    2872
    2966
    2894
    2883
    2826
    2942
    2974
    2882
    2858
    2876
    2827
    2941
    2938
    2862
    2894
    2911
    2937
    2886
    2800
    2882
    2933
    2912
    2912
    2921
    2892
    2952
    2803
    2893
    2815
    2828
    2897
    2798
    2866
    2867
    2846
    2851
    2894
    2756
    2864
    2773
    2836
    2831
    2856
    2831
    2821
    2852
    2894
    2810
    2861
    2806
    2805
    2761
    2905
    2942
    2995
    3061
    3200
    3218
    3424
    3419
    3286
    3342
    3259
    3144
    3267
    3541
    3785
    3801
    3441
    3168
    2936
    2783
    2756
    2834
    2769
    2662
    2676
    2715
    2747
    2697
    2778
    2679
    2686
    2681
    2624
    2706
    2603
    2757
    2693
    2705
    2682
    2585
    2615
    2689
    2737
    2724
    2588
    2559
    2652
    2727
    2742
    2724
    2641
    2648
    2707
    2728
    2558
    2725
    2648
    2637
    2688
    2682
    2611
    2640
    2666
    2698
    2616
    2692
    2622
    2740
    2751
    2725
    2666
    2776
    2701
    2591
    2677
    2688
    2651
    2724
    2657
    2744
    2597
    2608
    2619
    2665
    2699
    2634
    2692
    2640
    2608
    2720
    2586
    2696
    2588
    2685
    2722
    2605
    2637
    2759
    2705
    2582
    2738
    2649
    2612
    2566
    2584
    2624
    2644
    2711
    2584
    2610
    2579
    2786
    2925
    3465
    5128
    9440
   18673
   32512
   44590
   45934
   35653
   20903
    9976
    4812
    3103
    2739
    2738
    2775
    3046
    3417
    3970
    4087
    3995
    3405
    2941
    2549
    2641
    2615
    2451
    2540
    2666
    2656
    2596
    2646
    2707
    2626
    2613
    2608
    2585
    2604
    2549
    2541
    2558
    2741
    2532
    2508
    2616
    2591
    2585
    2562
    2565
    2480
    2618
    2584
    2466
    2569
    2552
    2521
    2478
    2526
    2499
    2529
    2432
    2547
    2599
    2487
    2512
    2447
    2502
    2553
    2515
    2437
    2559
    2463
    2540
    2441
    2514
    2517
    2464
    2495
    2494
    2559
    2537
    2455
    2518
    2492
    2459
    2414
    2428
    2355
    2379
    2433
    2294
    2425
    2376
    2335
    2252
    2298
    2269
    2365
    2275
    2316
    2235
    2337
    2350
    2222
    2286
    2255
    2177
    2272
    2246
    2197
    2250
    2276
    2322
    2227
    2220
    2319
    2274
    2243
    2224
    2217
    2273
    2230
    2272
    2203
    2234
    2142
    2229
    2250
    2174
    2136
    2251
    2237
    2281
    2241
    2178
    2273
    2322
    2304
    2498
    2657
    2803
    2818
    2562
    2441
    2150
    2220
    2216
    2220
    2234
    2164
    2159
    2159
    2102
    2139
    2192
    2172
    2056
    2114
    2085
    2261
    2271
    2288
    2229
    2171
    2179
    2105
    2186
    2311
    2932
    4213
    7454
   13249
   20657
   25936
   24916
   18391
   10607
    5584
    3114
    2312
    2071
    2081
    2067
    2073
    2000
    2057
    2018
    1990
    2035
    1994
    2017
    1991
    2049
    1988
    1968
    2069
    1997
    2073
    2081
    1973
    1991
    1926
    1940
    1973
    2007
    2011
    1833
    1905
    1946
    1981
    2022
    1998
    1930
    1913
    1920
    1974
    1908
    1859
    1991
    1884
    1896
    1929
    1941
    1917
    1865
    2011
    1875
    1920
    1860
    1912
    1824
    1912
    1842
    1862
    1820
    1856
    1765
    1773
    1802
    1844
    1850
    1835
    1876
    1820
    1776
    1844
    1839
    1770
    1827
    1767
    1853
    1839
    1796
    1790
    1776
    1755
    1788
    1881
    1703
    1836
    1830
    1749
    1776
    1763
    1784
    1721
    1708
    1714
    1786
    1827
    1837
    1936
    1969
    1814
    1872
    1744
    1778
    1684
    1726
    1703
    1758
    1732
    1763
    1723
    1772
    1694
    1750
    1722
    1666
    1695
    1709
    1731
    1719
    1656
    1767
    1747
    1728
    1756
    1690
    1652
    1638
    1688
    1636
    1692
    1684
    1721
    1745
    1682
    1680
    1725
    1713
    1683
    1674
    1613
    1648
    1624
    1614
    1645
    1573
    1611
    1546
    1526
    1580
    1607
    1603
    1633
    1665
    1625
    1598
    1598
    1626
    1622
    1650
    1620
    1604
    1569
    1597
    1596
    1677
    1589
    1597
    1574
    1576
    1530
    1550
    1586
    1551
    1588
    1544
    1585
    1580
    1599
    1568
    1512
    1541
    1571
    1525
    1473
    1560
    1539
    1518
    1555
    1555
    1511
    1518
    1583
    1476
    1524
    1530
    1553
    1566
    1653
    1996
    2820
    4522
    7614
   11609
   14845
   14725
   11493
    7245
    4069
    2406
    1658
    1607
    1530
    1482
    1482
    1483
    1490
    1494
    1479
    1428
    1467
    1492
    1384
    1474
    1388
    1471
    1350
    1443
    1418
    1413
    1438
    1479
    1452
    1399
    1434
    1459
    1445
    1448
    1346
    1381
    1406
    1453
    1339
    1385
    1413
    1330
    1344
    1395
    1344
    1409
    1396
    1325
    1374
    1330
    1379
    1421
    1382
    1379
    1344
    1361
    1474
    1336
    1351
    1438
    1462
    1431
    1529
    1578
    1557
    1470
    1500
    1436
    1360
    1404
    1347
    1351
    1353
    1360
    1391
    1386
    1333
    1300
    1374
    1346
    1307
    1352
    1402
    1317
    1323
    1430
    1285
    1379
    1335
    1312
    1386
    1351
    1310
    1332
    1325
    1341
    1382
    1421
    1420
    1353
    1361
    1394
    1288
    1380
    1327
    1335
    1292
    1314
    1298
    1299
    1273
    1311
    1290
    1255
    1325
    1320
    1341
    1327
    1310
    1314
    1308
    1339
    1305
    1283
    1298
    1306
    1315
    1275
    1255
    1296
    1311
    1256
    1338
    1291
    1306
    1293
    1297
    1266
    1287
    1276
    1297
    1317
    1252
    1190
    1260
    1281
    1301
    1279
    1276
    1261
    1263
    1270
    1260
    1280
    1210
    1299
    1236
    1290
    1304
    1290
    1242
    1159
    1272
    1200
    1187
    1217
    1125
    1267
    1218
    1259
    1282
    1253
    1246
    1299
    1262
    1254
    1237
    1311
    1269
    1165
    1272
    1268
    1256
    1253
    1214
    1278
    1254
    1282
    1211
    1190
    1256
    1269
    1266
    1281
    1412
    1651
    2330
    4273
    7916
   15039
   25221
   34657
   37794
   32724
   21939
   11750
    5357
    2555
    1547
    1234
    1191
    1192
    1137
    1163
    1088
    1164
    1105
    1122
    1178
    1137
    1151
    1177
    1106
    1094
    1129
    1144
    1156
    1166
    1070
    1156
    1077
    1121
    1088
    1136
    1091
    1186
    1143
    1076
    1099
    1118
    1065
    1096
    1075
    1084
    1111
    1114
    1088
    1120
    1091
    1147
    1119
    1087
    1087
    1159
    1141
    1084
    1037
    1106
    1142
    1087
    1107
    1044
    1103
    1081
    1046
    1069
    1024
    1080
    1146
    1148
    1076
    1092
    1088
    1119
    1074
    1099
    1119
    1066
    1105
    1032
    1101
    1068
    1150
    1117
    1080
    1032
    1045
    1053
    1070
    1043
    1038
    1012
    1046
    1057
    1033
    1063
    1051
    1046
    1037
    1049
    1041
    1027
     968
    1019
    1041
    1043
    1061
    1060
     944
     978
    1049
    1052
    1019
    1023
    1019
    1012
     949
    1004
    1006
    1059
     927
    1061
    1061
     993
    1001
    1040
    1113
    1129
    1334
    1833
    2707
    4535
    7113
    9467
   11041
   10140
    7392
    4538
    2523
    1535
    1128
    1061
     931
     985
     970
     987
    1040
     941
     927
     992
     967
     986
     944
     966
     953
     929
     956
     965
     953
     940
     931
     975
     973
     920
     923
     920
     916
     941
     910
     919
     990
     926
     885
     863
     879
     868
     890
     934
     894
     895
     888
     958
     885
     919
     852
     894
     869
     875
     893
     859
     879
     843
     887
     877
     903
     879
     884
     930
     875
     854
     884
     822
     843
     840
     833
     799
     875
     825
     870
     893
     795
     803
     841
     816
     864
     768
     838
     815
     854
     835
     835
     795
     836
     832
     830
     808
     800
     807
     817
     790
     762
     804
     783
     855
     827
     780
     781
     781
     766
     797
     781
     806
     750
     815
     840
     820
     752
     798
     769
     786
     833
     779
     789
     761
     756
     762
     745
     754
     773
     775
     716
     729
     745
     749
     769
     748
     765
     735
     718
     742
     758
     725
     738
     731
     702
     731
     728
     777
     792
     729
     712
     782
     772
     768
     736
     758
     738
     774
     766
     786
     843
     875
     928
     894
     838
     792
     753
     716
     708
     707
     732
     741
     695
     652
     642
     710
     715
     701
     700
     692
     710
     658
     672
     698
     696
     721
     680
     686
     656
     663
     663
     656
     671
     629
     692
     657
     683
     653
     700
     727
     688
     680
     634
     614
     649
     617
     698
     644
     664
     649
     669
     655
     655
     689
     620
     605
     678
     723
     740
     693
     696
     673
     697
     666
     630
     609
     628
     622
     608
     585
     657
     625
     634
     588
     649
     615
     626
     595
     587
     612
     616
     637
     600
     595
     641
     580
     595
     612
     612
     627
     596
     553
     631
     594
     566
     585
     639
     582
     589
     589
     590
     544
     584
     546
     562
     626
     545
     537
     557
     566
     554
     600
     575
     583
     555
     604
     573
     563
     548
     569
     544
     564
     598
     525
     618
     563
     557
     566
     543
     545
     608
     563
     586
     510
     526
     529
     555
     525
     542
     583
     554
     510
     534
     510
     576
     516
     559
     550
     534
     539
     549
     562
     496
     543
     545
     523
     540
     525
     491
     497
     531
     565
     612
     614
     671
     634
     597
     566
     572
     555
     492
     493
     511
     518
     522
     521
     493
     538
     491
     473
     528
     501
     540
     515
     522
     489
     475
     484
     478
     488
     468
     552
     524
     550
     544
     539
     502
     517
     471
     478
     463
     484
     459
     524
     472
     499
     498
     494
     497
     471
     477
     476
     445
     451
     468
     522
     451
     473
     462
     454
     477
     420
     449
     448
     464
     464
     452
     492
     482
     463
     435
     445
     489
     427
     443
     467
     447
     393
     474
     449
     489
     474
     450
     450
     465
     452
     436
     436
     451
     432
     450
     430
     461
     448
     459
     470
     463
     443
     451
     472
     433
     402
     460
     421
     431
     408
     448
     442
     445
     436
     408
     421
     399
     476
     434
     444
     455
     465
     445
     438
     434
     437
     443
     464
     436
     443
     438
     457
     441
     420
     429
     467
     435
     439
     396
     384
     442
     394
     404
     420
     425
     397
     444
     508
     563
     628
     761
     829
     774
     689
     606
     498
     418
     435
     404
     441
     397
     407
     382
     403
     422
     409
     404
     444
     384
     412
     415
     413
     375
     413
     378
     434
     383
     417
     397
     409
     389
     362
     324
     364
     369
     410
     388
     377
     377
     373
     369
     387
     390
     392
     360
     404
     393
     384
     357
     393
     365
     428
     379
     417
     315
     352
     374
     356
     389
     369
     356
     382
     351
     390
     376
     407
     356
     392
     363
     316
     389
     389
     366
     390
     358
     364
     345
     319
     350
     352
     381
     343
     343
     384
     409
     392
     417
     472
     619
     923
    1398
    2456
    4143
    6229
    8276
    9260
    8523
    6331
    4064
    2174
    1093
     626
     442
     369
     357
     359
     371
     363
     341
     333
     334
     325
     355
     371
     325
     315
     342
     308
     329
     315
     322
     354
     343
     348
     315
     325
     331
     348
     310
     329
     354
     311
     317
     324
     339
     315
     323
     331
     307
     340
     329
     322
     318
     349
     338
     365
     335
     328
     348
     311
     322
     306
     269
     345
     319
     320
     293
     312
     306
     327
     315
     289
     326
     315
     353
     327
     336
     352
     310
     344
     358
     364
     317
     378
     408
     467
     559
     718
     985
    1063
    1032
     841
     677
     532
     421
     385
     333
     330
     381
     428
     511
     496
     505
     438
     413
     330
     319
     326
     301
     309
     289
     290
     316
     302
     303
     309
     325
     307
     297
     309
     307
     297
     294
     308
     314
     324
     309
     291
     342
     331
     293
     277
     319
     341
     311
     280
     325
     298
     299
     322
     311
     304
     299
     301
     319
     347
     321
     363
     321
     345
     317
     310
     295
     268
     293
     294
     258
     294
     283
     293
     284
     298
     283
     253
     256
     270
     260
     282
     280
     239
     237
     281
     252
     243
     236
     265
     261
     243
     304
     255
     273
     236
     257
     270
     289
     307
     404
     481
     547
     631
     579
     491
     384
     382
     290
     266
     266
     266
     299
     305
     359
     360
     346
     345
     346
     293
     274
     265
     241
     235
     228
     237
     228
     213
     225
     226
     263
     223
     217
     239
     260
     229
     234
     241
     233
     193
     226
     241
     233
     202
     205
     210
     225
     251
     223
     240
     197
     199
     204
     217
     246
     201
     205
     210
     192
     196
     224
     185
     219
     209
     198
     228
     216
     220
     221
     252
     215
     232
     188
     207
     216
     178
     185
     216
     212
     193
     205
     186
     191
     203
     211
     229
     179
     201
     185
     212
     191
     197
     188
     193
     198
     218
     183
     195
     196
     181
     200
     189
     187
     186
     187
     218
     189
     173
     210
     227
     193
     193
     174
     183
     175
     164
     187
     172
     197
     176
     193
     183
     189
     187
     176
     181
     195
     156
     184
     186
     208
     181
     190
     169
     168
     182
     191
     172
     178
     176
     194
     187
     175
     164
     197
     161
     197
     204
     241
     280
     326
     401
     424
     413
     355
     297
     225
     173
     159
     165
     159
     162
     177
     151
     157
     165
     158
     145
     175
     197
     182
     171
     153
     163
     171
     166
     151
     152
     162
     164
     155
     163
     142
     144
     155
     159
     151
     159
     150
     162
     171
     150
     155
     148
     149
     142
     138
     142
     131
     158
     146
     162
     152
     147
     146
     135
     132
     139
     157
     164
     147
     153
     156
     144
     134
     156
     139
     133
     117
     148
     148
     165
     135
     137
     138
     162
     133
     142
     141
     140
     135
     142
     137
     156
     152
     148
     147
     138
     137
     136
     140
     143
     137
     143
     142
     139
     132
     133
     148
     122
     128
     157
     140
     162
     151
     163
     161
     150
     143
     170
     150
     183
     190
     191
     175
     180
     185
     156
     146
     118
     124
     128
     122
     132
     146
     115
     146
     108
     149
     126
     135
     140
     129
     131
     136
     121
     144
     126
     125
     145
     153
     153
     123
     139
     154
     159
     157
     170
     148
     135
     123
     123
     135
     136
     151
     132
     104
     144
     128
     123
     129
     118
     136
     140
     127
     130
     140
     138
     144
     127
     131
     132
     124
     130
     136
     133
     139
     113
     133
     136
     124
     113
     112
     129
     130
     133
     123
     105
     132
     128
     128
     132
     106
     103
     138
     134
     117
     121
     123
     126
     119
     120
     152
     141
     172
     180
     231
     224
     168
     171
     146
     121
     139
     106
      98
     122
     136
     108
     104
     123
     120
      97
      95
     100
     112
     112
     101
     103
     105
      91
      94
     112
     114
     104
      83
     118
      96
     109
     112
      91
     107
     114
     102
     101
     104
     101
      82
      83
      99
     101
     115
      85
      92
     109
     109
      99
      87
      90
     110
     115
     118
     116
     135
     165
     151
     132
     100
      84
      83
      99
      92
      78
      90
      84
      94
      85
      87
     115
      89
      94
      79
      90
      89
      97
     101
     107
     103
      72
     103
      78
      77
      93
      88
      77
      92
      92
      99
      98
      89
      86
      70
      91
      80
      99
     127
     129
     124
     117
     105
     108
      84
      97
      90
      77
      99
     110
     100
     114
     148
     160
     181
     202
     156
     162
     124
      96
     105
      84
      72
      94
      82
      81
      85
      77
      75
      78
      84
      82
      70
      94
      73
      86
      94
      80
      81
      74
      94
      80
      93
      90
      76
      83
      86
      92
      71
      85
      97
     100
      86
      73
      85
      79
     110
     153
     153
     220
     351
     553
     965
    1626
    2572
    4024
    5538
    6684
    6634
    5812
    4270
    2626
    1330
     636
     327
     135
      90
      70
      63
      53
      71
      51
      51
      60
      65
      59
      71
      58
      87
      68
      59
      56
      66
      65
      64
      69
      72
      99
     119
     149
     180
     232
     252
     227
     238
     235
     199
     202
     138
     113
      84
      67
      56
      66
      62
      71
      62
      56
      66
      47
      59
      66
      57
      52
      53
      59
      53
      55
      66
      56
      75
      53
      55
      42
      53
      57
      57
      72
      70
      55
      58
      45
      53
      60
      45
      52
      43
      51
      53
      58
      51
      66
      44
      51
      63
      57
      45
      33
      52
      55
      61
      39
      48
      54
      67
      45
      52
      53
      54
      47
      39
      55
      48
      47
      61
      47
      46
      46
      46
      43
      47
      37
      56
      56
      57
      51
      47
      45
      54
      58
      58
      58
      77
     103
     124
     201
     304
     428
     574
     705
     818
     663
     475
     346
     206
     130
      82
      55
      49
      57
      42
      43
      55
      63
      51
      40
      45
      41
      51
      50
      55
      49
      48
      39
      53
      36
      51
      53
      44
      46
      38
      48
      50
      50
      42
      46
      45
      40
      58
      48
      47
      48
      40
      42
      40
      41
      48
      44
      43
      37
      50
      47
      51
      44
      45
      48
      51
      72
      49
      37
      43
      61
      57
      53
      55
      60
      91
      87
     117
     112
     107
      78
      55
      62
      51
      48
      39
      38
      43
      47
      44
      45
      39
      50
      48
      42
      55
      43
      47
      46
      37
      51
      43
      49
      38
      46
      50
      52
      51
      42
      48
      56
      44
      35
      54
      37
      45
      47
      31
      43
      32
      33
      39
      38
      41
      40
      39
      33
      30
      36
      30
      38
      37
      36
      41
      39
      46
      43
      36
      42
      33
      49
      36
      53
      39
      38
      31
      40
      44
      29
      51
      34
      34
      36
      43
      40
      46
      37
      45
      47
      26
      35
      33
      47
      45
      44
      39
      37
      42
      39
      29
      43
      22
      40
      40
      38
      35
      45
      35
      34
      36
      44
      38
      33
      40
      37
      41
      43
      42
      49
      34
      32
      48
      40
      34
      43
      40
      31
      30
      35
      35
      35
      49
      36
      35
      45
      35
      40
      40
      37
      49
      51
      34
      37
      34
      36
      41
      38
      38
      35
      42
      33
      36
      49
      29
      31
      40
      37
      45
      35
      27
      52
      45
      39
      25
      36
      44
      42
      45
      36
      42
      51
      68
     111
     134
     194
     230
     234
     220
     168
     137
      93
      67
      50
      44
      29
      38
      45
      40
      40
      32
      33
      30
      36
      33
      30
      40
      29
      35
      46
      41
      52
      65
      82
     110
     173
     267
     407
     685
    1157
    1815
    2474
    3287
    3648
    3546
    2894
    2070
    1256
     676
     335
     159
      62
      37
      33
      39
      28
      33
      41
      31
      33
      30
      25
      40
      32
      23
      25
      33
      24
      34
      27
      25
      26
      26
      40
      26
      25
      25
      27
      31
      23
      32
      20
      18
      25
      27
      27
      18
      28
      31
      29
      29
      19
      34
      32
      36
      34
      39
      32
      31
      30
      27
      25
      33
      23
      33
      26
      29
      28
      26
      26
      36
      33
      28
      25
      20
      34
      29
      22
      22
      31
      33
      24
      31
      22
      22
      26
      26
      25
      26
      33
      27
      32
      31
      34
      33
      29
      36
      35
      29
      34
      24
      24
      32
      27
      26
      30
      24
      22
      32
      31
      38
      25
      34
      24
      19
      25
      38
      35
      20
      24
      28
      41
      16
      30
      23
      34
      34
      28
      25
      29
      21
      26
      27
      31
      26
      21
      32
      24
      38
      26
      26
      27
      26
      23
      33
      28
      26
      36
      15
      19
      27
      32
      24
      34
      31
      36
      37
      23
      29
      21
      30
      28
      19
      22
      17
      33
      22
      30
      36
      31
      21
      27
      24
      22
      32
      22
      31
      30
      25
      28
      22
      27
      36
      27
      31
      25
      21
      24
      33
      13
      30
      30
      36
      33
      30
      32
      34
      35
      41
      29
      30
      38
      27
      30
      31
      32
      27
      29
      27
      19
      35
       8
      32
      18
      19
      21
      26
      20
      15
      40
      29
      22
      20
      31
      25
      27
      23
      31
      28
      28
      32
      27
      24
      33
      29
      15
      16
      19
      21
      21
      25
      17
      22
      28
      22
      24
      39
      16
      18
      25
      27
      28
      25
      19
      28
      27
      31
      38
      27
      28
      26
      42
      18
      28
      33
      19
      23
      18
      32
      28
      41
      20
      27
      28
      27
      26
      26
      19
      27
      25
      27
      28
      31
      23
      26
      27
      27
      31
      20
      30
      32
      28
      30
      32
      31
      33
      27
      37
      16
      30
      33
      18
      25
      25
      20
      31
      29
      24
      28
      23
      32
      27
      26
      39
      30
      26
      27
      27
      32
      23
      33
      36
      27
      27
      21
      31
      27
      29
      22
      27
      29
      29
      44
      41
      62
      72
      71
      73
      67
      66
      40
      35
      26
      29
      25
      27
      24
      23
      22
      24
      23
      27
      24
      28
      32
      28
      26
      24
      26
      21
      28
      20
      24
      25
      25
      21
      19
      25
      22
      24
      19
      26
      27
      25
      20
      38
      36
      26
      27
      34
      23
      24
      29
      23
      17
      34
      23
      26
      23
      23
      26
      26
      26
      27
      27
      21
      24
      19
      23
      23
      26
      27
      20
      22
      25
      23
      31
      25
      22
      33
      25
      27
      25
      19
      21
      26
      31
      28
      28
      23
      29
      25
      21
      29
      20
      23
      27
      25
      22
      21
      24
      17
      33
      31
      21
      21
      18
      25
      15
      27
      25
      21
      21
      33
      33
      18
      39
      24
      44
      43
      62
      81
     102
      98
     138
     156
     150
     133
     109
      72
      53
      40
      28
      29
      33
      22
      19
      16
      23
      29
      22
      22
      33
      16
      38
      25
      22
      27
      25
      25
      24
      17
      21
      33
      24
      16
      29
      21
      26
      15
      18
      23
      19
      26
      23
      16
      19
      18
      23
      24
      23
      21
      32
      21
      17
      30
      19
      20
      23
      18
      20
      18
      20
      31
      22
      15
      14
      25
      16
      23
      18
      24
      17
      21
      19
      16
      20
      19
      19
      21
      20
      17
      17
      24
      21
      15
      16
      26
      12
      15
      24
      18
      26
      18
      19
      15
      26
      25
      28
      21
      16
      18
      17
      24
      33
      26
      19
      20
      32
      20
      20
      20
      23
      28
      18
      22
      23
      20
      19
      15
      28
      18
      16
      26
      16
      22
      20
      24
      12
      18
      15
      21
      18
      28
      17
      12
      19
      14
      26
      15
      23
      15
      18
      22
      19
      13
      24
      14
      18
      26
      20
      14
      22
      21
      15
      17
      16
      18
      17
      17
      22
      28
      16
      14
      17
      14
      13
      17
      18
      23
      20
      22
      21
      20
      18
      21
      23
      20
      18
      13
      16
      20
      15
      20
      13
      14
      30
      17
      20
      11
      17
      23
      20
      14
      20
      20
      21
      19
      16
      25
      20
      22
      20
      22
      24
      18
      29
      25
      26
      28
      37
      32
      36
      28
      38
      41
      34
      41
      19
      30
      31
      27
      21
      20
      22
      13
      22
      18
      13
      21
      19
      16
      21
      19
      17
      19
      23
      15
      19
      17
      11
      13
      12
      22
      11
      27
      19
      10
      20
      14
      19
      14
      17
      14
      12
      22
      17
      24
      22
      25
      21
      17
      17
      11
      14
      17
      23
      18
      15
      28
      20
      18
      12
      18
      14
      21
      15
      16
      18
      24
      17
      17
      27
      14
      15
      20
      12
      17
      11
      11
      15
      19
      14
      29
      32
      31
      35
      34
      43
      48
      43
      35
      22
      20
       9
      23
      18
      13
      18
      16
      18
      21
      15
      16
      17
      22
      23
      12
      16
      18
      21
      16
      18
      15
      11
      13
      12
      20
      14
      15
      20
      20
      17
      22
      28
      29
      28
      31
      28
      34
      30
      21
      33
      22
      14
      17
      12
      14
      20
      16
      14
      14
      21
      14
      23
      16
      12
      18
      23
      16
      16
      22
      17
      24
      15
      12
      14
      21
      14
      14
      11
      15
      11
      23
      17
      14
      18
      13
      12
      13
      14
      12
      14
      18
      18
      19
      19
      21
      17
      12
      19
      14
      12
      13
      14
      16
      16
      16
      15
      14
      16
      12
      20
      12
      13
      17
      18
      15
      20
      19
      19
      16
      17
      14
      13
      15
      11
      15
      15
      13
      22
      14
      20
      19
      11
      12
      14
      16
      20
      17
       9
      11
      22
      23
      13
      13
      12
      23
      23
      35
      33
      50
      74
      58
      68
      54
      35
      28
      24
      14
      15
      11
      13
      17
      20
      10
      21
      19
      17
      17
      15
      15
      14
      14
      21
      10
      16
       9
      16
      15
      15
      15
      19
      14
      15
      22
      13
      14
      17
      13
      19
      15
      20
      23
      13
      15
      17
      12
      15
      12
      17
      10
      15
      15
      27
      14
      15
      16
      15
       9
      15
      15
      23
      14
      14
      18
      15
      19
      22
      20
      12
      16
      12
      20
      11
      12
      16
      21
      14
      17
      15
      19
      16
      18
      19
      16
      16
      18
      15
      10
      13
      13
      11
      19
      25
      23
      12
      10
      15
      12
      14
       7
      16
      15
      17
      18
      19
      16
      15
      10
      12
      14
      13
      16
      20
       8
      15
       5
      21
      13
      20
      11
      15
      13
      24
      11
      16
      20
      23
      35
      48
      55
      69
      88
      89
     100
     110
      84
      64
      58
      25
      19
      25
      17
      11
      16
      14
      11
      14
      18
      16
      17
       9
      12
      18
      17
      16
      11
      18
      11
      16
       8
      15
      23
      16
      19
      12
      14
      11
      20
      13
      14
      14
       8
      13
      12
      10
      21
      13
      17
      11
      12
      17
      14
      13
      19
       7
      10
      12
      13
      17
      19
      11
      20
      11
      21
      17
      19
       9
       8
      21
      13
      14
       8
      11
       8
      10
      16
      15
      17
       9
      19
      15
      10
      11
       8
      12
      14
      15
       8
      18
      14
      14
      23
      10
      20
      11
       7
      12
      12
      17
       9
      15
      10
      15
       8
      12
      15
      11
      10
      13
      14
      11
      20
      16
       6
      12
      14
      11
      17
      10
      14
      13
      18
      12
      16
       7
      13
      12
      15
      13
      19
      10
      22
       8
      16
      11
      15
       8
      12
       9
      19
      15
      10
      15
      16
      11
       7
       7
      13
       8
      11
      10
      12
      13
      16
      13
      11
       9
      19
      12
      18
      18
       8
      17
      11
       8
       3
      12
      13
       6
      10
       9
      15
      11
       9
       6
      10
      11
      12
      11
       8
      11
      13
      14
      14
      15
      11
      15
      14
      14
       8
      11
       7
      10
      10
      13
      13
      12
      15
       6
       9
       6
      14
      12
      11
       7
      16
      11
      11
       8
      12
      10
      10
       7
       6
       7
      10
      13
      13
      10
      12
      10
      15
      14
      18
      17
      17
      14
      19
      11
      16
       9
      10
      14
      10
      13
       8
      12
      15
      12
      17
      13
      16
      11
      11
      11
      11
       8
       8
       6
      11
       7
      11
      10
       9
       6
      10
      14
      12
      16
      11
      11
      19
      14
      12
       8
       8
      15
       4
      15
      11
      14
      16
      14
      14
      13
       5
      19
      11
      14
      12
      14
      15
      11
      14
       8
      10
      15
      13
       6
       9
       7
      12
      11
       8
       9
      10
       9
      11
      11
      13
      12
      12
      10
      10
      10
      12
       7
      13
       9
      15
       8
      14
      13
      15
      13
      10
       9
      11
       9
      12
      11
      11
      20
      15
      10
      10
      12
      11
      12
      11
      13
      20
       8
       7
      11
      13
       9
      13
      12
      11
      14
      12
      12
      11
      16
       6
      16
      10
      11
      12
       7
      10
      13
       9
       9
      14
      13
       8
      10
      18
       6
      10
      12
       9
      11
      10
      13
      16
       9
      10
      15
       7
      12
      13
      14
      15
       9
       8
      16
      14
      10
       7
      11
      15
      13
      12
       4
       9
      12
      15
      12
       8
       7
       4
      10
      16
      14
      10
      10
      12
      12
      12
      13
      22
      14
      18
      27
      27
      45
      29
      21
      32
      24
      23
      21
      13
      11
       9
      14
       7
       6
      11
      13
       3
       9
       7
      12
       9
       9
      13
      17
      10
      13
       8
      12
      10
       7
      10
      10
       8
      16
       4
      15
       6
       9
      15
      11
      13
      11
      14
       8
      12
      11
       9
      10
       6
       5
      14
       7
      14
      12
      12
      10
      13
      15
      13
      16
      14
       9
      12
      11
      10
       8
      11
      12
      14
       6
      12
       9
      14
       5
       7
      12
       9
       8
      14
      13
       8
       8
      10
       7
       3
       5
      12
      17
       9
      12
      11
      15
       7
       9
       5
      12
      18
      15
       9
       9
       8
      15
       6
       8
       9
      12
      15
       9
       7
      11
       7
       8
      16
      10
       8
      11
       8
       7
      11
       6
       9
      12
      14
      17
      11
      16
       4
       9
      19
      10
       8
       8
      13
      12
      10
       6
      10
      12
      11
       5
       9
      11
       9
      11
      12
      14
       5
       7
       5
       7
      11
       6
      21
      13
      11
      16
       8
       9
      10
      14
       7
      15
      16
      25
      36
      43
      42
      59
      60
      59
      58
      56
      52
      28
      21
      23
      21
      14
       9
       7
      10
      11
       7
       7
      12
      11
      12
      10
      12
      17
      14
      18
       8
      25
      17
      22
      12
      11
      10
      11
       9
      14
       8
       8
       7
       8
       9
       4
      15
      15
       8
      12
       9
      14
      14
      11
      10
      12
       4
      11
       8
       8
       4
      12
      13
      10
      16
       5
       5
       9
       5
      10
      13
      10
      15
       9
      11
      13
      12
       7
       8
       5
      10
       9
       8
       8
      17
      16
      10
      10
      10
       3
       4
       9
      10
      10
       7
      18
      10
       6
       7
      13
      13
       4
       8
      15
      11
       9
      11
       6
      10
       8
      15
       8
      13
      14
       6
      12
      13
      14
      11
       6
       6
       7
      14
       8
      12
       8
       6
       8
      10
      11
       7
      11
      12
      10
       7
      12
       6
       6
       7
       9
       7
       6
      11
       9
       9
       4
      15
       6
       9
       7
      13
      11
       8
       7
       8
       4
      10
       4
       5
       8
      10
      10
      10
      17
      13
       9
       8
      11
       5
       8
       5
      13
       3
       5
       6
       6
       9
       7
       6
       5
      10
       8
      12
       6
       9
      11
      10
       7
       9
      11
      11
      11
      13
       6
       4
      14
      10
      11
       6
       9
      13
      13
      11
       3
       8
       9
      11
      12
      15
       9
      15
       8
       6
       5
       7
      12
       9
      13
      11
       7
      12
      14
       8
       9
       7
      11
       4
       6
       4
      10
      13
       7
      11
       8
      11
      13
       4
       7
      12
       9
      13
      11
       7
       8
      13
      12
      11
       9
      14
      10
      12
       7
      12
       7
      11
       7
      10
      12
      12
      15
       4
       7
       6
      14
      10
      10
       7
      10
       9
      20
       5
      10
       7
       9
       5
      16
       9
       4
      11
      14
      12
       8
      11
      14
       8
      14
      16
      16
      20
       9
      12
      19
      20
      12
      14
      12
      13
      12
      10
      10
       4
       9
      12
       8
      12
      10
       9
      12
      13
       8
      10
      11
       6
      14
       9
       5
       5
       9
       9
      10
       6
       6
       8
       5
      12
       5
      10
      10
       9
      11
       8
       9
      11
      10
      12
       9
       9
       6
      11
      10
      14
       7
       7
       8
      10
      14
      11
      13
       9
      10
       7
      12
       9
       7
       5
       8
       9
      10
      10
      10
       7
      16
       5
       8
       7
       8
      13
       6
      13
      11
       5
      17
       9
      10
       9
       9
       9
       9
       9
      10
      14
      16
      13
      18
      17
      18
      41
      33
      34
      39
      42
      46
      35
      34
      36
      26
      26
      26
      19
      16
      19
      13
      10
      10
      11
      10
      10
       9
       4
      11
      12
       7
      13
       7
       8
      10
      11
       9
       9
      13
       9
       8
      11
       9
       7
      13
       5
       8
      15
      10
       4
      11
       6
       8
      10
      11
      13
       8
      10
      12
      10
      11
      13
       5
       8
       8
       7
       8
      11
      11
       8
       6
      10
      13
       9
      10
       8
      12
       4
      11
      11
       8
       8
      13
      12
       5
      11
      13
       9
      13
       8
      12
       8
      14
       8
      10
       9
       9
      14
      10
      10
      10
      11
      16
       8
       6
       5
      10
       8
      12
       9
       7
      12
       9
      11
       5
       7
      20
      10
      12
      16
      10
       7
       8
      10
       8
      11
      14
       4
       9
      11
      10
       8
       8
      10
       8
      11
       9
      11
      11
       9
       7
      12
       4
       6
      13
      11
      11
      12
       8
       9
       7
       9
      14
      11
      11
      11
      10
      12
      12
       5
       9
       5
      12
      16
       9
      10
       7
      11
      11
      13
      13
       7
      14
       8
       7
      11
      10
       6
      10
      12
      10
       4
       9
      14
      16
      10
      15
      11
       7
       8
      13
       8
       9
      10
      14
      12
       9
      12
       6
       9
       4
       7
      14
      10
      11
       8
       6
      12
      10
      16
       6
      13
      10
       8
      12
       8
       7
      12
       6
      12
       6
      12
       6
      11
       8
      10
      11
      13
      11
      14
      11
      12
       6
      11
      14
       6
      13
      11
      14
       8
       9
      15
       8
      11
      12
       7
       9
      11
      15
       6
       5
      10
       4
      11
      10
       4
      13
       6
      11
      13
      11
      12
       4
       6
      13
      11
       8
       6
      12
      12
       6
       7
       9
       6
      13
       8
      14
       5
       7
      14
       5
      15
       7
      10
       9
      14
      12
       9
       6
      11
      11
       6
      12
      13
      14
       6
       7
       8
       8
       8
      10
       7
      10
      11
       8
      10
       8
      12
      13
       8
       6
       9
      11
      15
       5
       8
       7
       7
       4
       5
      12
       9
       7
       8
       8
      12
      11
       9
      18
      14
      18
       9
      10
      12
      11
       9
       5
      12
       3
       6
      10
       9
      10
       8
      15
       8
       9
      11
      11
       7
      14
      10
      12
      10
       8
      18
       8
       8
       8
       7
      12
       8
       7
       7
       7
       9
      10
      12
       6
      10
      14
      11
       8
       9
      16
       7
      10
      11
      10
       8
      14
       9
       9
      12
      11
      12
       8
       9
      10
      12
       6
      12
      10
       6
      13
       6
      10
       7
       9
      11
      17
      12
       7
      13
      11
      11
      10
      13
      13
       4
      14
       9
      10
      11
       7
       9
       6
      11
      14
      11
      16
       9
      10
      11
       7
       5
      14
       8
      10
      11
       3
      12
      11
      15
      12
       6
      12
      15
      10
       5
       8
      13
      13
       9
       8
      13
      13
      11
       7
      14
      10
      11
       8
      10
      15
       7
       6
       9
      11
       4
      12
      12
       9
       5
       7
       8
      12
       5
      10
      11
       8
      13
       7
      11
      12
      12
      12
      11
      12
      11
      12
       9
      15
      14
      10
       8
      10
      11
      12
      10
      10
       6
      14
      10
       9
       5
      10
      10
      11
      12
       5
      10
      11
      13
       5
      10
      10
       9
      10
      12
      10
      12
       5
      13
       6
      13
      15
      12
      13
       6
       7
       9
      15
      10
      10
       7
      11
      11
      19
      15
      21
       7
      10
      16
      16
      10
       7
      14
      14
       9
      11
       9
       8
      16
      14
       9
      10
       7
      14
      18
       3
       8
      14
       8
      16
       8
       6
      11
      14
      11
      11
      13
       7
       4
       7
      14
      10
      12
      14
      12
      11
       6
       7
      12
       9
      11
      14
      13
       9
      11
       6
      10
      11
       7
      17
      11
      11
      14
      11
      10
       7
      15
       8
       9
       9
       7
       7
      12
      11
       6
      10
      15
       6
      12
       9
      14
      13
      13
       9
      10
      14
      10
      14
      10
       9
       7
      10
      12
       9
      12
      10
       6
      11
      12
      13
      17
      10
       9
      15
      10
      13
       8
       6
      11
       9
       8
      10
      11
       9
      14
      11
      13
      11
      11
      14
      11
      13
       6
      12
       7
       8
       8
      13
      13
      12
       8
      11
      17
      11
      16
      13
       8
      16
      18
       8
      12
      13
      10
      12
      10
      13
      12
      10
      11
      10
       7
      15
      15
      10
       9
      14
       8
      10
       9
      16
      15
       7
       6
      10
       9
      10
       6
      13
      11
      13
      12
      11
      12
      10
      10
      10
      12
      11
      12
       7
       9
       9
      10
       6
      14
       6
       6
       7
      13
       9
      14
      13
       8
      10
       8
      14
      11
      16
       6
      10
      10
       8
       9
      14
      10
       6
       4
       8
      12
       8
       7
       8
       8
      10
      14
       7
       7
       9
      10
      12
      16
      10
       6
       2
      10
      14
       9
       3
      10
       8
       8
      13
      11
       7
      10
      10
       9
       6
       6
      10
       7
      10
       4
       8
       5
       8
      10
      10
       7
       8
      11
       5
       4
      11
       8
      12
      12
       7
       8
      10
       4
       9
      10
       9
       7
       4
       9
       6
      12
       8
       4
       3
       6
       6
      10
       7
       8
      10
      10
      13
       5
      12
       8
       7
       9
       9
      11
      12
      10
      14
       9
       5
       9
       7
       8
       8
      12
       8
       5
       3
      10
       7
       9
      10
       4
      11
      12
       8
       6
       9
       4
      13
       7
       7
      12
      11
       8
       7
       4
      10
       5
       5
       5
       9
      11
       6
       5
      10
      13
      11
       6
       6
       8
       8
      10
       6
       4
      12
       9
      12
       7
       3
       8
       8
       7
      10
       6
       8
      10
       5
       3
      11
      12
       4
       7
      11
       4
      10
       7
       3
       7
      10
       5
       5
       7
       9
       7
       7
       8
       7
       7
       6
      12
       8
       4
       7
       4
       5
       7
       9
       7
       8
      12
       5
      10
       4
      12
       7
       7
      10
       6
       3
       8
       8
       6
       4
       6
       7
      12
      15
       6
       5
       5
       6
      10
       8
       8
       8
       5
       4
       7
       6
      10
       7
       5
       8
       3
      10
      13
       9
       7
       9
       8
       4
      10
       5
       4
       8
      13
       1
      10
      13
      12
      13
       8
      20
      29
      36
      39
      58
      71
      80
      81
      61
      47
      53
      34
      25
      16
       8
      13
       7
      12
       6
       4
       1
       2
       4
       9
       6
       4
       4
       6
       7
       7
       9
       3
       5
       3
       2
       4
       5
       2
       7
       9
       6
       4
       2
       6
       2
       5
       5
       6
       4
       3
       7
       5
       8
       4
       5
       5
       1
       9
       9
       4
       3
       4
       3
      11
       5
       1
       3
       3
       4
       3
       4
       7
       5
       3
       5
       6
       5
       1
       7
       2
       5
       4
       9
       7
       3
       2
       6
       5
       5
       6
       6
       4
       5
       3
       3
       7
       5
       6
       6
       4
       7
       3
       4
       1
       1
       4
       5
       8
       7
       4
       2
       1
       0
       8
       6
       5
       5
       7
       6
       4
       5
       4
       2
       4
       5
       5
       2
       5
       7
       4
       3
       6
       1
       4
       6
       5
       5
       5
       4
       0
       7
       6
       2
       2
       3
       5
       7
       6
       3
       2
       7
       4
       3
       5
       5
       1
       6
       7
       8
       3
       6
       3
       5
       3
       1
       1
       3
       1
       2
       1
       5
       9
       5
       0
       5
       1
       5
       4
       9
       1
       5
       7
       1
       5
       3
       1
       5
       2
       6
       6
       5
       7
       2
       1
       5
       3
       3
       4
       6
      11
      11
       3
       8
       5
       2
       4
       5
       7
      11
       5
       6
       4
       6
       8
       4
       8
       3
       2
       2
       3
       1
       2
       4
       2
       4
       2
       1
       6
       5
       5
       3
       6
       8
       7
       3
       5
       2
       3
       6
       2
       1
       0
       3
       4
       3
       5
       4
       5
       7
       3
       4
       1
       4
       3
       3
       7
       3
       4
       5
       4
       4
       6
       8
       2
       3
       5
       2
       4
       1
       5
       0
       6
       1
       4
       3
       6
       4
       3
       4
       8
       3
       4
       6
       5
       8
       4
       2
       4
       2
       3
       2
       5
       6
       3
       3
       2
       3
       9
       3
       3
       6
       2
       6
       6
       3
       2
       5
       2
       3
       3
       5
       6
       3
       7
       5
       3
       6
       5
       5
       2
       9
       2
       5
       4
       3
       5
      10
       3
       5
       5
       6
       6
       3
       4
       1
       0
       3
       3
       2
       4
       2
       5
       4
       7
       8
       3
       5
       6
       7
      11
       5
      10
       9
      16
      14
      18
      15
      34
      45
      57
      96
     106
     151
     159
     229
     234
     287
     285
     240
     187
     160
     108
      77
      53
      26
      21
      10
       6
       5
       8
       2
       4
       5
       0
       1
       1
       2
       3
       2
       2
       1
       5
       1
       2
       4
       7
       2
       5
       2
       3
       2
       2
       2
       4
       3
       8
       1
       1
       6
       1
       1
       4
       4
       1
       2
       5
       3
       2
       5
       5
       4
       3
       0
       5
       1
       2
       2
       1
       3
       6
       4
       1
       3
       5
       3
       3
       6
       2
       7
       2
       4
       4
       0
       2
       5
       3
       7
       2
       3
       5
       1
       3
       5
       3
       2
       1
       1
       3
       3
       1
       5
       2
       3
       3
       3
       3
       4
       3
       4
       4
       1
       5
       4
       3
       2
       4
       2
       3
       1
       4
       5
       3
       3
       2
       5
       4
       4
       6
       4
       2
       4
       4
       3
       5
       1
       4
       2
       5
       5
       2
       2
       3
       0
       5
       3
       7
       2
       0
       5
       5
       0
       3
       6
       2
       5
       3
       4
       3
       3
       3
       6
       4
       4
       3
       7
       1
       0
       4
       3
       4
       6
       2
       5
       4
       5
       2
       2
       3
       4
       3
       1
       5
       6
       1
       1
       2
       4
       5
       1
       4
       3
       6
       4
       2
       6
       4
       1
       6
       1
       3
       3
       1
       3
       2
       3
       3
       3
       2
       3
       4
       2
       0
       2
       4
       5
       3
       1
       3
       6
       3
       5
       2
       0
       3
       2
       5
       4
       4
       0
       6
       2
       2
       2
       5
       2
       3
       1
       3
       3
       2
       9
       5
       4
       3
       3
       3
       2
       4
       1
       3
       2
       4
       2
       7
       1
       3
       2
       2
       2
       0
       5
       2
       6
       6
       2
       3
       3
       8
       0
       3
       2
       0
       5
       4
       2
       2
       1
       1
       4
       0
       1
       3
       7
       0
       3
       3
       2
       2
       2
       1
       0
       6
       2
       2
       6
       3
       3
       3
       1
       0
       0
       3
       3
       5
       4
       2
       4
       5
       2
       5
       3
       2
       4
       0
       4
       3
       4
       2
       1
       0
       3
       1
       6
       0
       3
       4
       4
       0
       2
       5
       4
       6
       4
       1
       1
       5
       4
       4
       6
       1
       2
       2
       1
       6
       3
       3
       2
       2
       7
       4
       7
       3
       5
       1
       1
       3
       3
       1
       4
       6
       2
       2
       4
       3
       2
       3
       6
       5
       1
       2
       5
       3
       2
       5
       1
       6
       2
       2
       3
       4
       3
       1
       2
       2
       4
       1
       2
       0
       4
       2
       3
       2
       2
       1
       2
       2
       5
       1
       2
       1
       7
       2
       3
       3
       5
       4
       3
       3
       3
       2
       4
       3
       3
       1
       4
       7
       5
       6
       2
       8
       3
       2
       3
       5
       4
       4
       3
       5
       6
       3
       2
       0
       3
       1
       2
       1
       4
       3
       1
       5
       1
       2
       1
       2
       7
       1
       1
       4
       3
       6
       0
       2
       2
       3
       2
       4
       2
       0
       3
       2
       0
       3
       6
       1
       3
       5
       3
       3
       5
       0
       6
       2
       1
       5
       5
       3
       5
       3
       4
       0
       2
       3
       2
       2
       1
       3
       5
       3
       2
       4
       2
       1
       4
       3
       2
       1
       2
       3
       3
       6
       3
       5
       4
       5
       5
       4
       3
       1
       2
       0
       7
       2
       3
       5
       3
       6
       3
       4
       0
       3
       1
       2
       1
       5
       2
       4
       2
       2
       1
       2
       1
       1
       3
       3
       1
       1
       1
       2
       6
       6
       1
       4
       3
       3
       6
       0
       2
       3
       2
       4
       3
       2
       4
       3
       3
       2
       3
       0
       4
       1
       1
       2
       4
       3
       2
       3
       3
       1
       4
       2
       4
       1
       1
       2
       4
       4
       1
       2
       4
       1
       5
       3
       3
       4
       3
       2
       1
       6
       1
       1
       5
       7
       0
       3
       5
       2
       1
       3
       4
       5
       1
       5
       3
       2
       1
       2
       3
       1
       3
       3
       4
       2
       3
       2
       3
       2
       2
       4
       1
       1
       3
       2
       0
       0
       2
       3
       0
       4
       2
       4
       3
       7
       3
       2
       5
       4
       1
       3
       5
       1
       2
       2
       2
       2
       4
       2
       3
       3
       6
       7
       4
       1
       1
       3
       1
       3
       2
       3
       2
       2
       1
       4
       2
       1
       2
       2
       1
       1
       2
       6
       5
       1
       8
       3
       2
       2
       2
       4
       4
       2
       2
       7
       2
       6
       3
       3
       3
       4
       5
       6
       3
       2
       2
       3
       6
       1
       4
       3
       1
       6
       4
       8
       3
       2
       1
       2
       3
       2
       0
       0
       9
       2
       4
       0
       7
       0
       4
       1
       4
       3
       3
       5
       4
       0
       3
       7
       3
       3
       1
       5
       1
       2
       2
       2
       0
       3
       1
       3
       3
       3
       1
       5
       1
       4
       4
       3
       3
       2
       0
       4
       3
       1
       1
       2
       3
       1
       2
       4
       2
       2
       3
       0
       1
       3
       3
       1
       0
       3
       2
       3
       3
       1
       2
       2
       3
       1
       7
       3
       1
       4
       3
       2
       2
       4
       5
       1
       0
       3
       2
       3
       3
       2
       2
       1
       2
       2
       7
       2
       1
       0
       1
       6
       2
       4
       2
       2
       6
       1
       1
       3
       0
       5
       2
       1
       2
       1
       1
       1
       4
       2
       1
       1
       1
       4
       2
       0
       0
       3
       3
       1
       4
       4
       5
       2
       2
       4
       3
       4
       2
       4
       2
       1
       3
       2
       3
       3
       8
       3
       2
       5
       1
       3
       1
       1
       2
       4
       5
       5
       4
       2
       2
       2
       1
       0
       2
       1
       1
       0
       1
       6
       3
       1
       4
       6
       3
       5
       0
       2
       2
       4
       3
       2
       4
       2
       1
       2
       2
       2
       6
       3
       3
       3
       3
       1
       3
       4
       5
       7
       2
       1
       4
       5
       2
       4
       4
       3
       2
       2
       4
       3
       2
       1
       1
       0
       3
       1
       2
       1
       4
       4
       6
       4
       1
       2
       5
     390
     823
     845
     873
     885
     767
     819
     834
     812
     846
     826
     802
     782
     797
     837
     794
     787
     823
     827
     831
     861
     821
     799
     817
     862
     834
     851
     817
     827
     803
     811
     885
     830
     793
     832
     840
     747
     811
     821
     832
     885
     825
     778
     793
     793
     816
     840
     800
     821
     763
     824
     819
     800
     822
     760
     809
     811
     832
     789
     804
     804
     814
     807
     884
     845
     840
     779
     797
     788
     851
     883
     885
     770
     809
     837
     813
     818
     829
     777
     821
     814
     835
     838
     810
     838
     812
     788
     815
     833
     776
     790
     783
     745
     870
     815
     786
     827
     773
     818
     848
     815
     797
     810
     804
     792
     841
     791
     812
     842
     828
     824
     799
     846
     784
     754
     828
     803
     789
     859
     770
     781
     797
     866
     845
     799
     788
     779
     797
     822
     854
     818
     824
     813
     805
     807
     849
     772
     801
     811
     795
     806
     826
     807
     820
     823
     800
     809
     771
     824
     835
     819
     819
     843
     812
     853
     721
     786
     786
     852
     797
     826
     777
     797
     824
     813
     807
     816
     827
     792
     829
     798
     827
     827
     805
     753
     810
     774
     820
     788
     906
     771
     794
     832
     847
     399
$ROI:
5
598 616
1488 1502
3004 3030
3417 3440
6719 6742
$PRESETS:
None
0
0
$ENER_FIT:
1.820202 0.388090
$MCA_CAL:
3
1.820202E+000 3.880899E-001 -2.021690E-008 keV
$SHAPE_CAL:
3
1.939874E+000 2.172949E-003 -2.951990E-007
