$SPEC_ID:
naa kelp 12
$SPEC_REM:
DET# 1
DETDESC# SHUGART-PC MCB 337
AP# Maestro Version 7.01
$DATE_MEA:
12/23/2015 08:12:15
$MEAS_TIM:
4085 4151
$DATA:
0 8191
       0
       0
       0
       0
       0
       0
       0
       0
       0
       0
       0
       0
       0
       0
       0
       0
       0
       0
       0
       0
       0
       0
       0
       0
       0
       0
       0
       0
       0
       0
       0
       0
       0
       0
       0
       1
      31
     517
    1305
    1315
    1383
    1354
    1367
    1362
    1484
    1479
    1425
    1519
    1519
    1539
    1477
    1468
    1614
    1579
    1637
    1706
    1781
    1649
    1550
    1532
    1545
    1567
    1610
    1645
    1631
    1674
    1691
    1629
    1617
    1638
    1648
    1574
    1573
    1616
    1572
    1737
    1628
    1655
    1659
    1582
    1540
    1541
    1515
    1512
    1470
    1578
    1447
    1510
    1485
    1492
    1474
    1444
    1453
    1531
    1477
    1565
    1451
    1428
    1473
    1393
    1433
    1467
    1433
    1431
    1481
    1452
    1483
    1454
    1492
    1419
    1517
    1521
    1482
    1543
    1511
    1537
    1559
    1481
    1468
    1587
    1500
    1501
    1574
    1538
    1447
    1530
    1635
    1509
    1540
    1546
    1532
    1514
    1483
    1472
    1543
    1533
    1474
    1500
    1539
    1515
    1592
    1542
    1619
    1650
    1650
    1637
    1637
    1623
    1669
    1726
    1622
    1554
    1622
    1701
    1645
    1668
    1679
    1716
    1594
    1669
    1605
    1631
    1690
    1649
    1685
    1634
    1585
    1633
    1749
    1765
    1761
    1736
    1734
    1697
    1695
    1741
    1771
    1820
    1964
    2275
    2935
    3723
    3688
    2971
    2542
    2901
    4255
    5140
    4397
    3094
    1919
    1527
    1488
    1397
    1354
    1377
    1435
    1366
    1369
    1392
    1400
    1309
    1424
    1385
    1392
    1331
    1276
    1358
    1447
    1539
    1798
    2237
    2787
    2612
    2191
    1734
    1493
    1374
    1601
    1735
    1644
    1504
    1367
    1225
    1213
    1239
    1226
    1253
    1269
    1373
    1456
    1688
    1802
    1476
    1364
    1206
    1266
    1170
    1211
    1217
    1190
    1144
    1191
    1161
    1186
    1242
    1187
    1197
    1253
    1170
    1199
    1179
    1259
    1168
    1154
    1217
    1198
    1231
    1170
    1174
    1182
    1216
    1216
    1188
    1161
    1233
    1249
    1147
    1165
    1118
    1149
    1134
    1130
    1170
    1173
    1164
    1114
    1129
    1143
    1176
    1180
    1164
    1199
    1195
    1160
    1205
    1128
    1121
    1196
    1174
    1214
    1164
    1136
    1180
    1186
    1223
    1173
    1208
    1138
    1168
    1221
    1280
    1156
    1228
    1201
    1248
    1211
    1250
    1258
    1163
    1171
    1182
    1222
    1251
    1182
    1182
    1158
    1184
    1112
    1151
    1243
    1183
    1172
    1244
    1224
    1157
    1239
    1215
    1180
    1193
    1146
    1196
    1158
    1217
    1168
    1184
    1191
    1174
    1160
    1178
    1228
    1148
    1169
    1112
    1210
    1191
    1236
    1211
    1238
    1194
    1205
    1165
    1155
    1149
    1185
    1186
    1106
    1134
    1198
    1133
    1144
    1108
    1108
    1099
    1142
    1134
    1162
    1110
    1081
    1093
    1113
    1095
    1141
    1121
    1142
    1053
    1039
    1111
    1074
    1068
    1169
    1084
    1076
    1050
    1114
    1008
    1078
    1081
    1054
    1055
    1063
    1042
    1068
    1003
    1057
    1046
    1071
    1002
    1085
    1045
    1016
    1068
    1061
    1072
    1120
    1132
    1141
    1026
    1035
    1041
    1050
    1003
    1002
    1034
     960
    1054
    1041
    1033
    1026
    1024
    1007
    1047
     970
     952
    1016
     977
     956
     994
    1027
     981
     951
    1000
    1021
    1045
    1006
    1042
     998
    1021
     999
     967
    1008
    1001
    1061
     960
    1063
    1079
    1020
    1055
    1083
    1100
    1161
    1065
    1110
    1103
    1122
    1113
    1097
    1129
    1114
    1138
    1116
    1120
    1094
    1203
    1084
    1188
    1136
    1157
    1158
    1137
    1208
    1139
    1229
    1150
    1130
    1117
    1172
    1107
    1207
    1143
    1202
    1191
    1188
    1133
    1152
    1179
    1143
    1171
    1233
    1238
    1180
    1220
    1188
    1228
    1190
    1203
    1207
    1225
    1259
    1261
    1192
    1242
    1240
    1231
    1297
    1174
    1236
    1226
    1238
    1210
    1160
    1147
    1253
    1148
    1167
    1173
    1147
    1212
    1185
    1195
    1172
    1181
    1201
    1233
    1182
    1268
    1203
    1203
    1142
    1167
    1159
    1172
    1188
    1162
    1152
    1182
    1154
    1191
    1226
    1172
    1225
    1169
    1202
    1247
    1156
    1102
    1123
    1133
    1195
    1162
    1135
    1180
    1170
    1176
    1223
    1172
    1160
    1174
    1161
    1146
    1095
    1178
    1322
    1753
    2034
    2160
    1906
    1429
    1289
    1148
    1113
    1122
    1112
    1088
    1180
    1170
    1102
    1060
    1099
    1116
    1074
    1102
    1068
    1032
    1065
    1086
    1042
    1067
    1102
    1123
    1064
    1048
    1044
    1108
    1116
    1038
    1012
    1015
    1036
    1066
    1092
    1045
    1040
    1059
     983
    1101
    1078
    1008
    1050
    1028
     987
     994
    1051
    1008
     998
     976
    1030
    1031
    1002
     978
    1015
     964
     988
    1007
     997
     958
     979
    1013
    1018
     942
     948
     958
     931
     977
     938
    1002
     939
     987
     955
     954
     982
     946
     905
     924
     917
     956
     934
     920
     932
     920
     951
     894
     839
     930
     929
     965
     906
     957
     884
     922
     921
     970
     867
     963
     865
     823
     866
     864
     892
     862
     864
     880
     859
     876
     876
     888
     847
     891
     903
     840
     809
     890
     837
     818
     801
     813
     849
     827
     869
     810
     812
     820
     809
     829
     890
     808
     902
     999
    1137
    1154
    1058
     970
     944
     839
     795
     828
     787
     804
     844
     837
     799
     753
     833
     815
     756
     787
     757
     809
     827
     810
     733
     789
     759
     741
     735
     764
     744
     809
     734
     729
     785
     817
     774
     767
     725
     736
     657
     692
     687
     748
     708
     725
     764
     698
     714
     786
     735
     739
     740
     760
     740
     754
     772
     701
     766
     684
     733
     729
     724
     711
     749
     698
     727
     736
     742
     729
     700
     673
     741
     675
     695
     707
     679
     696
     697
     700
     707
     717
     713
     759
     683
     690
     645
     685
     705
     698
     761
     691
     724
     682
     689
     665
     661
     718
     674
     667
     642
     685
     677
     678
     717
     693
     623
     646
     682
     675
     644
     673
     645
     701
     647
     715
     679
     650
     654
     669
     657
     710
     649
     727
     671
     642
     676
     673
     624
     613
     638
     632
     605
     666
     653
     654
     687
     654
     672
     686
     652
     660
     697
     615
     653
     644
     690
     689
     621
     616
     640
     643
     668
     643
     642
     693
     674
     669
     651
     645
     666
     645
     621
     614
     693
     707
     656
     669
     641
     650
     639
     665
     635
     675
     633
     617
     669
     646
     610
     654
     619
     590
     620
     652
     630
     641
     659
     612
     643
     639
     624
     643
     617
     659
     598
     633
     644
     639
     631
     613
     615
     608
     611
     628
     632
     650
     615
     625
     631
     625
     649
     658
     600
     602
     642
     601
     637
     640
     587
     626
     602
     664
     646
     653
     667
     624
     648
     636
     662
     606
     628
     653
     632
     624
     643
     651
     642
     596
     678
     633
     647
     626
     624
     644
     599
     619
     631
     583
     615
     661
     601
     654
     581
     646
     642
     622
     640
     595
     614
     625
     624
     631
     647
     637
     651
     628
     605
     609
     603
     570
     578
     589
     635
     570
     599
     564
     599
     613
     604
     579
     547
     563
     551
     511
     525
     564
     557
     554
     531
     554
     527
     513
     529
     555
     514
     564
     519
     510
     523
     550
     538
     523
     530
     543
     509
     527
     497
     550
     516
     504
     533
     525
     528
     516
     528
     526
     506
     534
     509
     549
     544
     499
     528
     501
     537
     519
     484
     469
     495
     518
     520
     559
     549
     559
     474
     542
     509
     530
     463
     505
     524
     475
     489
     538
     500
     514
     483
     533
     523
     493
     533
     456
     486
     493
     481
     510
     500
     477
     500
     485
     487
     522
     514
     478
     501
     509
     490
     513
     550
     497
     499
     514
     477
     537
     487
     483
     503
     497
     472
     514
     471
     524
     478
     489
     516
     517
     525
     505
     481
     478
     460
     503
     475
     467
     475
     464
     512
     499
     476
     542
     496
     470
     488
     489
     504
     477
     458
     473
     491
     481
     444
     461
     464
     483
     472
     472
     477
     483
     489
     468
     470
     437
     441
     450
     441
     457
     485
     449
     417
     455
     423
     438
     439
     419
     430
     456
     441
     427
     438
     437
     446
     448
     448
     424
     419
     428
     375
     434
     415
     412
     393
     457
     410
     421
     408
     431
     412
     381
     409
     385
     427
     437
     446
     422
     415
     397
     425
     410
     417
     388
     406
     427
     412
     429
     410
     410
     398
     426
     411
     439
     413
     406
     425
     365
     392
     408
     394
     397
     371
     395
     411
     391
     401
     420
     394
     396
     402
     420
     397
     415
     366
     383
     360
     391
     403
     451
     435
     407
     415
     413
     421
     396
     389
     431
     436
     377
     403
     430
     395
     393
     430
     375
     357
     424
     398
     402
     372
     399
     365
     393
     412
     397
     431
     401
     412
     407
     409
     422
     436
     410
     389
     407
     398
     368
     380
     390
     440
     418
     365
     401
     385
     357
     432
     403
     409
     360
     401
     375
     398
     436
     400
     394
     384
     405
     379
     426
     385
     400
     385
     409
     361
     395
     385
     376
     398
     381
     384
     360
     407
     388
     368
     436
     391
     405
     382
     407
     375
     389
     366
     433
     430
     393
     383
     387
     419
     373
     376
     388
     398
     352
     397
     428
     411
     388
     407
     383
     389
     407
     440
     418
     482
     554
     615
     750
     681
     737
     756
     674
     575
     533
     480
     477
     479
     503
     456
     376
     401
     384
     337
     351
     361
     355
     360
     387
     368
     335
     387
     355
     388
     341
     386
     378
     351
     351
     309
     345
     384
     407
     369
     354
     363
     327
     358
     381
     391
     385
     400
     374
     408
     381
     395
     382
     373
     373
     346
     374
     365
     322
     351
     377
     366
     371
     369
     365
     375
     356
     346
     381
     365
     393
     350
     346
     393
     374
     374
     389
     325
     358
     389
     387
     374
     370
     394
     340
     368
     377
     383
     370
     329
     362
     376
     370
     359
     354
     363
     346
     382
     339
     382
     391
     397
     363
     372
     391
     369
     376
     396
     371
     333
     386
     424
     633
    1217
    2706
    5808
   10133
   13989
   14403
   10838
    6065
    2701
    1100
     596
     454
     444
     492
     517
     643
     782
     781
     677
     578
     448
     368
     397
     376
     329
     350
     397
     344
     368
     398
     382
     362
     367
     334
     357
     395
     392
     348
     381
     387
     379
     343
     388
     365
     351
     351
     375
     324
     358
     343
     365
     352
     382
     366
     375
     374
     377
     335
     365
     349
     342
     344
     370
     394
     352
     396
     327
     383
     410
     369
     371
     354
     333
     334
     352
     360
     367
     364
     325
     362
     313
     312
     329
     349
     342
     337
     313
     322
     294
     322
     319
     279
     307
     294
     305
     256
     276
     313
     298
     306
     275
     294
     271
     291
     292
     281
     313
     316
     311
     287
     278
     307
     289
     279
     275
     273
     292
     288
     311
     301
     318
     312
     281
     304
     279
     282
     270
     304
     276
     308
     277
     277
     267
     309
     290
     331
     402
     430
     483
     482
     433
     361
     342
     277
     260
     313
     266
     295
     279
     311
     302
     256
     286
     305
     260
     246
     305
     289
     252
     278
     296
     276
     276
     286
     292
     342
     478
     933
    1980
    3873
    6212
    7998
    7584
    5684
    3136
    1422
     659
     385
     322
     276
     289
     263
     280
     293
     251
     263
     274
     239
     294
     278
     266
     229
     263
     252
     248
     270
     263
     267
     247
     285
     267
     251
     256
     251
     238
     230
     242
     224
     230
     218
     231
     238
     246
     217
     200
     225
     221
     225
     241
     228
     234
     220
     220
     216
     238
     218
     214
     229
     248
     226
     211
     224
     246
     196
     238
     245
     245
     230
     235
     232
     207
     201
     210
     243
     230
     193
     218
     190
     214
     206
     201
     216
     227
     203
     216
     189
     214
     201
     223
     209
     200
     201
     199
     214
     192
     215
     208
     232
     258
     229
     271
     204
     198
     226
     193
     190
     164
     176
     192
     207
     187
     214
     175
     188
     178
     218
     182
     185
     192
     185
     211
     172
     214
     183
     187
     181
     206
     189
     190
     182
     199
     212
     199
     192
     192
     193
     179
     194
     185
     184
     164
     192
     199
     172
     180
     168
     191
     180
     155
     180
     164
     185
     179
     192
     186
     199
     172
     196
     180
     177
     205
     164
     187
     177
     174
     169
     190
     175
     178
     191
     183
     174
     183
     177
     187
     175
     191
     198
     182
     165
     187
     164
     147
     182
     157
     191
     151
     187
     158
     173
     193
     222
     184
     176
     188
     190
     168
     163
     200
     211
     327
     531
    1050
    2022
    3360
    4427
    4543
    3730
    2207
    1115
     479
     267
     186
     187
     195
     183
     180
     203
     157
     174
     141
     166
     153
     202
     162
     166
     173
     167
     174
     149
     147
     150
     155
     158
     164
     157
     170
     165
     159
     162
     152
     135
     168
     155
     143
     146
     155
     166
     135
     155
     166
     168
     143
     160
     163
     161
     160
     148
     151
     143
     149
     147
     158
     141
     166
     168
     165
     152
     171
     172
     165
     160
     177
     160
     162
     145
     155
     166
     171
     159
     180
     150
     183
     146
     153
     189
     175
     156
     166
     154
     151
     154
     143
     158
     157
     147
     166
     141
     171
     170
     138
     146
     163
     162
     165
     181
     171
     144
     146
     142
     177
     165
     160
     152
     168
     146
     140
     147
     159
     161
     172
     163
     168
     151
     162
     162
     178
     148
     152
     177
     168
     161
     127
     186
     178
     149
     158
     148
     149
     146
     155
     161
     181
     144
     161
     160
     144
     158
     177
     142
     165
     145
     154
     151
     181
     150
     173
     183
     136
     164
     145
     157
     157
     144
     151
     167
     169
     150
     144
     150
     151
     146
     176
     165
     159
     157
     152
     148
     157
     164
     182
     169
     158
     142
     161
     165
     159
     151
     165
     164
     186
     163
     159
     151
     151
     181
     171
     164
     170
     209
     237
     458
     953
    1905
    4017
    7078
   10548
   12145
   10964
    7713
    4254
    1884
     800
     392
     243
     202
     199
     181
     180
     143
     156
     158
     154
     115
     123
     138
     134
     153
     138
     142
     130
     144
     154
     129
     154
     133
     163
     129
     140
     131
     127
     148
     145
     143
     152
     160
     141
     123
     138
     143
     169
     138
     163
     137
     157
     150
     133
     163
     134
     154
     154
     159
     130
     129
     138
     115
     165
     148
     125
     131
     127
     150
     126
     150
     146
     139
     133
     133
     131
     147
     157
     152
     148
     140
     160
     146
     159
     158
     142
     146
     132
     162
     152
     166
     153
     155
     162
     166
     158
     146
     155
     156
     136
     142
     134
     138
     157
     156
     155
     123
     155
     144
     169
     160
     135
     144
     142
     141
     144
     141
     150
     143
     145
     167
     157
     157
     155
     138
     131
     128
     129
     151
     200
     205
     349
     554
    1048
    1801
    2779
    3349
    3360
    2579
    1596
     853
     418
     235
     179
     153
     154
     159
     151
     142
     146
     144
     140
     141
     133
     139
     127
     162
     123
     125
     145
     121
     129
     141
     131
     128
     155
     107
     120
     116
     121
     138
     150
     141
     141
     117
     133
     129
     117
     139
     115
     108
     128
     117
     143
     115
     130
     126
     141
     134
     141
     129
     118
     118
     133
     137
     133
     141
     129
     142
     129
     117
     131
     123
     102
     114
     139
     124
     130
     122
     108
     114
     128
     134
     107
     115
     105
     140
     136
     111
     114
     106
     130
     121
     114
     123
     104
     118
     123
     102
     113
     104
     125
     111
     113
     114
     125
     105
     126
     124
     113
     111
     105
     123
     110
     121
     121
     129
     140
      85
     112
      94
     128
     105
     128
     109
     120
     111
     104
     120
     121
     108
      97
     129
     115
     113
     110
     108
     110
     117
     101
     116
     103
     121
     106
      98
     124
     108
      92
      87
     124
     107
     103
     113
      91
     124
     111
     110
      98
      99
     112
     114
     118
      90
     110
      97
     112
     111
     100
      97
     117
     108
     100
     102
     102
     104
      93
      97
     123
     105
     112
     101
     105
     101
     110
      84
     112
     103
     121
     108
     112
     102
      95
      94
     105
     115
     110
     103
      95
      93
     111
      98
      99
     116
     103
      95
     106
      89
     126
     104
     109
     110
      91
      97
     100
     105
     113
     108
      99
      95
      87
     109
     107
     115
      92
     104
     105
     104
     110
     112
      95
     110
      89
     108
     104
     102
      96
     117
      90
     100
      80
      93
      97
      98
      89
      89
      86
     102
     104
      96
     102
      88
     107
      84
      86
      89
      93
     116
     108
      87
      89
     117
      99
      97
     106
      96
      94
     110
      95
      96
      84
     112
      97
      64
     107
      87
      97
      80
      93
      86
      95
      86
      87
      89
      90
     106
      85
      76
     103
      96
      94
      98
      96
      73
     101
     111
      83
      99
      81
      96
     102
      94
      92
      96
      77
      78
      96
      97
      94
      92
     100
      99
      92
      80
      75
      84
      93
      98
      91
      84
     102
      96
      97
      86
     102
     116
     137
     144
     114
     134
     112
      97
      82
      84
     102
      85
     111
      85
      86
      92
      92
      82
      89
     100
     102
     105
     105
     110
      81
      91
      94
      87
      92
      96
      80
     103
      88
      90
      88
     112
     111
      99
     107
     100
      84
      90
      80
      85
      91
     103
      89
      89
     106
     102
     101
      99
      93
      88
      84
      71
      90
      96
      97
      91
      85
      91
      87
      81
      97
      94
      95
      95
     108
      88
     102
      92
      79
      87
     104
      75
      79
      84
      83
      98
     116
      84
     109
     101
      91
      83
      95
      70
      99
      98
      90
      95
      85
     106
      97
      86
      66
      89
      90
     109
      92
      90
      97
      77
      91
      98
     107
      82
      87
      96
     106
      95
      93
      94
      86
     102
     110
      98
      89
     116
     109
     102
      88
     115
      87
      87
     109
      99
      95
      75
     102
      97
      95
      91
      87
      83
     101
     110
      94
      88
     108
     101
     118
     148
     160
     179
     219
     240
     225
     188
     150
     113
      98
      82
      88
      86
      94
      91
      94
      93
      88
      88
      99
     118
      87
      86
      82
      90
      97
      86
      79
      98
     103
     105
      98
     120
      93
     104
      94
     111
     102
      97
      87
     119
     102
     106
      89
      98
     100
      90
      97
      92
      82
     106
      84
      96
     116
     130
      98
      97
      92
      96
      96
     101
      97
      92
      92
      91
     107
     115
      98
     106
      91
     101
     117
      89
     103
      98
      93
      93
      98
      95
      91
      94
     101
      94
      80
     107
      85
     103
     113
     108
     127
     108
     185
     336
     510
     877
    1565
    2290
    2840
    2946
    2534
    1757
    1112
     507
     252
     155
     136
     117
     111
     102
      90
      99
      91
     101
     108
      99
      99
     102
     100
     103
      98
      90
     114
      98
     113
     128
      95
      99
      92
     101
      97
      87
     108
      99
     103
     108
     105
      92
     103
     106
      89
     113
      99
      80
      97
      90
     105
     112
     106
      98
     108
      97
      90
      98
      88
     112
     105
      93
     110
      97
      88
     101
     108
     108
     107
     114
     106
      97
     107
     116
     106
     106
      99
     101
      86
      89
     113
      94
     103
      95
     131
     124
     135
     143
     139
     125
     123
     104
      95
      93
     124
      93
     123
     167
     152
     168
     171
     149
     145
     111
     104
     109
      80
     109
      85
     102
     106
     111
     107
     100
     115
     100
     108
     117
     118
     113
     107
     108
     107
     108
     116
     109
     102
      95
     117
     111
     122
     106
      90
     112
      93
     123
     115
      92
     111
     113
      94
      91
     108
     103
     109
     109
     106
      95
     104
     121
     108
     116
     108
      86
     111
     105
      94
     109
      93
      82
     113
     125
     104
      83
     102
     106
      99
     109
      95
      93
      97
      92
      79
     100
      99
     110
     112
      97
      89
     120
      95
      93
     102
      91
      93
      92
     102
      88
     112
      99
     123
     101
      96
      97
     102
     111
     100
     111
     105
      99
      95
      86
      91
      96
      94
      96
      92
      99
     102
      88
     113
     105
      99
     108
      90
      96
     106
      99
     107
      99
      94
      86
      97
     101
     112
     114
      94
     104
     102
     106
      98
      94
      94
      91
     100
     105
     106
     105
     103
     128
      84
      85
      93
     114
     107
     111
     100
     108
      99
      90
     104
      87
     101
      80
     103
     107
     106
     103
      95
      92
      89
      91
      97
      79
      96
      99
      95
      88
      75
      76
      82
      87
      86
     103
      88
      99
      86
      88
      79
      81
      86
      89
     102
      85
      97
      81
      73
      85
      75
      84
      81
      89
      73
      75
      85
      63
      83
      86
      73
      68
      73
      70
      80
      84
      88
      70
      71
      80
      79
      70
      79
      75
      90
      60
      61
      95
      64
      70
      78
      55
      80
      73
      82
      64
      63
      73
      70
      61
      57
      68
      77
      81
      81
      94
     107
     108
     108
     102
      87
      87
      99
      69
      76
      76
      76
      71
      80
      70
      61
      81
      61
      72
      66
      79
      72
      71
      66
      78
      62
      64
      69
      55
      64
      66
      85
      66
      63
      58
      67
      57
      66
      69
      63
      67
      77
      63
      66
      72
      63
      68
      57
      69
      64
      64
      50
      73
      67
      60
      72
      53
      57
      74
      65
      54
      59
      60
      78
      71
      75
      75
      50
      82
      65
      60
      76
      52
      59
      56
      56
      64
      68
      51
      55
      57
      64
      59
      59
      62
      48
      63
      51
      75
      52
      60
      45
      56
      53
      68
      68
      53
      58
      65
      69
      57
      57
      75
      65
      51
      54
      61
      53
      50
      48
      65
      62
      65
      80
      74
      82
      56
      58
      57
      56
      51
      81
      51
      46
      45
      61
      48
      66
      64
      55
      53
      61
      63
      55
      51
      54
      54
      57
      66
      69
      43
      57
      58
      59
      58
      68
      45
      71
      56
      65
      39
      46
      56
      51
      54
      48
      56
      53
      48
      45
      47
      62
      56
      71
      52
      47
      47
      51
      47
      58
      47
      44
      46
      47
      38
      52
      57
      46
      47
      36
      48
      39
      54
      56
      63
      45
      32
      52
      47
      51
      54
      43
      49
      51
      50
      50
      51
      51
      38
      52
      51
      48
      55
      51
      54
      64
      69
      70
      85
      66
      53
      48
      47
      43
      44
      42
      47
      35
      40
      28
      42
      38
      32
      51
      41
      45
      41
      44
      31
      45
      45
      43
      44
      35
      38
      45
      33
      32
      33
      33
      35
      50
      45
      40
      41
      36
      42
      35
      29
      35
      39
      40
      39
      46
      25
      31
      42
      41
      40
      38
      29
      45
      34
      29
      40
      41
      30
      43
      31
      34
      33
      33
      42
      31
      29
      41
      32
      34
      32
      29
      43
      39
      53
      39
      46
      43
      48
      39
      24
      39
      25
      31
      29
      30
      33
      45
      30
      42
      34
      30
      37
      37
      21
      38
      37
      28
      30
      32
      39
      44
      34
      34
      32
      35
      32
      35
      32
      29
      36
      44
      42
      52
      54
      35
      37
      36
      41
      32
      32
      44
      41
      30
      40
      39
      31
      33
      38
      34
      27
      27
      29
      31
      34
      33
      41
      31
      36
      37
      34
      32
      31
      33
      34
      32
      27
      20
      30
      32
      33
      39
      27
      28
      32
      43
      57
      70
      80
     105
     168
     316
     500
     883
    1320
    1918
    2261
    2367
    1857
    1367
     799
     400
     198
      93
      64
      45
      29
      43
      31
      39
      35
      21
      25
      30
      38
      28
      32
      29
      21
      26
      20
      26
      31
      22
      27
      28
      33
      44
      59
      61
      61
      69
      79
      47
      35
      43
      31
      24
      24
      35
      27
      22
      26
      18
      32
      25
      25
      24
      26
      25
      22
      24
      27
      21
      33
      21
      24
      24
      28
      20
      26
      23
      24
      10
      24
      20
      24
      27
      20
      18
      25
      30
      20
      31
      23
      21
      25
      21
      27
      19
      19
      19
      28
      19
      17
      32
      24
      30
      23
      21
      22
      28
      21
      26
      22
      26
      22
      21
      20
      25
      23
      24
      27
      22
      21
      28
      31
      28
      20
      29
      26
      17
      32
      25
      24
      26
      39
      36
      46
      68
      98
     143
     250
     422
     756
    1170
    1977
    2711
    3181
    3122
    2632
    1849
    1187
     556
     281
     140
      79
      47
      28
      34
      30
      21
      26
      21
      19
      20
      16
      17
      19
      20
      20
      17
      18
      16
       7
      18
      18
      18
      17
      10
      18
      18
      17
      17
      16
      17
      16
      12
      19
      15
      25
      17
      18
      16
      15
      10
      20
      12
      16
      15
      10
      17
      13
       9
      18
      16
      21
      13
      10
      17
      19
      22
      23
      11
      34
      16
      33
      26
      33
      40
      35
      25
      21
      19
      26
      15
      16
      13
      11
      11
      18
      20
      21
      19
      14
      12
      18
      13
      15
      22
      13
      13
      17
      14
      11
      22
      19
      16
      17
      16
      14
      20
      11
      17
      15
      12
      11
      23
      17
      11
       8
      16
      12
      15
      15
      14
      19
      19
      16
      17
      15
      12
      14
      12
      17
      11
      14
       6
      12
      20
      10
      16
      24
      20
      20
      20
      21
      19
      20
      21
      15
      15
      20
      17
      16
       9
      14
      24
      16
      13
      12
      12
      12
       9
      19
      10
      15
      15
      17
      20
      15
      22
      12
      13
       8
      15
      13
      24
      13
      21
      22
      12
      11
      12
      23
      14
      17
      16
      19
      19
      12
      18
      25
      16
      12
       7
      16
      14
      16
      14
      15
      10
      15
      11
       7
      16
       9
       7
      18
      20
      15
      22
      12
      19
      14
      14
      20
      16
      15
      10
      12
      15
      16
      19
      22
      14
      18
      16
      21
      19
      13
      14
       9
      19
      15
      17
      11
      21
      13
       8
      12
      15
      14
      17
      25
      15
      13
      13
      23
      12
      14
      12
      21
      11
      11
      11
      18
       8
      24
      13
      13
      12
      12
      16
      13
      14
      13
      22
      19
       8
      23
      30
      25
      27
      59
      81
     105
     214
     346
     554
     829
     995
    1189
    1172
     970
     684
     451
     249
     124
      49
      29
      26
      19
      12
      19
      20
      13
      11
      13
      13
      17
       7
      11
      18
      16
      14
       8
      14
      17
      10
      14
      10
      14
      12
      11
      13
      14
      15
      12
      13
       9
       7
       8
       8
      15
       9
       9
      16
       7
      11
      11
      11
      20
      14
      13
      12
      11
      13
      12
      13
      15
       6
      11
      13
      16
       9
      14
      12
      14
      14
       8
       9
       8
      11
       6
       9
      14
      12
      10
       9
      17
      14
      16
      11
      12
       9
      14
      16
      20
      16
       9
      15
       7
       9
      13
      13
      12
      10
      13
      18
      12
      15
       9
       8
      11
      16
      15
      12
      14
      14
      21
      14
       6
       6
      14
       7
       8
       8
       6
      16
       5
      14
      19
      13
      18
      13
      21
      21
      21
      28
      34
      35
      32
      24
      10
      17
      20
      12
      12
      13
       8
      12
       9
      12
      10
       8
      11
       6
       8
      11
      12
       8
      16
       9
       7
      18
       9
      14
       7
      14
       7
      15
      11
      15
      10
       8
      13
      15
      11
       8
      11
       5
       9
      22
      13
      13
      14
      14
       6
       8
      12
      10
      13
      21
      16
       8
       7
       8
       4
      12
      12
      14
      12
      11
      11
      11
       9
      12
      14
      17
       9
      10
      11
      14
      12
      15
      15
      10
       4
       7
      11
      14
      11
      11
       8
       6
       7
      18
      14
      13
      14
      14
      12
       3
      16
      10
      10
      15
      11
      16
      15
       9
      11
      14
      11
      12
       7
       9
      14
      14
      12
      14
      13
       8
       8
       9
      15
      14
      11
       9
       9
       9
       7
       8
      10
      11
       8
      18
       7
      18
      10
      17
      11
      14
      15
      18
      16
       9
      14
      16
      11
      16
      13
      15
      11
       9
      14
       7
       7
       8
      12
      12
      14
      10
       7
       8
       9
      10
      16
      14
       8
      12
      16
      18
      11
      14
       5
      10
      16
      12
       9
      11
      10
       9
       5
      13
      15
      15
      10
       7
      13
      16
       8
      11
      14
      11
      10
      13
      14
      15
      12
      10
      16
      15
      16
       9
       9
      17
      14
       8
      15
      15
      15
      25
      22
      30
      26
      21
      28
      25
      13
      18
      11
      12
      11
      13
      18
      18
       9
      14
      10
      14
       3
      11
      10
      12
       6
       8
       8
       3
       7
       8
      13
      14
       7
      11
       5
      14
      11
      11
      16
      14
      10
      13
      13
      10
      14
      13
       9
      11
      17
      13
      15
       9
       9
      18
       9
       7
       8
      11
       7
      11
      17
      12
      12
      19
       7
      12
      11
       8
       9
       6
       4
      10
      10
       7
      11
      13
      16
      11
       5
       9
      14
      14
       8
      11
      10
      14
      12
      14
      11
       9
      14
      10
      12
      13
       9
      11
      10
      10
      19
      12
       7
       8
       6
      16
       9
      11
      12
      12
      10
       8
      14
      11
      15
      14
      12
      11
      11
      15
      23
      34
      43
      52
      42
      56
      56
      42
      33
      19
      17
      15
      11
       8
      13
      15
      14
      12
       8
      15
      10
      11
       6
       9
       9
       5
       8
       8
      10
      19
      10
      13
      10
      11
       8
      12
      12
      15
       9
      11
      15
      12
      11
      17
      11
      16
      10
      12
      15
       9
       7
       9
      14
      12
       9
      11
       7
      15
       9
      14
       7
       8
      11
      12
      13
      11
      15
      10
      16
       9
      10
       8
       8
      10
       6
      14
       8
      11
      17
       4
      15
       8
      13
      11
       4
       8
       6
       6
      13
      12
       8
      11
      18
       8
      10
      11
       3
      14
      13
       8
      10
      14
      11
      11
      17
       8
      12
      10
      12
       9
       9
      17
      11
       9
      16
       5
       4
       7
      11
      12
      11
       7
      12
       7
      11
      12
      14
       6
      10
       9
       5
      13
       8
      12
      18
       6
       6
       9
      11
      12
       5
      19
      15
      14
      21
       7
      12
       5
      12
       8
      10
       8
       9
       7
      16
      15
       7
       9
       6
       5
       9
       9
       7
       7
      12
      12
      12
      18
      13
       9
       7
      13
       8
       9
       4
      14
      11
       8
      11
      10
       8
      13
       4
      14
      12
      12
       9
      13
       9
       9
      13
      14
      18
       9
      14
       8
      12
      14
      10
      11
      15
      14
      13
      19
      22
      26
      24
      22
      19
      37
      44
      54
      72
      72
      91
      95
      72
      84
      48
      39
      35
      31
      20
      17
      14
      15
       9
       9
       6
       5
      12
      15
      12
       8
      10
       8
       7
      15
      17
      13
       8
      10
      11
      16
      10
      16
      12
      12
      14
      15
      11
      12
       8
      14
       5
       7
      10
      11
      16
      10
       5
      14
      14
       8
      15
      10
      15
      10
      14
       5
      10
      13
      16
      13
      10
      13
      12
       8
      10
      17
       8
      10
      14
      16
      16
      14
      12
       9
      15
       8
      11
      12
       7
      14
      14
       7
      12
      10
       9
      12
      19
      11
      13
      13
      11
      10
       8
       9
       6
       5
      16
       6
      11
      12
      13
      13
      11
      11
      10
      15
      12
      11
      14
      16
      13
      17
      16
      12
      10
      13
       9
      12
      14
      11
      15
      18
      18
      16
      25
      21
       9
      20
      19
      15
      13
      10
      14
       7
      13
      14
      12
      12
      18
      14
       8
      15
       9
      12
      16
      13
      14
      10
      12
      15
      14
       8
      14
      16
      14
      11
      13
      14
      17
       7
      12
      12
      11
      15
       8
       9
       8
      10
      14
       9
      12
      11
      17
      20
       8
      20
      11
      11
       8
      11
      13
      15
      13
      12
      12
      10
       7
       8
      11
       6
      11
       6
      10
      15
      15
      17
      14
      13
      15
      14
      10
      10
      11
       8
      12
      12
      10
      12
      13
      26
      13
      12
      11
      11
      15
      13
       7
      10
      14
      12
      16
      13
      21
      14
      10
      24
      28
      19
      26
      24
      21
      16
      25
      20
      14
      13
       9
      16
      13
      13
       8
      11
      12
       9
      13
      14
      23
      14
       8
      11
      12
       7
      20
       9
       5
      11
      10
      12
      13
      16
      17
       8
      10
      13
       9
      17
      10
      16
       9
      11
      14
      15
      14
      11
      15
      18
      22
       7
      14
      12
      12
      14
      11
      14
      20
       6
      12
      17
       8
      11
      15
      10
      13
      14
      12
      17
      19
      14
      13
      12
      15
      10
       8
       4
      16
       4
       9
      13
      16
      16
      10
       7
      19
      13
      14
      16
      13
      21
      11
      15
      14
      13
      19
      17
      17
      14
      11
      15
       9
      12
      13
      15
      18
      10
      11
      17
      18
      11
       9
      16
      14
      19
       8
      11
      11
      12
      18
       9
      10
      13
      17
      12
       6
      13
      13
      13
      18
      23
      24
      39
      46
      46
      36
      35
      35
      19
      18
      13
      10
      20
      12
      10
      10
      17
      10
      17
       8
      11
      13
      17
       8
      13
       9
      15
       7
      10
      14
      11
       9
      14
      16
      12
       9
      12
      13
      12
      12
      11
      16
       8
      11
      13
      14
      12
       7
      13
       9
       8
      11
       4
      11
      17
      17
      16
      12
       9
      11
       9
      16
      12
      10
      11
      13
      14
      12
      11
       9
      14
      17
       8
       8
      16
       8
       7
      15
      11
      14
      10
      10
       7
      12
      11
      17
      17
      12
      16
       9
      16
       9
      15
      16
      11
       7
      12
      16
      15
      12
      24
      13
      10
      12
      15
      16
      16
      12
      14
      16
      10
      15
      14
       9
      17
       6
       7
       8
       8
      13
      10
      10
      10
      12
      16
      17
      14
      12
       8
       8
       8
       8
       9
       2
      11
      11
      11
      10
      15
      14
      16
      14
       8
      12
      17
      10
      11
      17
      14
      14
       9
      23
      17
      16
       5
      11
      16
       9
      13
      15
      10
       9
      12
      12
      18
       5
      13
       8
      10
      16
      14
      12
       8
       9
      13
       9
      19
      11
      14
      18
      17
      17
      13
       9
      13
       7
       8
       9
      17
      17
      15
      18
      15
      14
      18
       9
      10
      23
      15
      13
      14
      14
      10
      18
      14
       8
       7
       7
      21
      15
       7
      11
      10
      14
       7
      12
      21
      11
      13
      11
      13
      12
      15
      19
      16
       8
      15
      12
      10
      14
      12
      15
      12
      11
      15
      12
      15
      10
       8
      14
      14
      13
      13
      16
      13
      10
      10
       9
      10
      12
      15
       7
      10
       8
       9
       9
      13
      12
       5
       8
      13
      18
      17
       6
      11
      15
      11
      11
      15
      11
      17
      16
      15
      12
       9
      14
      12
       6
      17
       6
      11
      11
      14
      13
       9
       8
      17
       8
      12
       9
      13
      10
      11
      12
      12
      12
       5
       4
      13
      13
       9
      13
      19
      15
       9
      17
      14
      16
      14
      16
       8
      14
      12
      12
       9
      10
       9
      11
      11
      12
       6
      22
      13
      16
       7
      10
      12
      10
      14
      19
      14
       9
      11
      14
      18
      13
      14
      15
      12
      13
      15
       5
      17
      11
      13
      17
      14
      18
       8
      11
      10
      15
      11
       8
      16
      14
      14
      17
      16
      11
      10
      14
      15
      13
       8
      12
      10
      12
      16
      10
      15
       9
      14
      14
      15
      22
      15
      15
      16
       8
      20
       5
      17
      13
      18
      11
      13
      17
      11
      15
       7
      14
      11
      15
      13
      11
      11
      13
      16
      13
      15
      13
      20
      21
      16
      25
      15
      17
      21
      17
      21
      17
      19
      15
      20
      16
      15
      12
      10
      13
       7
      10
      17
      10
      10
       8
      14
      14
      21
      10
      12
      15
      15
      18
       9
      22
      20
      18
      19
      15
      17
      12
      17
      13
      12
      21
      15
       9
      12
      10
      15
       5
       7
      22
      11
      15
      14
      13
       6
      12
      16
      11
      10
      14
       8
      13
      13
      20
      10
      14
      14
      14
      11
      15
      20
      15
      10
      11
      22
      19
      20
       8
      11
      17
      12
      23
      15
      16
      17
      11
      14
      14
      11
      16
      12
      14
      16
      16
      16
      16
      16
      15
      17
      15
      16
      16
      11
      15
      18
      11
      14
      15
      12
      14
      11
      14
      13
      19
      16
      16
      14
      20
      17
      12
      15
      15
      16
      13
       8
      16
      14
      10
      13
      15
      21
       7
       7
       7
      16
       7
      19
      12
      17
      16
      13
      16
       7
       9
       9
      18
      15
      11
      16
      17
      15
      13
      15
      12
      19
      13
      11
      17
      11
      16
      16
      20
       9
      13
      10
      17
      16
      21
      15
      23
      25
      31
      39
      33
      34
      29
      17
      16
      15
      19
      12
      14
      16
      21
      11
      24
      11
      13
      17
       8
      13
      12
      13
      19
      10
      16
      13
      13
      15
      18
       8
      16
      18
      19
      12
      18
       9
      12
      14
      14
      12
      15
      16
      19
      16
       9
      11
      12
       8
      15
      15
      12
      21
      13
      10
      10
      15
       7
      12
      10
       9
      16
      14
      13
      10
      11
       9
      17
       8
       9
      13
      11
      12
      12
      13
      17
       9
      12
      17
       7
      11
      11
      13
      11
      13
      11
      12
      13
      10
      15
      15
      11
      14
       8
      17
      22
      11
       7
      14
      14
      10
      13
      11
      11
      18
       8
      18
      11
      17
      16
      10
      10
      16
      16
      11
      17
      13
      16
      11
       8
      15
      10
       9
       5
      10
      11
       9
      15
       8
      19
      11
      17
       6
       9
      12
      18
      14
      18
       9
      15
      10
      13
      10
      18
      15
      16
      11
      10
       9
      12
      16
      15
      21
      10
      18
      16
      11
      14
       7
      17
      12
      11
      20
      14
      14
      16
       7
      10
       8
      13
       8
      14
       9
      17
      14
      18
      10
       8
      11
      17
      12
      20
      16
      16
      19
      15
      15
      19
      16
      10
       9
      17
      18
      16
       8
      15
      19
      17
      14
      13
      14
       6
      17
      13
       9
      17
       9
       7
      18
       8
      11
      16
      14
       6
      14
      20
      12
      16
      18
      10
      10
      12
       8
       5
      17
      14
      13
      20
      11
       5
      13
      20
      13
       4
       5
       8
      11
       9
       9
      15
       6
      10
      16
      11
      14
      15
       8
      13
      10
      18
      22
      10
      15
      16
      19
      13
      14
      17
      11
      19
      19
      17
      16
      18
       9
      17
      11
      12
      11
      16
      12
      10
      11
      13
       8
      10
      13
       9
      11
      10
      14
      16
       7
      11
      12
      12
      19
       9
      23
      17
       9
       8
      20
      23
      18
      26
      15
       8
      14
      17
      15
       8
       9
      19
      12
      20
      18
      14
      15
      18
      14
      11
       8
      20
      19
      14
      18
      12
      12
      21
      12
      17
      18
      14
      15
      22
      21
      12
       9
      18
      11
      12
      16
      12
      15
      14
       9
      15
      20
      15
      15
      13
      10
      18
      12
      17
      16
      19
      13
      17
      14
       8
      10
      12
      12
      11
      21
      12
      10
      13
      15
      11
      12
      11
      16
      11
      12
      17
      20
      17
      26
      24
      20
      26
      24
      24
      26
      26
      48
      61
      72
      69
     110
     129
     121
     150
     194
     148
     135
     141
     109
      96
      96
      53
      43
      46
      30
      31
      16
      17
      22
      22
      15
      14
      22
      17
      17
      25
      15
       9
      10
      11
      21
      18
      19
      24
      18
      14
      12
       9
      16
      15
      16
      12
      13
      10
      18
      17
      21
       7
      15
       9
      15
      17
      11
      12
      14
      20
       9
      12
       8
      13
      12
      16
      21
      15
      15
      16
      19
      27
      13
      22
      15
      19
      11
      18
      14
      11
      18
      14
      12
      12
      17
      12
      19
      21
      18
      19
      23
      16
      17
      15
      18
      16
      22
       7
      15
      14
      14
      22
      19
      15
      12
      15
      19
      14
      10
      18
      24
      21
      13
      17
      18
      12
      18
      18
      13
      20
      18
      22
      13
      23
      16
      12
      16
      17
      19
      21
      18
      12
      16
      16
      21
       8
      21
      15
      16
      15
      13
      17
      13
      21
      16
      20
      17
      15
      13
      16
      14
      15
      18
      19
      17
      17
      12
      19
      19
      24
      16
      25
      22
      16
      15
      25
      19
      23
      11
      14
      16
      14
      19
      14
      15
      13
      15
      23
      12
      15
      15
      14
      14
      15
      15
      19
      17
      24
      15
      16
      19
      19
      18
      21
      19
      15
      26
      18
      23
      17
      12
      15
      20
      18
      13
      18
      15
      24
      21
      11
      22
      24
      14
      17
      18
      15
      21
       8
       9
      21
      23
      14
      29
      21
      19
      17
      13
      17
      19
      18
      16
      18
      19
      21
      15
      14
      10
      24
      21
      19
      26
      20
      15
      20
      15
      18
      18
      19
      21
      22
      19
      18
      11
      23
      25
      17
      22
      19
      26
      21
      12
      21
      18
      17
      25
      17
      17
      26
      14
      26
      24
      29
      14
      22
      18
      22
      19
      17
      15
      17
      22
      24
      20
      18
      18
      21
      20
      18
      18
      25
      19
      15
      18
      19
      23
      14
      12
      15
      27
      14
      22
      28
      21
      22
      15
      16
      19
      12
      18
      16
      15
      20
      18
      19
      17
      19
      16
      23
      15
      20
      19
      20
      20
      22
      14
      15
      17
      15
      20
      17
      19
      16
      15
      11
      18
      15
      15
      17
      14
      20
      23
      20
      18
      10
      23
      16
      22
      21
      21
      16
      23
      14
      26
      17
      13
      20
      19
      16
      21
      27
      16
      18
      19
      26
      16
      20
      19
      13
      19
      15
      13
      16
      21
      22
      13
      21
      15
      19
      11
      20
      31
      27
      16
      13
      22
      22
      23
      28
      17
      23
      25
      18
      22
      13
      19
      23
      29
      16
      16
      20
      10
      15
      18
      22
      17
      21
      18
      14
      12
      15
      19
      22
      26
      27
      20
      12
      22
      24
      15
      15
      21
      21
      21
      24
      22
      23
      22
      20
      21
      18
      20
      19
      18
      29
      27
      18
      12
      17
      25
      21
      19
      19
      21
      26
      23
      24
      23
      26
      24
      19
      25
      16
      13
      24
      19
      20
      24
      16
      19
      25
      15
      20
      22
      16
      20
      20
      24
      29
      26
      21
      12
      29
      25
      29
      16
      21
      23
      32
      25
      21
      18
      20
      26
      28
      26
      18
      30
      16
      21
      28
      27
      22
      18
      19
      18
      26
      28
      25
      20
      20
      23
      27
      22
      22
      20
      19
      29
      19
      18
      16
      25
      28
      19
      24
      15
      20
      24
      23
      25
      17
      14
      21
      26
      26
      31
      17
      18
      29
      19
      20
      14
      16
      26
      28
      22
      31
      28
      29
      23
      23
      19
      25
      30
      23
      26
      16
      22
      26
      21
      26
      19
      24
      24
      22
      13
      20
      27
      28
      23
      26
      27
      22
      26
      15
      32
      26
      24
      19
      31
      22
      23
      16
      35
      30
      27
      27
      27
      23
      25
      26
      29
      22
      19
      27
      27
      29
      24
      31
      23
      26
      24
      24
      28
      19
      18
      24
      21
      32
      39
      27
      14
      30
      25
      27
      20
      29
      25
      24
      28
      27
      32
      28
      36
      28
      30
      24
      34
      17
      33
      19
      26
      37
      28
      28
      23
      19
      34
      31
      32
      26
      25
      24
      22
      28
      34
      32
      28
      21
      23
      25
      32
      21
      28
      32
      24
      36
      33
      27
      27
      25
      32
      32
      26
      26
      24
      28
      30
      27
      26
      19
      21
      31
      30
      27
      31
      23
      30
      30
      33
      31
      24
      21
      28
      26
      38
      30
      41
      28
      29
      22
      37
      32
      23
      26
      32
      34
      26
      26
      26
      31
      23
      29
      19
      22
      28
      29
      28
      33
      19
      29
      36
      34
      21
      27
      27
      27
      31
      32
      43
      35
      28
      24
      22
      33
      27
      32
      33
      18
      28
      39
      30
      16
      25
      24
      26
      20
      23
      27
      21
      17
      23
      23
      35
      28
      21
      22
      21
      17
      24
      22
      19
      18
      16
      17
      27
      21
      17
      14
      20
      25
      16
      24
      28
      23
      20
      22
      15
      24
      18
      22
      18
      28
      17
      21
      20
      17
      24
      24
      20
      28
      19
      13
      14
      17
      16
      22
      27
      21
      17
      20
      12
      17
      17
      22
      13
      17
      11
      20
      24
      17
      19
      18
      15
      15
      16
       9
      18
      23
      14
      23
      24
      22
      21
      23
      18
      17
      18
      13
      11
       8
      16
      24
      23
      15
      19
      14
      13
      21
      16
      22
      12
      20
      20
      12
      23
      14
      23
      11
      20
      12
      18
      17
      15
      18
      14
      17
      15
      24
      26
      13
       9
      13
      11
      18
      14
      21
      14
      12
      13
      12
      11
      14
      20
      10
      13
      19
      10
      22
      10
      16
      17
      16
      17
      14
      13
      12
      14
      16
      16
      21
      14
      20
      16
      11
      13
      13
      12
      12
      14
      10
      16
      13
      13
      17
      18
       7
      14
      15
      11
      25
      12
      16
      16
      11
      18
      17
      14
      16
      13
      16
      16
      17
      10
      22
      16
      13
      18
      12
      18
      12
      17
      12
      16
      23
       6
      14
      10
      13
      18
      13
      20
      16
      11
      12
       8
       8
      13
      18
      18
      18
      19
       7
      19
      12
      14
      13
       6
       6
       9
      14
       5
      18
      13
      19
      14
      13
      19
      10
       8
       9
      18
      16
       5
      13
      13
      15
       9
      20
       9
      15
      17
      12
      13
      17
      14
      14
       9
      10
      11
      12
       9
      15
       9
      13
      11
      13
       6
      14
       6
       8
       8
       9
      11
       7
      15
       6
       6
       8
       6
      10
      12
       8
      13
      10
       9
      12
       8
      10
       8
       8
      13
       5
       6
       7
       9
       7
       9
      10
       8
      11
       5
       6
       7
       7
      10
       6
       6
      10
      10
       8
       4
      10
       6
      13
       8
      11
       6
      10
       8
       4
       8
      11
       2
       6
       5
       5
      11
       4
       8
       5
       4
       5
       4
       8
       6
       6
       3
       6
       4
       9
       8
       4
       5
       7
       4
       5
       5
       8
       3
       5
       3
       4
       7
       3
       5
       2
       6
       6
       2
       3
       7
       6
       5
       8
      11
       9
       4
       3
       4
       4
       3
       6
       3
       2
       7
       3
       3
       4
       8
       5
       4
       7
       4
       4
       1
       7
       3
       5
       2
       4
       4
       6
       8
       2
       6
       4
       5
       3
       3
       2
       3
       5
       5
       6
       4
       2
       4
       4
       3
       4
       1
       3
       3
       6
       4
       2
       2
       2
       1
       1
       4
       1
       8
       1
       1
       5
       3
       1
       7
       2
       5
       4
       2
       5
       3
       4
       5
       6
       5
       6
       0
       4
       6
       4
       5
       5
       4
       8
       3
       4
       4
       3
       5
       4
       8
       4
       2
       1
       3
       5
       4
       3
       6
       4
       3
       3
       2
       3
       2
       2
       2
       9
       4
       4
       4
       3
       4
       3
       3
       3
       1
       3
       6
       2
       3
       4
       6
       5
       3
       4
       1
       2
       4
       6
       1
       6
       5
       5
       7
       4
       2
       3
       4
       5
       4
       2
       4
       2
       0
       3
       1
       3
       3
       4
       2
       3
       4
       5
       3
       2
       3
       3
       4
       0
       6
       2
       2
       3
       5
       6
       2
       5
       6
       4
       3
       8
       3
       3
       3
       5
       2
       4
       2
       2
       3
       5
       4
       3
       3
       6
       3
       5
       6
       5
       2
       4
       1
       1
       2
       4
       4
       4
       5
       4
       6
       7
       5
       6
       4
       2
       4
       7
       4
       3
       5
       7
       3
       2
       7
       7
       5
       5
       6
       9
       3
       7
       5
       8
       3
       7
      10
      10
       7
       9
       3
      10
      10
      16
      13
      16
      22
      35
      36
      52
      68
      98
     107
     142
     218
     316
     388
     543
     748
     902
    1070
    1228
    1256
    1232
    1053
     775
     640
     378
     244
     159
      76
      48
      26
      14
      10
       6
       4
       3
       0
       2
       2
       1
       2
       1
       0
       0
       0
       0
       0
       0
       0
       0
       1
       1
       0
       0
       0
       1
       0
       1
       0
       3
       1
       3
       1
       0
       0
       0
       0
       0
       0
       0
       1
       2
       2
       2
       0
       0
       1
       0
       0
       1
       1
       1
       0
       1
       2
       1
       2
       1
       0
       1
       0
       0
       0
       1
       3
       2
       1
       0
       1
       1
       0
       0
       5
       1
       1
       0
       0
       1
       2
       0
       0
       2
       1
       0
       3
       2
       0
       1
       1
       1
       1
       0
       0
       0
       1
       1
       1
       0
       1
       1
       2
       0
       3
       0
       0
       1
       1
       0
       0
       0
       0
       2
       0
       0
       1
       1
       2
       0
       1
       1
       1
       0
       1
       0
       1
       0
       1
       1
       0
       0
       1
       0
       1
       2
       1
       0
       1
       1
       0
       0
       1
       0
       1
       1
       1
       0
       0
       0
       1
       2
       0
       1
       1
       0
       1
       1
       2
       0
       0
       0
       1
       0
       1
       0
       0
       0
       2
       0
       1
       1
       1
       0
       0
       0
       0
       2
       3
       1
       1
       2
       1
       1
       2
       0
       0
       0
       0
       1
       1
       1
       1
       0
       0
       0
       0
       0
       1
       0
       1
       1
       1
       2
       2
       0
       3
       1
       1
       1
       0
       3
       0
       0
       1
       1
       1
       2
       0
       1
       0
       0
       0
       2
       1
       0
       0
       2
       2
       3
       1
       0
       0
       0
       2
       0
       1
       0
       0
       0
       0
       0
       0
       0
       1
       0
       1
       0
       1
       1
       1
       1
       0
       0
       0
       1
       0
       0
       0
       2
       0
       0
       3
       0
       0
       1
       0
       0
       0
       1
       0
       0
       0
       1
       0
       2
       0
       0
       1
       0
       2
       1
       0
       0
       2
       0
       0
       0
       2
       0
       0
       1
       0
       0
       1
       0
       0
       0
       0
       1
       1
       0
       0
       1
       0
       0
       0
       0
       1
       1
       1
       0
       1
       0
       0
       0
       3
       0
       0
       0
       2
       2
       0
       0
       0
       1
       0
       1
       1
       1
       1
       0
       1
       2
       0
       1
       0
       0
       1
       0
       1
       0
       3
       0
       1
       0
       0
       0
       0
       1
       1
       2
       0
       1
       0
       1
       1
       2
       0
       0
       1
       0
       1
       0
       0
       0
       0
       3
       2
       0
       0
       0
       0
       0
       1
       0
       0
       0
       0
       0
       0
       1
       1
       1
       1
       0
       2
       0
       1
       2
       0
       1
       0
       1
       0
       0
       0
       0
       0
       0
       0
       1
       1
       1
       1
       1
       1
       0
       0
       0
       0
       2
       1
       0
       0
       0
       1
       1
       0
       0
       0
       0
       0
       0
       0
       0
       0
       0
       0
       0
       0
       1
       2
       2
       1
       0
       0
       0
       1
       0
       1
       1
       0
       0
       2
       0
       1
       0
       0
       0
       1
       2
       0
       0
       0
       0
       2
       1
       0
       0
       4
       0
       1
       0
       0
       1
       0
       0
       0
       0
       0
       2
       0
       0
       0
       1
       2
       0
       0
       0
       1
       0
       0
       3
       0
       1
       1
       0
       0
       1
       1
       1
       1
       0
       1
       3
       1
       0
       0
       1
       0
       0
       1
       1
       1
       1
       0
       0
       0
       0
       0
       0
       0
       1
       2
       0
       0
       0
       0
       0
       0
       0
       1
       0
       0
       0
       1
       0
       0
       0
       1
       0
       0
       1
       0
       1
       0
       0
       0
       0
       0
       1
       0
       2
       0
       0
       2
       0
       1
       0
       0
       0
       1
       0
       0
       0
       0
       0
       0
       1
       0
       0
       1
       0
       0
       1
       1
       2
       2
       1
       1
       0
       2
       0
       1
       1
       0
       1
       1
       0
       0
       0
       1
       0
       1
       1
       0
       1
       1
       0
       1
       0
       0
       2
       0
       1
       0
       1
       2
       1
       0
       0
       0
       0
       1
       0
       0
       1
       1
       2
       1
       1
       0
       1
       0
       0
       1
       0
       0
       0
       0
       0
       0
       1
       1
       0
       0
       0
       0
       1
       0
       0
       0
       0
       0
       1
       1
       0
       1
       0
       0
       0
       0
       0
       1
       0
       2
       0
       0
       1
       1
       0
       0
       3
       1
       0
       0
       0
       0
       0
       0
       0
       1
       0
       0
       0
       0
       2
       3
       2
       1
       1
       1
       1
       0
       0
       0
       1
       1
       1
       1
       0
       0
       0
       1
       0
       3
       0
       0
       0
       0
       0
       0
       1
       0
       0
       0
       0
       0
       0
       1
       1
       0
       0
       1
       0
       0
       2
       0
       1
       0
       0
       0
       0
       2
       2
       1
       0
       0
       0
       1
       1
       1
       1
       0
       0
       0
       2
       2
       1
       0
       0
       0
       0
       0
       1
       0
       1
       0
       0
       1
       0
       0
       1
       0
       1
       0
       1
       0
       0
       0
       0
       0
       0
       0
       0
       0
       0
       1
       1
       0
       0
       0
       0
       0
       0
       0
       1
       1
       0
       0
       1
       0
       3
       1
       1
       1
       1
       0
       1
       0
       0
       0
       1
       1
       1
       1
       0
       0
       1
       1
       1
       1
       0
       2
       1
       0
       0
       0
       1
       0
       0
       1
       0
       0
       1
       0
       1
       0
       1
       0
       0
       1
       1
       1
       0
       1
       0
       0
       1
       0
       0
       0
       0
       0
       0
       2
       0
       0
       0
       0
       1
       1
       0
       1
       0
       0
       0
       0
       0
       2
       0
       1
       1
       0
       0
       0
       0
       0
       1
       0
       0
       0
       0
       1
       1
       0
       0
       1
       0
       0
       1
       1
       0
       0
       1
       0
       0
       0
       1
       0
       1
       1
       1
       1
       0
       0
       0
       0
       0
       0
       0
       2
       0
       1
       1
       0
       0
       1
       0
       0
       0
       2
       0
       2
       0
       0
       0
       0
       0
       1
       0
       0
       1
       1
       0
       2
       8
      27
      24
      24
      20
      24
      30
      20
      18
      21
      25
      22
      30
      19
      26
      27
      23
      19
      19
      23
      26
      25
      32
      21
      19
      21
      20
      26
      25
      24
      23
      24
      19
      18
      16
      24
      19
      27
      19
      23
      25
      31
      27
      27
      33
      24
      27
      26
      13
      23
      27
      14
      21
      10
      20
      15
      17
      12
      21
      23
      24
      24
      25
      17
      18
      27
      24
      18
      22
      19
      23
      25
      31
      18
      22
      25
      22
      34
      26
      32
      20
      26
      14
      26
      25
      28
      33
      22
      26
      31
      21
      27
      24
      23
      31
      26
      14
      26
      24
      30
      13
      21
      17
      18
      31
      27
      30
      24
      25
      32
      18
      20
      25
      30
      21
      21
      25
      19
      21
      22
      26
      18
      26
      20
      26
      29
      25
      21
      19
      22
      16
      25
      29
      16
      16
      20
      35
      22
      19
      27
      22
      28
      35
      21
      20
      20
      21
      22
      26
      27
      16
      20
      19
      19
      26
      26
      24
      26
      21
      12
      21
      20
      26
      25
      28
      19
      23
      22
      18
      21
      23
      23
      16
      16
      19
      29
      24
      16
      19
      19
      18
      20
      19
      28
      14
$ROI:
5
598 616
1488 1502
3004 3030
3417 3440
6719 6742
$PRESETS:
None
0
0
$ENER_FIT:
1.820202 0.388090
$MCA_CAL:
3
1.820202E+000 3.880899E-001 -2.021690E-008 keV
$SHAPE_CAL:
3
1.939874E+000 2.172949E-003 -2.951990E-007
