$SPEC_ID:
naa kelp 13
$SPEC_REM:
DET# 1
DETDESC# SHUGART-PC MCB 337
AP# Maestro Version 7.01
$DATE_MEA:
12/23/2015 17:37:36
$MEAS_TIM:
67026 68059
$DATA:
0 8191
       0
       0
       0
       0
       0
       0
       0
       0
       0
       0
       0
       0
       0
       0
       0
       0
       0
       0
       0
       0
       0
       0
       0
       0
       0
       0
       0
       0
       0
       0
       0
       0
       0
       0
       0
       6
     444
    7450
   18278
   18842
   19062
   19087
   19401
   19577
   19324
   19930
   19954
   20102
   20327
   20736
   20815
   20979
   21280
   22069
   23050
   23842
   24041
   23348
   22206
   21723
   21712
   21817
   22067
   22455
   22650
   22610
   22547
   22637
   22568
   22136
   21873
   21658
   21841
   21953
   22263
   22563
   22759
   23129
   22351
   21680
   21100
   21224
   21213
   21055
   20978
   21189
   21447
   21350
   21497
   21387
   21043
   20978
   20899
   21039
   21005
   20852
   21286
   21182
   21237
   21382
   21282
   21483
   21184
   21584
   21512
   21288
   21310
   21145
   21666
   21501
   21563
   21574
   22042
   22318
   22024
   21872
   21973
   22338
   22373
   22368
   22662
   22558
   22605
   22554
   22996
   22996
   23020
   23092
   23235
   22903
   23105
   23052
   23343
   23316
   23405
   23343
   23702
   23477
   23915
   23839
   24286
   23975
   24276
   24744
   25193
   25606
   25577
   25988
   26004
   25802
   25906
   26092
   26127
   25951
   26125
   26380
   26339
   26430
   26605
   26491
   26512
   26944
   26806
   26800
   26911
   26922
   27362
   27192
   27711
   28048
   27820
   28371
   28512
   28806
   29024
   28874
   28946
   29687
   31379
   37205
   50264
   64147
   63662
   50387
   42019
   51857
   76197
   91281
   77379
   49615
   30640
   24139
   22933
   22487
   22186
   22334
   22193
   22101
   22128
   22089
   22141
   22042
   22305
   22289
   22398
   22341
   22341
   22591
   22997
   25273
   30748
   39763
   46969
   45973
   36946
   27771
   23719
   24502
   27046
   29123
   26890
   23556
   21395
   20416
   20158
   19956
   20070
   19925
   20509
   21986
   25945
   29986
   29826
   26335
   22092
   20101
   19776
   19671
   19915
   19617
   19667
   19840
   19773
   19685
   19377
   19636
   19774
   19378
   19596
   19794
   19826
   19642
   20052
   20001
   20247
   19823
   19696
   19234
   19551
   19661
   19542
   19664
   19624
   19459
   19546
   19589
   19449
   19800
   19426
   19402
   19437
   19268
   19475
   19417
   19326
   19566
   19477
   19389
   19342
   19563
   19480
   19673
   19577
   19990
   19614
   19774
   19698
   19678
   19880
   19915
   19835
   19943
   20087
   19954
   20014
   19852
   20401
   20255
   20105
   20539
   20620
   20453
   20533
   20606
   20448
   20654
   20733
   20710
   20586
   20720
   20855
   20861
   20839
   20850
   20989
   20688
   20690
   20340
   20738
   20615
   20501
   20666
   20492
   20572
   20662
   20724
   20604
   20646
   20562
   20555
   20487
   20363
   20338
   20283
   20309
   20294
   20507
   20228
   20071
   20400
   20393
   20394
   20239
   19994
   19999
   20285
   20786
   21314
   20877
   20750
   19904
   19962
   20037
   19491
   19698
   19700
   19583
   19639
   19607
   19357
   19062
   19086
   19593
   19174
   19197
   19529
   18924
   19154
   18908
   19131
   18959
   18759
   19101
   18768
   18808
   18955
   18607
   18831
   18731
   18596
   18863
   18494
   18401
   18434
   18410
   18106
   18186
   18133
   18395
   18228
   18137
   18124
   18043
   17987
   17930
   18011
   17917
   17762
   17770
   17871
   17654
   17686
   18152
   18483
   19314
   19521
   19019
   18206
   17668
   17430
   17106
   17297
   17461
   17195
   17233
   17340
   17325
   17198
   17265
   17132
   17187
   16891
   17175
   16918
   17005
   17049
   17291
   16936
   17177
   17010
   16733
   17285
   16882
   16923
   16806
   16837
   16985
   17262
   17223
   17252
   17122
   17402
   17545
   17981
   18101
   18359
   18869
   18921
   19220
   19146
   19176
   19233
   19183
   19762
   19194
   19487
   19677
   19717
   20187
   20142
   20030
   19907
   20297
   20389
   20541
   20676
   20704
   20505
   20698
   20252
   20254
   20582
   20603
   20583
   20662
   20458
   20685
   20804
   20783
   20783
   20749
   20897
   21065
   20664
   20582
   20777
   20891
   21273
   21287
   21563
   21496
   21819
   22001
   22100
   22241
   22312
   22210
   22233
   22158
   22315
   22232
   22442
   22085
   22005
   22084
   22261
   22153
   22199
   21980
   22287
   21675
   21491
   21657
   21876
   21573
   21826
   21750
   21525
   21637
   21371
   21413
   21418
   21237
   21378
   21199
   21562
   21182
   21171
   21090
   21255
   21438
   21151
   21287
   21546
   21162
   21178
   21340
   20741
   21024
   20897
   20740
   20825
   20822
   20598
   20413
   20799
   20616
   20437
   20770
   20663
   20393
   20449
   20667
   20626
   20554
   20487
   20453
   20400
   20614
   20463
   20328
   21932
   24786
   31761
   39312
   40336
   34237
   26293
   21764
   20407
   19967
   19847
   19593
   19676
   19472
   19596
   19420
   19301
   19309
   19137
   19150
   19269
   19325
   19146
   18976
   19133
   18941
   18683
   18727
   18781
   18686
   18392
   18713
   18534
   18451
   18218
   18279
   18515
   18431
   18390
   18345
   18243
   17786
   17948
   17674
   17794
   17873
   17785
   17766
   17965
   17744
   17778
   17863
   17368
   17392
   17429
   17366
   17358
   17314
   17443
   17120
   17112
   17019
   17008
   17103
   17072
   16957
   17043
   16858
   16790
   16619
   16698
   16893
   16780
   16594
   16633
   16467
   16624
   16441
   16336
   16208
   16155
   16155
   16245
   15948
   16118
   15921
   15729
   15882
   15857
   15755
   15567
   15831
   15529
   15815
   15566
   15370
   15778
   15275
   15424
   15718
   15299
   15641
   15334
   15226
   15147
   15183
   15106
   15183
   14884
   14966
   15114
   14805
   14982
   14667
   14748
   14791
   14632
   15014
   14583
   14533
   14667
   14628
   14483
   14753
   14414
   14386
   14380
   14328
   14308
   14109
   14318
   14101
   14121
   13970
   14562
   15689
   17385
   19578
   19986
   18032
   15638
   14566
   13721
   13832
   13480
   13700
   13561
   13704
   13696
   13431
   13626
   13455
   13587
   13356
   13394
   13407
   13337
   13371
   13385
   13453
   13317
   13185
   13176
   13124
   13100
   12904
   12683
   12938
   12898
   13031
   12734
   12957
   12888
   12592
   12819
   12772
   12723
   12816
   12581
   12637
   12750
   12530
   12537
   12576
   12454
   12478
   12267
   12319
   12225
   12367
   12370
   12369
   12293
   12675
   12526
   12512
   12110
   12197
   12103
   12090
   12151
   12008
   11999
   11995
   11956
   12036
   12037
   11966
   11913
   11827
   11883
   11926
   12029
   11813
   11852
   11503
   11748
   11806
   11791
   11795
   11648
   11639
   11714
   11704
   11675
   11600
   11541
   11424
   11452
   11497
   11503
   11468
   11599
   11340
   11525
   11394
   11401
   11354
   11413
   11492
   11362
   11442
   11408
   11451
   11288
   11343
   11308
   11262
   11208
   11267
   11281
   11315
   11063
   11553
   11299
   11110
   11241
   11253
   11032
   11202
   11094
   11192
   11084
   11164
   10988
   11169
   11140
   11287
   10946
   11017
   10986
   11000
   11108
   11019
   10698
   10881
   11036
   10874
   11033
   10799
   11045
   11022
   10832
   10786
   10891
   11187
   10857
   11083
   10748
   10889
   11011
   10920
   10801
   10899
   10730
   10661
   10721
   10894
   10964
   10961
   10864
   10962
   10879
   10854
   10930
   10587
   10947
   10931
   10617
   10952
   10893
   10647
   10695
   10786
   10776
   10745
   10807
   10586
   10767
   10785
   10675
   10818
   10660
   10572
   10860
   10840
   10886
   10852
   10837
   10580
   10834
   10783
   10578
   10795
   10830
   10796
   10684
   10768
   10795
   10856
   10872
   10628
   10564
   10646
   10914
   10794
   10772
   10794
   10870
   10861
   10894
   10649
   10605
   10757
   10735
   10753
   10724
   10913
   10719
   10835
   10698
   10807
   10793
   10854
   10823
   10547
   10675
   10737
   10716
   10942
   10849
   10736
   10707
   10916
   10743
   10926
   10803
   10599
   10910
   10867
   10697
   10706
   10858
   10667
   10841
   10799
   10701
   10633
   10751
   10758
   10740
   10847
   10884
   10798
   10643
   10722
   10778
   10630
   10604
   10610
   10608
   10530
   10484
   10425
   10381
   10502
   10219
   10298
   10250
    9951
    9933
   10003
    9876
    9911
    9598
    9536
    9747
    9601
    9684
    9402
    9461
    9370
    9289
    9160
    9266
    9196
    8997
    9079
    9216
    9256
    9004
    9030
    8950
    9010
    9054
    9121
    8883
    8989
    8837
    8896
    9125
    8895
    8876
    8991
    8858
    8847
    8889
    8949
    8707
    8795
    8683
    8904
    8733
    8861
    8774
    8645
    8722
    8670
    8674
    8569
    8660
    8720
    8654
    8653
    8658
    9012
    8992
    9071
    8957
    8959
    8642
    8522
    8580
    8523
    8571
    8558
    8451
    8602
    8632
    8612
    8471
    8372
    8591
    8522
    8455
    8548
    8589
    8593
    8622
    8487
    8615
    8442
    8426
    8385
    8426
    8524
    8551
    8497
    8440
    8381
    8432
    8527
    8517
    8310
    8372
    8432
    8457
    8503
    8354
    8357
    8432
    8429
    8548
    8311
    8456
    8344
    8488
    8249
    8203
    8422
    8298
    8457
    8186
    8483
    8353
    8365
    8273
    8195
    8465
    8294
    8344
    8220
    8291
    8162
    8175
    8114
    8275
    8267
    8187
    8153
    8130
    8112
    8167
    8275
    8141
    8134
    8198
    8043
    8266
    8081
    8166
    8119
    8078
    8000
    8106
    7953
    7745
    7913
    7832
    7672
    7696
    7787
    7545
    7581
    7506
    7503
    7538
    7472
    7349
    7316
    7418
    7278
    7180
    7262
    7280
    7204
    7182
    7108
    7177
    7126
    7142
    7037
    6946
    6986
    7004
    7072
    7010
    7032
    7214
    7131
    6865
    6966
    7009
    6960
    6836
    6853
    6985
    6960
    6949
    7062
    6963
    7109
    6768
    6778
    6779
    6978
    6935
    6868
    6647
    6861
    6825
    6827
    6943
    6737
    6809
    6744
    6815
    6775
    6859
    6655
    6862
    6651
    6741
    6841
    6834
    6652
    6686
    6612
    6650
    6649
    6682
    6595
    6786
    6684
    6600
    6834
    6696
    6577
    6489
    6621
    6627
    6745
    6838
    6723
    6844
    6759
    6778
    6841
    6746
    6768
    6706
    6768
    6588
    6749
    6726
    6726
    6622
    6588
    6654
    6693
    6705
    6606
    6435
    6664
    6654
    6572
    6641
    6441
    6732
    6644
    6649
    6640
    6573
    6608
    6560
    6674
    6600
    6568
    6578
    6532
    6646
    6545
    6510
    6805
    6676
    6590
    6740
    6606
    6497
    6669
    6688
    6624
    6739
    6464
    6570
    6649
    6516
    6599
    6633
    6623
    6485
    6545
    6663
    6449
    6555
    6492
    6497
    6600
    6575
    6538
    6635
    6568
    6599
    6653
    6643
    6676
    6519
    6676
    6623
    6582
    6613
    6727
    6573
    6610
    6426
    6562
    6549
    6609
    6587
    6507
    6572
    6609
    6521
    6674
    6481
    6721
    6606
    6497
    6411
    6459
    6553
    6596
    6806
    6706
    7077
    7357
    8104
    8720
    9369
    9594
    9331
    9074
    8733
    8005
    7416
    7284
    7142
    7161
    7045
    6823
    6340
    6467
    6156
    6292
    6105
    6261
    6238
    6172
    6162
    6035
    6156
    6149
    6047
    6115
    5967
    6143
    6177
    6165
    6087
    6104
    6092
    6092
    6174
    6159
    6102
    6109
    6061
    6101
    6136
    6263
    6178
    6275
    6150
    6296
    6171
    6193
    6206
    6092
    6190
    6140
    6166
    6256
    6013
    6174
    6159
    6201
    6163
    6133
    6130
    6105
    6060
    6222
    6170
    6266
    6360
    6249
    6110
    6237
    6277
    6183
    6275
    6241
    6209
    6209
    6122
    6258
    6216
    6325
    6169
    6292
    6485
    6356
    6267
    6284
    6236
    6447
    6443
    6339
    6347
    6378
    6158
    6261
    6415
    6279
    6294
    6323
    6320
    6294
    6390
    6198
    6263
    6388
    6473
    6437
    7013
    8713
   14079
   30189
   69631
  141971
  233675
  292135
  271866
  187827
   97499
   41083
   16639
    9602
    7985
    7924
    8845
   10336
   12861
   14683
   14798
   12495
    9573
    7551
    6569
    6196
    6134
    6280
    6303
    6339
    6429
    6445
    6513
    6420
    6346
    6253
    6273
    6142
    6127
    6217
    6142
    6194
    6266
    6295
    6170
    6295
    6121
    6199
    6355
    6304
    6065
    6291
    6446
    6082
    6275
    6197
    6275
    6108
    6395
    6187
    6211
    6168
    6235
    6199
    6196
    6227
    6192
    6165
    6180
    6133
    6290
    6120
    6184
    6054
    5938
    6028
    6025
    6114
    5736
    5900
    5814
    5865
    5765
    5736
    5619
    5471
    5498
    5417
    5407
    5434
    5299
    5285
    5142
    5174
    5137
    5188
    5060
    5069
    4965
    4925
    5013
    4897
    4941
    4923
    4902
    4919
    4741
    4814
    4801
    4859
    4728
    4858
    4811
    4785
    4792
    4783
    4789
    4614
    4746
    4770
    4697
    4728
    4729
    4668
    4663
    4701
    4615
    4731
    4802
    4744
    4581
    4625
    4768
    4698
    4677
    4691
    4874
    5005
    5783
    6703
    8087
    8981
    8647
    7265
    5843
    5150
    4828
    4615
    4590
    4652
    4626
    4636
    4521
    4537
    4528
    4608
    4571
    4401
    4540
    4548
    4681
    4613
    4570
    4572
    4458
    4535
    4695
    4977
    6717
   11192
   22853
   48965
   91492
  138333
  161601
  142240
   94655
   48936
   21157
    9505
    6125
    5218
    4906
    4943
    4761
    4640
    4510
    4494
    4342
    4097
    4181
    4085
    4184
    4157
    4321
    4202
    4138
    4063
    4095
    4160
    4052
    4055
    3961
    3966
    3812
    3887
    3870
    3847
    3880
    3853
    3647
    3667
    3741
    3624
    3755
    3668
    3571
    3542
    3657
    3623
    3595
    3602
    3713
    3568
    3649
    3665
    3531
    3448
    3473
    3502
    3423
    3560
    3451
    3481
    3472
    3371
    3390
    3431
    3269
    3436
    3367
    3394
    3369
    3269
    3295
    3230
    3261
    3280
    3296
    3316
    3171
    3295
    3180
    3242
    3224
    3208
    3184
    3249
    3136
    3265
    3218
    3124
    3196
    3117
    3123
    3005
    3232
    3087
    3295
    3324
    3648
    3944
    4018
    3921
    3473
    3392
    3147
    3092
    3076
    3007
    3014
    3033
    3061
    3037
    3000
    3000
    2950
    3005
    2987
    2940
    2934
    3056
    2899
    3004
    2976
    2999
    2985
    2930
    2906
    2921
    2911
    2779
    2813
    2830
    2822
    2714
    2816
    2769
    2785
    2801
    2903
    2877
    2762
    2762
    2770
    2797
    2755
    2796
    2727
    2883
    2799
    2681
    2819
    2774
    2725
    2728
    2717
    2738
    2686
    2739
    2682
    2674
    2705
    2687
    2688
    2691
    2673
    2810
    2723
    2674
    2629
    2638
    2686
    2719
    2693
    2677
    2646
    2616
    2728
    2620
    2693
    2548
    2672
    2655
    2669
    2675
    2648
    2630
    2677
    2683
    2569
    2594
    2686
    2641
    2605
    2701
    2752
    2638
    2671
    2685
    2825
    2973
    3961
    6460
   13131
   26464
   49091
   75300
   91247
   84801
   61339
   34514
   16294
    7352
    4065
    3111
    2936
    2776
    2767
    2699
    2646
    2590
    2515
    2527
    2390
    2422
    2321
    2390
    2306
    2447
    2416
    2304
    2425
    2346
    2391
    2352
    2277
    2218
    2349
    2319
    2345
    2394
    2305
    2284
    2298
    2350
    2326
    2330
    2335
    2383
    2229
    2325
    2361
    2350
    2337
    2309
    2381
    2297
    2418
    2325
    2355
    2298
    2267
    2379
    2243
    2343
    2362
    2377
    2303
    2314
    2323
    2395
    2466
    2363
    2391
    2303
    2289
    2250
    2317
    2353
    2363
    2335
    2275
    2282
    2281
    2305
    2275
    2237
    2261
    2404
    2279
    2274
    2334
    2315
    2232
    2269
    2264
    2313
    2419
    2422
    2276
    2297
    2385
    2460
    2538
    2460
    2485
    2468
    2389
    2320
    2343
    2313
    2426
    2370
    2218
    2338
    2414
    2324
    2268
    2333
    2423
    2293
    2329
    2346
    2259
    2318
    2323
    2330
    2225
    2298
    2311
    2237
    2428
    2302
    2304
    2292
    2362
    2320
    2348
    2309
    2276
    2299
    2380
    2374
    2358
    2338
    2350
    2332
    2302
    2372
    2335
    2335
    2222
    2374
    2289
    2328
    2358
    2381
    2346
    2384
    2394
    2407
    2312
    2399
    2379
    2328
    2383
    2364
    2385
    2489
    2398
    2366
    2432
    2310
    2385
    2360
    2320
    2368
    2502
    2415
    2404
    2464
    2434
    2522
    2520
    2456
    2524
    2404
    2405
    2405
    2409
    2480
    2420
    2434
    2478
    2494
    2443
    2441
    2532
    2457
    2563
    2979
    3728
    5895
   11510
   24607
   53140
  103428
  172190
  228349
  240257
  197037
  125702
   63451
   26574
   10493
    5265
    3642
    3302
    3208
    3040
    2901
    2742
    2545
    2389
    2275
    2178
    2226
    2137
    2153
    2188
    2160
    2199
    2152
    2067
    2053
    2127
    2189
    2107
    2197
    2135
    2100
    2169
    2068
    2073
    2112
    2177
    2210
    2164
    2125
    2062
    2167
    2162
    2180
    2162
    2197
    2158
    2219
    2150
    2132
    2077
    2194
    2145
    2144
    2210
    2196
    2121
    2162
    2122
    2027
    2191
    2193
    2180
    2131
    2180
    2151
    2107
    2169
    2177
    2222
    2228
    2209
    2217
    2227
    2169
    2264
    2294
    2335
    2355
    2232
    2234
    2244
    2260
    2189
    2104
    2215
    2231
    2266
    2259
    2149
    2154
    2201
    2278
    2278
    2181
    2149
    2141
    2191
    2232
    2255
    2215
    2255
    2247
    2191
    2220
    2235
    2328
    2207
    2126
    2152
    2234
    2121
    2363
    2226
    2250
    2157
    2209
    2137
    2188
    2271
    2194
    2271
    2318
    2378
    2642
    3183
    4419
    7668
   14408
   26960
   44460
   60912
   67579
   59311
   41642
   23278
   11223
    5403
    3295
    2621
    2426
    2551
    2408
    2288
    2229
    2291
    2126
    2130
    2086
    2129
    2071
    2076
    2044
    2107
    2086
    2032
    2085
    1985
    2090
    1943
    2022
    2021
    1947
    1881
    1897
    1959
    1947
    1803
    1815
    1834
    1869
    1934
    1800
    1818
    1813
    1819
    1770
    1835
    1837
    1781
    1685
    1900
    1773
    1775
    1753
    1773
    1952
    1901
    1831
    1836
    1928
    1899
    2011
    1889
    1864
    1915
    1741
    1722
    1735
    1707
    1713
    1705
    1740
    1716
    1773
    1782
    1784
    1805
    1788
    1781
    1722
    1740
    1709
    1767
    1760
    1757
    1769
    1783
    1761
    1733
    1706
    1695
    1637
    1709
    1734
    1673
    1715
    1692
    1651
    1638
    1684
    1667
    1639
    1665
    1692
    1683
    1671
    1700
    1710
    1663
    1672
    1632
    1593
    1699
    1586
    1625
    1610
    1695
    1660
    1675
    1624
    1594
    1659
    1619
    1541
    1550
    1631
    1623
    1632
    1633
    1534
    1603
    1594
    1570
    1526
    1598
    1635
    1565
    1619
    1580
    1466
    1573
    1597
    1551
    1604
    1602
    1643
    1622
    1597
    1534
    1652
    1541
    1539
    1547
    1508
    1591
    1602
    1699
    1767
    1963
    1968
    1971
    1920
    1685
    1619
    1568
    1564
    1576
    1596
    1596
    1502
    1500
    1517
    1536
    1586
    1502
    1531
    1533
    1613
    1485
    1463
    1580
    1533
    1550
    1524
    1503
    1469
    1507
    1597
    1466
    1532
    1566
    1514
    1460
    1553
    1512
    1542
    1525
    1464
    1479
    1539
    1463
    1515
    1504
    1476
    1428
    1345
    1415
    1474
    1489
    1445
    1458
    1477
    1509
    1433
    1500
    1401
    1402
    1488
    1500
    1525
    1463
    1494
    1508
    1445
    1368
    1446
    1430
    1400
    1344
    1450
    1369
    1472
    1382
    1461
    1439
    1318
    1393
    1438
    1400
    1424
    1421
    1355
    1412
    1428
    1340
    1406
    1365
    1312
    1374
    1378
    1361
    1334
    1324
    1397
    1384
    1381
    1381
    1344
    1323
    1408
    1398
    1342
    1310
    1336
    1291
    1349
    1350
    1350
    1362
    1355
    1301
    1393
    1295
    1338
    1395
    1325
    1291
    1304
    1289
    1336
    1293
    1325
    1322
    1319
    1309
    1295
    1318
    1360
    1281
    1253
    1315
    1397
    1359
    1240
    1314
    1280
    1306
    1306
    1322
    1309
    1221
    1255
    1274
    1282
    1287
    1271
    1258
    1272
    1300
    1285
    1310
    1318
    1364
    1321
    1272
    1311
    1380
    1501
    1646
    1881
    2088
    2170
    2129
    1793
    1617
    1398
    1390
    1202
    1318
    1306
    1335
    1286
    1318
    1211
    1274
    1318
    1243
    1266
    1285
    1246
    1216
    1298
    1281
    1229
    1370
    1398
    1339
    1452
    1398
    1424
    1416
    1487
    1408
    1407
    1432
    1395
    1317
    1313
    1373
    1311
    1306
    1283
    1281
    1304
    1305
    1297
    1289
    1239
    1314
    1295
    1221
    1303
    1298
    1323
    1345
    1348
    1247
    1287
    1333
    1274
    1290
    1326
    1280
    1282
    1393
    1343
    1271
    1300
    1321
    1255
    1238
    1265
    1310
    1296
    1240
    1235
    1279
    1340
    1335
    1297
    1244
    1294
    1305
    1379
    1277
    1312
    1274
    1291
    1287
    1321
    1267
    1293
    1339
    1273
    1277
    1210
    1353
    1281
    1308
    1313
    1313
    1343
    1288
    1292
    1292
    1337
    1337
    1290
    1362
    1263
    1374
    1349
    1304
    1312
    1281
    1353
    1354
    1424
    1385
    1421
    1348
    1354
    1349
    1343
    1316
    1268
    1302
    1265
    1318
    1316
    1293
    1295
    1310
    1329
    1337
    1344
    1358
    1378
    1505
    1577
    1807
    2461
    3005
    3736
    4184
    4093
    3331
    2511
    2030
    1543
    1342
    1328
    1302
    1297
    1315
    1279
    1298
    1330
    1369
    1341
    1331
    1292
    1282
    1317
    1334
    1325
    1370
    1349
    1321
    1364
    1272
    1339
    1304
    1330
    1346
    1327
    1382
    1325
    1377
    1313
    1329
    1402
    1371
    1353
    1348
    1376
    1368
    1361
    1296
    1396
    1473
    1320
    1341
    1354
    1350
    1409
    1368
    1401
    1341
    1427
    1387
    1357
    1362
    1397
    1305
    1411
    1365
    1368
    1380
    1439
    1397
    1456
    1383
    1337
    1343
    1471
    1435
    1412
    1389
    1352
    1438
    1395
    1375
    1411
    1386
    1450
    1503
    1428
    1564
    1725
    2091
    2858
    4519
    7993
   14276
   24606
   39253
   53161
   59886
   55729
   41835
   25995
   13685
    6701
    3313
    2247
    1806
    1665
    1677
    1544
    1446
    1503
    1494
    1371
    1374
    1320
    1385
    1321
    1348
    1377
    1313
    1382
    1396
    1337
    1351
    1340
    1414
    1315
    1299
    1354
    1338
    1346
    1380
    1328
    1444
    1382
    1383
    1363
    1367
    1367
    1407
    1389
    1377
    1345
    1430
    1360
    1390
    1427
    1421
    1432
    1373
    1356
    1384
    1426
    1374
    1463
    1468
    1419
    1357
    1356
    1374
    1390
    1401
    1397
    1457
    1405
    1381
    1378
    1491
    1477
    1523
    1526
    1600
    1607
    1518
    1490
    1485
    1465
    1546
    1542
    1690
    1852
    1853
    1914
    1759
    1732
    1620
    1520
    1499
    1510
    1648
    1906
    2342
    2536
    2735
    2636
    2429
    2010
    1723
    1583
    1556
    1538
    1440
    1459
    1538
    1503
    1452
    1503
    1493
    1429
    1436
    1460
    1496
    1450
    1479
    1445
    1418
    1481
    1489
    1470
    1479
    1467
    1517
    1472
    1533
    1469
    1437
    1503
    1463
    1381
    1539
    1546
    1472
    1475
    1493
    1518
    1452
    1513
    1459
    1537
    1554
    1505
    1492
    1450
    1470
    1390
    1411
    1329
    1373
    1426
    1448
    1393
    1386
    1305
    1391
    1313
    1308
    1311
    1297
    1265
    1261
    1235
    1332
    1282
    1269
    1291
    1297
    1277
    1264
    1234
    1235
    1267
    1282
    1268
    1242
    1276
    1363
    1322
    1382
    1474
    1495
    1573
    1696
    1650
    1582
    1456
    1429
    1333
    1266
    1295
    1294
    1325
    1389
    1455
    1474
    1487
    1529
    1509
    1439
    1314
    1276
    1269
    1214
    1182
    1266
    1300
    1220
    1229
    1259
    1261
    1257
    1222
    1227
    1278
    1229
    1247
    1215
    1204
    1284
    1208
    1297
    1255
    1146
    1311
    1235
    1208
    1272
    1272
    1269
    1198
    1190
    1171
    1221
    1226
    1191
    1167
    1210
    1208
    1250
    1197
    1229
    1184
    1236
    1190
    1195
    1210
    1286
    1199
    1243
    1195
    1245
    1221
    1208
    1217
    1250
    1190
    1212
    1163
    1167
    1175
    1211
    1259
    1164
    1180
    1175
    1163
    1152
    1109
    1172
    1098
    1120
    1191
    1155
    1181
    1163
    1119
    1118
    1109
    1087
    1149
    1106
    1076
    1126
    1083
    1042
    1095
    1028
    1002
    1088
    1085
    1022
    1005
    1081
    1025
     974
     972
    1034
    1020
    1040
     997
    1025
     999
    1031
    1008
    1004
     939
    1010
    1023
     993
     959
     965
    1044
    1037
     965
     992
     995
     936
     971
     952
     976
     955
     987
     943
    1028
    1003
    1007
    1082
    1177
    1268
    1536
    1734
    1896
    1821
    1815
    1453
    1189
    1096
     964
     983
     971
     920
     914
     953
     951
     968
     976
     993
    1028
    1013
    1121
    1014
    1062
     996
     958
     912
     922
     932
     936
     965
     929
     931
     934
     958
     914
     952
     894
     895
     919
     862
     854
     860
     829
     856
     887
     913
     869
     902
     847
     869
     881
     888
     870
     849
     926
     902
     865
     813
     843
     881
     840
     894
     803
     842
     856
     867
     879
     843
     827
     856
     817
     835
     788
     864
     866
     762
     796
     806
     838
     860
     807
     848
     832
     821
     803
     811
     761
     803
     810
     830
     742
     808
     834
     799
     814
     801
     758
     847
     821
     802
     886
     841
     896
     887
     936
     967
     915
     884
     864
     851
     929
    1048
    1041
    1070
    1000
     987
     898
     812
     848
     786
     783
     798
     746
     783
     806
     777
     757
     762
     796
     735
     790
     733
     756
     743
     771
     717
     765
     742
     783
     751
     728
     806
     828
     778
     877
     807
     873
     817
     768
     815
     819
     785
     740
     724
     794
     814
     744
     753
     767
     752
     801
     731
     743
     776
     754
     733
     766
     667
     692
     739
     722
     760
     721
     766
     746
     762
     731
     746
     671
     765
     747
     747
     762
     738
     756
     748
     718
     732
     745
     688
     708
     678
     773
     733
     766
     702
     705
     742
     748
     740
     752
     740
     818
     862
    1041
    1096
    1162
    1195
    1134
    1062
     860
     780
     724
     677
     664
     675
     646
     653
     649
     604
     627
     658
     605
     571
     606
     566
     618
     584
     604
     620
     570
     531
     570
     541
     586
     558
     577
     588
     595
     590
     597
     545
     547
     590
     532
     556
     557
     609
     550
     547
     550
     541
     570
     566
     517
     532
     519
     535
     487
     547
     514
     544
     557
     539
     492
     551
     541
     543
     504
     506
     490
     492
     515
     545
     563
     509
     535
     514
     457
     481
     499
     546
     500
     506
     515
     474
     487
     487
     499
     466
     459
     503
     466
     499
     493
     473
     472
     502
     544
     504
     521
     513
     522
     548
     511
     496
     556
     535
     562
     523
     485
     514
     437
     499
     486
     513
     485
     569
     558
     621
     619
     688
     673
     611
     556
     529
     510
     502
     486
     483
     490
     486
     448
     540
     514
     510
     514
     507
     492
     488
     518
     474
     494
     497
     475
     491
     510
     481
     487
     513
     483
     471
     509
     448
     434
     500
     479
     470
     461
     456
     546
     514
     603
     711
     951
    1196
    1896
    3060
    5213
    9241
   15131
   23832
   34096
   41826
   45063
   40224
   30361
   19554
   10928
    5307
    2582
    1248
     804
     633
     599
     539
     496
     452
     414
     387
     362
     334
     401
     357
     353
     399
     339
     328
     359
     358
     384
     380
     396
     492
     604
     874
    1033
    1260
    1355
    1320
    1064
     824
     655
     510
     447
     376
     369
     340
     325
     357
     327
     354
     333
     310
     307
     301
     289
     321
     317
     326
     312
     318
     316
     336
     324
     292
     309
     288
     319
     307
     340
     321
     304
     311
     307
     329
     308
     322
     300
     306
     325
     309
     339
     284
     318
     326
     333
     302
     315
     308
     311
     284
     322
     324
     275
     302
     316
     310
     307
     317
     286
     323
     316
     275
     269
     317
     281
     293
     336
     293
     293
     324
     298
     276
     292
     287
     301
     292
     283
     272
     289
     284
     290
     363
     354
     436
     555
     727
    1139
    1709
    2803
    4785
    7953
   12236
   17262
   21333
   22708
   20270
   15527
   10035
    5657
    2914
    1459
     740
     471
     393
     337
     307
     314
     303
     298
     236
     244
     251
     216
     251
     225
     226
     235
     253
     234
     253
     218
     219
     245
     227
     243
     202
     229
     244
     253
     266
     259
     247
     273
     236
     255
     207
     243
     225
     221
     221
     265
     240
     216
     250
     221
     215
     245
     235
     231
     238
     254
     256
     212
     213
     232
     227
     255
     286
     332
     361
     406
     574
     598
     670
     652
     525
     400
     347
     259
     243
     195
     227
     241
     186
     233
     227
     227
     251
     218
     224
     205
     239
     211
     205
     226
     196
     209
     209
     204
     216
     191
     218
     198
     239
     217
     177
     200
     200
     211
     202
     177
     221
     189
     209
     206
     215
     211
     200
     206
     203
     174
     206
     173
     195
     167
     199
     206
     171
     221
     200
     175
     213
     163
     182
     207
     204
     193
     210
     197
     198
     176
     185
     220
     190
     203
     175
     200
     203
     201
     199
     204
     186
     185
     194
     182
     214
     183
     197
     188
     189
     201
     193
     188
     188
     211
     212
     203
     169
     189
     207
     200
     183
     203
     192
     162
     203
     191
     195
     195
     208
     199
     211
     228
     200
     207
     207
     226
     206
     221
     211
     205
     179
     187
     189
     198
     208
     176
     185
     200
     181
     184
     215
     189
     223
     205
     218
     181
     205
     174
     179
     181
     175
     168
     189
     221
     196
     216
     174
     198
     206
     177
     189
     206
     201
     214
     197
     193
     182
     187
     202
     202
     211
     201
     190
     203
     221
     203
     215
     211
     267
     275
     279
     283
     289
     241
     242
     205
     198
     213
     208
     194
     202
     194
     180
     206
     207
     210
     203
     202
     196
     213
     203
     223
     240
     248
     293
     345
     422
     594
     923
    1359
    2150
    3620
    6099
    9772
   14418
   19817
   23108
   23402
   20740
   15523
   10251
    5612
    2878
    1500
     707
     420
     292
     273
     229
     239
     195
     188
     148
     169
     143
     160
     118
     144
     157
     151
     141
     132
     131
     142
     130
     158
     156
     140
     143
     147
     158
     119
     135
     139
     126
     151
     153
     153
     159
     137
     149
     138
     156
     131
     118
     158
     121
     119
     163
     163
     152
     127
     146
     147
     154
     138
     135
     132
     158
     133
     136
     144
     152
     141
     137
     162
     125
     140
     131
     133
     141
     150
     150
     143
     144
     133
     146
     146
     128
     130
     147
     149
     170
     157
     155
     131
     164
     164
     138
     140
     146
     145
     156
     136
     138
     132
     133
     171
     163
     145
     157
     148
     118
     164
     137
     127
     134
     153
     140
      98
     125
     131
     160
     160
     137
     136
     152
     143
     164
     153
     166
     164
     205
     232
     236
     242
     227
     247
     218
     188
     135
     160
     145
     129
     130
     136
     144
     157
     144
     135
     144
     146
     148
     158
     124
     117
     140
     114
     123
     148
     155
     152
     124
     140
     139
     137
     148
     152
     123
     153
     145
     149
     126
     133
     140
     142
     124
     131
     145
     155
     152
     138
     143
     134
     131
     165
     138
     153
     104
     141
     140
     147
     145
     155
     158
     151
     142
     152
     167
     152
     146
     135
     137
     132
     144
     139
     132
     145
     123
     133
     150
     139
     135
     135
     141
     143
     129
     140
     129
     127
     130
     134
     155
     149
     122
     152
     135
     137
     138
     132
     150
     150
     146
     140
     150
     124
     141
     111
     145
     157
     125
     127
     145
     129
     140
     147
     136
     131
     128
     141
     119
     132
     113
     128
     120
     137
     111
     142
     133
     127
     109
     133
     130
     137
     130
     144
     143
     146
     141
     118
     138
     138
     128
     134
     125
     167
     128
     127
     134
     128
     123
     119
     113
     121
     130
     143
     124
     126
     118
     116
     127
     139
     116
     127
     107
     147
     139
     123
     138
     143
     141
     137
     116
     147
     137
     129
     149
     144
     128
     134
     137
     143
     139
     143
     160
     151
     146
     182
     187
     187
     196
     197
     169
     162
     147
     159
     131
     158
     129
     153
     137
     122
     146
     162
     180
     235
     286
     323
     438
     487
     504
     448
     376
     304
     246
     211
     147
     129
     163
     126
     112
     141
     130
     131
     117
     129
     130
     133
     115
     139
     135
     139
     134
     126
     131
     144
     124
     127
     132
     124
     142
     128
     147
     133
     125
     113
     128
     119
     133
     114
     129
     134
     110
     127
     128
     134
     111
     122
     111
     146
     138
     117
     117
     111
     124
     128
     116
     114
     134
     141
     121
     121
     155
     105
     119
     118
     142
     126
     127
     121
     106
     123
     113
     125
     129
     115
     137
     114
     114
     123
     118
     121
     127
     125
     120
     105
     123
     125
     119
     117
     118
     121
     104
     125
     108
     125
     117
     131
     123
     123
     108
     123
     127
     139
     132
     128
     146
     129
     131
     159
     160
     198
     225
     290
     390
     529
     683
     916
     946
    1016
     986
     756
     547
     399
     233
     175
     152
     153
     119
     120
     130
     118
     114
     131
     122
     136
     130
     118
     119
     142
     117
     122
     116
     122
     112
     122
     108
     121
     117
     125
     118
     157
     110
     129
     120
     117
     111
      93
     129
     112
     119
     109
     131
     124
     116
     114
     123
     126
     117
     108
     118
     134
     107
     125
     118
     105
     121
     116
      95
     131
     126
     114
     120
     127
     104
     104
     113
     119
     103
      90
     112
     119
     124
      99
     118
     115
     125
     110
     121
     107
     118
     111
     108
      98
     110
     106
     113
     112
     106
     118
      94
     106
     116
     101
     122
      99
      94
      95
     113
     110
     120
     117
     126
     105
     116
     105
     112
     100
      98
     104
      78
     104
     117
     108
     106
      85
     127
     101
     101
     118
      84
     108
     111
     122
     109
     106
     101
     116
     107
     113
     108
     107
     115
     116
      97
     103
     104
      94
     102
     114
     105
     115
     100
     108
     111
      99
     111
      97
     117
     104
      96
     108
      95
     103
     101
     110
     115
     113
      91
     140
     107
     105
     104
     106
     112
      83
      92
      97
     102
     100
      91
     106
      82
      95
     100
      84
      99
     113
      99
      94
     104
      90
     111
      96
      98
      93
      90
      91
     107
     103
     105
     106
     112
     118
     112
     121
     126
     136
     167
     194
     202
     210
     259
     289
     363
     399
     475
     591
     623
     658
     626
     614
     440
     361
     260
     230
     181
     123
     119
     130
     123
     117
     108
     109
      97
     110
      93
     113
     109
     108
     122
     105
     102
     101
     101
      93
     130
     114
     138
     105
      92
      99
     104
     105
     122
     113
     112
     109
     117
     100
     109
     122
     102
     118
     102
     118
     105
      97
     107
     116
     100
     109
     115
      94
      97
     113
     109
     112
     117
      99
      98
      89
     115
     108
     114
     110
     104
     101
      89
     101
      96
     109
     117
      96
     114
     115
     105
      99
     104
     126
     108
     115
     104
     128
     103
     107
      99
      86
     104
     113
      88
     100
     106
     119
     107
     106
     106
     123
     134
     106
      99
     105
     111
     102
      82
     101
     120
     101
     111
     109
     114
      84
     101
     122
     115
     117
     133
     141
     142
     185
     205
     251
     246
     238
     195
     173
     134
     167
     109
      99
     108
     106
     103
     110
     114
     102
     111
     112
     108
     105
     118
     111
     128
     117
     106
     110
     111
     121
     107
     114
      90
      99
      92
      94
     110
      84
      97
     108
     101
      87
     115
      88
      95
      98
     125
      92
      86
      91
     103
      91
      96
      98
     103
      94
     102
     118
     110
     121
     120
     107
     109
     123
     105
     112
     128
      99
     108
     107
     111
      99
     120
      98
      86
     108
      89
     102
      96
     114
     105
     101
     100
     114
      94
      96
     102
     133
     110
      98
     121
     102
     107
      95
     105
      91
     100
     124
     105
     108
     107
     109
     118
     148
     187
     235
     319
     334
     414
     420
     312
     332
     248
     194
     143
     140
     111
     105
     106
      97
     117
     103
      87
      97
      99
     100
      93
     100
     113
     115
     103
     114
     113
     105
     107
     100
      98
     116
     106
      97
      89
     104
     121
     115
     115
     107
      91
     106
      99
     100
      92
      89
     115
     108
     116
      99
      94
      95
     100
      87
     111
     119
     121
     116
      91
      86
     100
     112
      92
     101
     110
     102
     105
      99
     116
      97
      94
     110
     110
     109
      79
     104
     119
     127
      99
     107
     111
      95
      98
     115
     111
     115
     131
     109
     110
      97
     112
     109
     104
     100
      95
      99
      91
     118
     115
     119
     109
     113
     107
      92
      90
     110
      92
     110
     101
     103
      97
      94
     114
      94
     110
     118
     105
     104
     117
      82
     113
     115
     110
     103
     118
     116
     108
     148
     163
     193
     264
     375
     461
     579
     682
     698
     675
     568
     437
     338
     242
     159
     142
     107
     108
      98
     118
     110
     102
     111
      95
     126
     100
     101
     105
     111
      91
     130
     102
     101
     106
     118
      98
     109
     102
     102
     106
      88
     103
      93
     111
      95
      92
     114
     114
     109
      78
      84
     123
      86
     118
      95
     118
      95
      98
     100
     112
     111
     104
     101
      94
      85
     100
     106
     101
      98
     103
     105
     102
      92
      75
     105
     106
      99
      87
     106
     105
      94
     107
     105
      97
      94
     103
      95
      88
      97
      91
     118
      90
     113
     115
      92
     103
     126
     107
      85
      94
     110
      99
      90
     112
      87
      98
     101
      93
     103
      94
     100
      94
      96
     100
     118
      76
     106
     103
      86
      99
     101
      87
      90
      95
      96
      90
     106
      97
      90
     110
      98
     100
     109
     102
      98
     100
      99
      80
      96
      93
     102
     106
     103
      97
      96
      96
     114
      83
      82
      92
     104
      91
      81
      93
      95
      87
     114
      89
     113
      93
      84
     106
      89
     106
      84
      95
      97
      89
      80
     102
      90
     109
      87
     113
      90
     103
     111
      77
     100
      93
     100
      87
      77
     102
     108
      99
     102
      93
      95
      99
      94
     102
      98
     103
      97
      94
      94
     100
     111
      89
     101
      82
      91
     108
      86
      96
     104
     116
     105
     101
      99
     108
      89
      96
     107
     102
     103
      84
      88
     102
      93
     107
     109
     105
     120
     117
     121
     133
     150
     132
     162
     112
     105
     100
      96
     103
      98
      77
      96
      90
      99
     104
      93
      86
      90
      95
      93
      89
      94
     100
      91
      97
      95
      87
     104
     108
     103
      81
      84
     113
      88
      85
      74
     100
     105
      87
      88
      98
      94
      74
      91
      96
      95
      83
     105
      98
      98
      89
     106
      85
      93
     105
      95
      95
      92
     101
     103
     109
     111
     101
      94
     111
      94
      89
      93
      77
      95
     106
      82
      96
      99
      88
      98
     109
     100
      99
     106
      95
      94
      95
      88
     109
      92
      95
      93
     112
      80
      82
     105
     122
      83
      99
      93
      93
     101
     114
      97
      99
     116
     101
      90
     106
     104
      97
      90
      94
     113
     104
      87
     100
      93
      99
     101
      92
     100
     111
      97
      98
     110
     100
     102
      99
      86
     106
      86
     108
      98
     103
     121
      86
      87
      91
     103
     118
      88
     103
      83
     101
      94
      97
      85
      97
      99
     109
      85
      90
     109
     102
     114
      92
      91
      94
     115
     104
     107
      99
      99
     111
     101
      97
     101
     102
      98
     124
     102
     108
      90
      85
      88
     100
      85
     108
      90
     104
     105
     117
     124
     141
     147
     135
     175
     198
     218
     255
     230
     246
     210
     198
     128
     128
     118
      80
     101
     122
      98
      79
     115
     100
      96
     109
     105
      91
     107
      97
      95
     106
     100
     115
     104
     102
      82
      98
     102
      93
      99
      90
     127
     104
     103
     103
     105
     100
      96
     113
     105
     101
     101
     112
     115
     103
     101
      99
      94
      94
      97
     116
     110
      98
     111
     106
     117
     111
     103
      99
     132
     105
     121
     100
      98
      95
     104
     117
      97
     132
     119
     118
      77
     118
     100
     116
     108
     118
     110
      99
      95
     116
     100
      88
      97
     119
      92
      81
     104
     111
     107
     110
     104
      99
      90
      97
      98
     102
     105
     107
      91
     103
      94
     111
      81
      95
     105
     100
     102
     100
      86
     104
     104
     110
      87
      85
     100
      92
     100
      90
      94
      95
      98
     118
      97
      96
      98
     106
     113
      91
      93
      99
      97
      90
     109
      84
     119
      77
     104
      99
     110
     106
      90
      71
      89
      96
     113
      93
      88
     101
      98
     105
      96
     122
      79
     114
     121
     122
     119
     126
     162
     187
     207
     299
     359
     417
     469
     420
     373
     376
     269
     251
     169
     149
     128
     106
     121
     114
     109
     105
     100
      92
      93
     109
      97
      92
      81
     103
     108
     109
      93
     111
     100
     104
      97
      94
      95
     114
      93
      81
     107
      98
     107
     102
      92
     100
     121
     108
      98
     108
     134
     130
     106
     106
     102
      87
      93
      99
      92
     100
      78
      99
      93
      88
     112
      90
      82
      89
      98
      89
     109
      93
      92
      90
     114
      92
      88
      87
      93
      91
      67
     100
     113
      92
      84
      98
     104
      89
      93
     101
      99
      95
     115
      90
      82
      96
      81
      81
      88
      96
      92
     100
     111
      99
     107
     114
      94
     104
      91
      85
      93
      93
      92
      98
     109
     101
      84
     102
      95
      92
     111
      89
      94
      96
      94
     106
     108
      92
      73
      95
      78
      84
     102
     108
      95
     110
      98
      97
     109
      83
      93
     104
     130
      88
      93
      95
     123
      88
      80
      89
      98
     102
      94
      97
      84
      89
      81
     108
      83
      91
      99
      88
      92
      89
      97
     106
      95
      85
      88
     114
     101
      96
      72
      96
      98
     102
     101
      84
     104
      94
      82
     100
      96
      97
      92
     101
     114
     100
     102
     101
      88
      94
      95
     105
      92
      83
     101
      94
      81
      93
      96
      96
      96
      94
      90
     115
     109
     100
      97
     106
     100
     100
     103
      92
      97
      86
      83
     104
     100
      94
      92
      91
     102
      96
      98
      92
     103
     106
      91
      83
      96
      97
      93
      98
      92
      90
      88
      96
      95
     121
      71
      89
     102
      88
     103
     126
     109
      98
      79
     116
     109
     107
     103
     105
      88
      65
      95
      96
     111
      84
     100
      88
      83
     105
     107
      99
      93
      83
     109
     113
      92
     101
     102
      96
     103
      97
      84
     106
     102
     105
      88
      98
     108
     100
      95
     110
     109
     100
     119
     116
     121
     100
      95
     109
     115
     101
      90
     100
     106
     110
      98
     102
     104
      93
      98
     101
     111
     103
      97
     111
     110
      98
      78
      93
     109
     111
     107
     112
      97
     100
     122
      94
     104
      99
     108
      88
      84
      98
      97
     103
      97
     101
     104
      95
     117
      99
     104
     107
      98
      89
      94
     104
     131
      97
     106
     114
      89
      99
      90
     121
      80
     102
     105
     105
     106
     100
     100
      93
     109
     106
     109
      97
     109
     108
     103
     107
      99
      96
     106
     113
     102
     113
     118
     122
     145
     151
     140
     169
     187
     194
     245
     280
     341
     367
     466
     569
     721
     829
     966
    1127
    1154
    1149
    1073
     961
     865
     679
     615
     446
     329
     283
     204
     172
     146
     140
     134
     133
     115
     125
     122
     124
     115
     114
     113
     113
     109
     106
     136
     132
     109
     128
     122
     111
     119
     103
     110
     110
     120
     118
     102
     100
     111
     123
     100
     110
     111
     107
     119
     122
     113
     108
     118
     113
     113
     112
     135
     107
     113
     120
     136
     115
     119
     119
     113
     129
     111
     116
     115
     129
     100
     103
     101
     113
     106
     108
     119
     109
     140
     121
     114
     114
     122
     112
     141
     113
     125
     114
     117
     123
     123
     123
     123
     117
     107
     125
     102
     143
     123
     131
     104
     101
     121
     113
      97
     117
     109
     111
     127
     124
     120
     117
     112
     124
     116
     128
     108
      94
     136
     141
      95
     140
     124
     108
     121
     105
     129
     124
     146
     112
     110
     128
     119
     117
     117
     123
     121
     114
     121
     143
      96
     115
     115
     128
     120
     127
     143
     129
     133
     116
     115
     117
     115
     123
     136
     129
     122
     119
     130
     138
     133
     116
     132
     121
     108
     130
     109
     117
     133
     121
     119
     138
     107
     121
     119
     119
     139
     118
     141
     114
     121
     122
     131
     118
     123
     126
     115
     119
     114
     134
     110
     135
     137
     130
     133
     117
     116
     128
     103
     112
     108
     127
     103
     106
     130
     122
     134
     129
     118
     141
     111
      99
     124
     125
     121
     139
     128
     145
     114
     125
     136
     131
     140
     125
     130
     137
     123
     138
     120
     133
     121
     137
     135
     136
     117
     112
     120
     123
     133
     100
     117
     117
     127
     137
     122
     124
     125
     131
     131
     120
     124
     143
     137
     116
     125
     118
     150
     123
     119
     139
     137
     130
     126
     126
     116
     132
     135
     129
     124
     123
     147
     145
     131
     124
     131
     123
     135
     149
     126
     145
     140
     145
     120
     128
     138
     119
     116
     135
     142
     105
     116
     122
     143
     140
     151
     159
     131
     127
     104
     135
     151
     132
     141
     146
     140
     119
     122
     137
     155
     140
     159
     147
     135
     156
     150
     139
     147
     131
     146
     129
     127
     143
     143
     142
     135
     133
     140
     150
     135
     140
     122
     133
     136
     150
     124
     119
     123
     131
     138
     142
     149
     132
     141
     131
     121
     136
     158
     138
     142
     133
     146
     125
     161
     130
     124
     151
     139
     145
     135
     142
     132
     143
     110
     155
     141
     135
     142
     150
     156
     131
     152
     129
     136
     141
     138
     156
     152
     154
     150
     153
     135
     138
     165
     136
     141
     131
     127
     142
     140
     145
     175
     133
     122
     159
     121
     138
     161
     154
     159
     151
     126
     130
     141
     129
     124
     157
     140
     158
     146
     145
     177
     138
     154
     173
     149
     157
     132
     157
     160
     164
     143
     160
     155
     145
     147
     158
     158
     145
     161
     154
     148
     160
     154
     154
     162
     152
     156
     177
     163
     136
     160
     150
     140
     145
     167
     147
     159
     175
     146
     153
     166
     155
     138
     187
     148
     181
     156
     141
     151
     156
     143
     169
     160
     174
     141
     159
     129
     151
     162
     156
     165
     155
     162
     182
     182
     143
     166
     150
     150
     174
     165
     175
     147
     151
     149
     163
     177
     159
     170
     157
     153
     173
     176
     163
     181
     149
     188
     176
     146
     163
     161
     181
     167
     174
     148
     172
     151
     168
     160
     150
     180
     164
     170
     154
     151
     159
     167
     167
     151
     156
     159
     161
     187
     195
     170
     150
     177
     167
     185
     175
     177
     148
     174
     188
     181
     198
     165
     183
     172
     175
     169
     165
     157
     187
     162
     134
     169
     179
     160
     157
     180
     181
     188
     192
     169
     186
     174
     158
     167
     194
     188
     177
     178
     190
     204
     150
     174
     188
     174
     178
     180
     165
     194
     156
     155
     158
     200
     187
     180
     196
     184
     182
     179
     174
     190
     195
     191
     164
     192
     193
     195
     190
     188
     189
     185
     188
     210
     150
     156
     186
     201
     203
     183
     179
     176
     221
     179
     183
     183
     178
     201
     192
     172
     178
     175
     195
     208
     229
     185
     202
     178
     163
     196
     221
     177
     162
     205
     186
     206
     173
     207
     199
     215
     196
     195
     185
     186
     195
     194
     176
     216
     171
     161
     188
     208
     204
     177
     238
     205
     220
     192
     169
     190
     192
     218
     195
     222
     195
     188
     197
     200
     201
     212
     189
     193
     202
     209
     214
     190
     191
     188
     217
     164
     197
     200
     221
     188
     208
     209
     186
     204
     218
     231
     218
     198
     188
     196
     205
     194
     216
     219
     198
     203
     190
     197
     207
     207
     200
     196
     197
     187
     217
     191
     200
     183
     169
     182
     181
     181
     176
     187
     165
     193
     201
     198
     158
     164
     163
     171
     171
     155
     171
     158
     150
     163
     149
     134
     166
     175
     141
     132
     151
     165
     150
     138
     139
     159
     149
     135
     131
     155
     136
     152
     158
     121
     132
     154
     143
     134
     141
     128
     139
     136
     125
     145
     124
     147
     133
     137
     118
     167
     129
     147
     150
     137
     146
     134
     134
     143
     141
     120
     119
     128
     128
     141
     141
     135
     129
     140
     113
     126
     136
     121
     136
     141
     125
     136
     143
     127
     133
     121
     151
     123
     125
     137
     162
     144
     135
     131
     129
     109
     126
     120
     117
     124
     132
     130
     127
     115
     123
     119
     124
     133
     122
     134
     128
     120
     127
     111
     128
     129
     115
     123
     120
     135
     133
     127
     124
     141
     128
     147
     120
     136
     109
     121
     114
     118
     115
     109
     106
     125
     119
     116
     119
     126
     124
     104
     124
     113
     118
     104
     138
     126
     136
     106
     127
     116
     110
     106
     110
     110
      93
     108
     123
     100
     114
     105
     129
      95
     104
     105
     119
     113
     116
     120
      98
      97
     104
     113
      96
     117
     124
     124
      86
     101
      95
     106
     110
     121
     121
      90
      91
     106
     115
     104
     102
      99
      95
     112
     101
     111
      91
     106
      99
      87
     108
      89
     103
     118
     107
      81
     113
     117
      96
     100
      97
      96
     108
      93
      87
      93
     119
      95
     104
     114
      96
      80
      95
      82
      93
      84
      91
      95
      76
      99
     100
      80
      85
     100
      76
      81
      74
      83
      79
      90
      91
      83
      77
      77
      79
      88
      62
      89
      85
      85
      79
     110
      93
     101
      94
     107
      92
      98
      98
      98
      89
      80
      90
      70
      88
      80
      78
      74
      68
      69
      79
      75
      78
      75
      52
      56
      67
      68
      79
      81
      56
      84
      44
      50
      60
      77
      66
      58
      47
      51
      62
      76
      61
      56
      61
      66
      53
      55
      62
      68
      55
      61
      61
      51
      64
      59
      49
      66
      78
      50
      52
      49
      54
      56
      50
      49
      57
      46
      63
      46
      62
      46
      53
      49
      36
      44
      49
      59
      45
      38
      52
      55
      51
      42
      45
      40
      51
      38
      40
      39
      49
      37
      53
      52
      40
      31
      49
      41
      31
      42
      39
      44
      36
      31
      39
      41
      29
      41
      50
      37
      47
      25
      46
      33
      33
      47
      32
      29
      29
      26
      37
      34
      22
      39
      28
      29
      42
      26
      41
      31
      40
      27
      28
      30
      29
      41
      39
      30
      30
      31
      24
      33
      21
      18
      19
      35
      20
      30
      28
      28
      31
      36
      33
      24
      25
      24
      33
      20
      20
      31
      28
      30
      24
      35
      35
      30
      25
      21
      29
      14
      32
      20
      34
      34
      39
      30
      31
      20
      23
      31
      22
      30
      31
      30
      25
      30
      23
      26
      28
      29
      34
      27
      27
      27
      20
      21
      20
      24
      32
      17
      21
      29
      20
      29
      26
      15
      24
      22
      24
      25
      32
      38
      25
      32
      30
      23
      23
      21
      35
      24
      28
      27
      26
      25
      24
      19
      25
      17
      28
      21
      28
      28
      35
      26
      18
      23
      21
      19
      22
      18
      28
      22
      15
      32
      35
      23
      24
      34
      28
      19
      32
      24
      23
      35
      25
      20
      24
      31
      31
      24
      26
      25
      25
      32
      29
      24
      28
      39
      27
      25
      29
      27
      22
      28
      34
      22
      26
      24
      24
      19
      36
      22
      16
      26
      24
      23
      24
      22
      31
      26
      31
      27
      25
      36
      27
      25
      29
      27
      28
      21
      26
      29
      36
      23
      22
      26
      25
      26
      26
      33
      31
      32
      34
      36
      26
      36
      30
      33
      33
      40
      45
      41
      35
      41
      22
      38
      43
      46
      42
      37
      31
      31
      47
      43
      38
      40
      52
      42
      47
      42
      46
      52
      66
      70
      71
      78
     105
     128
     162
     212
     237
     296
     404
     500
     650
     944
    1205
    1621
    2356
    3180
    4275
    5542
    6827
    8120
    8575
    8575
    7967
    6758
    5317
    3879
    2623
    1670
     980
     601
     364
     203
     135
      81
      44
      43
      27
      18
      14
      21
      10
       8
      11
       9
       6
       6
      11
       3
      10
       4
       4
       6
       4
       8
       3
       5
       2
      10
       4
       5
       7
       5
       8
       6
      10
       5
       4
       9
       6
       9
       6
       4
       4
       6
       9
       4
      11
       4
       6
       7
       5
      11
      10
       2
       5
       7
       5
      11
       7
       4
       8
       9
       3
      10
       5
       7
       8
       9
       9
       2
       9
       9
       5
       7
       7
       5
       4
      12
       2
       9
       9
       2
       8
       5
       6
       4
       4
       8
       5
       3
      12
       6
       5
       8
       6
       6
       7
       4
       5
       3
       7
       9
       8
       5
       4
       8
       5
       3
       2
       4
       8
       6
       2
       7
       2
       6
       8
       3
       5
       8
       3
       8
       5
       7
       7
       4
       2
       4
       5
       5
       8
       5
       5
       6
       8
       9
       2
       9
       5
       7
       2
       7
       0
       8
       7
       3
       6
      10
       5
       6
       4
       5
       8
       8
      13
       5
       4
       9
       6
       5
       7
       7
       5
       4
       7
       5
       9
       5
       7
       8
       5
       6
       4
       5
      10
       7
       9
       4
       5
       9
      10
       8
       9
       8
       5
       5
       7
       6
       7
       7
       5
       7
       2
       6
       3
       3
       5
       4
       5
       5
       5
       7
      10
       6
      10
       6
       9
       6
       6
       9
      13
      10
       6
       5
       6
       5
       6
       2
       5
      11
       5
       6
       4
      10
       4
       8
      13
       5
       5
       6
       2
       4
       3
       4
       3
       7
       4
       5
       8
      10
       4
       0
       2
      15
       4
       8
       5
       4
       5
       3
       4
       6
       4
       4
       5
       4
       5
       1
       4
       3
       2
       3
       4
       4
       3
       6
       3
       4
       3
       6
       5
       4
       5
       6
       5
       3
       8
       6
       4
       6
       3
       5
       5
       7
       6
       8
       7
       7
       0
       2
       1
       5
       3
       4
       4
      10
       3
       3
       4
       3
       4
       3
       8
       6
       5
       4
       2
       7
       4
       4
       5
       6
       3
       6
       3
       4
       6
       4
       6
       5
       4
       9
       6
       6
       4
       2
       6
       6
       1
       5
       5
       5
       6
       3
       5
       4
       2
       7
       4
      11
       4
       5
       7
       6
       8
       7
      10
       5
       4
       3
       7
       4
       6
       9
       6
       5
       5
       5
       5
       3
       4
       4
       8
      12
       3
       5
       5
       9
       5
       3
       7
       1
       4
       4
       2
       2
       5
       5
       5
       5
       3
       1
       6
       6
       4
       5
       8
       7
      10
       0
       6
       6
       3
       2
       2
       6
       1
       3
       6
       2
       3
       7
       5
       4
       3
       3
       5
       4
       9
       3
       7
       4
       8
       5
       5
       5
       4
       6
       5
       5
       3
       3
       4
       3
       3
      12
       6
       7
       4
       6
       2
       7
       4
       3
       2
       7
       3
       4
       3
       5
       5
       2
       4
       4
       5
       5
       4
       1
       1
       6
       8
       4
       5
       3
       4
       7
       7
       4
       4
       8
       7
       1
       4
       4
       5
       3
       6
       4
       5
       4
       3
       5
       3
       6
       8
       3
       8
       3
       6
       1
       5
       6
       1
       8
       4
       4
       5
       1
       4
       3
       5
       4
       3
       2
       3
       6
       3
       3
       7
       2
       6
       9
       3
       5
       4
       3
       6
       4
       3
       5
       2
       6
       7
       5
       5
       4
       1
       8
       9
       8
       8
       2
       4
       4
       5
       1
       2
       2
       5
       1
       3
       4
       6
       6
       2
       2
       5
       1
       1
       5
       0
       2
       4
       5
       5
       4
       2
       7
       1
       5
       3
       6
       4
       3
       6
       6
       2
       2
       7
       2
       5
       5
       6
       4
       6
       7
       1
       5
       2
       4
       5
       5
       5
       3
       3
       6
       5
       4
       6
       5
       9
       4
       5
       3
       5
       3
      10
       6
       1
       7
       7
       1
       5
       4
       6
       4
       2
       4
       4
       4
       3
       3
       1
       3
       4
       4
       2
       2
       1
       9
       3
       7
       5
       3
       4
       4
       5
       1
       7
       4
       3
       1
       6
       2
       2
       5
       6
       6
       6
       3
       3
       5
       6
       2
       2
       5
       3
       5
       5
       4
       4
       0
       1
       6
       1
       6
       7
       3
       6
       4
       3
       8
       5
       6
       1
       2
       6
       2
       2
       3
       1
       7
       4
       3
       6
       2
       4
       7
       3
       7
       5
       3
       1
       3
       8
       3
       3
       2
       5
       4
       3
       7
       6
       8
       4
       2
       2
       5
       4
       5
       0
       9
       4
       4
       3
       7
       4
       2
       4
       6
       5
       3
       3
       3
       7
       2
       4
       4
       2
       2
       3
       2
       6
       1
       3
       3
       9
       7
       3
       2
       7
       3
       0
       5
       4
       1
       2
       4
       5
       2
       3
       4
       2
       3
       1
       4
       3
       6
       4
       1
       7
       3
       3
       7
       5
       5
       8
       5
       7
       2
       4
       3
       2
       2
       6
       2
       9
       3
       1
       2
       3
       2
       1
       1
      12
       4
       1
       2
       4
       2
       2
       1
       0
       2
       3
       3
       2
       4
       1
       4
       8
       5
       3
       1
       5
       8
       5
       5
       5
       7
       2
       2
       3
       4
       0
       1
       3
       6
       2
       3
       4
       4
       1
       4
       4
       1
       7
       6
       6
       6
       2
       6
       3
       0
       1
       2
       1
       6
       1
       6
       4
       3
       6
       1
       3
       4
       5
       5
       4
       3
       5
       3
       6
       2
       4
       1
      10
       9
       1
       6
       6
       4
       2
       7
       3
       4
       2
       3
       2
       3
       1
       3
       4
       3
       6
       2
       2
       2
       9
       2
       2
       1
       3
       1
       4
       5
       4
       5
       4
       2
       7
       3
       5
       7
       7
       5
       3
       6
      10
       4
       7
       7
       0
       6
      11
       7
      11
       4
       2
       4
       3
       6
       5
       3
       0
       2
       4
       2
       2
       4
       3
       4
       2
       3
       5
       3
       4
     176
     343
     352
     380
     329
     351
     348
     319
     356
     336
     349
     325
     347
     354
     379
     307
     372
     322
     340
     390
     376
     382
     358
     353
     322
     360
     326
     328
     368
     384
     337
     366
     339
     343
     326
     305
     348
     341
     384
     358
     361
     375
     337
     349
     357
     343
     328
     349
     342
     357
     335
     324
     323
     397
     379
     354
     373
     321
     335
     328
     342
     370
     328
     321
     346
     309
     377
     376
     313
     381
     330
     293
     347
     367
     346
     353
     336
     345
     342
     343
     342
     284
     353
     355
     348
     320
     336
     334
     343
     342
     360
     337
     321
     363
     373
     364
     316
     368
     349
     326
     360
     350
     332
     359
     338
     348
     347
     355
     339
     327
     377
     352
     355
     348
     359
     316
     332
     329
     342
     353
     306
     337
     332
     331
     384
     339
     354
     346
     339
     349
     358
     349
     334
     338
     332
     351
     354
     354
     338
     364
     320
     350
     349
     325
     339
     358
     346
     355
     372
     356
     339
     347
     345
     329
     346
     339
     331
     312
     387
     358
     361
     327
     328
     361
     364
     338
     341
     321
     340
     362
     375
     314
     316
     363
     299
     335
     377
     321
     318
     328
     353
     342
     349
     348
     166
$ROI:
5
598 616
1488 1502
3004 3030
3417 3440
6719 6742
$PRESETS:
None
0
0
$ENER_FIT:
1.820202 0.388090
$MCA_CAL:
3
1.820202E+000 3.880899E-001 -2.021690E-008 keV
$SHAPE_CAL:
3
1.939874E+000 2.172949E-003 -2.951990E-007
