$SPEC_ID:
naa kelp 14
$SPEC_REM:
DET# 1
DETDESC# SHUGART-PC MCB 337
AP# Maestro Version 7.01
$DATE_MEA:
12/28/2015 15:01:47
$MEAS_TIM:
87224 87338
$DATA:
0 8191
       0
       0
       0
       0
       0
       0
       0
       0
       0
       0
       0
       0
       0
       0
       0
       0
       0
       0
       0
       0
       0
       0
       0
       0
       0
       0
       0
       0
       0
       0
       0
       0
       0
       0
       0
      28
     347
    3600
    6929
    6966
    7015
    6973
    6986
    7049
    7115
    6971
    7081
    7050
    6994
    7011
    7023
    7031
    7072
    7295
    7132
    7204
    7142
    7157
    6887
    6822
    6684
    6832
    6769
    6848
    6743
    6747
    6613
    6664
    6581
    6473
    6413
    6221
    6194
    6350
    6198
    6278
    6334
    6188
    6147
    5926
    5722
    5845
    5690
    5743
    5635
    5572
    5669
    5615
    5414
    5455
    5273
    5364
    5268
    5172
    5201
    5078
    5236
    5031
    4948
    4851
    4919
    5019
    4878
    4781
    4761
    4780
    4750
    4734
    4777
    4415
    4368
    4786
    4934
    4975
    4983
    4713
    4496
    4290
    4389
    4186
    4230
    4185
    4201
    4107
    4161
    4081
    4185
    4007
    4055
    3941
    3936
    3948
    3875
    3895
    3882
    3898
    3790
    3860
    3902
    3802
    3764
    3790
    3759
    3755
    3745
    3722
    3734
    3607
    3664
    3637
    3551
    3578
    3597
    3597
    3570
    3731
    3646
    3847
    3582
    3495
    3564
    3494
    3426
    3337
    3437
    3288
    3379
    3434
    3313
    3411
    3274
    3266
    3464
    3276
    3398
    3263
    3292
    3338
    3341
    3621
    4299
    4653
    4525
    3913
    3795
    4460
    5407
    5859
    4835
    3616
    3036
    2747
    2851
    2789
    2640
    2734
    2838
    2726
    2785
    2679
    2584
    2794
    2689
    2666
    2563
    2652
    2711
    2669
    2761
    2834
    3079
    3466
    3582
    3475
    3044
    2696
    2626
    2614
    2725
    2749
    2633
    2376
    2251
    2298
    2369
    2232
    2383
    2246
    2355
    2344
    2468
    2667
    2731
    2566
    2435
    2306
    2352
    2234
    2194
    2124
    2220
    2230
    2177
    2247
    2172
    2160
    2151
    2266
    2109
    2250
    2066
    2154
    2189
    2157
    2199
    2104
    2024
    2077
    2079
    2056
    2147
    2090
    2079
    2044
    2084
    2108
    2125
    2095
    2082
    2009
    2137
    1933
    2036
    2015
    1978
    2037
    2051
    2035
    1958
    1994
    2043
    2020
    1996
    2032
    2006
    1967
    1998
    2029
    1885
    1960
    1911
    2087
    1943
    1921
    1951
    1873
    1881
    1915
    1946
    1978
    1869
    1925
    1907
    1843
    1991
    1884
    1907
    1943
    1843
    1874
    1839
    1869
    1881
    1928
    1921
    1875
    1800
    1862
    1803
    1847
    1863
    1775
    1838
    1828
    1863
    1831
    1900
    1830
    1853
    1874
    1863
    1759
    1871
    1816
    1855
    1740
    1811
    1839
    1773
    1774
    1771
    1802
    1791
    1820
    1781
    1810
    1746
    1768
    1754
    1791
    1682
    1789
    1700
    1736
    1743
    1717
    1833
    1796
    1759
    1693
    1698
    1700
    1728
    1707
    1787
    1721
    1705
    1722
    1671
    1737
    1753
    1686
    1748
    1681
    1623
    1693
    1600
    1718
    1702
    1608
    1669
    1694
    1661
    1647
    1659
    1710
    1579
    1622
    1699
    1624
    1722
    1639
    1651
    1684
    1647
    1676
    1545
    1591
    1648
    1568
    1685
    1649
    1718
    1803
    1822
    1854
    1736
    1581
    1624
    1564
    1599
    1554
    1706
    1578
    1563
    1667
    1625
    1572
    1585
    1558
    1562
    1589
    1525
    1555
    1571
    1484
    1547
    1464
    1536
    1558
    1494
    1583
    1562
    1606
    1495
    1519
    1618
    1484
    1536
    1583
    1492
    1569
    1519
    1505
    1574
    1555
    1572
    1478
    1572
    1589
    1557
    1591
    1578
    1539
    1543
    1565
    1578
    1628
    1540
    1493
    1544
    1537
    1627
    1563
    1533
    1475
    1530
    1525
    1555
    1600
    1580
    1733
    1746
    1652
    1602
    1568
    1540
    1590
    1521
    1551
    1502
    1543
    1590
    1524
    1545
    1597
    1534
    1538
    1541
    1494
    1583
    1570
    1534
    1475
    1622
    1558
    1585
    1559
    1449
    1572
    1561
    1577
    1508
    1498
    1603
    1612
    1583
    1462
    1479
    1563
    1516
    1585
    1570
    1560
    1470
    1465
    1487
    1412
    1487
    1407
    1534
    1509
    1466
    1415
    1489
    1518
    1483
    1469
    1535
    1522
    1472
    1517
    1508
    1465
    1462
    1493
    1500
    1447
    1455
    1486
    1480
    1438
    1409
    1473
    1444
    1449
    1483
    1496
    1537
    1448
    1464
    1447
    1465
    1393
    1396
    1419
    1458
    1452
    1368
    1480
    1479
    1500
    1550
    1701
    1755
    1635
    1590
    1531
    1483
    1439
    1484
    1413
    1404
    1405
    1407
    1412
    1419
    1401
    1397
    1415
    1489
    1360
    1409
    1390
    1395
    1470
    1513
    1366
    1398
    1425
    1487
    1420
    1345
    1338
    1409
    1368
    1368
    1383
    1384
    1416
    1381
    1377
    1395
    1365
    1373
    1450
    1411
    1453
    1542
    1510
    1377
    1408
    1373
    1435
    1390
    1352
    1347
    1321
    1351
    1352
    1418
    1380
    1412
    1334
    1336
    1366
    1308
    1282
    1349
    1306
    1357
    1335
    1334
    1357
    1380
    1333
    1336
    1340
    1372
    1341
    1252
    1371
    1329
    1401
    1341
    1307
    1313
    1349
    1382
    1338
    1365
    1369
    1316
    1338
    1299
    1268
    1288
    1357
    1292
    1359
    1326
    1293
    1269
    1292
    1293
    1300
    1363
    1344
    1194
    1312
    1317
    1244
    1323
    1303
    1290
    1312
    1286
    1302
    1247
    1294
    1274
    1272
    1287
    1277
    1327
    1302
    1300
    1285
    1300
    1255
    1229
    1288
    1292
    1303
    1295
    1359
    1307
    1310
    1306
    1296
    1316
    1272
    1223
    1259
    1188
    1202
    1242
    1270
    1270
    1273
    1280
    1188
    1269
    1330
    1279
    1226
    1254
    1227
    1244
    1271
    1265
    1302
    1251
    1236
    1272
    1217
    1230
    1250
    1201
    1239
    1220
    1219
    1313
    1233
    1262
    1205
    1279
    1271
    1245
    1252
    1196
    1224
    1223
    1267
    1274
    1254
    1234
    1164
    1179
    1149
    1194
    1217
    1237
    1269
    1229
    1205
    1142
    1218
    1241
    1173
    1240
    1278
    1197
    1240
    1167
    1195
    1280
    1191
    1193
    1248
    1142
    1231
    1255
    1157
    1162
    1226
    1157
    1241
    1333
    1180
    1150
    1250
    1163
    1199
    1236
    1246
    1230
    1222
    1150
    1200
    1149
    1143
    1227
    1170
    1219
    1186
    1208
    1154
    1182
    1145
    1270
    1200
    1186
    1210
    1191
    1212
    1161
    1174
    1196
    1252
    1207
    1198
    1221
    1162
    1170
    1180
    1143
    1158
    1148
    1198
    1167
    1170
    1164
    1215
    1215
    1240
    1141
    1120
    1214
    1165
    1197
    1144
    1199
    1211
    1159
    1202
    1245
    1210
    1231
    1169
    1201
    1185
    1140
    1181
    1130
    1104
    1144
    1130
    1159
    1148
    1176
    1155
    1136
    1140
    1124
    1144
    1225
    1122
    1218
    1139
    1138
    1165
    1205
    1139
    1126
    1188
    1184
    1144
    1160
    1160
    1197
    1115
    1095
    1145
    1092
    1158
    1190
    1113
    1195
    1161
    1147
    1087
    1197
    1078
    1142
    1154
    1149
    1142
    1156
    1113
    1148
    1171
    1157
    1179
    1166
    1056
    1114
    1088
    1204
    1121
    1126
    1096
    1152
    1155
    1125
    1137
    1149
    1092
    1107
    1089
    1124
    1072
    1118
    1103
    1118
    1123
    1171
    1035
    1172
    1126
    1132
    1096
    1067
    1127
    1103
    1112
    1153
    1123
    1130
    1154
    1119
    1155
    1115
    1138
    1166
    1091
    1109
    1080
    1132
    1131
    1089
    1156
    1095
    1136
    1118
    1153
    1097
    1113
    1164
    1106
    1115
    1059
    1125
    1146
    1069
    1158
    1143
    1135
    1127
    1130
    1133
    1101
    1110
    1131
    1127
    1045
    1064
    1149
    1064
    1072
    1076
    1056
    1054
    1111
    1071
    1078
    1032
    1057
    1107
    1092
    1073
    1015
    1042
    1148
    1037
    1033
    1122
    1054
    1050
    1016
    1091
    1114
    1079
    1100
    1052
    1130
    1123
    1019
    1042
    1072
    1048
    1011
    1040
    1060
    1005
    1083
     988
    1066
    1105
    1034
    1038
    1065
    1037
    1068
    1046
    1117
    1016
    1055
     986
    1070
    1059
    1037
    1079
    1084
     989
    1021
    1056
    1026
    1032
    1101
    1068
    1015
    1055
    1031
    1063
     994
    1059
    1074
    1022
    1065
    1036
    1073
    1060
    1080
     998
    1058
    1046
    1039
    1090
    1019
    1050
    1069
    1014
     999
    1023
    1063
    1033
     968
     982
    1025
     991
    1007
     988
     999
    1035
    1039
     983
    1016
    1069
     981
     956
    1022
    1036
    1049
    1035
     993
     965
    1014
    1043
    1017
    1037
    1050
    1042
    1018
    1089
     991
    1017
     957
    1052
    1040
    1007
     966
    1006
     980
    1022
     997
    1033
     994
    1059
     990
     997
     948
    1015
    1011
    1030
    1016
     985
    1059
    1012
    1039
    1028
    1116
    1067
    1024
    1043
     994
    1022
     989
     991
    1032
     997
     997
     912
    1016
     972
     985
     957
     983
     977
    1020
     966
    1001
     974
     983
     944
     986
     962
     955
     982
     937
     968
     975
     968
     994
     983
    1005
     985
     994
     996
     975
    1020
     924
     899
     940
     933
     931
     991
     923
     999
     969
     958
     952
     947
     963
     939
    1005
    1002
     967
     951
     979
    1006
     983
    1004
     913
     905
     991
     985
     925
     984
     926
     945
     943
     962
     927
    1007
     951
     983
     960
     942
     949
     914
     936
     964
     938
     930
     963
     932
     956
     915
     927
    1002
     996
     922
     905
     951
     939
     921
     982
     899
    1005
     995
     996
     921
     934
     916
     966
     902
    1007
     977
     918
     907
     909
     903
     938
     927
     908
     942
     948
     917
     975
     940
     942
     922
     937
     963
     968
     908
     910
     942
     929
     913
     922
     976
     945
     921
     923
     900
     899
     883
     922
     913
     981
     878
     911
     879
     972
     919
     916
     950
     877
     918
     946
     956
     944
     935
     944
     902
     903
     867
     829
     949
     928
     858
     922
     943
     916
     850
     892
     859
     949
     872
     925
     871
     860
     915
     904
     915
     895
     896
     916
     900
     911
     891
     894
     864
     877
     893
     918
     860
     874
     869
     901
     890
     956
     903
    1011
    1025
    1057
    1086
    1085
    1115
    1085
    1036
    1077
     963
    1008
    1148
    1135
    1092
    1058
     932
     843
     850
     833
     843
     833
     868
     833
     899
     890
     826
     895
     857
     880
     865
     823
     895
     846
     915
     856
     855
     823
     860
     833
     888
     909
     855
     897
     880
     816
     832
     862
     850
     850
     836
     841
     838
     871
     808
     887
     873
     878
     822
     840
     844
     884
     865
     767
     833
     848
     779
     846
     828
     868
     789
     810
     919
     892
     821
     789
     833
     846
     845
     867
     874
     912
     848
     794
     866
     892
     837
     867
     842
     809
     838
     851
     811
     864
     859
     839
     856
     829
     848
     843
     861
     791
     772
     843
     766
     843
     826
     792
     789
     838
     867
     837
     935
    1211
    1783
    2784
    4116
    4523
    4106
    2982
    1814
    1114
     924
     763
     820
     795
     867
     877
     949
     922
     868
     914
     851
     793
     808
     826
     737
     798
     822
     806
     770
     796
     762
     779
     822
     828
     789
     737
     758
     836
     794
     783
     766
     769
     811
     804
     815
     833
     807
     765
     770
     720
     784
     773
     779
     792
     829
     845
     808
     774
     836
     819
     789
     778
     756
     796
     814
     791
     832
     774
     798
     783
     744
     799
     759
     752
     767
     820
     807
     750
     803
     801
     780
     813
     767
     726
     762
     765
     757
     784
     726
     756
     729
     780
     763
     750
     770
     732
     747
     730
     766
     737
     729
     725
     767
     723
     724
     743
     773
     727
     777
     737
     781
     738
     753
     740
     694
     790
     739
     759
     730
     719
     776
     741
     762
     715
     722
     754
     720
     742
     735
     726
     709
     711
     727
     728
     717
     747
     725
     782
     758
     793
     752
     763
     727
     718
     692
     737
     751
     722
     701
     749
     688
     691
     697
     743
     727
     703
     748
     740
     771
     800
     811
     748
     702
     684
     670
     694
     711
     879
     982
    1410
    1980
    2558
    2754
    2348
    1703
    1127
     867
     752
     655
     723
     687
     718
     709
     690
     686
     658
     665
     697
     674
     700
     733
     705
     688
     689
     673
     693
     706
     708
     660
     707
     699
     645
     630
     690
     686
     647
     724
     692
     699
     622
     690
     681
     647
     678
     676
     649
     676
     654
     672
     662
     640
     679
     674
     652
     656
     613
     633
     651
     641
     682
     663
     631
     682
     637
     619
     606
     685
     649
     649
     654
     670
     604
     642
     613
     696
     641
     675
     670
     630
     636
     620
     677
     686
     598
     630
     617
     679
     652
     655
     635
     628
     634
     603
     628
     649
     626
     643
     616
     595
     619
     621
     631
     620
     666
     630
     594
     620
     587
     657
     625
     643
     614
     629
     600
     586
     631
     612
     581
     610
     602
     658
     599
     652
     605
     570
     625
     616
     578
     588
     619
     601
     598
     568
     595
     622
     597
     603
     607
     638
     605
     569
     556
     590
     557
     585
     632
     626
     593
     633
     570
     570
     594
     648
     582
     570
     602
     553
     558
     619
     578
     593
     582
     576
     563
     587
     555
     592
     561
     569
     569
     560
     578
     604
     543
     543
     552
     591
     550
     538
     554
     577
     585
     586
     560
     569
     616
     530
     578
     552
     558
     574
     595
     536
     522
     565
     622
     530
     562
     570
     541
     596
     604
     733
     965
    1307
    1610
    1790
    1495
    1203
     832
     651
     540
     558
     553
     552
     577
     554
     591
     511
     538
     524
     530
     526
     589
     522
     520
     552
     540
     501
     578
     544
     549
     480
     547
     487
     552
     581
     525
     544
     520
     486
     562
     545
     557
     538
     495
     510
     485
     515
     469
     576
     486
     496
     567
     503
     522
     517
     476
     536
     521
     512
     505
     541
     513
     525
     506
     556
     562
     592
     643
     604
     607
     566
     503
     509
     497
     515
     523
     548
     522
     491
     506
     491
     508
     498
     523
     527
     473
     519
     528
     518
     474
     487
     507
     505
     493
     506
     477
     509
     502
     523
     462
     502
     489
     485
     489
     541
     499
     520
     465
     487
     490
     467
     504
     521
     405
     461
     511
     458
     465
     542
     486
     479
     480
     453
     504
     429
     485
     449
     443
     493
     462
     487
     474
     456
     497
     483
     494
     440
     472
     436
     459
     495
     419
     443
     476
     444
     441
     445
     494
     503
     461
     475
     460
     449
     476
     470
     487
     451
     443
     486
     442
     472
     430
     471
     456
     460
     466
     457
     432
     448
     466
     470
     435
     438
     464
     440
     453
     432
     474
     470
     480
     459
     420
     443
     446
     451
     434
     446
     466
     409
     484
     433
     434
     439
     407
     424
     407
     458
     428
     449
     539
     655
     897
    1366
    2175
    3198
    3585
    3338
    2478
    1527
     927
     579
     477
     430
     392
     377
     416
     416
     437
     445
     424
     437
     405
     378
     416
     446
     420
     418
     437
     434
     410
     404
     424
     430
     409
     423
     412
     413
     420
     394
     409
     409
     461
     385
     461
     413
     385
     441
     414
     432
     384
     406
     386
     399
     402
     368
     389
     403
     367
     414
     433
     424
     410
     374
     371
     369
     419
     390
     371
     397
     396
     389
     396
     379
     417
     395
     372
     414
     409
     409
     383
     425
     396
     385
     396
     419
     392
     391
     356
     378
     390
     362
     402
     376
     362
     396
     382
     416
     408
     402
     361
     386
     380
     332
     363
     355
     368
     370
     385
     392
     347
     363
     377
     378
     364
     346
     341
     342
     382
     374
     365
     335
     383
     353
     340
     368
     340
     340
     340
     362
     387
     388
     405
     388
     473
     574
     784
    1097
    1204
    1111
     939
     686
     521
     415
     359
     361
     346
     335
     324
     347
     359
     348
     352
     329
     331
     324
     344
     358
     369
     351
     360
     358
     320
     337
     307
     352
     342
     329
     331
     349
     299
     324
     344
     355
     330
     357
     330
     317
     292
     315
     321
     333
     325
     301
     320
     305
     304
     337
     299
     340
     306
     341
     296
     297
     326
     336
     328
     297
     313
     312
     305
     328
     307
     324
     322
     310
     335
     294
     335
     303
     314
     314
     317
     268
     339
     298
     301
     314
     301
     296
     324
     337
     305
     341
     295
     335
     292
     307
     288
     290
     329
     295
     271
     294
     261
     277
     314
     299
     263
     303
     304
     308
     314
     280
     278
     294
     279
     265
     292
     286
     284
     320
     288
     324
     288
     264
     268
     298
     301
     313
     266
     273
     278
     270
     290
     264
     284
     249
     287
     287
     281
     266
     246
     273
     273
     288
     275
     306
     262
     248
     298
     265
     263
     264
     272
     256
     243
     278
     283
     268
     282
     257
     258
     271
     255
     313
     298
     273
     294
     275
     283
     281
     262
     243
     270
     261
     251
     260
     259
     272
     251
     261
     256
     274
     259
     272
     239
     276
     274
     276
     262
     245
     254
     271
     265
     266
     243
     242
     272
     273
     226
     251
     257
     255
     257
     231
     237
     275
     252
     222
     253
     263
     227
     213
     227
     218
     258
     248
     249
     244
     216
     231
     224
     238
     256
     245
     225
     237
     257
     252
     238
     233
     229
     221
     230
     225
     221
     223
     227
     249
     247
     233
     209
     239
     222
     229
     246
     243
     216
     205
     227
     228
     226
     240
     200
     234
     248
     211
     216
     243
     253
     215
     215
     190
     210
     216
     227
     186
     249
     200
     213
     203
     222
     202
     239
     198
     231
     210
     214
     187
     232
     190
     230
     219
     221
     226
     194
     206
     182
     251
     207
     189
     187
     216
     206
     196
     215
     182
     226
     180
     218
     178
     220
     181
     181
     213
     186
     208
     193
     199
     187
     198
     202
     210
     191
     190
     182
     159
     175
     207
     174
     178
     206
     201
     200
     192
     191
     204
     188
     187
     182
     206
     221
     181
     167
     168
     197
     193
     200
     212
     181
     213
     167
     169
     213
     191
     209
     160
     169
     178
     183
     171
     185
     173
     190
     147
     168
     166
     211
     166
     189
     176
     186
     188
     194
     169
     158
     148
     201
     193
     165
     175
     193
     188
     173
     169
     164
     184
     172
     165
     180
     147
     156
     157
     171
     157
     168
     167
     162
     160
     158
     165
     170
     178
     149
     173
     177
     157
     177
     147
     148
     178
     157
     170
     157
     150
     140
     163
     156
     133
     142
     152
     153
     160
     157
     150
     152
     162
     151
     148
     147
     150
     141
     141
     154
     139
     131
     161
     142
     150
     157
     140
     144
     142
     118
     125
     132
     156
     160
     148
     152
     146
     144
     148
     135
     131
     140
     145
     158
     140
     134
     145
     154
     148
     174
     154
     145
     135
     152
     131
     146
     155
     135
     141
     142
     157
     143
     133
     146
     149
     163
     179
     180
     154
     141
     136
     137
     132
     144
     121
     134
     131
     117
     133
     142
     150
     140
     123
     130
     134
     134
     125
     133
     129
     118
     137
     126
     125
     115
     150
     136
     136
     133
     110
     140
     111
     132
     145
     126
     129
     118
     126
     125
     124
     111
     123
     121
     116
     100
     124
     138
     121
     123
     117
     126
     120
     120
     124
     131
     126
     128
     109
     117
     108
      93
     123
     108
     105
     108
     113
      98
     127
     118
     117
      98
     123
     113
     109
     136
     104
     112
     108
     105
     107
     105
     110
     131
     115
     133
     146
     191
     275
     406
     595
     777
     824
     801
     598
     417
     262
     181
     121
     112
      87
     100
     125
     103
     114
      96
      97
     104
     122
     100
     103
     116
      95
     104
     104
      94
     108
      94
     110
      92
     107
      97
      95
      83
      97
      99
      99
     102
      88
      95
      87
     102
      80
      93
      98
      94
     103
      95
     104
     101
     101
     106
     105
      99
      96
      86
     111
      84
      90
     100
     100
      90
      95
      87
     117
      77
      87
     101
      89
      81
      82
      92
      81
     100
      85
      94
      92
      88
      95
      96
     114
     101
     108
     155
     159
     236
     271
     255
     248
     186
     138
      98
      80
      90
      83
      82
     100
      98
     115
      81
      96
     107
      82
      78
      83
      88
      78
      64
      89
      93
      78
      79
      75
      78
      65
      62
      84
      69
      71
      69
      86
      76
      77
      91
      88
      76
      78
      65
      88
      73
      87
      77
      96
      74
      66
      71
      74
      65
      71
      86
      85
      66
      70
      76
      88
     101
      86
      74
      75
      83
      61
      76
      69
      67
      80
      76
      75
      77
      67
      76
      72
      66
      80
      65
      85
      76
      66
      56
      68
      76
      60
      57
      69
      53
      63
      64
      65
      54
      75
      59
      57
      59
      69
      87
      83
      90
      94
      80
      75
      70
      67
      64
      58
      62
      66
      67
      67
      81
      86
      94
     113
      86
      70
      63
      68
      61
      62
      56
      56
      54
      43
      64
      47
      49
      65
      53
      56
      70
      58
      52
      57
      57
      52
      42
      60
      62
      42
      49
      61
      48
      64
      59
      60
      60
      39
      71
      48
      46
      58
      74
      44
      62
      64
      39
      40
      44
      53
      78
      51
      45
      50
      43
      58
      45
      43
      37
      49
      43
      46
      48
      61
      55
      42
      42
      54
      45
      48
      63
      55
      50
      55
      48
      37
      50
      45
      61
      52
      39
      58
      46
      58
      34
      37
      53
      45
      48
      47
      48
      42
      42
      45
      53
      34
      47
      47
      46
      49
      47
      49
      29
      53
      44
      44
      59
      43
      45
      48
      40
      39
      40
      43
      43
      33
      45
      45
      31
      46
      42
      45
      33
      44
      39
      44
      43
      35
      41
      41
      52
      38
      44
      56
      63
      79
     108
     101
     126
     110
     123
      82
      56
      38
      45
      38
      37
      31
      36
      46
      27
      37
      45
      35
      37
      40
      31
      42
      37
      36
      38
      32
      33
      35
      33
      38
      30
      32
      27
      42
      42
      32
      32
      24
      33
      32
      31
      38
      37
      41
      37
      37
      32
      26
      37
      28
      24
      32
      28
      38
      39
      32
      30
      26
      22
      29
      27
      28
      33
      51
      37
      45
      33
      27
      33
      37
      26
      30
      33
      37
      38
      31
      27
      24
      31
      30
      35
      28
      18
      29
      27
      30
      36
      29
      29
      21
      32
      35
      28
      25
      29
      36
      24
      26
      30
      20
      34
      41
      30
      38
      30
      38
      36
      33
      29
      27
      34
      29
      32
      25
      26
      34
      28
      36
      22
      31
      37
      23
      28
      28
      27
      28
      24
      30
      20
      25
      25
      35
      33
      34
      30
      23
      24
      25
      23
      27
      17
      30
      31
      22
      32
      24
      28
      40
      24
      26
      29
      21
      31
      29
      30
      28
      31
      29
      39
      19
      26
      32
      31
      28
      25
      20
      21
      22
      22
      29
      32
      25
      35
      21
      37
      30
      23
      17
      23
      30
      25
      18
      18
      35
      22
      28
      25
      23
      35
      23
      17
      23
      23
      15
      35
      31
      36
      19
      23
      17
      20
      26
      24
      22
      25
      34
      27
      33
      22
      25
      27
      27
      29
      25
      22
      31
      23
      19
      23
      19
      23
      14
      22
      25
      23
      22
      22
      22
      19
      16
      23
      12
      25
      20
      20
      18
      14
      19
      16
      17
      24
      21
      16
      16
      21
      19
      21
      20
      20
      19
      35
      17
      19
      18
      25
      17
      20
      17
      27
      32
      28
      28
      38
      49
      50
      38
      19
      27
      23
      19
      15
      26
      29
      16
      16
      19
      15
      11
      13
      20
      13
      17
      28
      18
      14
      31
      13
      17
      17
      24
      14
      11
      31
      16
      23
      14
      21
      26
      11
      17
      18
      18
      20
      18
      25
      23
      23
      21
      30
      17
      16
      23
      15
      18
      26
      15
      33
      25
      27
      34
      26
      36
      33
      23
      28
      19
      14
      17
      17
      24
      21
      14
      18
      19
      12
      21
      21
      15
      17
      14
       9
      19
      15
      13
      15
      38
      21
      16
      17
      15
      15
      18
      22
      14
      15
      16
       8
      13
      13
      19
      21
      21
      15
      22
      18
      24
      53
      50
     115
     159
     271
     420
     471
     602
     592
     530
     336
     191
      94
      59
      27
      22
      14
      15
      12
      25
       9
      16
      18
      14
      12
      18
      21
      15
      21
      20
      11
      11
       9
      11
      15
      18
      19
      22
      18
      18
      32
      33
      50
      62
      87
     107
     108
      85
      64
      59
      36
      22
      13
      15
      14
       7
      11
      20
      13
      13
      12
       9
      15
      10
      12
       9
       9
      15
      17
      11
      17
       8
      12
      12
       9
       8
      13
      18
      11
      18
      19
      12
      17
       6
      11
       9
      12
      11
      12
      10
      12
      16
       6
      12
      14
       7
      10
      10
       6
      12
      19
      14
      14
      15
       9
      12
      12
      11
      14
      11
       9
      10
       9
       8
      20
      10
      10
      13
      14
      17
       9
      13
      11
       7
      16
      16
       8
      16
      11
      17
      13
      14
      19
       9
      20
      20
      31
      48
      49
      48
      46
      34
      40
      20
      15
      16
       8
      13
      16
      11
      14
      11
      17
      14
      13
      11
      18
      18
      15
      12
       6
      16
      16
      10
      10
      13
      12
      13
       9
      10
       9
      15
      13
      11
      13
      12
      15
      10
      12
      10
      12
      10
       8
       9
      14
      22
      13
      17
      15
      11
      12
      11
       7
      14
      17
       6
      16
      11
       7
      10
      11
       9
      12
      14
      13
       8
      11
      14
      23
       9
       7
      18
      18
       9
      10
      13
      11
      12
      12
      11
       9
      12
      12
      10
      10
      12
      12
      13
       7
       6
      11
      13
      12
       7
      11
      11
       7
      11
      10
      13
      17
      17
      14
      11
      10
      14
      11
      12
       8
       8
      12
       4
      15
       9
       5
      10
      17
      13
      12
      10
      10
       4
       9
      14
      10
      10
      10
       5
       9
      13
       6
      10
      12
      11
      14
      12
       5
      11
       7
      13
       6
      17
      12
      10
       8
       8
       6
       8
      13
      10
      11
      10
      11
       8
       8
       9
      13
       7
       9
       9
      14
      13
      11
       8
      13
      12
      15
      13
       9
       8
      13
       4
      12
      15
      10
      14
       8
       8
      11
      11
      14
       5
      11
      12
      13
       9
       8
       7
       9
      10
       8
       8
      14
      12
      13
      11
       7
       9
       6
       8
      15
      11
       8
       9
       6
       8
      19
      17
       6
       6
      13
       9
      15
      12
      11
      13
       9
      12
      13
      14
       8
      12
       9
       8
       9
       6
       7
      16
       7
      16
       6
      21
      25
      27
      65
      75
     103
     114
     111
      65
      42
      23
      19
       9
      13
       8
       9
      15
      11
      13
       6
      11
       7
      12
       8
      11
       5
       8
       6
      12
      13
       9
       9
      10
      17
      23
      36
      44
      85
     122
     169
     229
     294
     335
     299
     253
     139
      90
      47
      28
      12
       6
       8
      15
       6
       6
      15
       6
      10
      15
       9
       3
       8
      10
       8
       5
       9
       6
       8
      10
       5
      10
       4
       8
      14
       8
       7
       3
       2
       2
       7
      10
      11
       6
       7
       7
      16
       7
       5
      11
       8
       7
       5
       7
      10
       8
       5
       6
       7
      11
       9
      17
       3
       6
       8
      13
       9
       6
       9
       5
      12
      14
       9
       5
      10
      11
       9
       7
       9
       9
       6
       7
      11
       8
      13
      10
       7
       8
      11
       5
      10
       9
       6
       7
      10
      10
       9
       9
       7
      10
       9
       6
       8
       9
       9
       4
       8
       9
      10
       6
       5
       7
       8
      10
      10
      10
       8
       7
       7
       9
      11
       5
       9
       3
       8
       5
       6
       3
       9
       3
      12
       3
       9
      11
       6
       8
       6
       6
       3
       6
       5
      12
       8
       7
      12
       3
       4
      11
       3
       5
      12
      10
       5
       8
       6
       8
      11
       9
       8
      12
      13
       8
       8
      15
       6
       5
       5
       9
       7
       2
       7
      11
       6
       7
      11
       4
      11
      12
       7
      10
      12
       8
       7
       7
       4
       8
       3
       8
       6
       6
       6
       6
       9
      10
      10
      10
       7
       7
       8
       4
       5
      12
       8
      11
       9
       7
       5
       6
      10
      12
       7
      13
       9
       4
       6
      10
       8
       9
       9
       9
       6
       7
       9
      11
       9
       7
       6
       7
       6
      12
       7
      10
       7
       6
      10
       7
       5
      10
       3
       9
       6
       4
       8
       6
       7
      10
       4
       5
      12
      13
       4
      10
       7
       9
       6
      10
       7
       6
      11
       8
      16
       4
       6
       6
       3
       9
       8
       1
       4
       8
      10
       9
       5
       8
       4
       5
      12
      11
       7
       7
      11
       8
      10
       4
       4
       9
       5
       6
       4
       5
       5
      10
       9
      12
      10
      13
      10
      11
      10
       6
       8
      10
       4
       6
      10
       8
       9
      10
      15
       5
       9
       5
       8
       9
      11
      10
      17
      12
       8
       8
       7
      11
       3
       2
      10
       5
       6
       7
       7
       6
       5
      11
       8
       8
      13
      11
       8
      12
       6
       7
      10
       8
       5
       6
       7
       4
       6
       8
       3
       7
       5
       9
       7
       7
      12
       8
       4
       7
       6
       9
       7
       9
       7
       8
       7
       5
       6
       8
       8
       6
       6
       4
       3
       5
       4
       5
       8
      11
       7
       9
      10
       7
       9
      11
       6
       4
       7
       8
       5
       5
       9
       7
       7
       7
       9
      10
       6
       7
       7
       4
       4
       4
       8
      11
       8
       5
       9
       6
       7
       6
       5
       5
      10
       5
      10
       7
       4
       5
       8
       3
       6
       7
       6
       2
       7
       7
       7
      10
      10
       8
      12
      11
       7
       4
      12
       5
       5
       7
       9
      12
       8
       6
       4
      10
       4
       6
       9
      10
       7
       4
      11
      15
      17
      15
      26
      21
      15
       9
      14
       8
       5
      12
       7
       6
      12
       7
       1
       7
       9
       8
       6
       5
       8
       3
       5
       2
       5
       3
       7
       8
       4
       8
       4
       6
      11
       3
       8
       4
       7
       6
       6
       5
       8
       7
       9
       5
       6
       5
       3
       6
       6
       8
       5
       8
       5
       9
       4
       8
       6
       3
       3
       6
       6
       6
       7
       6
       6
       7
       5
       8
       6
       3
       9
       5
       2
       6
       4
       4
       7
       5
       3
       4
       4
       5
       7
       9
       8
       5
       5
       8
       3
      12
       6
       7
       4
       8
       5
       6
       3
       5
       4
       7
       6
       5
       4
       6
       4
       5
       7
       9
       7
      12
       7
       6
       4
       1
       5
       2
       6
       6
       2
       6
       2
       2
       4
       7
       9
      11
       4
       5
       9
       8
       7
       1
       6
       5
       6
       4
       7
       5
       2
       5
       6
       8
       4
       3
       4
      10
       2
       7
       4
       5
       6
       5
       3
       8
       5
       6
       4
       4
       4
       4
       6
       1
       8
       6
       3
       7
       7
       7
       6
       8
      11
       6
       2
       3
       2
       7
       6
       8
       2
       4
       3
       6
       3
       7
       4
       7
       4
       5
       4
       4
      11
       4
       8
      10
       6
      11
       7
       1
       7
       3
       7
      10
       6
       3
      13
      10
      15
       4
       5
       5
       9
       5
       6
       8
       6
       6
       8
       5
       2
       6
       4
       3
       5
       6
       3
       3
       7
       7
       5
       4
       5
       3
       3
       4
       5
       5
       5
       6
       9
       2
       3
       9
       8
       2
       4
       4
       6
       9
       3
       6
       8
       3
       7
       4
       4
       4
       6
       3
       8
       8
       5
       6
       6
       5
       5
       4
       5
       7
       2
       2
       5
       2
       9
       4
       5
       8
       6
       2
       4
       6
       0
       7
       6
       4
       2
       7
       6
       4
       7
       4
       6
       4
       5
      14
      16
      19
      18
      24
      13
       7
      10
       6
       3
       3
       6
       4
       6
       4
       6
       5
       5
       4
       4
       6
       4
       8
       9
       6
       4
       8
       8
       8
       2
       2
       6
       3
       5
       3
       5
       8
       7
       4
       9
       4
       6
       5
       9
       4
       8
       3
       2
      10
       6
       6
       6
       5
       2
       3
       5
       3
       7
       4
       7
       7
       5
       2
       3
       5
       5
       6
       3
       2
       6
       8
       5
       2
       4
       4
       4
       5
       0
       2
       5
       3
       6
      10
       4
       1
       3
       3
       5
       4
       5
      11
       8
       4
       5
       5
       5
       5
       3
       2
       4
       4
       4
       6
       5
       7
       5
       8
       8
       6
       9
       8
       3
       2
       5
       3
       6
       4
       7
       6
       6
       3
       7
       2
       4
       9
       3
       3
       3
       3
       5
       2
       7
       5
       3
       4
       3
       5
       7
       1
       5
       5
       5
       9
       4
      10
      12
      16
      13
      10
       3
       5
       7
       4
       6
      13
       4
       6
       2
       6
       4
       4
       2
       1
       8
       5
       8
       3
       3
       4
       6
       5
       6
       8
       4
       6
       2
       6
       1
       4
       3
       6
       3
       4
       5
       2
       2
       3
       8
       3
       4
       5
       4
      10
       6
       1
       8
       3
       5
       3
       5
       8
       5
       4
       7
       4
       8
       6
       6
       5
       6
       8
       5
       2
       6
       6
       4
       3
       5
       1
       7
       8
       4
       6
      11
       4
       3
       8
       5
       3
       5
       1
       7
       5
       6
       3
       3
       2
       1
       4
       5
       5
      10
       0
       7
       6
       5
       6
       3
       5
       5
       6
       4
       8
       4
       7
       5
       4
       8
       5
       5
       3
       2
       3
       4
       3
       8
       3
       4
       7
       6
       3
       8
       7
       7
       5
       9
      10
       3
       7
      14
       9
       9
       7
       8
       8
       4
       6
       4
       7
       6
       4
       2
       1
       9
       4
       4
       7
       4
       2
       5
       5
       4
       3
       4
       5
       8
       3
       3
       5
       4
       4
       3
       7
       4
       6
       7
       2
       7
      12
       7
       3
       5
       4
       4
       3
       5
       8
       5
       4
       2
       6
       2
       4
       3
       2
       5
       4
       6
       3
       7
       2
       5
       0
       8
       6
       6
       7
       3
       4
       3
       1
       4
       1
       3
       0
       4
       5
       3
       6
       5
       6
       5
       5
       7
       1
       6
       3
       5
       3
       4
       6
       3
       4
       5
       4
       5
       3
       3
       3
       9
       5
       2
       5
       2
       5
       6
       5
       3
       6
       4
       1
       2
       2
       7
       2
       5
       4
       5
       7
       3
       5
       3
       4
       3
       6
       5
       4
       5
       6
       3
       3
       5
       3
       2
       3
       8
       3
       5
       0
       3
       4
       6
       0
      10
       1
       6
       4
       4
       5
       4
       5
       3
       5
       2
       5
       3
       2
       4
       6
       1
       7
       6
       3
       1
       4
       2
       6
      10
       1
       4
       4
       4
       5
       1
       3
       4
       5
       3
       1
       3
       3
       7
       8
       4
       2
       4
       4
       5
       5
       3
       1
       6
       5
       6
       3
       6
       3
       2
       1
       2
       7
       3
       3
       3
       6
       3
       2
       5
       2
       3
       6
       4
       8
       4
       1
       4
       5
       4
       3
       1
       4
       9
       5
       2
       6
       9
       5
       5
       3
       7
       4
       4
       8
       5
       3
       5
       4
       4
       7
       5
       5
       6
       2
       6
       4
       1
       5
       2
       1
       5
       4
       3
       7
       2
       3
       2
       2
       1
       7
       3
       2
       4
       3
       2
       0
       7
       0
       4
       3
       4
       3
       4
       0
       2
       5
       2
       2
       2
       2
       3
       5
       5
       4
       3
       6
       4
       3
       3
       4
       1
       4
       1
       4
       4
       6
       7
       3
       3
       2
       3
       5
       6
       4
       2
       4
       1
       2
       6
       5
       4
       7
       3
       6
       2
       4
       2
       5
       6
       3
       5
       9
       5
       1
       3
       1
       6
       1
       4
       7
       2
       7
       4
       4
       4
       1
       2
       9
       4
       6
       6
       5
       3
       5
       4
       4
       3
       5
       6
       3
       7
       6
       4
       1
       3
       5
       7
       6
       4
       3
       4
       6
       1
       5
       3
       5
       9
       0
       1
       3
       3
       7
       5
       4
       4
       3
       3
       2
       4
       4
       6
       5
       3
       5
       2
       2
       5
       5
       5
       2
       4
       3
       1
       5
       2
       1
       2
       2
       5
       4
       5
       3
       5
       3
       3
       7
       4
       1
       4
       5
       5
       6
       2
       2
       0
       3
       3
       4
       3
       4
       2
       6
       2
       1
       2
       4
       0
       1
       6
       2
       4
       3
       2
       8
       4
       1
       0
       3
       4
       0
       5
       2
       4
       5
       7
       2
       2
       7
       5
       4
       5
       2
       4
       4
       4
       2
       5
       1
       6
       5
       3
       5
       2
       3
       1
       4
       5
       4
       3
       4
       2
       1
       5
       7
       5
       2
       2
       2
       6
       3
       7
       8
       6
       4
       5
       1
       5
       3
       1
       3
       3
       3
       6
       3
       6
       2
       0
       5
       3
       7
       4
       4
       3
       5
       2
       6
       2
       4
       6
       6
       4
       4
       3
       4
       2
       2
       7
       6
       6
       6
       3
       2
       1
       6
       5
       6
       3
       2
       3
       5
       3
       3
       5
       6
       4
       1
       1
       1
       2
       9
       3
       1
       4
       4
       5
       6
       6
       2
       4
       5
       2
       4
       7
       2
       0
       4
       1
       8
       4
       2
       4
       3
       3
       4
       2
       1
       4
       4
       6
       0
       4
       6
       8
      13
       9
       6
       6
       4
       1
       1
       2
       3
       4
       4
       5
       4
       9
       6
       5
       9
       4
       4
       2
       2
       4
       6
       8
       8
      12
       8
       6
      11
       2
       6
       8
       4
       2
       1
       4
       3
       7
       5
       5
       2
       2
       3
       3
       3
       3
       3
       2
       4
       4
       5
       3
       1
       4
       4
       6
       8
       3
       4
       4
       4
       5
      12
       4
       3
       3
       5
       3
       6
       1
       3
       1
       5
       4
       4
       2
       3
       2
       1
       3
       2
       5
       2
       2
       2
       6
       9
       6
       4
       5
       1
       3
       2
       4
       1
       5
       5
       2
       5
       5
       3
       6
       0
       1
       2
       0
       4
       6
       5
       5
       1
       3
       8
       5
       6
       2
       3
       2
       1
       3
       4
       2
       1
       4
       5
       3
       4
       3
       6
       2
       2
       2
       2
       1
       7
       1
       3
       1
       6
       9
       6
       6
       6
       7
       3
       3
       5
       2
       1
       6
       5
       3
       3
       3
       2
       5
       3
       4
       3
       2
       4
       2
       2
       4
       1
       3
       2
       4
       2
       5
       2
       7
       1
       1
       2
       2
       3
       3
       2
       7
       2
       3
       3
       1
       7
       4
       5
       2
       7
       3
       1
       3
       3
       2
       1
       4
       9
       3
       3
       6
       3
       6
       2
       1
       3
       5
       2
       4
       5
       2
       5
       4
       1
       8
       0
       1
       1
       1
       2
       3
       1
       3
       2
       4
       3
       5
       3
       0
       5
       4
       1
       2
       4
       6
       4
       2
       2
      10
       2
       4
       3
       1
       4
       2
       4
       2
       5
       4
       2
       1
       3
       1
       2
       6
       3
       2
       6
       0
       3
       4
       4
       3
       4
       2
       3
       2
       4
       4
       4
       5
       1
       4
       6
       3
       3
       5
       4
       3
       3
       7
       7
      10
       5
       7
       9
       6
       4
       8
       4
       6
       2
       2
       3
       4
       4
       5
       4
       2
       8
       6
       3
       3
       1
       5
       7
       4
       5
       0
       5
       2
       2
       4
       3
       3
       2
       3
       3
       7
       3
       7
       5
       1
       3
       1
       3
       1
       4
       3
       4
       0
       3
       9
       3
       2
       5
       6
       6
       4
       4
       3
       3
       3
       1
       2
       2
       4
       2
       5
       5
       5
       0
       0
       2
       4
       3
       5
       3
       6
       1
       5
       5
       3
       9
       3
       3
       5
       6
       6
       4
       3
       3
       2
       3
       6
       3
       1
       2
       7
       0
       4
       4
       6
       3
       3
       4
       3
       8
       7
       4
       2
       3
       4
       1
       2
       2
       4
       1
       1
       3
       2
       6
       1
       2
       3
       6
       2
       1
       2
       0
       4
       3
       3
       3
       4
       7
       4
       1
       3
       3
       1
       0
       3
       6
       2
       2
       4
       7
       4
       8
       7
       4
       2
       6
       5
       3
       3
       3
       2
       3
       7
       4
       2
       3
       4
       1
       5
       3
       3
       2
       7
       2
       2
       5
       1
       3
       3
       4
       0
       6
       3
       1
       2
       2
       2
       4
       5
       0
       2
       1
       2
       4
       5
       2
       3
       1
       4
       3
       4
       2
       2
       4
       4
       3
       6
       3
       5
       2
       4
       0
       4
       4
       2
       2
       3
       5
       4
       4
       4
       2
       2
       3
       6
       5
       2
       4
       7
       2
       2
       6
       2
       6
       3
       7
       4
       4
       1
       5
       2
       1
       1
       3
       6
       5
       2
       4
       4
       1
       4
       5
       3
       7
       2
       5
       2
       5
       7
       3
       6
       3
       1
       3
       0
       3
       3
       4
       1
       7
       1
       2
       3
       6
       2
       3
       5
       3
       1
       7
       5
       4
       3
       2
       2
       2
       3
       2
       1
       0
       4
       0
       1
       7
       2
       3
       3
       3
       3
       6
       1
       3
       2
       3
       1
       2
       4
       6
       3
       2
       3
       3
       3
       3
       1
       6
       0
       0
       3
       1
       2
       4
       5
       5
       1
       2
       6
       7
       2
       1
       3
       6
       4
       3
       4
       5
       3
       0
       4
       3
       1
       8
       2
       7
       4
       4
       3
       6
       4
       6
       3
       1
       2
       1
       2
       4
       1
       3
       3
       3
       3
       4
       5
       2
       2
       2
       4
       2
       7
       3
       4
       4
       2
       3
       5
       5
       3
       2
       8
       6
       4
       1
       3
      10
       5
       2
       4
       3
       1
       5
       2
       4
       4
       1
       3
       4
       8
       6
       3
       1
       3
       2
       2
       5
       3
       3
       1
       2
       2
       3
       4
       4
       0
       6
       4
       3
       2
       4
       2
       1
       7
       2
       4
       4
       4
       2
       1
       3
       3
       1
       3
       4
       6
       3
       4
       3
       6
       2
       5
       3
       2
       4
       4
       3
       3
       1
       4
       5
       5
       1
       4
       3
       4
       3
       4
       2
       1
       4
       3
       3
       5
       1
       6
       6
       2
       8
       2
       2
       5
       7
       3
       1
       5
       1
       1
       6
       0
       3
       0
       2
       4
       2
       4
       1
       2
       0
       1
       0
       6
       5
       9
       1
       3
       0
       0
       1
       4
       4
       3
       1
       0
       2
       3
       2
       5
       1
       2
       1
       2
       4
       4
       5
       3
       2
       2
       6
       5
       4
       3
       2
      13
       3
       4
       1
       3
       0
       1
       2
       5
       1
       3
       4
       1
       3
       4
       7
       4
       1
       3
       4
       3
       5
       6
       2
       4
       3
       2
       3
       0
       4
       3
       5
       4
       3
       0
       4
       2
       1
       2
       5
       5
       1
       2
       3
       5
       2
       2
       3
       6
       3
       8
       1
       4
       2
       7
       0
       0
       2
       2
       5
       4
       3
       1
       4
       2
       3
       4
       2
       4
       2
       1
       6
       1
       1
       4
       1
       3
       4
       2
       2
       4
       2
       5
       4
       4
       3
       3
       1
       0
       4
       3
       2
       5
       1
       3
       4
       1
       6
       4
       1
       1
       1
       2
       2
       1
       2
       4
       3
       5
       4
       3
       5
       4
       4
       7
       6
       7
       7
       5
       4
       7
       5
       2
       1
       5
       4
       2
       2
       2
       0
       3
       3
       4
       1
       1
       1
       1
       3
       4
       2
       1
       3
       4
       3
       3
       4
       2
       1
       3
       3
       3
       4
       1
       2
       3
       3
       0
       1
       2
       2
       1
       2
       3
       4
       2
       0
       3
       4
       3
       2
       3
       3
       5
       3
       2
       3
       5
       3
       5
       3
       2
       2
       4
       2
       4
       3
       5
       2
       2
       3
       2
       5
       3
       2
       1
       4
       3
       0
       2
       1
       4
       6
       1
       3
       2
       4
       0
       5
       1
       3
       2
       0
       0
       2
       1
       2
       4
       4
       3
       3
       6
       3
       1
       2
       0
       1
       3
       4
       2
       1
       5
       2
       3
       1
       2
       4
       2
       1
       3
       3
       2
       7
       1
       2
       3
       1
       3
       1
       4
       3
       2
       3
       1
       4
       4
       6
       3
       1
       2
       3
       4
       3
       2
       0
       5
       1
       2
       5
       2
       2
       3
       8
       3
       7
       2
       2
       1
       0
       4
       5
       2
       2
       4
       2
       0
       2
       2
       2
       1
       6
       1
       4
       1
       2
       3
       0
       4
       2
       4
       1
       1
       3
       8
       4
       3
       1
       4
       1
       2
       4
       1
       3
       2
       1
       1
       3
       2
       1
       5
       0
       1
       2
       3
       2
       2
       2
       3
       3
       6
       3
       3
       1
       4
       2
       5
       1
       3
       2
       0
       1
       3
       1
       2
       2
       2
       2
       3
       1
       3
       0
       1
       1
       3
       5
       2
       2
       4
       4
       3
       2
       2
       1
       3
       3
       2
       5
       1
       1
       2
       2
       3
       1
       2
       4
       3
       2
       0
       5
       2
       1
       3
       1
       1
       0
       5
       1
       2
       1
       3
       2
       2
       2
       3
       3
       1
       2
       0
       3
       0
       4
       3
       2
       2
       1
       5
       2
       3
       3
       0
       5
       3
       1
       2
       1
       7
       0
       5
       4
       1
       3
       3
       3
       3
       3
       2
       0
       1
       3
       1
       1
       3
       2
       1
       2
       0
       3
       0
       3
       3
       2
       1
       1
       2
       2
       1
       1
       2
       1
       4
       3
       2
       2
       4
       2
       5
       3
       4
       1
       5
       1
       2
       3
       1
       2
       0
       0
       1
       4
       4
       1
       2
       1
       2
       1
       3
       1
       3
       5
       3
       3
       0
       4
       1
       1
       0
       1
       0
       3
       2
       5
       1
       4
       3
       3
       3
       1
       2
       1
       2
       2
       3
       0
       2
       3
       2
       2
       1
       2
       2
       5
       3
       4
       0
       1
       1
       0
       2
       2
       2
       3
       3
       2
       3
       3
       3
       1
       3
       3
       3
       2
       3
       2
       7
       5
       3
       4
      10
      10
      13
      15
      19
      29
      38
      39
      39
      43
      32
      22
      11
       7
       3
       4
       1
       1
       7
       3
       3
       3
       1
       2
       2
       0
       2
       3
       1
       2
       1
       2
       1
       1
       1
       5
       4
       1
       2
       1
       2
       4
       5
       1
       0
       1
       3
       2
       0
       1
       0
       2
       1
       1
       2
       3
       0
       1
       2
       1
       2
       1
       0
       1
       3
       1
       6
       1
       0
       0
       3
       1
       3
       4
       2
       2
       3
       0
       2
       3
       2
       1
       3
       1
       2
       2
       2
       3
       1
       4
       2
       3
       0
       3
       1
       2
       3
       4
       1
       4
       3
       0
       3
       2
       3
       3
       2
       1
       1
       4
       2
       3
       2
       1
       0
       3
       0
       1
       3
       2
       1
       4
       2
       2
       2
       0
       4
       4
       4
       3
       1
       1
       0
       0
       0
       1
       3
       2
       7
       3
       1
       2
       3
       0
       1
       0
       2
       2
       4
       2
       2
       2
       3
       0
       1
       5
       1
       1
       3
       1
       1
       2
       1
       1
       0
       1
       1
       4
       2
       0
       1
       1
       1
       0
       1
       1
       5
       3
       1
       2
       3
       7
       0
       2
       3
       1
       1
       3
       2
       1
       2
       0
       1
       3
       1
       1
       1
       3
       1
       1
       1
       4
       2
       2
       1
       2
       3
       2
       2
       1
       1
       2
       1
       1
       2
       5
       2
       2
       1
       3
       2
       2
       1
       2
       3
       1
       2
       0
       3
       2
       4
       1
       0
       1
       0
       1
       2
       1
       2
       1
       2
       2
       1
       1
       1
       2
       1
       1
       1
       0
       1
       3
       2
       3
       1
       1
       4
       4
       1
       1
       1
       1
       4
       3
       1
       1
       0
       3
       4
       1
       2
       2
       2
       1
       3
       2
       0
       2
       0
       3
       1
       0
       1
       3
       0
       3
       2
       5
       3
       2
       2
       0
       3
       0
       1
       1
       3
       0
       1
       3
       1
       0
       1
       1
       1
       0
       0
       0
       2
       0
       0
       2
       1
       1
       1
       2
       0
       1
       2
       0
       2
       4
       2
       0
       2
       1
       1
       1
       0
       2
       3
       1
       1
       6
       1
       4
       1
       2
       4
       3
       1
       3
       2
       1
       1
       3
       2
       0
       0
       4
       0
       3
       1
       7
       1
       0
       3
       5
       5
       8
       4
       7
      13
      12
      18
      18
      14
      19
      12
      14
      13
      18
       4
       3
       3
       5
       1
       3
       2
       1
       0
       0
       0
       1
       1
       5
       2
       1
       0
       2
       1
       1
       2
       2
       3
       2
       2
       2
       3
       1
       2
       1
       1
       2
       1
       3
       1
       1
       1
       0
       1
       1
       1
       2
       1
       2
       1
       2
       0
       0
       1
       1
       2
       5
       0
       2
       2
       0
       1
       3
       2
       2
       2
       3
       1
       3
       1
       6
       1
       2
       1
       1
       5
       0
       2
       1
       0
       2
       0
       1
       0
       2
       0
       2
       1
       1
       0
       1
       1
       3
       1
       1
       2
       0
       4
       2
       0
       1
       0
       0
       3
       0
       0
       1
       0
       0
       2
       1
       5
       1
       2
       3
       2
       4
       1
       0
       1
       3
       2
       0
       5
       0
       2
       1
       0
       1
       2
       0
       1
       1
       2
       1
       3
       5
       2
       0
       0
       1
       2
       1
       1
       1
       1
       4
       4
       1
       1
       2
       2
       0
       1
       2
       1
       1
       0
       2
       0
       1
       1
       3
       2
       2
       1
       0
       2
       3
       1
       1
       2
       1
       2
       1
       4
       3
       3
       0
       2
       0
       2
       4
       2
       0
       2
       4
       3
       4
       1
       0
       2
       0
       3
       1
       0
       1
       0
       0
       1
       2
       3
       3
       1
       2
       1
       1
       2
       1
       3
       3
       2
       1
       1
       3
       2
       0
       3
       1
       2
       1
       0
       1
       1
       2
       1
       0
       0
       0
       1
       1
       1
       1
       1
       4
       0
       0
       1
       1
       1
       3
       1
       0
       1
       1
       2
       1
       2
       4
       1
       0
       2
       1
       0
       1
       1
       2
       3
       2
       1
       0
       2
       2
       3
       1
       1
       2
       2
       3
       0
       0
       1
       0
       2
       0
       1
       2
       1
       1
       2
       2
       0
       1
       2
       0
       2
       0
       1
       1
       6
       0
       1
       2
       3
       2
       0
       2
       3
       3
       2
       2
       1
       2
       1
       0
       4
       2
       1
       0
       2
       1
       1
       1
       0
       1
       0
       2
       4
       1
       2
       2
       1
       0
       0
       2
       1
       2
       1
       0
       3
       3
       1
       0
       1
       0
       2
       1
       5
       0
       0
       0
       2
       1
       0
       4
       4
       1
       0
       0
       1
       1
       3
       2
       1
       3
       5
       1
       1
       3
       1
       4
       1
       0
       0
       2
       0
       1
       2
       1
       0
       1
       1
       5
       4
       1
       1
       1
       1
       2
       1
       2
       2
       0
       1
       2
       0
       0
       3
       3
       1
       3
       3
       1
       1
       1
       2
       3
       2
       0
       1
       1
       0
       1
       0
       0
       1
       0
       1
       1
       2
       0
       1
       1
       0
       1
       3
       1
       2
       2
       0
       1
       2
       2
       2
       2
       5
       2
       2
       2
       1
       0
       2
       0
       1
       0
       0
       0
       2
       1
       1
       0
       1
       2
       0
       1
       3
       2
       5
       1
       3
       0
       2
       2
       1
       0
       1
       4
       3
       1
       2
       3
       2
       0
       0
       5
       1
       3
       0
       5
       4
       3
       0
       0
       3
       0
       2
       3
       1
       1
       4
       2
       0
       1
       3
       1
       1
       1
       2
       1
       1
       1
       3
       1
       1
       1
       0
       2
       1
       0
       2
       2
       1
       0
       1
       1
       1
       1
       1
       2
       1
       4
       0
       1
       1
       0
       2
       1
       1
       0
       1
       1
       1
       2
       2
       1
       0
       0
       2
       4
       2
       2
       0
       1
       1
       1
       0
       0
       0
       0
       1
       2
       2
       2
       3
       2
       2
       1
       2
       2
       2
       1
       2
       2
       1
       3
       0
       1
       3
       2
       1
       1
       2
       3
       1
       1
       0
       0
       3
       0
       4
       1
       2
       4
       1
       0
       2
       3
       1
       1
       2
       1
       1
       2
       2
       2
       1
       2
       0
       1
       2
       1
       1
       3
       2
       1
       1
       2
       1
       2
       1
       1
       1
       1
       2
       1
       1
       0
       1
       0
       3
       1
       0
       4
       1
       0
       0
       2
       0
       1
       0
       1
       2
       0
       2
       2
       4
       2
       3
       3
       2
       0
       2
       2
       4
       1
       1
       1
       2
       2
       0
       2
       3
       1
       1
       1
       0
       1
       3
       2
       2
       1
       1
       1
       0
       2
       1
       0
       1
       1
       1
       1
       0
       0
       3
       1
       3
       2
       1
       2
       1
       2
       1
       0
       1
       2
       3
       0
       1
       0
       3
       2
       1
       0
       1
       2
       0
       1
       1
       1
       2
       0
       0
       1
       0
       0
       4
       0
       2
       3
       0
       0
       3
       0
       1
       1
       1
       0
       2
       1
       2
       2
       1
       2
       1
       0
       0
       2
       2
       4
       0
       1
       1
       0
       1
       1
       1
       0
       3
       2
       0
       2
       1
       0
       1
       1
       1
       2
       2
       4
       1
       0
       0
       2
       3
       3
       0
       2
       1
       2
       3
       1
       0
       1
       3
       1
       3
       3
       1
       1
       1
       1
       2
       2
       0
       3
       1
       2
       2
       1
       4
       0
       0
       2
       1
       1
       1
       1
       0
       0
       2
       0
       2
       0
       0
       3
       1
       0
       1
       1
       1
       1
       3
       0
       1
       1
       0
       2
       2
       1
       0
       1
       1
       2
       1
       2
       0
       1
       0
       2
       0
       0
       0
       2
       0
       1
       1
       2
       0
       1
       0
       2
       2
       4
       1
       2
       0
       1
       0
       3
       1
       1
       1
       2
       1
       2
       0
       0
       2
       0
       2
       1
       0
       0
       1
       1
       1
       1
       0
       1
       3
       1
       2
       2
       1
       1
       1
       0
       0
       0
       1
       2
       2
       1
       1
       1
       1
       3
       2
       1
       1
       1
       1
       1
       1
       1
       2
       1
       2
       3
       1
       2
       2
       0
       1
       2
       0
       1
       0
       1
       1
       1
       3
       0
       0
       0
       2
       2
       1
       2
       1
       2
       2
       2
       0
       3
       1
       5
       0
       1
       0
       0
       0
       0
       2
       1
       0
       0
       1
       1
       5
       0
     216
     364
     421
     429
     423
     396
     443
     378
     391
     380
     414
     444
     420
     437
     417
     404
     402
     401
     443
     373
     391
     423
     444
     426
     413
     450
     424
     417
     457
     416
     400
     432
     398
     449
     435
     436
     405
     428
     405
     432
     408
     417
     441
     404
     387
     423
     401
     437
     416
     412
     423
     411
     467
     422
     422
     376
     390
     439
     411
     408
     379
     426
     394
     396
     413
     402
     407
     402
     409
     426
     399
     371
     405
     423
     373
     418
     395
     387
     412
     429
     386
     438
     455
     415
     373
     412
     421
     411
     421
     408
     399
     390
     428
     419
     410
     386
     409
     368
     399
     406
     402
     447
     458
     426
     374
     395
     450
     419
     414
     418
     443
     402
     413
     408
     390
     427
     424
     423
     431
     436
     426
     420
     416
     426
     412
     433
     439
     401
     415
     388
     385
     396
     417
     413
     388
     431
     437
     441
     404
     410
     413
     389
     387
     416
     406
     423
     418
     415
     426
     408
     438
     418
     427
     418
     413
     435
     427
     417
     387
     409
     432
     394
     391
     380
     402
     425
     417
     417
     364
     407
     386
     420
     384
     410
     384
     426
     393
     406
     414
     402
     428
     438
     443
     404
     179
$ROI:
5
598 616
1488 1502
3004 3030
3417 3440
6719 6742
$PRESETS:
None
0
0
$ENER_FIT:
1.820202 0.388090
$MCA_CAL:
3
1.820202E+000 3.880899E-001 -2.021690E-008 keV
$SHAPE_CAL:
3
1.939874E+000 2.172949E-003 -2.951990E-007
