$SPEC_ID:
naa kelp 15
$SPEC_REM:
DET# 1
DETDESC# SHUGART-PC MCB 337
AP# Maestro Version 7.01
$DATE_MEA:
12/23/2015 16:35:34
$MEAS_TIM:
3552 3567
$DATA:
0 8191
       0
       0
       0
       0
       0
       0
       0
       0
       0
       0
       0
       0
       0
       0
       0
       0
       0
       0
       0
       0
       0
       0
       0
       0
       0
       0
       0
       0
       0
       0
       0
       0
       0
       0
       0
       0
      11
     158
     398
     402
     399
     432
     443
     427
     385
     440
     368
     396
     451
     421
     414
     460
     413
     461
     407
     406
     481
     453
     407
     435
     412
     428
     449
     416
     425
     451
     424
     434
     466
     436
     419
     409
     388
     386
     405
     426
     425
     425
     427
     399
     396
     374
     374
     367
     377
     379
     380
     397
     400
     368
     374
     369
     368
     352
     381
     384
     386
     348
     351
     370
     357
     346
     401
     392
     361
     338
     403
     342
     386
     379
     394
     363
     364
     411
     378
     365
     363
     387
     328
     377
     403
     358
     373
     364
     357
     361
     367
     381
     345
     353
     387
     340
     352
     344
     390
     361
     361
     375
     351
     338
     367
     365
     367
     365
     391
     359
     416
     409
     360
     372
     402
     356
     394
     367
     391
     400
     400
     397
     389
     395
     401
     384
     413
     379
     388
     354
     399
     378
     389
     380
     387
     365
     391
     388
     388
     386
     378
     409
     398
     463
     600
     673
     790
     625
     528
     576
     811
    1052
    1021
     712
     404
     340
     297
     304
     296
     332
     311
     271
     313
     329
     300
     298
     328
     322
     315
     334
     324
     314
     325
     344
     373
     467
     506
     576
     456
     386
     314
     307
     324
     343
     312
     328
     312
     292
     275
     281
     262
     262
     283
     313
     304
     364
     341
     362
     286
     295
     253
     276
     293
     251
     252
     279
     265
     269
     275
     296
     251
     273
     284
     257
     276
     277
     270
     268
     272
     253
     271
     292
     256
     280
     248
     257
     293
     271
     275
     255
     298
     259
     277
     273
     271
     282
     275
     251
     248
     250
     272
     234
     255
     254
     262
     250
     268
     242
     288
     266
     253
     255
     276
     253
     266
     260
     244
     266
     278
     268
     299
     281
     249
     258
     265
     247
     278
     246
     251
     265
     259
     260
     289
     260
     265
     251
     262
     255
     243
     266
     284
     249
     270
     271
     261
     269
     255
     261
     266
     251
     256
     272
     239
     251
     287
     272
     251
     239
     252
     262
     263
     260
     262
     279
     268
     248
     250
     253
     262
     246
     281
     279
     260
     260
     250
     265
     266
     271
     222
     256
     253
     275
     250
     225
     257
     262
     238
     239
     244
     234
     245
     232
     262
     254
     235
     244
     232
     255
     239
     235
     240
     213
     251
     261
     218
     216
     240
     210
     219
     220
     249
     224
     269
     218
     244
     259
     239
     248
     215
     230
     232
     225
     240
     238
     218
     218
     219
     255
     272
     294
     257
     270
     197
     227
     261
     214
     218
     237
     240
     229
     204
     195
     238
     225
     225
     212
     235
     233
     239
     221
     233
     182
     199
     183
     239
     179
     170
     204
     225
     233
     208
     230
     224
     195
     221
     229
     226
     246
     239
     218
     198
     236
     234
     205
     269
     238
     213
     216
     237
     248
     232
     236
     235
     206
     237
     228
     220
     234
     243
     273
     234
     240
     228
     236
     225
     270
     272
     245
     241
     285
     221
     239
     222
     256
     242
     253
     263
     218
     225
     270
     230
     226
     230
     256
     253
     272
     247
     244
     268
     271
     262
     250
     221
     264
     246
     247
     243
     281
     292
     281
     280
     243
     270
     209
     232
     250
     251
     255
     238
     233
     252
     260
     240
     212
     203
     241
     212
     231
     278
     266
     257
     222
     252
     235
     253
     237
     249
     255
     259
     250
     237
     240
     239
     237
     240
     226
     260
     220
     257
     235
     231
     271
     233
     229
     241
     248
     236
     258
     240
     243
     216
     231
     255
     227
     236
     228
     242
     294
     398
     389
     379
     296
     256
     233
     240
     256
     241
     239
     220
     199
     217
     246
     221
     213
     232
     269
     221
     258
     215
     231
     209
     234
     205
     209
     227
     221
     223
     232
     220
     221
     195
     219
     223
     226
     186
     215
     220
     224
     203
     231
     209
     243
     237
     255
     220
     242
     213
     237
     214
     212
     229
     224
     215
     200
     188
     217
     223
     202
     211
     217
     186
     212
     205
     205
     195
     217
     199
     212
     205
     220
     197
     216
     205
     174
     204
     200
     230
     178
     220
     178
     218
     194
     201
     206
     182
     208
     191
     198
     229
     193
     190
     205
     229
     213
     213
     197
     185
     201
     190
     178
     177
     187
     186
     165
     192
     219
     187
     205
     192
     188
     190
     201
     178
     168
     170
     183
     180
     217
     186
     180
     189
     183
     174
     157
     198
     205
     175
     203
     177
     191
     180
     187
     242
     214
     196
     192
     173
     171
     193
     167
     185
     163
     178
     181
     198
     202
     185
     182
     182
     175
     181
     170
     174
     188
     183
     158
     177
     174
     165
     184
     177
     159
     186
     163
     156
     164
     190
     195
     165
     169
     196
     145
     185
     177
     154
     155
     160
     156
     155
     151
     150
     178
     191
     158
     173
     188
     161
     182
     148
     180
     161
     175
     167
     160
     164
     162
     169
     139
     154
     159
     170
     164
     160
     168
     162
     155
     160
     154
     163
     177
     172
     144
     156
     165
     157
     170
     152
     129
     159
     152
     159
     149
     136
     150
     169
     148
     138
     160
     170
     138
     159
     169
     162
     141
     139
     132
     164
     156
     160
     145
     151
     168
     145
     155
     136
     163
     137
     151
     135
     150
     140
     163
     142
     160
     154
     147
     142
     145
     137
     149
     163
     161
     139
     141
     137
     176
     155
     155
     173
     164
     168
     167
     139
     139
     152
     137
     166
     155
     151
     154
     160
     158
     150
     134
     154
     127
     139
     149
     137
     161
     149
     169
     142
     158
     171
     125
     162
     151
     152
     178
     138
     140
     141
     150
     122
     146
     144
     136
     149
     150
     148
     144
     138
     134
     144
     122
     128
     155
     131
     128
     153
     140
     124
     171
     140
     161
     140
     135
     127
     137
     145
     142
     144
     121
     166
     156
     142
     127
     152
     150
     136
     158
     158
     135
     126
     131
     162
     149
     146
     152
     149
     149
     146
     129
     134
     150
     141
     158
     115
     138
     138
     144
     140
     149
     149
     127
     138
     136
     153
     150
     158
     142
     160
     129
     136
     133
     148
     140
     126
     154
     163
     151
     128
     145
     132
     143
     149
     145
     146
     145
     166
     156
     146
     131
     141
     126
     144
     142
     118
     126
     147
     135
     133
     140
     134
     137
     156
     127
     129
     121
     115
     146
     134
     140
     110
     141
     121
     143
     130
     125
     131
     120
     117
     109
     125
     129
     125
     126
     138
     132
     147
     141
     157
     145
     134
     119
     136
     116
     126
     129
     126
     122
     137
     121
     111
     103
     113
     135
     103
     112
     120
     109
     119
     131
     140
     109
     123
     104
     114
     126
     114
     131
     135
     123
     129
     135
     140
     115
     125
     126
     122
     123
      94
     105
     120
     123
     104
     121
     112
     105
     125
     121
     116
     120
     113
     126
     127
     132
     147
     100
     120
     101
     116
     130
     114
     118
     134
     123
     105
     119
     118
      84
     126
      94
     125
     115
     110
     133
     125
     120
     133
     116
     116
     132
     114
     131
     120
     106
      96
     115
     128
     115
     125
     131
     127
      94
     109
     125
     123
     118
     132
     123
     125
     117
      86
     142
     111
     118
     114
     100
     128
     111
     108
     114
     101
     110
     122
     107
     114
     105
      98
      99
      94
     131
     108
     103
     125
     119
      98
     108
     123
     103
     100
     113
     111
     120
     104
     105
     102
     104
     129
     124
     102
      98
     116
      90
     103
      98
     112
     100
      90
      89
     106
     109
     115
     101
      91
      89
      90
     105
     118
     109
     110
     103
      94
      99
     107
     116
      88
     101
      99
     104
     113
      96
     105
      81
      79
     109
     122
     102
      95
      93
     128
      84
     112
     109
      98
      93
     116
     111
     119
     104
      93
      99
      87
     103
      85
     106
      96
     107
     106
      86
      97
      89
      98
      80
     106
     117
      94
      92
     106
     106
     101
     100
     110
      91
      91
      99
      94
     102
     100
     106
      95
      99
     100
      93
      96
      97
     106
      86
      81
      99
      98
     109
     113
     107
      94
      84
     113
     117
      88
      86
      98
     103
      98
     118
      88
      88
      94
      90
      80
      88
      89
     104
     109
      97
     106
      93
      96
      90
     105
      81
     114
     105
      93
      86
      91
      87
      98
      72
      82
      76
     105
      95
      87
     112
      88
      79
      98
     117
     106
     107
      82
      89
      89
      93
     101
     111
      83
      98
      90
     102
      90
      97
      99
      95
      97
      98
      85
     104
      85
      90
     106
      98
      71
     103
     104
      93
     111
     111
     129
      93
     151
     185
     185
     191
     205
     172
     150
     138
     117
     120
     140
     134
     111
      97
      95
     107
      95
      92
      87
      81
      85
      83
      99
      99
      82
     110
      85
      85
      91
      97
      86
      96
      86
     109
      89
     100
      99
      87
     118
      93
      90
      70
      91
      87
     100
      78
      92
      91
      85
      95
      88
      90
      82
      87
      88
      83
      90
      84
      84
      88
      88
      81
      86
      89
      86
      86
     108
      77
      81
      85
      88
      89
      80
      90
      97
      88
      91
      86
      75
      85
      84
      75
      79
      66
      87
      89
     100
      87
      81
      80
      88
      92
      88
      67
      84
      91
      88
      84
      90
      78
      96
      75
      78
      85
      88
     111
      79
      98
      95
     129
     179
     389
     735
    1370
    2069
    2264
    1922
    1248
     588
     244
     111
     108
      93
     106
     134
     190
     261
     283
     285
     217
     160
     112
      91
     108
      93
      93
     100
     107
      94
      99
      96
      87
      77
      87
      96
      62
      64
      93
      90
      87
      78
      97
      80
      83
      75
      79
      88
     102
      89
      96
      81
      90
      80
      96
      86
      73
      98
      88
      88
      88
      79
      84
      99
      81
      96
      86
      85
      84
      79
      85
      83
      86
      81
      83
      91
      96
      92
      95
      94
      86
      90
      81
      83
      83
      89
      71
      76
      80
      66
      81
      80
      74
      89
      81
      76
      69
      79
      79
      76
      71
      60
      80
      77
      61
      77
      63
      76
      60
      71
      78
      65
      70
      70
      74
      76
      69
      72
      72
      61
      74
      65
      85
      62
      69
      72
      61
      82
      81
      85
      79
      64
      72
      56
      73
      88
      84
      76
      93
     123
     109
      99
      92
      87
      70
      61
      83
      64
      64
      64
      73
      65
      91
      68
      55
      66
      61
      73
      72
      83
      72
      79
      69
      75
      84
      70
      96
      95
     139
     247
     499
     854
    1155
    1248
     996
     612
     326
     156
      98
      86
      75
      57
      62
      67
      69
      62
      81
      79
      71
      56
      73
      54
      76
      66
      71
      63
      57
      66
      62
      75
      77
      78
      65
      63
      66
      63
      60
      67
      55
      75
      64
      59
      71
      65
      51
      59
      70
      52
      66
      70
      46
      62
      58
      62
      65
      61
      66
      64
      50
      61
      65
      56
      63
      66
      52
      54
      65
      69
      66
      47
      68
      51
      66
      71
      55
      61
      54
      59
      47
      59
      50
      51
      66
      53
      59
      57
      73
      65
      49
      62
      62
      67
      66
      69
      60
      67
      67
      64
      79
      52
      83
      76
      82
      50
      72
      59
      51
      46
      58
      33
      59
      56
      58
      43
      48
      62
      55
      45
      57
      59
      54
      64
      54
      50
      46
      72
      63
      53
      72
      41
      62
      43
      44
      49
      62
      40
      57
      51
      63
      58
      57
      61
      56
      50
      59
      62
      54
      57
      43
      49
      59
      63
      51
      54
      47
      63
      50
      46
      57
      51
      43
      55
      40
      55
      52
      60
      56
      47
      49
      57
      46
      47
      46
      43
      40
      53
      44
      41
      54
      40
      54
      50
      47
      46
      45
      66
      50
      50
      50
      44
      56
      47
      46
      52
      42
      70
      53
      42
      50
      47
      62
      80
      86
     119
     261
     437
     619
     761
     656
     441
     231
     138
      75
      53
      42
      55
      53
      43
      48
      46
      43
      45
      59
      55
      50
      41
      45
      38
      51
      41
      46
      40
      38
      46
      23
      51
      46
      48
      45
      44
      56
      52
      49
      39
      36
      37
      46
      47
      48
      49
      50
      50
      42
      40
      57
      49
      47
      63
      36
      44
      52
      53
      48
      54
      48
      51
      37
      45
      46
      37
      54
      51
      57
      39
      45
      65
      35
      47
      42
      46
      36
      38
      61
      52
      41
      55
      53
      58
      42
      41
      57
      40
      46
      51
      51
      53
      43
      44
      62
      51
      46
      48
      51
      45
      43
      47
      40
      34
      49
      41
      33
      43
      61
      36
      41
      48
      48
      46
      41
      39
      55
      52
      40
      40
      46
      38
      53
      47
      54
      40
      52
      34
      35
      43
      37
      41
      35
      29
      38
      45
      35
      43
      42
      44
      42
      42
      42
      35
      36
      39
      40
      41
      48
      42
      48
      41
      43
      50
      35
      43
      44
      50
      31
      37
      52
      46
      42
      54
      39
      47
      47
      57
      47
      47
      47
      52
      47
      48
      44
      53
      43
      44
      37
      38
      40
      37
      31
      43
      36
      38
      49
      36
      37
      39
      47
      49
      45
      43
      48
      48
      43
      55
      70
     110
     238
     492
     932
    1510
    1877
    1874
    1440
     810
     407
     197
      69
      57
      41
      41
      40
      39
      36
      48
      30
      38
      35
      36
      39
      44
      36
      44
      35
      35
      31
      47
      34
      49
      39
      37
      32
      48
      48
      43
      27
      29
      47
      31
      37
      50
      33
      26
      35
      36
      30
      37
      36
      25
      32
      51
      32
      42
      37
      40
      28
      38
      44
      34
      43
      48
      44
      33
      40
      30
      39
      44
      36
      36
      36
      46
      35
      34
      41
      37
      38
      34
      40
      39
      34
      37
      32
      42
      39
      35
      39
      40
      35
      30
      40
      29
      41
      37
      49
      33
      38
      40
      40
      29
      52
      32
      30
      38
      32
      46
      26
      27
      47
      35
      53
      39
      36
      35
      42
      39
      42
      34
      41
      42
      40
      37
      40
      40
      45
      48
      29
      45
      45
      51
      78
     151
     231
     385
     541
     523
     467
     292
     176
      90
      55
      46
      27
      39
      41
      44
      32
      37
      32
      27
      32
      41
      34
      39
      35
      46
      37
      33
      32
      39
      32
      30
      39
      39
      46
      29
      28
      34
      36
      36
      36
      37
      50
      30
      27
      31
      35
      24
      28
      26
      33
      26
      26
      27
      47
      36
      44
      38
      26
      24
      32
      35
      34
      34
      27
      39
      31
      37
      38
      28
      31
      31
      29
      36
      29
      40
      31
      33
      31
      44
      35
      35
      35
      36
      35
      35
      24
      36
      30
      28
      25
      33
      27
      32
      34
      26
      36
      28
      36
      21
      36
      30
      25
      23
      29
      27
      20
      24
      33
      37
      29
      37
      27
      32
      20
      25
      31
      32
      34
      23
      31
      29
      34
      27
      27
      44
      32
      32
      32
      43
      34
      32
      35
      31
      22
      29
      32
      29
      33
      30
      40
      31
      24
      35
      31
      21
      24
      23
      21
      34
      24
      35
      32
      34
      41
      33
      25
      26
      31
      33
      28
      24
      32
      28
      27
      19
      25
      23
      21
      32
      26
      33
      30
      24
      25
      22
      29
      35
      29
      25
      22
      25
      32
      31
      28
      26
      23
      35
      21
      30
      24
      27
      26
      37
      23
      22
      23
      30
      24
      34
      20
      32
      18
      30
      33
      17
      32
      22
      32
      27
      29
      28
      34
      21
      17
      35
      28
      23
      29
      25
      24
      30
      39
      26
      27
      24
      28
      23
      24
      19
      33
      32
      21
      37
      29
      29
      33
      22
      27
      28
      20
      33
      28
      27
      22
      31
      26
      27
      34
      22
      14
      30
      23
      26
      27
      21
      21
      32
      26
      27
      30
      33
      20
      23
      35
      26
      27
      29
      23
      23
      27
      17
      23
      19
      23
      27
      26
      26
      23
      21
      19
      23
      23
      19
      22
      25
      32
      26
      21
      26
      26
      34
      23
      24
      24
      32
      28
      24
      24
      23
      20
      25
      16
      31
      39
      14
      29
      23
      30
      18
      22
      22
      18
      34
      15
      19
      22
      19
      23
      29
      16
      31
      26
      30
      36
      34
      29
      31
      23
      24
      28
      25
      19
      34
      24
      21
      16
      26
      21
      20
      23
      25
      16
      22
      25
      20
      27
      29
      22
      21
      26
       9
      22
      31
      22
      34
      20
      23
      30
      35
      18
      27
      26
      18
      23
      27
      17
      24
      24
      14
      25
      22
      21
      21
      20
      24
      28
      28
      20
      26
      15
      13
      19
      20
      32
      20
      27
      19
      20
      29
      28
      20
      12
      17
      23
      30
      22
      25
      24
      21
      24
      27
      24
      22
      32
      22
      18
      23
      18
      29
      23
      21
      23
      19
      18
      24
      26
      28
      23
      11
      27
      18
      18
      25
      17
      17
      19
      29
      22
      17
      20
      25
      27
      18
      19
      22
      21
      22
      16
      16
      25
      21
      31
      20
      23
      19
      19
      20
      18
      19
      22
      16
      14
      16
      25
      21
      34
      29
      30
      23
      22
      28
      23
      25
      30
      33
      39
      38
      48
      40
      44
      43
      29
      26
      30
      24
      24
      23
      23
      25
      22
      28
      21
      12
      21
      25
      21
      18
      24
      18
      20
      15
      21
      20
      17
      17
      26
      15
      19
      28
      22
      18
      28
      30
      26
      28
      21
      19
      21
      30
      16
      18
      25
      22
      17
      24
      25
      12
      19
      29
      25
      21
      19
      29
      27
      27
      21
      25
      16
      25
      24
      17
      19
      19
      27
      17
      20
      24
      21
      25
      28
      37
      23
      30
      14
      18
      21
      25
      21
      25
      21
      25
      26
      19
      28
      28
      45
      76
     130
     206
     313
     370
     489
     409
     342
     211
      99
      61
      30
      15
      24
      28
      21
      13
      18
      24
      20
      25
      21
      20
      18
      27
      25
      18
      16
      29
      25
      23
      17
      24
      24
      15
      26
      27
      19
      20
      28
      23
      28
      19
      24
      27
      22
      18
      17
      20
      30
      23
      28
      24
      19
      26
      14
      23
      16
      25
      27
      14
      17
      17
      26
      19
      30
      13
      34
      23
      21
      21
      24
      20
      24
      21
      28
      21
      26
      27
      21
      29
      24
      21
      16
      26
      29
      21
      22
      32
      25
      33
      30
      20
      26
      23
      22
      31
      17
      23
      35
      37
      37
      32
      32
      27
      28
      33
      24
      20
      24
      29
      24
      20
      23
      24
      20
      18
      22
      25
      26
      27
      29
      16
      19
      26
      27
      30
      24
      21
      20
      24
      27
      19
      22
      15
      26
      26
      25
      21
      30
      28
      17
      15
      18
      18
      20
      20
      19
      19
      31
      16
      28
      27
      14
      25
      22
      36
      22
      20
      19
      22
      30
      23
      18
      23
      18
      28
      32
      15
      22
      17
      21
      19
      14
      29
      12
      17
      20
      15
      25
      15
      20
      21
      20
      12
      26
      24
      24
      19
      32
      30
      18
      27
      17
      19
      19
      27
      15
      12
      20
      31
      21
      28
      27
      16
      20
      23
      19
      25
      23
      24
      28
      22
      27
      25
      24
      19
      25
      26
      25
      27
      20
      19
      22
      26
      20
      25
      33
      22
      19
      15
      17
      26
      21
      23
      21
      27
      20
      29
      29
      26
      17
      18
      26
      23
      28
      31
      21
      22
      27
      24
      19
      22
      15
      21
      26
      19
      20
      20
      24
      20
      16
      12
      18
      26
      22
      21
      27
      22
      19
      24
      24
      17
      20
      18
      22
      12
      22
      22
      23
      14
      28
      22
      21
      21
      18
      21
      21
      23
      21
      25
      10
      19
      18
      21
      18
      20
      27
      14
      25
      13
      14
      19
      14
      22
      16
      13
      20
      16
      20
      27
      24
      11
      14
      14
      17
      11
      20
      15
      24
      18
      13
      19
      22
      20
      10
      13
      21
      28
      16
      15
      12
      14
      30
       9
      15
      21
      23
      28
      21
      27
      22
      14
      29
      22
      17
      17
       8
      25
      24
       9
      26
      25
      12
      12
       8
      18
      19
      16
      18
       7
      11
      23
      19
       8
      11
      18
      12
      15
      13
      15
      17
      11
      19
      17
      14
      13
      13
      19
      17
      12
      15
      12
      13
      18
      19
      13
      17
      15
      15
      12
      18
      11
      15
      18
       8
      17
      19
      10
      14
      17
      12
      12
      15
      10
      12
       8
      13
      14
      12
      14
      16
      10
       7
      15
       7
      14
       6
      11
      11
      11
      18
      10
       7
      11
      21
      12
      19
       9
      14
       6
       9
      11
      23
      17
       8
      11
      10
      14
      17
      15
      13
      17
      13
      13
      13
      14
      18
      24
      22
      16
      17
      19
      12
       9
      21
      15
      11
      18
      12
      12
      10
      10
       8
       8
      10
      17
      17
       9
       7
       7
      13
      11
       9
       8
      15
       8
       8
      14
      12
      14
      13
      17
       9
      14
       5
      11
      11
       8
      11
       8
       9
       8
       9
       7
      12
       7
       7
       8
      13
      10
      11
       7
       2
       6
      13
      17
       6
       6
      15
      10
      14
      13
       3
      14
       9
       8
      13
      12
      11
      10
      11
       4
      15
      14
       9
      11
      11
      11
       8
      13
      11
      11
       8
      10
       6
       8
      11
      14
      14
      11
      13
      11
       7
      17
      15
       8
      11
      11
      14
       7
       7
      10
      10
       7
       7
      11
       9
       9
       5
       8
       7
      11
       8
      11
      10
       5
      10
       9
       6
       9
      10
       7
      10
       8
       3
       3
       5
       8
       3
      10
       6
       9
       7
       2
       6
       9
       6
       7
       7
       6
      12
       9
       9
       8
       3
       7
      13
      13
      11
       4
      10
       7
       7
       6
       9
      11
       5
       4
       6
       4
       6
       6
      12
       5
       4
       6
       5
       8
       3
       3
       6
       7
       6
      10
       4
       6
       6
       7
       3
       3
       8
       6
       7
       9
      10
      10
       9
       6
       8
       6
      10
      10
       5
       2
      10
       5
       6
       2
      10
       3
       6
      12
       8
       7
      10
      10
      12
      11
       5
       6
      10
       8
       3
       6
      12
       7
       5
       8
      10
       8
       5
       7
       6
       8
       3
      12
       4
       7
       9
       6
      11
       6
      10
       7
       6
       6
       5
       5
       8
       7
       4
       8
       3
       4
      11
       7
       7
       7
      11
       9
       8
      16
      21
      28
      64
      95
     157
     224
     318
     338
     309
     245
     179
      89
      53
      19
      11
       6
       9
       4
       4
       5
       5
       1
       5
       4
       4
       6
       4
       3
       8
       5
       7
       4
       4
       6
       5
       6
       4
      10
      11
      13
       9
       7
      17
      10
      12
       7
      10
       7
      12
       3
       5
       4
       5
       9
       6
       6
       5
       3
       7
       5
       4
       8
       7
       2
       0
       6
       4
       8
       9
       3
       5
       8
       7
       6
       4
       3
       5
       1
       1
       5
       6
       5
       1
       6
       6
       3
       7
       2
       4
       8
       6
       3
       4
       6
       8
       4
       3
       7
       5
       4
       5
       5
       7
      10
       5
       6
       7
       6
       6
      10
       6
       3
       5
       4
       8
      10
       7
       4
       5
       6
       3
       8
       6
       5
       6
       3
       7
       9
       5
       8
      16
      40
      50
      91
     115
     260
     385
     619
     742
     797
     778
     631
     379
     228
     116
      43
      14
       9
       5
       7
       1
       5
       4
       2
       4
       1
       5
       4
       5
       3
       2
       2
       3
       2
       2
       3
       7
       2
       3
       7
       7
       4
       2
       0
       3
       4
       4
       2
       4
       4
       4
       4
       3
       2
       2
       1
      10
       4
       2
       3
       8
       0
       1
       4
       2
       2
       3
       1
       4
       3
       7
       2
       5
       5
       1
       4
       1
       4
       7
       5
       1
       8
       8
       5
       3
       2
       5
       5
       5
       4
       4
       2
       4
       4
       4
       5
       7
       2
       5
       3
       5
       6
       3
       3
       5
       0
       2
       1
       1
       2
       3
       4
       6
       0
       7
       2
       2
       3
       5
       2
       3
       5
       7
       5
       5
       1
       3
       3
       1
       3
       8
       2
       1
       6
       5
       6
       3
       2
       5
       1
       6
       3
       0
       1
       1
       4
       2
       4
       0
       2
       5
       1
       3
       8
       3
       6
       5
       3
       7
       4
       1
       1
       8
       5
       1
       2
       3
       4
       5
       3
       5
       5
       1
       3
       3
       2
       2
       4
       6
       4
       2
       4
       3
       4
       4
       2
       7
       5
       0
       3
       4
       4
       2
       4
       6
       3
       4
       2
       2
       4
       3
       4
       5
       7
       3
       4
       5
       1
       2
       3
       2
       2
       4
       3
       2
       6
       2
       8
       5
       2
       2
       2
       2
       3
       4
       2
       1
       6
       6
       3
       3
       2
       1
       1
       3
       5
       4
       3
       5
       3
       2
       3
       9
       5
       7
       9
       6
       3
       4
       8
       8
       8
       5
       5
       3
       2
       5
       5
       7
       1
       6
       0
       5
       2
       4
       2
       2
       3
       0
       5
       4
       5
       5
      10
      10
      11
      13
      19
      43
      81
      99
     149
     166
     178
     182
     130
      92
      56
      26
      12
       7
       1
       2
       3
       5
       4
       3
       1
       3
       2
       1
       1
       2
       5
       2
       2
       1
       4
       3
       5
       2
       1
       1
       0
       3
       3
       5
       3
       1
       2
       1
       3
       3
       2
       4
       5
       1
       3
       2
       1
       5
       1
       4
       0
       5
       3
       1
       1
       0
       3
       3
       3
       3
       1
       2
       6
       4
       6
       5
       3
       1
       1
       4
       4
       1
       1
       2
       4
       6
       3
       0
       3
       3
       2
       1
       4
       8
       2
       0
       1
       1
       1
       5
       3
       1
       3
       2
       0
       2
       4
       3
       4
       2
       2
       2
       6
       4
       6
       3
       3
       3
       3
       2
       3
       3
       3
       3
       4
       1
       6
       3
       2
       4
       4
       1
       3
       2
       5
       6
       4
       5
       6
       1
       5
       4
       5
       2
       2
       1
       2
       4
       2
       3
       3
       1
       4
       2
       3
       3
       2
       1
       2
       3
       3
       5
       2
       5
       4
       4
       6
       1
       1
       1
       4
       2
       4
       1
       3
       2
       3
       7
       6
       7
       3
       1
       6
       5
       3
       4
       3
       0
       3
       6
       0
       4
       3
       3
       3
       4
       2
       3
       1
       3
       4
       4
       3
       3
       3
       4
       2
       4
       2
       1
       3
       6
       3
       4
       4
       4
       3
       3
       2
       1
       2
       5
       3
       2
       4
       7
       3
       3
       2
       3
       4
       3
       3
       4
       4
       5
       1
       4
       1
       3
       1
       2
       5
       5
       3
       3
       6
       5
       1
       4
       2
       2
       3
       4
       2
       5
       3
       4
       2
       4
       2
       4
       1
       3
       4
       7
       4
       2
       3
       5
       4
       3
       2
       0
       2
       4
       2
       2
       3
       5
       5
       2
       1
       3
       2
       3
       5
       3
       4
       2
       5
       3
       6
       0
       2
       3
       2
       3
       2
       4
       2
       1
       1
       3
       4
       6
       2
       2
       2
       5
       4
       3
       4
       4
       1
       3
       2
       2
       2
       0
       3
       2
       5
       4
       5
       3
       0
       1
       4
       4
       3
       3
       6
       1
       5
       1
       4
       3
       5
       2
       3
       9
       7
       2
       4
       6
       4
       5
       4
       5
       4
       4
       5
       3
       4
       4
       5
       3
       6
       1
       2
       3
       4
       3
       3
       2
       5
       5
       2
       0
       1
       0
       2
       4
       3
       1
       4
       1
       1
       4
       2
       2
       7
       1
       4
       5
       3
       4
       4
       3
       3
       1
       1
       1
       1
       2
       1
       2
       7
       3
       3
       6
       1
       4
       8
       1
       4
       4
       0
       3
       3
       5
       5
       0
       3
       1
       1
       1
       2
       2
       2
       0
       2
       3
       2
       5
       1
       5
       2
       2
       4
       3
       5
       2
       4
       3
       1
       2
       1
       3
       2
       1
       1
       3
       1
       3
       6
       0
       2
       0
       0
       2
       0
       4
       5
       2
       2
       2
       5
       2
       5
      11
       6
       7
       4
       7
       7
       2
       3
       3
       3
       1
       1
       3
       1
       2
       1
       2
       1
       7
       5
       5
       2
       8
       2
       5
       2
       3
       4
       3
       3
       3
       3
       3
       1
       4
       1
       6
       2
       5
       2
       4
       3
       1
       0
       4
       0
       1
       1
       2
       5
       3
       1
       1
       4
       1
       1
       2
       3
       2
       4
       1
       5
       1
       3
       3
       4
       6
       4
       2
       2
       1
       2
       4
       2
       0
       5
       4
       4
       1
       1
       4
       2
       1
       2
       2
       3
       0
       3
       2
       6
       2
       4
       2
       3
       7
       2
       2
       0
       0
       3
       3
       3
       4
       2
       5
       4
       3
       3
       1
       3
       2
       1
       3
       5
       1
       2
       8
       2
       2
       3
       8
       7
       1
       4
       0
       2
       3
       3
       3
       2
       3
       3
       4
       1
       2
       4
       2
       5
       1
       1
       2
       4
       1
       3
       1
       3
       3
       3
       1
       3
       2
       2
       1
       4
       4
       9
       7
       2
       4
       1
       3
       1
       1
       1
       4
       4
       2
       1
       3
       2
       4
       2
       4
       2
       2
       2
       1
       3
       1
       2
       6
       2
       3
       1
       1
       1
       2
       0
       0
       1
       0
       3
       2
       1
       6
       7
       4
       4
       6
       3
       2
       3
      12
      10
       9
       6
      10
      12
      17
      23
      19
      24
      23
      22
      22
      10
      11
       7
       5
       7
       7
       2
       4
       2
       3
       2
       3
       3
       5
       2
       4
       4
       2
       1
       1
       1
       4
       7
       3
       2
       0
       1
       2
       3
       5
       6
       5
       1
       0
       1
       0
       4
       5
       5
       4
       3
       2
       4
       3
       3
       3
       4
       1
       3
       3
       3
       5
       2
       9
       3
       4
       4
       2
       2
       4
       4
       3
       1
       1
       2
       3
       3
       1
       3
       2
       3
       1
       4
       5
       3
       3
       6
       2
       3
       1
       3
       6
       2
       0
       4
       5
       2
       3
       5
       2
       2
       4
       3
       2
       1
       4
       4
       2
       2
       0
       4
       2
       5
       4
       2
       2
       3
       6
       2
       2
       7
       4
       4
       4
       2
       3
       5
       4
       8
       6
       2
       4
       1
       5
       3
       8
       1
       3
      10
       5
       2
       4
       5
       4
       4
       4
       6
       1
       5
       4
       4
       9
       4
       3
       4
       3
       3
       5
       1
       2
       2
       3
       1
       3
       3
       3
       3
       5
       1
       3
       0
       1
       3
       0
       2
       1
       3
       3
       2
       2
       2
       6
       0
       1
       6
       2
       3
       3
       4
       4
       3
       2
       4
       2
       2
       6
       3
       4
       5
       4
       3
       2
       3
       4
       3
       3
       5
       1
       2
       0
       2
       3
       4
       0
       1
       6
       2
       3
       1
       1
       4
       2
       8
       3
       3
       3
       2
       1
       1
       2
       6
       3
       5
       8
       4
       7
       7
       4
       5
       6
       3
       4
       3
       3
       1
       5
       3
       6
       3
       2
       3
       2
       4
       1
       2
       1
       0
       6
       2
       7
       1
       7
       2
       4
       2
       2
       5
       4
       3
       6
       4
       3
       5
       1
       2
       3
       1
       2
       0
       2
       3
       2
       6
       0
       3
       5
       1
       2
       5
       2
       2
       1
       4
       3
       5
       5
       5
       5
       5
       0
       1
       2
       1
       5
       3
       4
       3
       3
       2
       3
       1
       3
       4
       3
       2
       3
       2
       6
       2
       6
       2
       1
       5
       7
       5
       3
       2
       2
       4
       4
       4
       7
       7
       4
       7
       2
       4
       4
       2
       3
       2
       2
       4
       2
       4
       2
       4
       3
       3
       4
       1
       1
       3
       4
       4
       3
       5
       1
       4
       4
       4
       2
       2
       7
       6
       5
      10
       3
       5
       9
       5
       2
       2
       3
       2
       2
       4
       2
       2
       4
       1
       1
       1
       7
       1
       1
       4
       4
       2
       3
       4
       5
       1
       0
       3
       2
       2
       5
       6
       5
       3
       4
       4
       2
       5
       1
       2
       1
       3
       2
       5
       6
       4
       4
       6
       2
       4
       1
       2
       2
       4
       5
       2
       2
       2
       4
       2
       2
       3
       3
       4
       5
      11
       3
       4
       0
       3
       3
       1
       4
       4
       3
       4
       2
       2
       1
       2
       3
       3
       5
       2
       4
       7
       2
       2
       2
       3
       8
       2
       2
       2
       1
       3
       3
       4
       5
       5
       5
       1
       7
       5
       4
       5
       1
       6
       7
       1
       2
       2
       6
       1
       2
       4
       4
       4
       1
       0
       3
       4
       2
       3
       2
       2
       3
       4
       5
       5
       3
       5
       3
       5
       3
       6
       3
       1
       1
       4
       6
       3
       2
       2
       4
       1
       0
       3
       1
       3
       1
       1
       3
       3
       6
       2
       4
       4
       4
       2
      11
       4
       2
       3
       5
       2
       2
       1
       3
       2
       4
       3
       1
       3
       4
       2
       3
       2
       2
       1
       2
       3
       6
       6
       2
       3
       1
       1
       4
       2
       6
       1
       3
       4
       5
       6
       3
       3
       6
       5
       2
       7
       5
       2
       3
       3
       3
       5
       3
       4
       2
       4
       3
       1
       1
       6
       2
       2
       5
       5
       3
       3
       1
       5
       7
       4
       2
       3
       3
       1
       2
       6
       1
       1
       2
       2
       1
       5
       2
       2
       3
       3
       3
       4
       4
       2
       5
       1
       3
       3
       4
       1
       0
       2
       1
       2
       2
       5
       3
       6
       5
       1
       4
       2
       1
       1
       4
       3
       2
       7
       1
       4
       3
       2
       5
       2
       4
       3
       5
       5
       5
       1
       4
       2
       1
       2
       1
       0
       2
       2
       3
       2
       1
       1
       3
       5
       2
       2
       4
       4
       3
       7
       2
       4
       5
       5
       6
       4
       2
       3
       3
       3
       4
       7
       4
       1
       1
       6
       3
       2
       4
       6
       7
       2
       2
       5
       4
       8
       5
       2
       1
       2
       2
       1
       2
       4
       5
       5
       4
       3
       4
       7
       6
       3
       4
       5
       5
       3
       8
       4
       2
       2
       3
       5
       7
       2
       2
       3
       1
       7
       5
       5
       5
       2
       3
       3
       2
       4
       6
       4
       1
       2
       4
       5
       3
       2
       4
       5
       0
       3
       3
       2
       1
       3
       3
       3
       4
       8
       2
       3
       3
       5
       2
       3
       0
       2
       1
       4
       0
       3
       4
       4
       3
       4
      10
      10
       5
       6
       5
       5
       9
       2
       2
       4
       6
       3
       1
       5
       2
       3
       0
       5
       4
       3
       2
       6
       2
       2
       3
       3
       4
       2
       6
       6
       4
       2
       1
       4
       3
       4
       3
       2
       2
       4
       5
       3
       7
       6
       0
       4
       7
       2
       4
       8
       2
       2
       4
       5
       2
       7
       0
       4
       4
       8
       1
       3
       3
       5
       5
       4
       3
       1
       3
       2
       2
       4
       5
       1
       3
       1
       4
       7
       2
       3
       4
       5
       4
       4
       1
       3
       6
       5
      10
       2
       2
       2
       3
       3
       3
       2
       2
       4
       0
       6
       6
       6
       5
       2
       4
       2
       7
       3
       2
       3
       5
       2
       2
       7
       1
       3
       5
       3
       1
       3
       5
       1
       1
       2
       2
       2
       5
       3
       2
       5
       2
       3
       5
       3
       4
       5
       1
       4
       3
       3
       4
       4
       5
       5
       2
       3
       4
       4
       3
       3
       2
       4
       3
       5
       7
       2
       4
       3
       1
       6
       5
       4
       5
       4
       5
       3
       6
      10
      15
       5
       2
       6
       5
       6
       4
       3
       6
       2
       3
       2
       5
       5
       6
       5
       3
       6
       5
       3
       2
       3
       2
       6
       2
       4
       7
       6
       6
       2
       2
       0
       4
       5
       2
       6
       4
       4
       6
       3
       5
       3
       2
       3
       7
       2
       2
       2
       6
       2
       5
       3
       5
       5
       6
       3
       7
       2
       1
       2
       0
       1
       2
       1
       5
       4
       3
       3
       4
       2
       1
       3
       6
       1
       3
       2
       4
       5
       1
       4
       1
       3
       2
       4
       1
       1
       2
       7
       3
       3
       1
       1
       5
       5
       2
       3
       0
       2
       4
       6
       1
       2
       1
       4
       2
       2
       6
       2
       7
       3
       2
       5
       3
       3
       6
       2
       5
       2
       2
       6
       4
       7
       3
       4
       5
       1
       4
       2
       5
       6
       3
       3
       3
       3
       4
       1
       3
       1
       1
       1
       2
       2
       4
       3
       3
       4
       3
       3
       3
       4
       0
       1
       5
       2
       4
       4
       2
       3
       3
       2
       2
       2
       4
       3
       7
       1
       4
       4
       3
       4
       4
       3
       1
       2
       5
       3
       2
       6
       1
       5
       4
       6
       5
       3
       0
       4
       5
       4
       3
       6
       4
       1
       1
       3
       5
       1
       5
       3
       4
       3
       2
       4
       7
       3
       5
       5
       2
       1
       1
       4
       2
       3
       3
       1
       4
       5
       2
       4
       3
       4
       4
       3
       1
       2
       3
       1
       4
       4
       7
       4
       3
       2
       1
       4
       2
       2
       6
       7
       3
       5
       9
       3
       9
       4
       2
       3
       4
       4
       3
       3
       4
       6
       4
       5
       1
       6
       2
       5
       4
       2
       3
       2
       1
       3
       1
       6
       4
       3
       7
       7
       1
       7
       5
       7
       4
       5
       2
       4
       4
       8
       4
       5
       6
       2
       5
       4
       4
       2
       3
       3
       4
       1
       3
       5
       3
       8
       4
       3
       4
       7
       2
       5
       2
       3
       1
       3
       6
       3
       3
       2
       4
       8
       6
       5
       1
       8
       2
       2
       6
       3
       5
       1
       3
       1
       2
       2
       3
       6
       8
       3
       7
       1
       7
       0
       2
       4
       3
       4
       4
       7
       2
       1
       3
       6
       3
       7
       5
       4
       5
       4
       4
       1
       4
       1
       6
       4
       6
       4
       6
       4
       7
       5
       1
       2
       6
       3
       3
       4
       6
       5
       9
       1
       5
      10
       8
      15
      10
      19
      12
      16
      19
      26
      36
      49
      43
      42
      44
      34
      22
      32
      23
      14
       9
      10
      11
       5
       4
       3
       6
       5
       2
       3
       5
       6
       4
       6
       5
       5
       2
       2
       0
       3
       6
       2
       2
       7
       2
       1
       5
       9
       5
       2
       5
       3
       4
       3
       5
       6
       2
       8
       3
       5
       4
       2
       1
       8
       3
       5
       6
       7
       4
       1
       1
       7
       3
       3
       3
       3
       1
       1
       8
       6
       6
       4
       9
       5
       3
       7
       7
       1
       6
       4
       5
       3
       8
       6
       4
       8
       3
       3
       4
       4
       5
       6
       5
       6
       4
       1
       2
       4
       8
       3
       2
       4
       5
       7
       4
       9
       5
       2
       4
       6
       3
       5
       2
       5
       1
       5
       7
       5
       5
       3
       3
       3
       4
       3
       8
       1
       5
       4
       7
       4
       1
       3
       5
       5
       3
       7
       5
       1
       6
       4
       4
       1
       3
       7
       8
       6
       7
       6
       3
       4
       4
       3
       5
       5
       4
       2
       1
       2
       2
       6
       2
       3
       3
       2
       7
       5
       6
       6
       7
       6
       5
       6
       1
       8
       4
       4
       5
       3
       5
       5
       5
       4
       6
       3
       4
       4
       7
       1
       7
       8
       5
       4
       5
       5
       5
       3
       3
       7
       5
       4
       3
       5
       5
       5
       4
       4
       7
       3
       3
       7
       7
       9
       4
       4
       3
       7
       6
       1
       5
       4
       2
       8
       5
       5
       5
       5
       3
       2
       6
       0
       3
       8
       3
       3
       5
       2
       6
       2
       3
       6
       2
       4
       5
       5
       2
       4
       2
       3
       5
       3
       3
       6
       5
       3
       6
       8
       4
       2
       6
       7
       1
       7
       9
       3
       3
       1
       3
      10
       3
       5
       5
       3
       4
       3
       4
       3
       4
       4
       4
       0
       5
       2
       5
       9
       4
       4
       6
       2
       2
       8
       6
       1
       4
       4
       3
       6
       5
       5
       6
       4
       8
       3
       3
       3
       5
       3
       4
       7
       4
       4
       2
       9
       2
       5
       6
       6
       4
       5
       3
       4
       4
       9
       3
       4
       3
       3
       8
       5
       4
       4
       5
       6
       8
       2
       8
       7
       2
       1
      10
       3
       7
       5
       2
       9
       6
       5
       1
       5
       3
       8
       3
       2
       2
       1
       4
       6
       8
       3
       2
       5
       2
       1
       6
       2
       6
       3
       1
       7
       7
       2
       3
       4
       4
       4
       2
       5
       5
       7
       8
       4
       5
       4
       3
       5
       8
       3
       3
       3
       6
       5
       4
       4
       6
       7
       6
       5
       9
       4
       6
       2
       4
       4
       9
       7
       4
       7
       9
       2
       5
      11
       2
       2
       4
       9
       4
      10
       5
       5
       2
       6
       6
       0
       7
       4
       6
       6
       8
       4
       2
       5
       3
       3
       5
       5
       3
       7
       6
       3
       7
       6
       7
       5
       6
       7
       6
       3
       5
       4
       4
       5
       6
       3
       4
       6
       5
       2
       7
       2
       2
       5
      10
       8
       5
       7
       4
      10
       3
       4
       5
       7
       4
       4
       5
       7
       8
       9
       9
       6
       8
      10
       6
       9
       4
       8
       5
       3
       3
       7
       2
       8
       8
       6
       0
       7
       6
       8
       7
       8
      10
       5
       6
       7
       5
       7
       7
       2
       8
       7
      11
       1
       5
       6
       6
       2
       4
       3
       5
       6
       8
       8
       4
       9
       7
      10
       9
       4
       7
       7
       6
       2
       2
       5
       8
       4
       4
       5
       7
       8
       7
       6
      10
       5
       7
       7
       5
      11
       5
      13
       9
       8
       8
       5
       6
       7
       6
       6
       2
       4
      15
       4
       9
      15
      10
       8
       5
       0
       4
       7
       5
       5
       6
       4
      10
       7
       4
       4
       5
       3
      11
       9
       7
       3
       9
       8
       8
      10
       4
       6
       7
       3
       9
       7
       5
       6
       6
      12
       5
      11
       6
      10
       5
       5
       8
       6
       8
       7
       4
       3
       5
       5
       7
       6
       3
      11
       3
       4
       4
       9
       9
      10
       3
      12
       4
       8
       7
       9
       6
       8
      10
       4
       6
       6
       8
       6
       8
       1
      11
       6
       6
       6
       6
       6
       4
       3
       6
       7
       8
       7
       9
       7
       5
       8
       5
       9
       8
      10
       7
       8
       5
       4
       6
       9
       7
       7
      11
       5
       8
       6
      12
       6
       8
       5
       5
       9
       9
       6
       9
       5
      11
      10
      12
      10
       7
       5
       8
       7
       8
       9
      12
       5
       9
       5
       6
       4
       5
      10
       8
      13
      11
       6
       4
       6
       4
       7
       6
       3
      10
      12
       8
       5
       4
      10
       6
      10
      11
       4
       5
       4
       3
       4
       5
       7
      10
       8
       7
       3
      10
       4
       0
       4
       2
      10
       5
       5
      11
       8
       4
       1
       4
       4
       6
       7
       9
       2
       7
       6
       5
       5
       3
       5
       6
       3
       5
       4
       4
       5
       7
       5
       1
       9
       5
       2
       4
       4
       1
       5
       7
       6
       2
       5
       4
       9
       3
       3
       8
       4
       3
       4
       7
       2
       7
       3
       2
       5
       5
       4
       6
       4
       3
       5
       1
       5
       7
       4
      11
       8
       3
       2
       5
       6
      12
       5
       4
       3
       7
       2
       2
       5
       5
       3
       7
       5
       3
       5
       3
       2
       7
       4
       3
       7
       8
       2
       6
       4
       5
       8
       3
       3
       6
       2
       5
       4
       3
       4
       3
       4
       7
       5
       3
       2
       5
       9
       6
       3
       2
       3
       5
       6
       3
       4
       2
       4
       0
       3
       1
       5
       3
       5
       6
       2
       1
       6
       7
       3
       4
       0
       5
       6
       4
       7
       3
       2
       3
       5
       6
       5
       6
       5
       3
       3
       1
       4
       3
       5
       2
       3
       3
       0
       5
       6
       4
       5
       7
       4
       2
       1
       4
       1
       3
       1
       4
       3
       7
       3
       1
       7
       7
       2
       6
       5
       4
       2
       2
       4
       1
       5
       0
       1
       3
       2
       4
       2
       3
       2
       3
       5
       5
       3
       4
       5
       1
       3
       5
       3
       0
       3
       3
       1
       4
       3
       8
       1
       3
       4
       0
       2
       3
       4
       5
       3
       4
       2
       2
       5
       3
       2
       3
       3
       6
       7
       6
       6
       4
       4
       2
       4
       1
       1
       1
       1
       0
       3
       0
       0
       5
       4
       1
       3
       4
       3
       3
       0
       2
       5
       5
       0
       2
       3
       0
       1
       2
       2
       3
       2
       5
       2
       4
       1
       1
       1
       2
       0
       2
       4
       3
       0
       1
       0
       3
       3
       1
       2
       1
       1
       3
       2
       2
       0
       0
       2
       1
       1
       4
       4
       1
       2
       2
       1
       1
       0
       2
       1
       2
       1
       0
       3
       1
       1
       4
       2
       0
       0
       4
       1
       2
       1
       3
       4
       1
       1
       0
       1
       3
       3
       1
       2
       1
       1
       2
       1
       2
       0
       1
       1
       0
       0
       2
       0
       2
       0
       2
       3
       0
       2
       4
       1
       2
       2
       1
       2
       3
       2
       1
       1
       0
       1
       2
       1
       0
       1
       2
       0
       0
       0
       2
       0
       1
       0
       1
       0
       2
       0
       1
       1
       1
       1
       0
       1
       1
       0
       0
       1
       1
       1
       0
       3
       0
       0
       0
       0
       2
       1
       2
       2
       0
       3
       1
       0
       1
       0
       0
       2
       0
       3
       2
       1
       1
       2
       1
       5
       0
       1
       1
       0
       2
       2
       3
       0
       1
       0
       3
       1
       2
       0
       1
       0
       0
       1
       0
       2
       2
       0
       0
       2
       1
       0
       0
       1
       2
       0
       1
       2
       1
       0
       0
       0
       2
       0
       4
       0
       0
       2
       1
       0
       0
       3
       1
       2
       1
       0
       2
       0
       4
       0
       0
       0
       4
       3
       1
       1
       0
       1
       1
       0
       1
       0
       1
       2
       1
       3
       4
       0
       0
       0
       1
       0
       0
       1
       0
       4
       1
       2
       0
       1
       0
       0
       0
       0
       0
       2
       0
       1
       2
       1
       1
       1
       2
       1
       1
       0
       2
       0
       1
       0
       1
       0
       0
       0
       2
       0
       0
       0
       3
       0
       1
       1
       0
       0
       1
       2
       3
       4
       0
       0
       0
       2
       4
       2
       0
       2
       0
       3
       2
       3
       2
       2
       2
       2
       2
       2
       2
       1
       1
       1
       2
       0
       2
       3
       1
       2
       0
       2
       2
       3
       1
       2
       3
       3
       3
       3
       1
       1
       6
       8
       4
       5
       5
      13
      12
      21
      25
      43
      51
      65
     111
     144
     172
     242
     303
     317
     317
     275
     273
     229
     135
      77
      53
      36
      17
       6
       4
       1
       1
       1
       1
       0
       1
       0
       0
       0
       0
       0
       0
       1
       0
       1
       0
       0
       0
       0
       0
       0
       1
       0
       0
       0
       0
       0
       0
       0
       0
       1
       0
       0
       0
       0
       0
       0
       0
       0
       0
       0
       0
       0
       0
       0
       0
       0
       0
       1
       0
       0
       0
       0
       1
       0
       1
       0
       0
       0
       0
       0
       0
       0
       1
       1
       0
       0
       0
       0
       0
       0
       0
       0
       0
       1
       0
       1
       0
       0
       0
       0
       0
       0
       0
       0
       0
       0
       0
       0
       1
       0
       0
       0
       0
       0
       0
       0
       0
       1
       0
       0
       0
       1
       0
       0
       1
       0
       0
       0
       0
       0
       0
       1
       0
       0
       1
       0
       0
       0
       0
       1
       0
       0
       0
       1
       0
       0
       0
       0
       1
       0
       0
       0
       0
       0
       0
       0
       1
       0
       0
       0
       0
       1
       1
       0
       0
       0
       0
       0
       0
       0
       0
       0
       0
       0
       0
       0
       0
       0
       0
       1
       0
       0
       1
       0
       0
       0
       0
       0
       0
       0
       0
       0
       0
       2
       1
       0
       0
       0
       0
       0
       0
       0
       0
       0
       0
       0
       0
       1
       0
       0
       1
       0
       0
       0
       0
       1
       0
       0
       0
       0
       0
       0
       1
       0
       0
       0
       0
       0
       0
       0
       0
       1
       0
       0
       0
       2
       0
       0
       0
       2
       0
       0
       0
       0
       0
       0
       0
       0
       0
       0
       1
       0
       0
       0
       0
       1
       0
       1
       1
       0
       0
       0
       0
       1
       0
       0
       0
       0
       0
       1
       0
       0
       0
       0
       0
       0
       0
       0
       0
       0
       0
       0
       0
       0
       0
       0
       0
       0
       0
       0
       0
       0
       0
       1
       0
       0
       1
       0
       0
       0
       0
       0
       0
       0
       0
       0
       0
       1
       0
       0
       0
       0
       0
       0
       0
       1
       0
       0
       0
       0
       0
       0
       0
       0
       0
       0
       0
       0
       0
       0
       0
       0
       0
       0
       0
       0
       0
       0
       0
       0
       0
       0
       0
       0
       0
       1
       1
       0
       0
       0
       0
       0
       1
       1
       1
       1
       0
       0
       0
       0
       0
       0
       0
       0
       0
       0
       0
       0
       0
       0
       0
       0
       0
       1
       0
       0
       0
       0
       0
       0
       0
       0
       0
       0
       0
       1
       1
       0
       1
       0
       0
       0
       1
       0
       0
       0
       0
       1
       1
       0
       0
       0
       0
       0
       0
       0
       0
       0
       0
       0
       1
       0
       0
       0
       0
       0
       0
       0
       0
       0
       1
       1
       0
       0
       0
       0
       1
       1
       0
       0
       0
       1
       0
       0
       0
       0
       0
       0
       0
       0
       0
       0
       0
       0
       0
       0
       0
       0
       0
       0
       1
       0
       0
       0
       0
       0
       0
       0
       0
       0
       0
       0
       0
       0
       0
       0
       1
       0
       0
       0
       0
       0
       1
       0
       0
       0
       0
       0
       0
       0
       1
       0
       0
       1
       1
       1
       0
       0
       0
       1
       0
       0
       0
       0
       0
       0
       0
       0
       0
       0
       1
       0
       0
       0
       0
       0
       0
       0
       0
       0
       0
       0
       0
       1
       1
       0
       0
       0
       0
       0
       0
       0
       0
       0
       1
       0
       0
       0
       0
       0
       0
       0
       0
       0
       0
       0
       0
       0
       0
       0
       0
       0
       0
       0
       0
       0
       0
       0
       0
       0
       0
       0
       0
       0
       1
       0
       0
       0
       0
       1
       0
       0
       0
       0
       1
       2
       1
       0
       0
       0
       1
       0
       0
       0
       1
       1
       0
       1
       0
       0
       0
       0
       1
       0
       0
       0
       1
       0
       0
       0
       0
       0
       0
       0
       0
       0
       2
       0
       0
       0
       0
       0
       0
       0
       0
       0
       0
       0
       1
       0
       0
       0
       0
       2
       0
       0
       0
       1
       1
       0
       0
       0
       0
       0
       1
       0
       1
       0
       1
       0
       2
       0
       0
       0
       0
       0
       0
       0
       0
       0
       0
       1
       0
       0
       0
       0
       0
       0
       0
       0
       0
       0
       0
       0
       0
       0
       0
       0
       0
       0
       0
       0
       0
       0
       0
       0
       1
       0
       0
       0
       0
       0
       0
       0
       0
       0
       1
       1
       1
       0
       0
       0
       0
       0
       0
       0
       0
       0
       0
       1
       0
       1
       0
       0
       1
       0
       0
       0
       0
       1
       0
       0
       0
       0
       0
       0
       0
       0
       0
       0
       0
       0
       0
       0
       0
       0
       0
       0
       1
       0
       1
       0
       1
       0
       0
       0
       1
       0
       0
       0
       0
       0
       1
       0
       0
       2
       0
       0
       0
       0
       0
       0
       0
       0
       0
       0
       0
       0
       0
       0
       0
       0
       0
       2
       0
       0
       0
       0
       0
       0
       0
       0
       0
       0
       0
       1
       0
       0
       0
       0
       0
       0
       1
       0
       0
       0
       0
       0
       1
       0
       0
       0
       0
       0
       0
       0
       0
       2
       0
       0
       0
       1
       0
       0
       0
       0
       0
       0
       0
       0
       0
       0
       1
       2
       0
       1
       0
       0
       1
       0
       0
       0
       0
       0
       0
       0
       0
       0
       1
       0
       0
       0
       0
       0
       0
       1
       0
       0
       0
       0
       0
       0
       1
       0
       0
       0
       0
       0
       0
       0
       0
       0
       0
       0
       0
       0
       1
       0
       0
       0
       0
       1
       0
       1
       1
       0
       0
       0
       0
       0
       0
       0
       0
       0
       0
       0
       1
       0
       0
       0
       0
       0
       0
       0
       0
       1
       0
       0
       0
       0
       0
       0
       0
       0
       0
       0
       0
       0
       1
       0
       0
       0
       0
       0
       1
       0
       0
       0
       0
       0
       0
       0
       0
       0
       0
       0
       0
       0
       0
       0
       0
       1
       0
       0
       1
       0
       0
       1
       0
       0
       1
       0
       9
      18
      15
      18
      13
      23
      10
      17
      27
      16
      19
      16
      16
      16
      19
      23
      18
      21
      22
      16
      19
      11
      11
      20
      13
      14
      19
      18
      13
      16
      18
      11
      15
      18
      19
      16
      15
      22
      24
      16
      22
      27
      21
      18
      12
      20
      19
      15
      14
      12
      17
      20
      12
      23
      13
      28
      18
      18
      22
      17
      21
      23
      16
      15
      22
      14
      23
      25
      17
      25
      23
      16
      20
      26
      15
      17
      22
      20
      14
      15
      18
      23
      13
      15
      19
      21
      15
      20
      23
      19
      13
      20
      19
      15
      12
      15
      17
      24
      20
      20
      13
      15
      24
      20
      17
      24
      16
      19
      16
      15
      19
      17
      15
      15
      28
      19
      17
      14
       9
      27
      22
      11
      18
      19
      14
      17
      23
      24
      17
      11
      16
      23
      17
      24
      20
      19
      14
      17
      19
      12
      17
      12
      18
      21
      16
      19
      12
      20
      15
      19
      14
      13
      16
      17
      17
      16
      21
      18
      19
      19
       9
      23
      16
      22
      18
      19
      10
      32
      15
      16
      15
      21
      21
      18
      24
      13
      19
      17
      18
      12
      24
      24
      20
      17
       9
$ROI:
5
598 616
1488 1502
3004 3030
3417 3440
6719 6742
$PRESETS:
None
0
0
$ENER_FIT:
1.820202 0.388090
$MCA_CAL:
3
1.820202E+000 3.880899E-001 -2.021690E-008 keV
$SHAPE_CAL:
3
1.939874E+000 2.172949E-003 -2.951990E-007
