$SPEC_ID:
std pot from 2012 lava NAA; after 2015 kelp NAA
$SPEC_REM:
DET# 1
DETDESC# SHUGART-PC MCB 337
AP# Maestro Version 7.01
$DATE_MEA:
12/22/2015 14:03:04
$MEAS_TIM:
64137 64528
$DATA:
0 8191
       0
       0
       0
       0
       0
       0
       0
       0
       0
       0
       0
       0
       0
       0
       0
       0
       0
       0
       0
       0
       0
       0
       0
       0
       0
       0
       0
       0
       0
       0
       0
       0
       0
       0
       0
       5
      99
    1961
    7870
    8163
    7463
    7068
    6349
    5783
    5858
    6109
    6494
    6532
    6468
    6492
    6345
    6468
    6415
    6921
    7383
    7684
    7942
    8036
    7705
    7865
    8030
    8568
    8686
    9039
    9465
   10016
   10555
   10962
   11416
   12602
   14416
   15688
   17497
   19788
   21078
   20568
   19364
   18605
   17552
   16833
   17292
   18877
   21616
   24900
   27988
   30755
   33824
   35276
   33873
   31397
   28912
   26628
   25639
   25850
   28162
   34365
   44427
   55186
   64110
   77960
   94891
   98316
   77574
   44161
   22894
   15604
   13475
   12847
   12599
   13665
   16619
   18931
   19279
   20266
   26045
   31756
   29993
   23042
   18760
   16798
   14955
   14053
   13931
   14464
   14926
   15421
   13859
   11812
   10826
   10983
   11935
   12275
   12850
   13853
   13803
   13149
   12421
   12539
   12897
   13205
   12876
   13670
   14614
   14896
   13955
   12904
   12931
   13357
   13018
   12399
   12142
   12527
   12891
   12672
   12169
   12599
   13767
   14510
   13828
   12492
   11882
   12114
   12356
   12267
   12137
   12078
   12539
   13570
   14870
   15504
   14889
   14607
   17016
   21366
   23202
   19950
   15698
   13750
   13687
   15411
   19780
   25639
   28592
   25120
   20206
   21118
   29991
   39696
   39720
   28872
   18645
   13715
   12339
   12005
   12202
   11905
   11821
   11905
   11822
   11632
   11731
   11660
   12107
   11981
   11764
   11393
   11108
   11179
   11723
   12126
   13408
   16465
   19976
   21131
   18239
   14143
   12109
   12036
   13008
   13451
   12458
   11019
    9641
    9020
    8856
    8923
    8713
    9467
   10245
   11125
   10292
    9269
    8535
    8292
    8230
    8419
    9046
   10428
   11530
   11005
    9427
    8162
    7678
    7760
    8684
    9944
   11367
   13146
   14187
   13541
   11722
   10556
    9841
    8725
    7790
    7174
    7761
   11264
   24100
   49482
   70418
   65115
   40377
   19210
    9764
    7829
    8445
    9994
   10579
    9136
    7612
    6430
    6145
    6120
    6144
    6478
    7219
    7654
    7760
    7636
    7883
    7765
    7749
    7519
    8185
    9537
   10318
   10166
    9233
    8333
    7285
    6544
    6444
    6620
    6567
    6701
    6726
    6724
    6531
    6109
    5921
    5918
    5936
    5946
    6365
    7565
   10998
   17429
   22239
   20837
   14980
   10904
    9917
    9452
    8629
    7337
    6449
    6029
    5742
    5688
    5782
    5715
    5763
    5682
    5767
    5767
    5665
    5719
    5721
    6045
    6297
    6739
    6806
    6426
    6530
    6905
    8525
    9994
    9610
    8277
    6896
    6003
    5918
    5987
    5896
    6199
    6381
    6106
    5983
    5823
    5768
    5561
    5704
    5778
    5767
    6116
    6353
    6383
    6240
    6028
    5793
    5963
    6088
    5942
    6102
    6173
    6928
    9332
   12974
   15559
   14579
   10664
    7543
    6168
    5968
    5555
    5743
    5727
    5709
    5593
    5823
    5776
    5664
    5813
    5673
    5722
    5992
    6076
    5967
    5726
    5617
    5479
    5759
    5533
    5642
    5753
    5625
    5603
    5601
    5448
    5498
    5457
    5647
    6028
    6674
    7249
    6959
    6265
    5511
    5479
    5669
    5405
    5549
    5387
    5422
    5387
    5263
    5366
    5142
    5228
    5179
    5236
    5172
    5295
    5323
    5339
    5274
    5220
    5322
    5202
    5416
    5439
    5227
    5213
    5241
    5302
    5285
    5302
    5415
    5369
    5489
    5530
    5266
    5348
    5123
    5220
    5164
    5323
    5300
    5308
    5839
    5926
    5833
    5464
    5100
    5135
    5103
    5140
    4967
    5033
    4842
    4981
    4875
    4944
    4810
    4969
    4731
    4911
    4835
    4894
    4955
    4892
    4913
    4894
    4951
    4875
    4760
    4766
    4610
    4595
    4638
    4682
    4658
    4505
    4533
    4652
    4593
    4785
    4890
    5213
    5339
    5318
    4823
    4705
    4666
    4582
    4558
    4548
    4753
    4630
    4692
    4878
    5108
    5551
    6087
    6155
    5777
    5296
    5102
    5002
    4845
    5066
    4840
    4974
    4937
    4939
    4930
    5050
    4957
    4866
    4828
    4933
    4973
    4925
    4791
    4979
    4873
    4962
    5303
    6107
    7322
    8783
    8754
    7536
    6327
    5797
    5376
    5324
    5184
    5158
    5105
    5149
    5021
    5185
    5051
    5214
    5207
    4996
    5238
    5481
    5968
    6315
    6254
    5768
    5331
    5114
    4982
    4954
    4974
    4892
    4973
    4958
    4866
    4835
    5083
    5059
    5369
    5254
    5090
    5078
    4765
    4829
    4779
    4832
    4888
    4750
    4695
    4774
    4743
    5036
    5225
    5810
    6167
    6230
    5673
    5239
    4951
    4660
    4604
    4612
    4652
    4570
    4563
    4610
    4539
    4499
    4474
    4549
    4359
    4348
    4449
    4379
    4400
    4475
    4381
    4301
    4398
    4361
    4524
    4444
    4470
    4499
    4421
    4452
    4249
    4303
    4557
    4671
    4501
    4568
    4319
    4371
    4537
    5224
    6312
    6883
    6335
    5323
    4592
    4307
    4210
    4288
    4355
    4325
    4405
    4189
    4204
    4293
    4134
    4182
    4115
    4025
    3934
    4092
    3975
    3903
    3943
    3896
    3905
    3878
    3901
    3890
    3851
    3945
    3794
    3759
    3870
    3824
    3737
    3854
    3778
    3805
    3851
    3780
    3711
    3673
    3812
    3877
    3748
    3738
    3656
    3619
    3774
    3540
    3718
    3787
    3800
    3682
    3720
    3822
    3839
    3936
    4026
    3899
    3684
    3761
    3563
    3552
    3588
    3560
    3643
    3625
    3529
    3490
    3608
    3562
    3539
    3532
    3437
    3512
    3463
    3330
    3508
    3415
    3503
    3370
    3585
    3790
    3987
    4553
    4725
    4276
    3750
    3575
    3416
    3309
    3283
    3286
    3359
    3588
    3940
    4373
    5020
    5105
    4462
    3801
    3547
    3316
    3351
    3320
    3257
    3309
    3321
    3182
    3165
    3192
    3243
    3208
    3144
    3130
    3100
    3224
    3149
    3097
    3099
    3074
    3049
    3128
    3246
    3418
    3604
    3618
    3261
    3038
    3141
    3104
    3164
    3197
    3121
    3122
    3048
    3187
    3372
    3562
    3817
    3917
    4099
    4287
    4532
    4142
    3539
    3156
    2970
    3083
    2979
    2920
    2864
    2837
    2937
    2903
    2869
    2924
    2929
    2915
    2873
    2960
    3022
    3073
    3126
    2964
    2932
    2711
    2891
    2990
    3200
    4013
    6185
    9249
   11406
   10613
    7597
    4771
    3397
    2867
    2737
    2712
    2689
    2730
    2845
    2820
    2765
    2669
    2652
    2726
    2700
    2825
    3386
    4843
    6958
    8642
    8055
    6150
    4174
    3071
    2675
    2588
    2485
    2434
    2434
    2414
    2460
    2521
    2546
    2480
    2378
    2354
    2474
    2727
    3731
    6253
   11323
   16935
   18036
   14233
    8491
    4509
    2900
    2460
    2285
    2384
    2276
    2287
    2292
    2417
    2251
    2391
    2519
    2517
    2349
    2297
    2260
    2239
    2272
    2191
    2241
    2190
    2238
    2279
    2307
    2319
    2683
    3031
    2979
    2973
    2597
    2358
    2225
    2427
    3044
    4605
    6727
    9305
    9551
    7769
    5316
    3674
    3073
    2684
    2428
    2258
    2132
    2098
    2110
    2003
    2127
    2085
    2169
    2001
    2098
    2050
    2085
    2054
    2040
    2075
    2040
    2007
    1952
    1987
    1988
    1931
    1996
    2078
    2038
    2046
    1996
    1977
    2010
    1985
    1991
    1958
    1931
    2004
    1932
    1971
    1855
    1982
    1851
    1876
    1841
    1942
    1956
    1972
    1902
    2031
    2132
    2050
    2026
    1886
    1974
    1871
    1991
    1983
    2132
    2043
    2039
    1877
    1827
    1840
    1853
    1737
    1841
    1882
    1880
    1958
    2001
    2196
    2335
    2283
    2150
    2022
    1974
    1977
    1957
    1911
    1921
    1824
    1726
    1775
    1847
    1822
    1819
    1757
    1803
    1725
    1675
    1833
    1831
    1784
    1735
    1776
    1776
    1774
    1707
    1796
    1774
    1723
    1737
    1786
    1751
    1786
    1745
    1725
    1717
    1752
    1778
    1743
    1762
    1768
    1707
    1660
    1660
    1634
    1698
    1692
    1745
    1701
    1742
    1716
    1736
    1738
    1689
    1784
    1898
    2459
    3259
    4274
    4756
    4145
    3112
    2347
    2049
    1943
    1957
    1821
    1735
    1727
    1673
    1665
    1616
    1672
    1669
    1604
    1571
    1669
    1615
    1617
    1677
    1715
    1606
    1613
    1551
    1605
    1563
    1627
    1593
    1628
    1584
    1633
    1598
    1597
    1707
    1698
    1836
    1988
    2146
    2149
    1874
    1764
    1636
    1610
    1577
    1602
    1484
    1647
    1667
    1868
    1871
    1756
    1644
    1663
    1552
    1508
    1582
    1481
    1596
    1525
    1489
    1564
    1540
    1500
    1568
    1542
    1495
    1552
    1496
    1507
    1485
    1499
    1476
    1521
    1512
    1500
    1500
    1501
    1435
    1585
    1511
    1451
    1469
    1475
    1466
    1456
    1480
    1461
    1599
    1567
    1838
    2268
    2815
    3228
    3109
    2530
    1995
    1685
    1502
    1474
    1497
    1468
    1488
    1494
    1567
    1408
    1409
    1423
    1477
    1442
    1431
    1385
    1462
    1465
    1479
    1497
    1454
    1447
    1477
    1520
    1632
    1829
    2022
    2006
    2005
    1673
    1486
    1445
    1393
    1413
    1468
    1473
    1439
    1470
    1443
    1448
    1427
    1424
    1483
    1457
    1428
    1385
    1424
    1424
    1452
    1444
    1483
    1420
    1487
    1420
    1433
    1356
    1445
    1470
    1443
    1439
    1419
    1429
    1433
    1300
    1386
    1424
    1326
    1397
    1382
    1448
    1387
    1390
    1440
    1434
    1466
    1439
    1404
    1392
    1425
    1415
    1465
    1394
    1371
    1447
    1413
    1423
    1447
    1428
    1349
    1424
    1397
    1457
    1440
    1437
    1408
    1349
    1417
    1416
    1421
    1441
    1415
    1424
    1411
    1418
    1380
    1431
    1491
    1470
    1592
    1510
    1531
    1361
    1457
    1380
    1432
    1462
    1492
    1606
    1676
    1564
    1611
    1671
    2039
    2660
    3631
    4138
    4110
    2946
    2169
    1637
    1480
    1507
    1709
    2500
    4469
    9394
   17193
   24177
   25569
   19856
   11643
    5523
    2690
    1720
    1430
    1461
    1432
    1416
    1371
    1330
    1315
    1386
    1344
    1320
    1356
    1365
    1369
    1355
    1491
    1845
    2190
    2586
    2719
    2429
    2013
    1667
    1398
    1311
    1372
    1333
    1287
    1366
    1365
    1379
    1344
    1362
    1373
    1388
    1290
    1400
    1366
    1419
    1374
    1307
    1364
    1346
    1394
    1327
    1325
    1306
    1344
    1403
    1435
    1534
    1555
    1704
    1843
    2064
    2209
    2352
    2449
    2278
    2077
    1850
    1716
    1599
    1550
    1501
    1419
    1425
    1377
    1378
    1403
    1308
    1353
    1338
    1358
    1422
    1339
    1376
    1329
    1352
    1386
    1369
    1380
    1372
    1374
    1443
    1453
    1399
    1334
    1428
    1365
    1326
    1349
    1348
    1390
    1433
    1414
    1413
    1387
    1353
    1333
    1306
    1346
    1390
    1392
    1400
    1465
    1582
    1712
    1810
    1726
    1614
    1484
    1379
    1419
    1418
    1401
    1375
    1453
    1354
    1360
    1354
    1304
    1396
    1385
    1509
    1405
    1472
    1432
    1407
    1511
    1427
    1435
    1372
    1373
    1375
    1353
    1313
    1390
    1338
    1397
    1376
    1327
    1412
    1336
    1420
    1358
    1396
    1409
    1432
    1370
    1380
    1398
    1404
    1378
    1452
    1438
    1403
    1473
    1447
    1385
    1427
    1374
    1475
    1382
    1385
    1549
    1631
    1780
    1776
    1828
    1675
    1501
    1367
    1459
    1494
    1428
    1517
    1989
    2722
    3576
    4297
    4490
    3597
    2459
    1846
    1557
    1483
    1471
    1583
    1773
    2364
    2824
    3514
    3552
    3322
    2701
    2106
    1668
    1549
    1441
    1432
    1428
    1493
    1490
    1747
    1885
    2075
    2211
    1989
    1805
    1675
    1502
    1450
    1445
    1495
    1544
    1432
    1537
    1541
    1517
    1534
    1495
    1484
    1526
    1475
    1398
    1484
    1486
    1412
    1468
    1421
    1361
    1392
    1445
    1498
    1449
    1487
    1508
    1544
    1445
    1494
    1455
    1457
    1525
    1461
    1491
    1538
    1488
    1509
    1542
    1546
    1432
    1542
    1456
    1522
    1499
    1463
    1428
    1507
    1464
    1587
    1534
    1501
    1469
    1563
    1518
    1513
    1487
    1528
    1537
    1480
    1473
    1496
    1504
    1447
    1425
    1533
    1516
    1518
    1459
    1500
    1577
    1503
    1449
    1554
    1487
    1524
    1520
    1644
    1565
    1625
    1715
    1949
    2094
    2445
    3025
    4310
    5650
    6345
    5537
    4253
    2714
    1895
    1663
    1524
    1541
    1544
    1526
    1644
    1545
    1526
    1558
    1576
    1526
    1484
    1510
    1520
    1552
    1528
    1545
    1533
    1611
    1578
    1651
    1614
    1548
    1581
    1462
    1517
    1572
    1574
    1656
    1592
    1696
    1779
    1849
    1793
    1768
    1585
    1635
    1490
    1520
    1519
    1537
    1558
    1507
    1543
    1525
    1607
    1562
    1469
    1502
    1490
    1530
    1566
    1505
    1562
    1558
    1642
    1527
    1573
    1578
    1660
    1585
    1584
    1586
    1570
    1531
    1520
    1557
    1622
    1541
    1515
    1650
    1688
    1537
    1521
    1582
    1558
    1614
    1541
    1605
    1610
    1656
    1540
    1605
    1541
    1561
    1544
    1561
    1535
    1606
    1577
    1703
    1574
    1647
    1639
    1619
    1589
    1563
    1645
    1636
    1647
    1627
    1657
    1665
    1694
    1629
    1594
    1639
    1574
    1735
    1572
    1597
    1664
    1667
    1620
    1698
    1695
    1705
    1609
    1680
    1640
    1646
    1577
    1638
    1730
    1702
    1661
    1710
    1827
    1910
    2009
    2005
    1981
    1893
    1785
    1752
    1715
    1673
    1692
    1688
    1680
    1679
    1715
    1665
    1742
    1723
    1683
    1720
    1714
    1740
    1765
    1739
    1713
    1781
    1796
    1653
    1768
    1863
    1846
    1830
    1779
    1756
    1732
    1653
    1797
    1664
    1746
    1734
    1713
    1692
    1752
    1691
    1729
    1701
    1719
    1732
    1709
    1747
    1766
    1709
    1781
    1795
    1730
    1708
    1753
    1818
    1866
    1789
    1814
    1801
    1746
    1734
    1752
    1694
    1789
    1713
    1698
    1758
    1700
    1848
    1779
    1778
    1744
    1809
    1937
    1999
    1879
    1862
    1776
    1692
    1722
    1810
    1860
    1717
    1659
    1623
    1667
    1533
    1572
    1556
    1522
    1587
    1556
    1600
    1564
    1570
    1462
    1428
    1413
    1458
    1510
    1450
    1404
    1379
    1426
    1365
    1481
    1513
    1509
    1465
    1377
    1322
    1336
    1313
    1317
    1345
    1317
    1410
    1332
    1292
    1296
    1335
    1338
    1282
    1329
    1301
    1325
    1258
    1322
    1340
    1281
    1244
    1391
    1355
    1291
    1292
    1241
    1318
    1239
    1267
    1347
    1324
    1253
    1306
    1313
    1336
    1270
    1318
    1230
    1296
    1285
    1336
    1260
    1227
    1205
    1293
    1276
    1266
    1255
    1265
    1275
    1407
    1275
    1297
    1182
    1316
    1262
    1313
    1408
    1447
    1544
    1622
    1643
    1604
    1484
    1386
    1266
    1221
    1266
    1218
    1256
    1257
    1266
    1242
    1165
    1263
    1215
    1193
    1146
    1201
    1251
    1211
    1191
    1189
    1223
    1228
    1195
    1160
    1188
    1232
    1210
    1203
    1183
    1183
    1160
    1146
    1141
    1172
    1151
    1106
    1138
    1207
    1130
    1203
    1146
    1219
    1169
    1154
    1190
    1103
    1111
    1202
    1136
    1141
    1228
    1173
    1141
    1197
    1125
    1145
    1184
    1132
    1114
    1147
    1134
    1164
    1119
    1169
    1153
    1229
    1287
    1433
    1710
    2226
    2548
    2707
    2401
    2001
    1527
    1290
    1120
    1144
    1098
    1113
    1132
    1223
    1219
    1273
    1289
    1200
    1222
    1145
    1114
    1075
    1070
    1073
    1056
    1087
    1063
    1119
    1029
    1021
    1032
    1111
    1102
    1105
    1100
    1112
    1127
    1111
    1139
    1211
    1112
    1061
    1072
    1068
    1073
    1034
    1085
    1021
    1033
     995
    1047
    1042
    1019
    1044
    1085
    1142
    1151
    1117
    1127
    1069
    1124
    1017
    1054
    1107
    1202
    1311
    1307
    1433
    1335
    1451
    1727
    2003
    2481
    2626
    2407
    2007
    1466
    1269
    1056
    1010
    1024
     955
     978
     999
    1004
     989
    1004
     957
     989
     957
    1032
    1032
    1000
    1046
     987
     979
    1022
    1015
     983
     963
    1002
     981
     939
     962
    1013
    1011
     991
     977
    1023
     964
     982
    1092
    1282
    1656
    2261
    3225
    4050
    4137
    3529
    2674
    1850
    1328
    1051
    1060
    1019
     987
     989
    1004
    1009
    1057
    1156
    1214
    1328
    1224
    1170
    1099
    1079
    1054
     962
    1001
     977
     986
     979
    1044
     997
     970
    1006
     979
     995
     988
     999
    1052
    1101
    1101
    1177
    1244
    1180
    1058
    1059
    1080
    1032
    1102
    1208
    1584
    2285
    3583
    5679
    7829
    8892
    8071
    6171
    3869
    2282
    1402
    1157
    1013
    1024
    1018
    1064
    1056
    1043
    1026
     994
    1029
     974
    1094
    1013
    1035
     966
    1041
    1029
    1029
    1005
    1041
    1063
    1031
    1069
    1103
    1099
    1065
    1118
    1101
    1049
     998
    1017
    1036
    1096
    1031
    1106
    1032
    1072
    1069
    1085
    1089
    1154
    1167
    1207
    1155
    1130
    1203
    1098
    1046
    1078
    1102
    1029
    1115
    1005
    1067
    1059
    1078
    1174
    1070
    1111
    1030
    1096
    1153
    1101
    1081
    1076
    1026
    1083
    1128
    1091
    1057
    1121
    1034
    1132
    1069
    1038
    1075
    1043
    1140
    1074
    1071
    1156
    1085
    1133
    1223
    1094
    1098
    1207
    1106
    1083
    1150
    1126
    1137
    1089
    1161
    1119
    1113
    1109
    1112
    1122
    1127
    1164
    1182
    1188
    1139
    1154
    1046
    1189
    1133
    1136
    1158
    1120
    1198
    1132
    1132
    1094
    1198
    1162
    1163
    1159
    1142
    1166
    1262
    1191
    1418
    1535
    1945
    2454
    3039
    3324
    3040
    2603
    2027
    1580
    1342
    1183
    1181
    1160
    1193
    1266
    1236
    1247
    1318
    1325
    1295
    1305
    1290
    1264
    1240
    1250
    1250
    1180
    1265
    1232
    1256
    1310
    1373
    1436
    1550
    1557
    1548
    1496
    1368
    1240
    1270
    1273
    1246
    1337
    1202
    1283
    1248
    1262
    1292
    1261
    1372
    1389
    1567
    2044
    2904
    5188
    9877
   19524
   34699
   53523
   67310
   68613
   55984
   36103
   18982
    8319
    3622
    2008
    1386
    1307
    1228
    1261
    1194
    1244
    1159
    1142
    1225
    1232
    1222
    1232
    1185
    1166
    1240
    1163
    1180
    1152
    1204
    1212
    1232
    1162
    1194
    1210
    1186
    1172
    1149
    1158
    1225
    1148
    1204
    1207
    1207
    1203
    1135
    1140
    1097
    1212
    1150
    1159
    1227
    1180
    1149
    1195
    1081
    1159
    1083
    1145
    1104
    1123
    1103
    1106
    1068
    1074
    1024
     991
    1035
     959
     982
     943
     934
     932
     898
     994
     939
     994
    1008
    1124
    1283
    1506
    1669
    1662
    1544
    1307
    1129
     938
     937
     897
     911
     973
    1048
    1179
    1493
    2024
    2599
    2941
    2674
    2332
    1744
    1273
    1055
     852
     887
     838
     856
     847
     845
     823
     794
     823
     803
     838
     827
     821
     826
     846
     817
     804
     854
     804
     827
     829
     768
     793
     812
     823
     858
     842
     830
     819
     765
     826
     789
     779
     815
     806
     854
     762
     758
     870
     813
     775
     747
     804
     790
     762
     789
     755
     760
     785
     782
     761
     781
     768
     782
     812
     735
     786
     793
     839
     905
     910
     958
     844
     842
     826
     752
     736
     780
     760
     795
     694
     800
     758
     749
     768
     713
     743
     712
     749
     760
     795
     732
     773
     723
     759
     750
     819
     762
     797
     891
    1041
    1238
    1541
    1846
    2082
    2180
    1841
    1528
    1186
    1019
     906
     916
     793
     741
     737
     672
     661
     670
     674
     671
     608
     617
     588
     633
     630
     653
     638
     635
     642
     642
     614
     611
     649
     658
     601
     634
     652
     637
     562
     660
     627
     602
     595
     606
     622
     610
     622
     629
     604
     562
     623
     596
     672
     660
     651
     644
     632
     592
     593
     597
     543
     569
     558
     621
     551
     582
     601
     586
     520
     547
     553
     561
     577
     532
     533
     581
     553
     551
     553
     556
     610
     550
     562
     560
     549
     620
     649
     643
     659
     624
     548
     545
     540
     539
     505
     529
     547
     534
     529
     557
     603
     537
     557
     540
     526
     572
     610
     640
     674
     726
     666
     682
     566
     590
     515
     516
     447
     520
     490
     522
     494
     505
     501
     483
     543
     440
     475
     482
     464
     506
     463
     466
     467
     473
     473
     456
     452
     450
     439
     488
     501
     460
     450
     445
     432
     475
     455
     430
     458
     441
     447
     412
     436
     472
     432
     452
     496
     447
     414
     451
     435
     456
     436
     463
     432
     432
     422
     447
     444
     421
     395
     462
     417
     437
     466
     438
     432
     467
     427
     430
     418
     423
     441
     432
     407
     430
     441
     426
     420
     446
     408
     400
     424
     441
     470
     472
     489
     488
     500
     441
     449
     444
     431
     398
     401
     442
     445
     472
     437
     484
     525
     494
     541
     507
     463
     451
     435
     416
     469
     416
     444
     443
     481
     421
     468
     433
     436
     445
     442
     427
     391
     421
     406
     413
     429
     415
     451
     397
     420
     413
     433
     423
     438
     430
     413
     423
     410
     446
     411
     406
     437
     426
     420
     422
     438
     405
     452
     406
     409
     414
     401
     440
     467
     383
     440
     421
     381
     407
     392
     456
     456
     441
     455
     424
     465
     397
     419
     485
     414
     441
     404
     429
     461
     409
     435
     375
     416
     433
     402
     466
     479
     596
     615
     799
     880
     964
     909
     740
     627
     503
     436
     454
     456
     439
     396
     432
     425
     428
     406
     405
     441
     488
     560
     553
     670
     886
    1094
    1337
    1462
    1435
    1221
     993
     768
     563
     495
     489
     524
     570
     557
     585
     547
     514
     470
     455
     397
     449
     427
     435
     383
     438
     421
     453
     418
     436
     433
     442
     539
     683
     803
    1226
    1843
    2652
    3343
    3587
    3361
    2668
    1729
    1076
     702
     538
     451
     437
     448
     420
     406
     466
     418
     443
     435
     446
     407
     468
     444
     458
     404
     483
     451
     456
     464
     472
     576
     602
     766
     955
    1192
    1450
    1558
    1464
    1221
     970
     743
     646
     587
     664
     732
     786
     788
     787
     814
     984
    1481
    2459
    4321
    8254
   15151
   25769
   38965
   49927
   54001
   48212
   35852
   21508
   10926
    4658
    1919
     859
     552
     418
     434
     391
     346
     347
     352
     362
     354
     325
     327
     350
     264
     325
     310
     318
     310
     304
     338
     293
     284
     314
     319
     288
     295
     340
     294
     339
     278
     316
     336
     308
     321
     321
     320
     328
     333
     309
     304
     324
     325
     331
     306
     327
     346
     305
     320
     339
     318
     309
     318
     291
     306
     314
     291
     334
     283
     332
     313
     298
     312
     310
     319
     306
     315
     309
     304
     317
     310
     306
     353
     322
     339
     319
     299
     318
     317
     322
     300
     276
     308
     321
     298
     282
     289
     298
     331
     331
     315
     307
     295
     277
     321
     276
     256
     287
     304
     308
     323
     283
     295
     288
     276
     280
     288
     275
     266
     294
     285
     278
     287
     297
     298
     341
     344
     366
     323
     307
     304
     360
     426
     602
     840
    1314
    2191
    3414
    5006
    6084
    6499
    5499
    3958
    2603
    1334
     739
     417
     344
     318
     314
     375
     376
     390
     371
     339
     314
     311
     283
     318
     274
     249
     282
     256
     309
     244
     234
     270
     282
     289
     270
     254
     250
     292
     249
     284
     313
     259
     321
     353
     394
     425
     449
     377
     368
     300
     286
     292
     251
     263
     267
     257
     291
     263
     286
     251
     279
     251
     226
     271
     265
     248
     245
     277
     243
     262
     254
     280
     266
     275
     261
     259
     261
     273
     277
     248
     240
     259
     250
     278
     265
     241
     261
     273
     246
     240
     277
     246
     277
     239
     279
     246
     269
     255
     240
     261
     263
     267
     275
     289
     318
     343
     363
     417
     391
     347
     330
     296
     309
     300
     340
     341
     360
     297
     324
     284
     287
     246
     250
     235
     315
     329
     360
     403
     468
     494
     466
     416
     334
     322
     273
     268
     218
     238
     218
     218
     250
     219
     256
     244
     242
     276
     286
     263
     261
     264
     283
     319
     328
     347
     355
     328
     328
     279
     283
     249
     254
     232
     242
     231
     239
     218
     219
     239
     232
     233
     233
     247
     248
     240
     245
     223
     218
     247
     247
     249
     263
     231
     224
     227
     240
     244
     228
     242
     228
     250
     247
     254
     245
     250
     257
     235
     273
     242
     239
     270
     226
     259
     275
     262
     261
     246
     223
     243
     262
     228
     237
     228
     258
     247
     218
     246
     270
     234
     257
     236
     274
     245
     276
     237
     239
     230
     242
     247
     250
     241
     218
     256
     251
     227
     241
     236
     233
     240
     246
     260
     221
     250
     221
     228
     250
     245
     223
     209
     251
     261
     243
     210
     242
     230
     266
     249
     266
     283
     284
     324
     322
     350
     350
     423
     466
     481
     502
     458
     410
     350
     273
     267
     266
     255
     258
     238
     239
     257
     244
     252
     233
     253
     249
     271
     240
     248
     249
     247
     247
     244
     237
     241
     244
     239
     253
     272
     230
     244
     247
     269
     270
     291
     332
     350
     480
     642
     935
    1257
    1740
    2114
    2268
    2063
    1628
    1110
     710
     430
     306
     294
     245
     286
     282
     268
     275
     282
     309
     309
     334
     343
     378
     345
     361
     351
     303
     262
     266
     272
     260
     259
     226
     259
     243
     243
     254
     262
     261
     207
     253
     264
     252
     259
     260
     271
     261
     245
     234
     245
     281
     272
     279
     278
     290
     305
     286
     298
     297
     299
     309
     266
     267
     266
     275
     259
     302
     292
     305
     322
     326
     318
     320
     321
     273
     283
     266
     276
     272
     265
     262
     276
     261
     272
     290
     263
     288
     296
     287
     288
     275
     296
     277
     288
     281
     274
     315
     310
     340
     313
     349
     425
     573
     654
    1088
    1595
    2592
    3728
    4947
    5505
    5397
    4565
    3249
    2029
    1091
     642
     407
     361
     265
     317
     269
     300
     284
     273
     314
     275
     280
     281
     284
     289
     259
     277
     259
     253
     280
     260
     269
     273
     269
     309
     272
     286
     277
     277
     274
     272
     296
     297
     285
     294
     282
     274
     293
     314
     266
     268
     273
     303
     269
     268
     257
     274
     330
     271
     283
     295
     298
     307
     303
     294
     275
     273
     263
     276
     267
     278
     302
     271
     332
     274
     300
     319
     283
     289
     279
     293
     318
     278
     299
     340
     320
     373
     365
     376
     437
     451
     552
     702
     926
    1338
    1911
    2513
    2889
    3123
    2692
    2025
    1371
     835
     551
     371
     320
     297
     303
     298
     277
     275
     251
     268
     258
     256
     259
     228
     234
     214
     222
     253
     250
     260
     234
     231
     226
     232
     201
     215
     218
     211
     221
     222
     233
     199
     190
     225
     201
     209
     190
     224
     194
     196
     206
     186
     189
     162
     190
     190
     205
     177
     205
     193
     205
     187
     182
     206
     207
     197
     191
     182
     198
     198
     203
     185
     182
     183
     178
     190
     181
     208
     175
     192
     173
     204
     198
     190
     204
     175
     199
     219
     196
     184
     182
     197
     168
     197
     194
     186
     210
     247
     231
     283
     326
     413
     652
     847
    1107
    1371
    1446
    1518
    1136
     893
     598
     333
     244
     174
     158
     192
     165
     171
     210
     181
     168
     153
     143
     159
     179
     146
     152
     192
     160
     187
     157
     175
     159
     157
     148
     150
     158
     182
     152
     153
     169
     166
     160
     152
     136
     155
     159
     124
     158
     161
     143
     151
     152
     147
     148
     151
     137
     148
     173
     152
     155
     152
     163
     137
     178
     169
     174
     150
     162
     156
     147
     139
     153
     170
     162
     155
     155
     154
     145
     158
     151
     153
     140
     140
     151
     142
     135
     153
     149
     142
     141
     132
     150
     167
     154
     132
     124
     129
     140
     143
     152
     126
     106
     146
     161
     145
     153
     152
     179
     162
     148
     153
     144
     149
     131
     138
     141
     127
     127
     133
     153
     134
     143
     131
     132
     124
     124
     132
     128
     131
     123
     135
     183
     131
     152
     157
     134
     134
     146
     154
     189
     165
     177
     185
     138
     160
     126
     132
     119
     106
     127
     100
     101
     102
     132
     112
     112
     107
     100
     118
     108
     109
      96
     110
     103
     113
     109
     113
     109
      87
     109
     108
      89
      98
     110
     109
     130
     117
     120
     126
     147
     100
      96
     101
      99
      82
     103
      88
      88
      85
      87
      94
      69
      85
      99
      77
     108
     105
      84
     103
      93
      96
      90
      81
      92
      90
      75
      90
      73
      68
     102
      78
      93
      89
      90
      81
      72
      71
      79
      79
      80
      86
      85
      81
      93
      77
      97
      82
      75
      55
      84
      72
      74
      76
      79
      79
      80
      79
      87
      85
      71
      80
      76
      79
      70
      83
      68
      65
      78
      75
      64
      73
      56
      80
      62
      77
      67
      49
      60
      62
      72
      63
      55
      65
      56
      68
      57
      62
      66
      68
      70
      70
      84
      51
      68
      64
      57
      68
      70
      59
      64
      59
      57
      58
      48
      50
      65
      58
      62
      56
      55
      62
      61
      57
      59
      59
      44
      52
      40
      59
      62
      62
      82
      81
      73
      76
      90
     102
      96
     102
      89
      54
      70
      83
      79
      84
      79
      76
      87
      79
      62
      88
      60
      69
      48
      53
      60
      65
      51
      53
      47
      51
      40
      65
      60
      64
      56
      74
      50
      63
      60
      49
      47
      54
      49
      60
      52
      69
      59
      61
      52
      60
      61
      56
      58
      50
      59
      60
      58
      41
      68
      50
      57
      47
      60
      47
      60
      53
      47
      54
      57
      64
      53
      75
      67
      61
      57
      53
      44
      75
      65
      61
      57
      56
      61
      54
      48
      52
      61
      61
      65
      42
      67
      46
      57
      47
      60
      64
      58
      43
      63
      45
      58
      44
      53
      59
      68
      48
      80
      59
      49
      57
      63
      51
      54
      71
      60
      54
      52
      62
      63
      55
      47
      46
      56
      61
      65
      48
      70
      67
      60
      47
      53
      59
      61
      69
      56
      54
      51
      56
      67
      52
      65
      67
      59
      70
      63
      53
      58
      62
      69
      75
      50
      57
      55
      71
      70
      65
      63
      65
      70
      67
      70
      74
      67
      58
      76
      55
      85
      84
      59
      64
      61
      95
      52
      64
      88
      93
     116
     143
     220
     320
     467
     676
    1044
    1755
    2920
    4673
    7169
   10275
   12810
   14494
   14358
   11871
    8749
    5669
    3016
    1477
     644
     273
     147
      89
      49
      52
      38
      39
      31
      45
      39
      39
      27
      32
      33
      34
      30
      32
      23
      32
      32
      28
      42
      40
      38
      40
      32
      29
      38
      32
      32
      35
      28
      37
      27
      21
      30
      35
      37
      36
      36
      25
      28
      24
      35
      37
      26
      27
      31
      32
      32
      37
      31
      35
      26
      38
      38
      36
      44
      37
      29
      37
      32
      36
      30
      34
      38
      28
      27
      33
      32
      36
      31
      46
      43
      31
      40
      37
      36
      41
      45
      37
      45
      45
      28
      29
      28
      36
      29
      31
      37
      31
      29
      35
      35
      35
      35
      30
      40
      32
      19
      37
      36
      27
      33
      36
      19
      38
      32
      33
      29
      38
      31
      33
      37
      30
      39
      32
      32
      42
      27
      38
      38
      27
      31
      37
      34
      26
      39
      28
      25
      40
      24
      41
      38
      39
      40
      37
      24
      29
      41
      35
      37
      40
      27
      27
      34
      32
      30
      32
      47
      35
      30
      33
      30
      26
      22
      29
      36
      27
      35
      37
      29
      28
      36
      43
      35
      39
      26
      29
      31
      34
      30
      35
      33
      24
      35
      29
      38
      33
      36
      39
      37
      39
      40
      44
      47
      35
      37
      41
      39
      34
      28
      45
      41
      33
      33
      34
      23
      23
      28
      37
      25
      34
      28
      27
      28
      34
      32
      38
      28
      28
      33
      37
      34
      35
      39
      27
      35
      42
      26
      31
      26
      31
      31
      23
      35
      38
      37
      37
      43
      45
      40
      49
      55
      74
      89
      91
     103
      97
      67
      60
      42
      47
      38
      39
      31
      32
      34
      37
      21
      38
      26
      33
      39
      27
      32
      23
      33
      34
      31
      30
      27
      28
      36
      33
      41
      32
      38
      42
      32
      24
      40
      31
      39
      35
      38
      30
      29
      33
      41
      26
      30
      41
      26
      31
      41
      35
      30
      29
      39
      25
      28
      36
      36
      39
      21
      33
      27
      37
      33
      36
      33
      23
      31
      32
      40
      30
      30
      33
      34
      29
      28
      31
      40
      25
      26
      33
      32
      39
      27
      35
      28
      30
      32
      40
      28
      27
      31
      23
      30
      37
      40
      26
      50
      43
      59
      70
      58
      71
     101
      88
      88
     126
     103
      85
      72
      61
      58
      44
      38
      40
      38
      32
      42
      35
      34
      35
      37
      37
      32
      35
      28
      27
      48
      36
      32
      36
      32
      28
      35
      30
      37
      27
      28
      31
      43
      30
      33
      33
      45
      33
      16
      40
      25
      34
      30
      35
      34
      36
      29
      39
      31
      33
      46
      29
      29
      39
      28
      44
      31
      38
      42
      29
      48
      32
      34
      38
      31
      49
      43
      33
      32
      20
      27
      29
      28
      45
      39
      38
      46
      25
      37
      38
      42
      34
      52
      40
      57
      49
      42
      37
      36
      29
      47
      27
      35
      47
      36
      46
      34
      37
      36
      53
      44
      40
      33
      38
      29
      41
      37
      42
      42
      34
      23
      32
      29
      23
      25
      33
      43
      38
      33
      38
      42
      32
      38
      38
      35
      25
      39
      30
      39
      35
      29
      35
      32
      33
      42
      42
      34
      50
      37
      39
      31
      47
      33
      41
      45
      44
      31
      40
      30
      25
      36
      27
      36
      30
      29
      27
      29
      28
      31
      36
      40
      32
      38
      39
      48
      34
      36
      32
      29
      35
      32
      36
      29
      35
      36
      35
      25
      39
      37
      33
      32
      29
      33
      34
      36
      24
      27
      37
      25
      43
      30
      36
      28
      37
      29
      32
      36
      38
      26
      33
      24
      37
      33
      21
      23
      24
      37
      39
      31
      35
      30
      26
      16
      26
      37
      40
      39
      31
      24
      25
      27
      28
      27
      24
      34
      26
      32
      32
      35
      29
      28
      36
      28
      18
      31
      24
      33
      29
      26
      28
      25
      32
      31
      31
      22
      39
      29
      35
      28
      29
      31
      28
      34
      34
      29
      22
      24
      30
      30
      31
      33
      37
      29
      35
      32
      30
      36
      29
      25
      25
      27
      37
      41
      34
      34
      26
      32
      21
      31
      35
      28
      41
      17
      30
      21
      20
      25
      27
      28
      21
      31
      25
      29
      23
      32
      27
      29
      27
      39
      29
      27
      36
      31
      26
      29
      23
      31
      33
      25
      28
      22
      23
      24
      26
      16
      29
      28
      25
      24
      20
      23
      33
      29
      28
      22
      22
      25
      34
      34
      23
      24
      20
      26
      18
      32
      32
      32
      20
      29
      34
      20
      32
      24
      20
      25
      29
      29
      31
      28
      19
      26
      30
      30
      40
      30
      28
      30
      18
      22
      33
      18
      23
      21
      25
      30
      17
      31
      21
      28
      29
      31
      27
      26
      21
      35
      30
      25
      34
      31
      26
      32
      27
      29
      32
      25
      21
      24
      28
      30
      28
      24
      16
      39
      19
      25
      27
      32
      16
      25
      21
      34
      24
      20
      30
      21
      15
      22
      18
      27
      27
      32
      29
      20
      25
      18
      38
      41
      24
      18
      26
      25
      18
      17
      21
      25
      13
      24
      25
      19
      25
      21
      21
      21
      26
      26
      29
      24
      24
      19
      19
      23
      19
      28
      25
      26
      24
      25
      20
      21
      21
      27
      25
      15
      22
      26
      18
      22
      25
      35
      30
      22
      21
      12
      22
      22
      25
      25
      22
      23
      25
      34
      18
      20
      26
      25
      25
      26
      17
      15
      22
      18
      15
      27
      21
      22
      25
      30
      23
      26
      20
      23
      34
      39
      39
      32
      45
      49
      48
      56
      44
      37
      25
      27
      36
      20
      23
      27
      21
      20
      17
      19
      20
      12
      27
      21
      36
      15
      18
      20
      23
      20
      26
      20
      22
      25
      25
      30
      19
      32
      18
      21
      19
      31
      13
      20
      23
      23
      17
      22
      20
      13
      11
      16
      22
      12
      16
      24
      23
      17
      22
      21
      19
      25
      25
      17
      29
      16
      25
      28
      13
      25
      19
      19
      15
      21
      22
      29
      15
      27
      23
      23
      18
      28
      20
      28
      25
      28
      23
      21
      28
      38
      26
      23
      29
      26
      19
      15
      31
      16
      19
      16
      24
      17
      23
      23
      28
      17
      23
      12
      22
      27
      28
      20
      12
      22
      26
      15
      26
      17
      20
      22
      20
      19
      21
      23
      15
      25
      18
      19
      20
      24
      14
      28
      21
      23
      32
      16
      18
      28
      21
      15
      18
      20
      28
      24
      32
      18
      17
      22
      19
      19
      24
      25
      25
      20
      25
      27
      21
      19
      31
      27
      20
      28
      23
      31
      22
      18
      24
      20
      17
      29
      23
      27
      22
      24
      18
      26
      26
      17
      17
      28
      23
      22
      22
      24
      28
      23
      25
      26
      29
      25
      25
      28
      21
      20
      24
      18
      28
      16
      31
      27
      23
      24
      26
      26
      22
      21
      23
      32
      20
      28
      21
      16
      33
      21
      29
      42
      35
      55
      82
     104
     162
     212
     260
     272
     290
     285
     238
     180
     137
      98
      62
      44
      38
      29
      22
      21
      22
      19
      25
      16
      19
      29
      21
      24
      25
      24
      22
      22
      26
      19
      20
      22
      15
      15
      12
      20
      23
      21
      21
      22
      17
      21
      19
      14
      27
      23
      25
      22
      21
      27
      19
      23
      24
      29
      21
      29
      25
      33
      26
      20
      23
      21
      18
      17
      16
      31
      21
      18
      26
      20
      25
      22
      21
      21
      16
      22
      20
      22
      27
      18
      24
      22
      14
      19
      21
      20
      21
      22
      25
      20
      27
      15
      20
      26
      19
      25
      27
      36
      16
      27
      27
      19
      19
      21
      14
      14
      27
      18
      25
      22
      20
      24
      24
      25
      20
      26
      23
      22
      19
      15
      31
      16
      23
      21
      24
      25
      24
      17
      22
      22
      28
      23
      21
      21
      22
      24
      31
      22
      19
      29
      19
      20
      18
      21
      16
      33
      20
      33
      20
      28
      29
      18
      17
      24
      22
      25
      17
      26
      21
      20
      19
      27
      20
      22
      21
      22
      27
      33
      19
      19
      23
      18
      16
      20
      13
      18
      20
      23
      22
      19
      31
      27
      15
      19
      29
      33
      24
      29
      40
      30
      70
      70
      86
      81
      89
      76
      55
      41
      42
      30
      27
      23
      19
      24
      24
      20
      23
      22
      22
      13
      22
      31
      23
      29
      34
      24
      26
      20
      21
      22
      35
      20
      28
      22
      28
      26
      32
      35
      24
      22
      31
      23
      25
      24
      21
      23
      17
      31
      22
      27
      21
      25
      21
      26
      14
      20
      19
      28
      23
      17
      17
      19
      23
      23
      23
      19
      23
      26
      16
      20
      19
      17
      30
      19
      28
      25
      24
      25
      27
      28
      21
      20
      20
      19
      24
      20
      24
      21
      19
      26
      21
      33
      22
      21
      16
      25
      21
      18
      26
      15
      26
      11
      22
      24
      15
      22
      16
      18
      26
      19
      22
      13
      18
      20
      17
      22
      17
      24
      20
      26
      17
      31
      21
      20
      20
      25
      19
      13
      25
      27
      25
      16
      23
      23
      18
      20
      19
      19
      20
      23
      20
      19
      19
      22
      27
      23
      15
      21
      24
      21
       9
      29
      31
      24
      23
      25
      24
      27
      23
      17
      23
      19
      20
      27
      22
      15
      21
      17
      22
      17
      20
      17
      14
      25
      19
      25
      18
      18
      23
      18
      25
      22
      20
      19
      18
      17
      18
      20
      21
      21
      21
      25
      16
      20
      18
      17
      24
      15
      22
      20
      17
      25
      20
      20
      16
      20
      15
      23
      17
      16
      21
      22
      21
      18
      17
      22
      20
      19
      27
      22
      15
      12
      21
      26
      18
      12
      22
      24
      26
      20
      36
      32
      26
      13
      15
      18
      24
      25
      18
      12
      16
      19
      18
      21
      21
      24
      21
      23
      24
      24
      27
      15
      20
      18
      23
      26
      27
      24
      18
      28
      23
      25
      22
      14
      21
      24
      18
      28
      18
      23
      21
      17
      25
      23
      29
      22
      24
      16
      22
      19
      21
      14
      22
      26
      22
      24
      29
      22
      17
      21
      29
      19
      28
      20
      16
      21
      25
      19
      17
      25
      18
      27
      19
      24
      26
      22
      31
      29
      26
      26
      21
      28
      30
      27
      32
      24
      24
      23
      21
      23
      20
      19
      26
      26
      23
      22
      17
      26
      18
      21
      26
      21
      22
      23
      28
      17
      20
      17
      18
      16
      20
      21
      24
      27
      31
      18
      17
      29
      20
      21
      17
      19
      21
      19
      23
      21
      25
      19
      22
      21
      20
      18
      25
      17
      18
      21
      27
      23
      24
      24
      29
      29
      14
      24
      22
      27
      26
      30
      30
      22
      27
      18
      22
      14
      27
      20
      25
      29
      18
      22
      19
      20
      30
      28
      23
      17
      27
      29
      20
      25
      28
      26
      26
      29
      33
      39
      54
      53
      60
      66
      79
     104
     135
     131
     134
     170
     141
     139
     141
      88
     103
      56
      78
      46
      42
      41
      30
      23
      30
      22
      27
      30
      33
      20
      27
      24
      26
      28
      38
      25
      21
      22
      27
      23
      26
      11
      23
      25
      28
      23
      20
      15
      34
      26
      22
      27
      26
      25
      35
      24
      34
      29
      26
      19
      23
      22
      27
      26
      23
      27
      19
      24
      39
      23
      31
      39
      24
      21
      24
      25
      18
      34
      21
      22
      17
      23
      23
      31
      20
      21
      22
      28
      31
      28
      17
      23
      22
      20
      24
      23
      16
      21
      24
      27
      26
      24
      28
      23
      21
      15
      23
      27
      25
      22
      29
      26
      21
      24
      31
      17
      21
      23
      10
      23
      30
      25
      21
      25
      18
      19
      25
      20
      23
      21
      26
      21
      24
      17
      31
      19
      23
      17
      17
      25
      15
      24
      23
      22
      22
      23
      22
      28
      26
      19
      16
      30
      26
      24
      19
      27
      27
      24
      19
      17
      21
      24
      22
      23
      19
      26
      26
      22
      17
      28
      22
      23
      28
      23
      22
      29
      19
      22
      18
      26
      18
      25
      19
      23
      28
      21
      26
      15
      22
      17
      30
      20
      22
      26
      24
      22
      31
      24
      26
      21
      25
      25
      23
      26
      22
      30
      11
      27
      23
      23
      18
      18
      30
      23
      30
      25
      39
      23
      27
      23
      14
      17
      34
      26
      24
      27
      17
      28
      19
      23
      25
      22
      26
      17
      22
      23
      17
      22
      25
      23
      22
      17
      24
      21
      20
      19
      27
      16
      25
      28
      23
      15
      13
      23
      20
      17
      25
      28
      19
      25
      16
      26
      18
      33
      12
      23
      22
      25
      23
      27
      30
      29
      31
      24
      22
      42
      44
      48
      63
      97
      91
     100
      80
      86
      88
      76
      59
      44
      27
      37
      32
      28
      20
      25
      22
      14
      20
      17
      22
      28
      24
      23
      29
      13
      24
      18
      26
      16
      21
      17
      25
      21
      17
      24
      23
      21
      25
      33
      13
      21
      18
      22
      28
      26
      23
      17
      21
      22
      27
      16
      26
      27
      22
      26
      18
      26
      25
      18
      30
      20
      23
      25
      24
      23
      31
      16
      24
      26
      16
      21
      26
      13
      21
      20
      21
      19
      28
      19
      20
      30
      24
      25
       7
      24
      34
      18
      23
      13
      30
      15
      15
      24
      21
      24
      20
      24
      31
      22
      22
      19
      23
      21
      23
      27
      19
      31
      24
      23
      25
      16
      20
      19
      21
      21
      16
      24
      16
      21
      33
      23
      24
      25
      24
      21
      31
      24
      22
      23
      11
      20
      32
      23
      13
      18
      12
      25
      25
      17
      30
      15
      24
      29
      31
      16
      17
      21
      21
      20
      27
      22
      24
      23
      16
      17
      20
      19
      27
      17
      27
      22
      40
      29
      31
      33
      41
      20
      36
      45
      23
      30
      32
      27
      29
      21
      18
      23
      28
      31
      23
      28
      33
      22
      24
      22
      25
      18
      16
      25
      24
      32
      25
      18
      23
      29
      17
      22
      18
      22
      28
      17
      23
      19
      14
      22
      25
      25
      22
      24
      18
      33
      25
      28
      29
      24
      28
      31
      25
      13
      26
      19
      25
      27
      23
      26
      20
      19
      23
      24
      23
      20
      25
      14
      23
      23
      29
      25
      24
      26
      26
      23
      30
      22
      17
      28
      33
      23
      15
      25
      31
      29
      23
      23
      16
      23
      25
      18
      25
      25
      21
      35
      36
      20
      21
      31
      18
      28
      24
      26
      30
      28
      25
      35
      22
      16
      27
      24
      26
      19
      18
      29
      34
      22
      33
      28
      26
      29
      22
      22
      26
      30
      25
      26
      35
      38
      28
      20
      31
      38
      30
      28
      28
      33
      31
      40
      33
      27
      31
      23
      27
      22
      31
      30
      24
      22
      22
      25
      27
      28
      24
      33
      24
      27
      22
      18
      22
      27
      25
      27
      21
      26
      33
      28
      28
      22
      24
      34
      22
      20
      27
      34
      35
      31
      27
      19
      22
      29
      20
      27
      31
      35
      19
      30
      23
      27
      22
      17
      34
      24
      22
      34
      32
      21
      38
      27
      18
      26
      25
      25
      32
      28
      36
      23
      17
      26
      29
      23
      37
      28
      34
      23
      32
      20
      28
      21
      20
      25
      29
      30
      33
      29
      13
      23
      28
      25
      25
      27
      40
      28
      29
      33
      31
      21
      29
      31
      35
      45
      37
      65
      49
      45
      47
      52
      30
      28
      30
      21
      36
      26
      29
      39
      27
      24
      28
      28
      26
      25
      30
      26
      31
      24
      18
      27
      35
      33
      35
      29
      35
      50
      42
      48
      46
      62
      73
     108
     138
     184
     224
     257
     324
     313
     295
     262
     217
     189
     124
      87
      59
      43
      39
      30
      26
      22
      19
      19
      18
      20
      25
      17
      22
      22
      21
      14
      12
      17
      16
      15
      15
      20
      22
      18
      18
      18
      17
      23
      17
      19
      15
      21
      24
      16
      13
      24
      20
      22
      19
      21
      17
      15
      11
      15
      22
      14
      22
      11
      25
      14
      14
      20
      13
      19
      22
      14
      30
      22
      23
      27
      26
      34
      28
      16
      25
      20
      26
      19
      29
      27
      12
      18
      10
      21
      17
      19
      14
      21
      19
      11
      16
      15
      18
      13
      21
      13
      16
      23
      21
      18
      19
      24
      18
      13
      23
      18
      15
      12
      18
      23
      15
      20
      16
      22
      19
      12
      17
      14
      12
      20
      19
      11
      21
      16
      27
      15
      20
      13
      21
      21
      19
      21
      11
      15
      10
      13
      16
      22
      20
      23
      18
      14
      13
      17
      15
      14
      14
      19
      14
      13
      11
      20
       8
      14
       8
      20
      22
      15
      19
      10
      14
      16
      13
      16
      12
      17
      18
       9
      16
      15
      17
      15
      15
      19
      14
      11
      14
      14
      12
       8
      11
      12
       9
      10
      11
      11
      14
      10
      10
      17
       9
      17
      12
       9
       9
      17
      15
      11
      15
      20
      12
       8
       5
      15
      16
      13
      14
      17
      12
      14
      17
      10
      13
       9
      17
       9
      10
      19
       5
      11
       7
      13
      12
      12
       9
      16
      20
       5
      13
      14
      13
      12
      14
      15
      14
      15
      14
      10
      19
      23
      36
      42
      48
      35
      29
      37
      33
      20
      29
      14
      21
      14
      11
       9
       8
       6
       8
       9
       5
      10
      11
       7
       7
      14
      10
       7
      16
      13
       7
       8
       8
       8
       5
      12
      11
       9
       5
      12
       7
      11
       4
       7
      11
      12
       5
       4
       9
       6
       7
       5
       4
       6
       7
       8
       8
       7
       6
       6
      10
       9
      11
      10
       5
      10
       7
       9
       7
       5
       6
       9
      12
      10
       7
       8
       8
       3
       4
       7
       7
       6
       6
       6
       7
       8
       9
       3
      10
       6
       4
       7
       7
      11
       9
       2
       5
       2
       6
       6
       9
      10
       6
       8
       6
       6
       5
       5
       7
       8
      13
       7
       6
      10
       6
       6
       5
       7
       7
       8
       5
       4
       4
      11
       5
       4
       3
       7
       5
       6
       3
       4
       5
       4
       7
       3
       4
       6
       5
       3
       4
       3
       3
       7
       5
       2
       4
       2
       5
       6
       4
       5
       2
       4
       3
      10
       4
       2
       2
       4
       7
       8
       5
       2
       6
       7
       1
       7
       4
       2
       4
       6
       5
       6
       3
       8
       3
       5
       5
       4
       2
       7
       4
       3
       4
       3
       4
       2
       8
       3
       4
       3
       7
       4
       2
       1
       4
       5
       2
       4
       3
       2
       4
       8
       5
       2
       3
       4
       6
       4
       7
       5
       1
       2
       2
       6
       7
       2
       0
       8
       5
       5
       5
       4
       2
       5
       5
       6
       7
       8
       3
       4
       7
       4
       2
       5
       7
       9
       6
       2
       7
       2
       3
       5
       1
       7
       9
       7
       4
      11
       7
       3
       3
       5
       4
       7
       0
       4
       6
       3
       1
       6
       1
       3
       5
       5
       5
       4
       2
       7
       2
       1
       2
       7
       5
       2
      10
       1
       6
       4
       5
       0
       5
       3
       4
       3
       5
       6
       7
       2
       6
       7
       7
       6
       3
       2
       5
       7
       1
       5
       7
       8
       7
       4
       9
      10
       5
       7
       7
       2
       5
       7
       5
       6
       1
       7
       5
       4
       9
       7
       7
       7
       2
       5
       4
       6
       6
      11
       4
       5
       6
       5
       7
       6
       8
       7
       8
      11
       6
       3
       8
       5
       7
       6
      10
      12
       9
      15
      26
      22
      28
      32
      52
      63
      83
     120
     138
     221
     266
     373
     465
     657
     848
    1020
    1042
    1141
     976
     912
     721
     494
     353
     232
     143
      87
      50
      22
      10
       5
       2
       0
       3
       2
       1
       2
       0
       2
       1
       0
       0
       3
       0
       0
       1
       0
       2
       1
       4
       3
       1
       0
       1
       1
       2
       3
       1
       2
       1
       2
       0
       0
       6
       4
       1
       1
       3
       0
       2
       2
       1
       3
       1
       2
       2
       1
       3
       2
       1
       3
       2
       1
       1
       2
       2
       4
       1
       5
       2
       3
       2
       2
       2
       3
       0
       1
       0
       3
       1
       2
       2
       0
       3
       0
       2
       4
       3
       3
       2
       2
       0
       3
       2
       2
       2
       4
       1
       0
       1
       0
       0
       1
       0
       1
       1
       2
       1
       1
       1
       2
       0
       1
       4
       1
       1
       1
       4
       1
       2
       2
       3
       1
       4
       5
       1
       5
       1
       1
       3
       2
       1
       2
       2
       1
       0
       2
       3
       2
       3
       1
       1
       0
       1
       3
       3
       1
       3
       4
       1
       1
       1
       4
       2
       1
       5
       2
       2
       4
       1
       1
       2
       2
       3
       2
       2
       4
       0
       2
       0
       1
       1
       3
       0
       1
       1
       0
       2
       2
       3
       1
       3
       2
       2
       1
       1
       1
       2
       2
       0
       4
       0
       0
       3
       0
       0
       4
       2
       1
       1
       0
       3
       1
       0
       3
       2
       3
       2
       1
       1
       0
       4
       4
       1
       2
       2
       2
       1
       1
       1
       2
       0
       0
       3
       2
       2
       0
       0
       0
       1
       3
       1
       3
       2
       1
       2
       2
       1
       0
       0
       3
       2
       0
       2
       0
       3
       1
       1
       3
       3
       2
       2
       4
       2
       2
       1
       1
       3
       1
       1
       2
       1
       0
       0
       0
       2
       4
       1
       3
       1
       2
       1
       1
       2
       2
       2
       1
       1
       0
       1
       2
       3
       0
       0
       2
       0
       2
       3
       2
       4
       0
       1
       2
       1
       1
       2
       2
       3
       4
       0
       0
       2
       1
       0
       0
       1
       2
       0
       1
       2
       0
       3
       1
       1
       1
       1
       0
       3
       3
       4
       0
       1
       3
       0
       3
       2
       1
       3
       1
       2
       1
       3
       2
       2
       2
       1
       2
       2
       0
       1
       1
       2
       4
       0
       2
       1
       1
       5
       2
       2
       4
       2
       2
       0
       3
       4
       1
       2
       0
       3
       2
       1
       1
       2
       5
       6
       1
       2
       3
       4
       3
       4
       6
       6
       5
       6
       5
       1
       8
       0
       5
       1
       1
       0
       1
       2
       0
       3
       0
       3
       1
       2
       2
       1
       1
       1
       2
       3
       2
       1
       1
       3
       2
       1
       2
       1
       2
       3
       0
       2
       0
       2
       1
       3
       1
       1
       3
       2
       2
       1
       1
       0
       0
       1
       2
       1
       5
       2
       1
       0
       1
       2
       0
       3
       0
       2
       7
       0
       0
       4
       1
       4
       0
       1
       0
       3
       3
       1
       3
       6
       2
       0
       3
       1
       1
       1
       1
       2
       1
       1
       1
       1
       0
       2
       0
       0
       0
       5
       1
       4
       1
       3
       2
       2
       2
       0
       5
       2
       1
       5
       3
       1
       3
       0
       1
       0
       0
       0
       2
       1
       3
       1
       1
       1
       0
       3
       1
       1
       2
       1
       3
       4
       1
       0
       3
       0
       4
       1
       4
       2
       2
       2
       2
       3
       3
       2
       0
       1
       3
       3
       2
       1
       0
       3
       2
       1
       1
       3
       4
       1
       1
       2
       0
       1
       1
       1
       1
       5
       1
       0
       2
       2
       1
       1
       2
       2
       3
       0
       2
       1
       2
       1
       3
       2
       1
       2
       2
       3
       0
       1
       1
       1
       3
       3
       0
       2
       2
       0
       4
       1
       2
       2
       1
       2
       2
       2
       1
       1
       2
       3
       0
       1
       1
       3
       0
       1
       0
       2
       2
       2
       2
       1
       0
       1
       0
       0
       1
       1
       0
       0
       1
       0
       1
       3
       1
       4
       0
       0
       0
       2
       5
       1
       2
       2
       1
       3
       1
       1
       1
       2
       3
       3
       2
       3
       1
       0
       0
       1
       1
       2
       3
       0
       1
       2
       0
       1
       4
       5
       1
       3
       0
       2
       1
       5
       0
       1
       1
       1
       2
       0
       1
       0
       1
       4
       2
       2
       2
       0
       2
       0
       0
       1
       0
       0
       0
       3
       1
       1
       5
       2
       0
       2
       1
       0
       2
       1
       0
       2
       0
       2
       1
       2
       3
       1
       2
       1
       0
       2
       1
       2
       0
       2
       0
       1
       0
       2
       1
       1
       0
       2
       2
       1
       1
       2
       1
       0
       3
       2
       3
       1
       0
       2
       1
       0
       1
       2
       2
       2
       2
       0
       3
       0
       1
       3
       2
       1
       0
       3
       1
       1
       0
       1
       4
       1
       1
       0
       1
       1
       3
       1
       1
       2
       3
       3
       3
       2
       2
       1
       1
       2
       1
       1
       1
       0
       2
       2
       3
       2
       1
       0
       1
       1
       1
       1
       2
       1
       2
       3
       1
       1
       2
       1
       1
       2
       3
       2
       2
       2
       1
       2
       2
       0
       0
       0
       1
       2
       1
       0
       2
       2
       0
       2
       2
       0
       1
       0
       1
       1
       1
       0
       0
       5
       2
       0
       2
       0
       3
       1
       4
       0
       0
       1
       3
       2
       6
       1
       2
       3
       1
       3
       2
       0
       1
       1
       0
       1
       2
       0
       3
       1
       3
       2
       0
       1
       0
       4
       2
       3
       2
       1
       1
       2
       1
       0
       1
       1
       0
       1
       0
       0
       0
       0
       0
       1
       1
       0
       2
       1
       1
       1
       1
       2
       0
       2
       0
       1
       0
       3
       0
       2
       1
       0
       3
       0
       2
       0
       1
       2
       3
       0
       3
       1
       1
       1
       2
       2
       1
       2
       0
       3
       1
       1
       1
       4
       1
       0
       3
       0
       2
       1
       1
       1
       1
       1
       0
       2
       1
       1
       0
       0
       1
     167
     323
     290
     306
     315
     291
     336
     296
     314
     347
     303
     306
     316
     277
     301
     322
     314
     294
     321
     313
     282
     322
     336
     335
     312
     319
     316
     306
     326
     311
     298
     302
     291
     313
     312
     300
     303
     315
     304
     303
     321
     306
     299
     296
     306
     290
     314
     318
     275
     293
     289
     316
     312
     321
     302
     306
     299
     284
     287
     329
     306
     282
     286
     306
     318
     323
     318
     319
     290
     306
     303
     291
     365
     295
     302
     293
     328
     291
     298
     320
     300
     286
     306
     304
     312
     323
     319
     302
     298
     298
     290
     300
     320
     338
     327
     315
     288
     306
     307
     316
     294
     292
     298
     316
     311
     278
     301
     320
     312
     291
     298
     300
     283
     281
     300
     310
     354
     308
     329
     286
     298
     336
     308
     305
     312
     302
     305
     284
     311
     319
     311
     301
     311
     280
     280
     315
     303
     313
     294
     309
     289
     291
     307
     301
     307
     297
     302
     281
     315
     289
     317
     321
     338
     327
     325
     299
     309
     331
     287
     289
     326
     311
     294
     305
     298
     285
     296
     302
     298
     320
     272
     281
     305
     298
     301
     299
     346
     296
     309
     320
     303
     355
     290
     318
     161
$ROI:
5
598 616
1488 1502
3004 3030
3417 3440
6719 6742
$PRESETS:
None
0
0
$ENER_FIT:
1.820202 0.388090
$MCA_CAL:
3
1.820202E+000 3.880899E-001 -2.021690E-008 keV
$SHAPE_CAL:
3
1.939874E+000 2.172949E-003 -2.951990E-007
