$SPEC_ID:
naa kelp 2
$SPEC_REM:
DET# 1
DETDESC# SHUGART-PC MCB 337
AP# Maestro Version 7.01
$DATE_MEA:
01/06/2016 11:31:28
$MEAS_TIM:
100405 100524
$DATA:
0 8191
       0
       0
       0
       0
       0
       0
       0
       0
       0
       0
       0
       0
       0
       0
       0
       0
       0
       0
       0
       0
       0
       0
       0
       0
       0
       0
       0
       0
       0
       0
       0
       0
       0
       0
       1
      29
     290
    2893
    8095
    8484
    8605
    8492
    8773
    8926
    9005
    9064
    9215
    8927
    9237
    9288
    9334
    9606
    9762
    9872
    9901
   10072
    9872
   10070
    9635
    9566
    9763
    9900
    9564
    9647
    9759
    9629
    9774
    9743
    9790
    9664
    9670
    9197
    9305
    9204
    9179
    9136
    9377
    9309
    9104
    8797
    8915
    8704
    8483
    8614
    8472
    8483
    8421
    8239
    8180
    8369
    8204
    7877
    7855
    7729
    7842
    7774
    7695
    7551
    7410
    7387
    7321
    7410
    7295
    7269
    7191
    7286
    7110
    6944
    7132
    6911
    6706
    6952
    7188
    7246
    7277
    7043
    6573
    6511
    6355
    6352
    6369
    6310
    6191
    6265
    6173
    6160
    5972
    5912
    5966
    5996
    5848
    5930
    5745
    5614
    5619
    5629
    5541
    5646
    5496
    5425
    5401
    5340
    5319
    5314
    5288
    5337
    5339
    5256
    5158
    5238
    5162
    5117
    5002
    5008
    5051
    5137
    5118
    5127
    5148
    4870
    4910
    4749
    4712
    4741
    4580
    4574
    4662
    4708
    4524
    4653
    4580
    4564
    4600
    4460
    4496
    4453
    4438
    4430
    4366
    4884
    5515
    6150
    6170
    5452
    5021
    5289
    6470
    7405
    6709
    5236
    4186
    3987
    3804
    3745
    3729
    3639
    3583
    3569
    3562
    3479
    3560
    3486
    3572
    3463
    3479
    3480
    3486
    3451
    3320
    3549
    3767
    4191
    4677
    4598
    4124
    3593
    3348
    3440
    3577
    3508
    3295
    3257
    3055
    3021
    3007
    2957
    2970
    2881
    3004
    3037
    2976
    3084
    3263
    3256
    3147
    3038
    2896
    2942
    2836
    2858
    2811
    2714
    2805
    2752
    2699
    2673
    2714
    2641
    2738
    2676
    2643
    2638
    2636
    2635
    2618
    2643
    2611
    2590
    2554
    2589
    2511
    2589
    2582
    2468
    2521
    2482
    2498
    2523
    2422
    2400
    2365
    2482
    2433
    2508
    2395
    2453
    2370
    2484
    2422
    2351
    2439
    2355
    2456
    2309
    2360
    2443
    2405
    2349
    2317
    2324
    2321
    2263
    2358
    2277
    2238
    2186
    2252
    2255
    2199
    2171
    2261
    2213
    2173
    2307
    2187
    2211
    2131
    2239
    2251
    2166
    2217
    2180
    2213
    2258
    2233
    2061
    2149
    2127
    2175
    2133
    2128
    2086
    2093
    2102
    2072
    2124
    2061
    2159
    2113
    2072
    1947
    2073
    2093
    2022
    2066
    2055
    2132
    1962
    2063
    1992
    2054
    2024
    1994
    1990
    1997
    1979
    1928
    1895
    1994
    1842
    2019
    1899
    1917
    1904
    1923
    1899
    1834
    1872
    1925
    1859
    1886
    1878
    1915
    1874
    2058
    1945
    1910
    1900
    1829
    1922
    1763
    1912
    1904
    1846
    1832
    1826
    1860
    1800
    1825
    1825
    1784
    1718
    1711
    1827
    1785
    1730
    1869
    1875
    1785
    1720
    1755
    1808
    1770
    1816
    1806
    1746
    1741
    1702
    1774
    1763
    1830
    1765
    1749
    1937
    2041
    1992
    1988
    1808
    1710
    1756
    1746
    1744
    1724
    1659
    1719
    1678
    1762
    1677
    1728
    1722
    1675
    1637
    1702
    1636
    1737
    1672
    1691
    1649
    1662
    1590
    1703
    1713
    1570
    1566
    1605
    1662
    1690
    1677
    1647
    1641
    1714
    1587
    1599
    1689
    1600
    1636
    1666
    1635
    1644
    1658
    1622
    1654
    1676
    1655
    1655
    1559
    1650
    1617
    1609
    1613
    1551
    1594
    1591
    1555
    1649
    1588
    1538
    1512
    1588
    1633
    1646
    1739
    1666
    1806
    1741
    1608
    1583
    1509
    1500
    1565
    1524
    1540
    1594
    1574
    1485
    1520
    1592
    1501
    1540
    1562
    1581
    1623
    1529
    1565
    1588
    1525
    1580
    1531
    1524
    1523
    1456
    1605
    1466
    1521
    1499
    1509
    1551
    1455
    1509
    1465
    1580
    1478
    1477
    1538
    1524
    1549
    1447
    1473
    1500
    1516
    1517
    1530
    1445
    1546
    1533
    1470
    1402
    1433
    1487
    1467
    1445
    1471
    1484
    1525
    1455
    1487
    1421
    1526
    1386
    1458
    1471
    1468
    1449
    1423
    1438
    1425
    1426
    1542
    1409
    1381
    1450
    1436
    1460
    1510
    1388
    1419
    1417
    1482
    1378
    1440
    1420
    1331
    1441
    1427
    1450
    1425
    1434
    1452
    1386
    1454
    1488
    1478
    1448
    1446
    1454
    1371
    1440
    1439
    1363
    1369
    1389
    1392
    1376
    1357
    1327
    1436
    1429
    1406
    1406
    1379
    1352
    1355
    1394
    1446
    1357
    1317
    1342
    1346
    1447
    1379
    1329
    1412
    1404
    1347
    1409
    1417
    1373
    1435
    1473
    1530
    1416
    1421
    1383
    1435
    1364
    1347
    1331
    1304
    1355
    1342
    1325
    1354
    1319
    1317
    1400
    1398
    1272
    1338
    1307
    1314
    1329
    1276
    1270
    1370
    1335
    1266
    1360
    1298
    1255
    1296
    1355
    1345
    1326
    1251
    1340
    1319
    1314
    1242
    1301
    1305
    1246
    1291
    1348
    1275
    1303
    1325
    1317
    1331
    1339
    1327
    1285
    1288
    1266
    1367
    1282
    1353
    1255
    1287
    1313
    1276
    1248
    1315
    1257
    1313
    1248
    1273
    1326
    1308
    1334
    1246
    1349
    1259
    1281
    1255
    1262
    1280
    1300
    1294
    1313
    1353
    1301
    1240
    1230
    1282
    1263
    1238
    1269
    1275
    1252
    1221
    1301
    1245
    1239
    1223
    1244
    1229
    1278
    1236
    1193
    1195
    1215
    1294
    1249
    1333
    1242
    1329
    1245
    1251
    1241
    1218
    1196
    1281
    1288
    1265
    1212
    1236
    1196
    1209
    1257
    1202
    1228
    1241
    1238
    1263
    1267
    1214
    1196
    1238
    1178
    1205
    1285
    1216
    1223
    1161
    1215
    1220
    1159
    1129
    1250
    1306
    1263
    1183
    1260
    1274
    1156
    1235
    1204
    1202
    1156
    1255
    1174
    1176
    1253
    1186
    1162
    1194
    1165
    1195
    1237
    1262
    1265
    1201
    1166
    1190
    1215
    1200
    1229
    1209
    1171
    1154
    1244
    1111
    1150
    1206
    1157
    1114
    1238
    1151
    1185
    1172
    1142
    1240
    1165
    1189
    1195
    1192
    1152
    1159
    1197
    1193
    1102
    1122
    1191
    1208
    1186
    1160
    1253
    1195
    1209
    1185
    1157
    1200
    1130
    1201
    1181
    1158
    1181
    1156
    1146
    1220
    1187
    1224
    1107
    1191
    1207
    1162
    1122
    1122
    1156
    1196
    1166
    1171
    1182
    1182
    1158
    1176
    1161
    1078
    1112
    1182
    1204
    1163
    1124
    1125
    1146
    1104
    1085
    1127
    1141
    1197
    1086
    1140
    1141
    1149
    1101
    1176
    1181
    1177
    1170
    1148
    1148
    1128
    1094
    1194
    1125
    1129
    1219
    1181
    1123
    1186
    1104
    1121
    1094
    1169
    1132
    1195
    1162
    1122
    1180
    1070
    1101
    1132
    1137
    1175
    1109
    1094
    1126
    1089
    1098
    1120
    1140
    1113
    1108
    1108
    1145
    1100
    1117
    1134
    1117
    1089
    1168
    1151
    1131
    1100
    1074
    1130
    1153
    1111
    1011
    1068
    1067
    1051
    1106
    1116
    1064
    1071
    1104
    1083
    1062
    1105
    1073
    1060
    1100
    1136
    1160
    1069
    1152
    1141
    1080
    1107
    1100
    1113
    1103
    1067
    1080
    1093
    1100
    1029
    1037
    1075
    1082
    1077
    1085
    1031
    1044
    1125
    1084
    1034
    1156
    1070
    1103
    1154
    1058
    1103
    1050
    1094
    1118
    1094
    1061
    1069
    1063
    1114
    1055
    1059
    1055
    1065
    1111
    1065
    1104
    1086
    1050
    1029
    1022
    1012
    1039
    1051
    1021
    1091
    1094
    1118
    1059
     982
    1075
    1075
    1078
    1016
    1032
    1039
    1025
    1050
    1030
    1085
    1061
    1088
    1122
    1036
    1054
    1090
    1102
    1036
    1047
    1071
    1044
    1020
    1103
    1013
    1073
    1090
    1007
    1047
    1000
    1070
    1078
    1051
    1029
    1086
    1017
    1050
     985
    1058
    1035
    1012
    1042
    1017
    1003
    1025
     983
    1003
    1074
    1037
    1052
    1031
     985
    1042
     959
     994
    1017
     990
     985
     964
    1005
     992
    1024
     990
    1053
    1005
    1007
    1053
    1028
    1045
     986
     998
     979
     971
    1033
    1074
     997
    1005
    1009
    1015
     991
     999
     975
     978
     958
     969
     941
    1024
     987
     988
     994
     954
     970
     993
     946
    1014
    1022
     952
     950
    1017
     976
     989
     976
     948
     963
     999
     947
     994
     969
     980
     991
    1027
     979
     900
    1021
     919
     927
     975
     962
     965
     992
     944
     982
     976
     976
     957
     938
     969
     997
     940
    1059
    1017
    1024
    1066
     952
     939
    1001
     937
     934
     929
     975
     961
    1008
     969
     977
    1001
     986
     913
     990
     938
     919
     976
     969
     988
     964
     908
     958
     948
     940
     927
     976
     960
     945
     936
     928
     949
     945
     907
    1004
     918
     982
     915
     899
     897
     963
     923
     952
     991
     986
     915
     935
     968
     943
     857
     967
     968
     954
     901
     916
     924
     904
     868
     923
     922
     948
     940
     933
     891
     943
     946
     898
     937
     878
     920
     888
     965
     896
     941
     921
     898
     960
     938
     974
     931
     935
     893
     925
     919
     943
     916
     916
     910
     899
     875
     927
     894
     942
     958
     966
     893
     918
     946
     939
     966
     900
     961
     955
     941
     898
     930
     961
     904
     932
     924
     903
     953
     944
     958
     945
     934
     938
     929
     877
     953
     950
     934
     915
     921
     921
     894
     873
     900
     910
     887
     893
     931
     917
     889
     905
     897
     865
     916
     833
     876
     896
     858
     912
     856
     885
     867
     871
     839
     855
     891
     928
     831
     881
     907
     897
     850
     916
     861
     890
     873
     862
     894
     904
     844
     843
     860
     866
     842
     872
     916
     887
     831
     868
     874
     860
     897
     854
     853
     853
     846
     867
     854
     823
     811
     888
     825
     866
     844
     843
     850
     901
     922
     930
     944
    1042
    1101
    1071
    1119
    1101
    1063
     950
    1049
    1298
    1487
    1654
    1625
    1255
    1102
     913
     835
     833
     811
     859
     814
     844
     839
     895
     795
     823
     809
     806
     853
     825
     799
     772
     788
     806
     833
     839
     811
     793
     812
     805
     772
     820
     776
     845
     837
     786
     773
     788
     769
     816
     804
     755
     744
     828
     768
     797
     809
     807
     774
     758
     811
     774
     765
     809
     780
     751
     748
     779
     763
     770
     744
     790
     787
     767
     745
     763
     825
     811
     799
     777
     819
     741
     742
     823
     753
     731
     730
     721
     753
     792
     807
     714
     784
     725
     766
     793
     748
     744
     800
     752
     790
     823
     735
     766
     799
     784
     725
     795
     792
     762
     764
     778
     748
     804
     834
     892
     860
     849
     779
     768
     704
     756
     742
     767
     783
     766
     712
     736
     706
     771
     761
     792
     709
     733
     738
     764
     731
     744
     790
     750
     718
     688
     686
     777
     734
     798
     748
     752
     779
     749
     772
     712
     681
     740
     750
     740
     743
     728
     774
     711
     717
     766
     716
     699
     710
     756
     699
     760
     741
     745
     767
     734
     778
     741
     729
     720
     745
     734
     706
     700
     735
     696
     690
     710
     696
     664
     720
     715
     726
     767
     775
     747
     710
     725
     705
     680
     664
     772
     677
     679
     678
     687
     698
     655
     693
     696
     681
     729
     715
     684
     681
     667
     696
     722
     685
     671
     686
     686
     682
     627
     721
     753
     669
     724
     711
     678
     696
     691
     719
     666
     723
     646
     717
     701
     655
     708
     713
     639
     688
     657
     667
     666
     702
     709
     667
     658
     647
     675
     709
     633
     703
     641
     708
     606
     640
     640
     687
     665
     720
     663
     693
     711
     710
     663
     663
     651
     686
     767
     738
     784
     776
     735
     692
     644
     707
     691
     630
     674
     665
     685
     695
     688
     747
     725
     709
     649
     633
     636
     641
     639
     657
     580
     657
     640
     589
     635
     629
     667
     605
     665
     598
     630
     667
     610
     639
     612
     607
     643
     645
     624
     629
     664
     631
     620
     600
     609
     623
     639
     660
     634
     611
     596
     603
     604
     610
     594
     585
     613
     640
     622
     616
     616
     632
     642
     593
     611
     631
     594
     617
     609
     538
     584
     596
     613
     591
     600
     593
     628
     602
     598
     642
     570
     620
     588
     583
     590
     589
     589
     633
     638
     579
     542
     584
     547
     604
     565
     578
     593
     571
     594
     603
     587
     640
     574
     575
     592
     590
     630
     593
     623
     571
     563
     613
     576
     557
     559
     541
     586
     578
     575
     547
     593
     573
     586
     602
     558
     577
     590
     565
     596
     606
     583
     531
     540
     599
     574
     599
     588
     533
     596
     543
     551
     525
     569
     525
     545
     568
     530
     532
     528
     561
     591
     560
     555
     524
     546
     541
     565
     557
     522
     511
     594
     562
     570
     587
     556
     525
     565
     548
     486
     530
     537
     518
     555
     575
     536
     520
     548
     517
     564
     532
     524
     517
     501
     547
     545
     503
     546
     514
     530
     498
     573
     528
     521
     528
     491
     516
     555
     518
     515
     520
     501
     535
     476
     528
     544
     527
     576
     508
     502
     481
     480
     494
     521
     546
     535
     553
     506
     539
     483
     502
     511
     489
     501
     470
     476
     504
     518
     483
     489
     497
     529
     477
     431
     478
     463
     470
     509
     507
     495
     480
     471
     500
     468
     455
     486
     497
     535
     493
     485
     485
     478
     494
     480
     436
     493
     454
     493
     459
     469
     487
     484
     489
     484
     478
     465
     519
     478
     469
     472
     433
     430
     459
     464
     461
     448
     485
     528
     561
     643
     578
     572
     453
     471
     493
     454
     452
     432
     458
     452
     457
     404
     471
     458
     468
     422
     441
     430
     429
     461
     459
     451
     433
     429
     441
     480
     439
     406
     471
     454
     434
     458
     453
     387
     443
     450
     461
     433
     430
     422
     449
     440
     422
     426
     438
     398
     449
     432
     405
     418
     490
     456
     463
     470
     444
     408
     441
     425
     424
     431
     409
     434
     389
     428
     455
     449
     417
     429
     404
     437
     418
     437
     370
     402
     430
     402
     409
     418
     408
     410
     417
     442
     401
     394
     413
     402
     390
     388
     419
     416
     383
     406
     396
     413
     371
     420
     443
     394
     406
     387
     406
     395
     386
     391
     398
     379
     367
     407
     392
     426
     373
     387
     417
     400
     362
     340
     343
     411
     382
     372
     371
     364
     383
     381
     396
     379
     390
     380
     372
     376
     356
     372
     384
     385
     411
     413
     420
     504
     442
     460
     410
     417
     370
     371
     355
     375
     356
     383
     353
     340
     363
     345
     344
     362
     390
     351
     341
     350
     371
     364
     322
     400
     357
     362
     389
     363
     336
     358
     377
     340
     345
     341
     355
     358
     338
     365
     336
     338
     339
     345
     347
     331
     348
     370
     338
     335
     341
     339
     376
     325
     345
     331
     361
     318
     333
     358
     304
     305
     331
     311
     339
     358
     338
     335
     316
     350
     334
     361
     358
     318
     344
     329
     329
     321
     312
     327
     319
     325
     325
     333
     308
     308
     297
     322
     312
     378
     332
     288
     332
     317
     306
     311
     311
     348
     317
     291
     318
     322
     312
     305
     323
     324
     319
     311
     341
     299
     335
     311
     313
     293
     332
     297
     330
     337
     301
     291
     313
     310
     319
     270
     296
     299
     291
     317
     303
     305
     322
     309
     301
     307
     342
     322
     306
     307
     289
     332
     304
     299
     302
     289
     283
     288
     295
     292
     294
     306
     286
     290
     286
     270
     277
     260
     286
     305
     282
     281
     278
     281
     276
     298
     279
     279
     293
     288
     321
     283
     293
     288
     263
     265
     276
     311
     300
     264
     259
     262
     273
     295
     275
     286
     266
     291
     261
     268
     252
     254
     295
     257
     295
     248
     265
     253
     271
     262
     269
     271
     270
     230
     254
     246
     250
     265
     262
     265
     275
     258
     246
     240
     245
     277
     252
     253
     255
     247
     264
     232
     261
     241
     272
     244
     258
     251
     252
     249
     254
     268
     248
     248
     224
     257
     241
     248
     246
     251
     260
     249
     262
     280
     244
     257
     235
     243
     241
     248
     227
     248
     214
     225
     234
     259
     260
     249
     270
     208
     253
     214
     252
     267
     233
     252
     244
     256
     233
     224
     222
     224
     219
     221
     233
     237
     211
     239
     214
     254
     232
     223
     225
     213
     200
     224
     235
     242
     228
     221
     261
     284
     382
     414
     440
     442
     363
     302
     238
     213
     233
     196
     204
     218
     220
     201
     205
     235
     190
     211
     208
     219
     206
     207
     213
     214
     213
     201
     211
     212
     197
     211
     215
     192
     215
     233
     221
     208
     219
     206
     179
     204
     198
     216
     191
     197
     175
     184
     221
     209
     201
     190
     210
     181
     196
     188
     193
     201
     198
     221
     198
     207
     188
     211
     212
     206
     183
     188
     198
     205
     202
     198
     165
     203
     220
     187
     200
     194
     177
     186
     191
     211
     208
     184
     202
     164
     176
     165
     173
     183
     172
     184
     196
     189
     157
     172
     190
     197
     185
     173
     167
     163
     175
     160
     180
     186
     178
     153
     166
     158
     184
     159
     200
     171
     177
     168
     167
     180
     157
     165
     166
     184
     169
     173
     178
     171
     151
     138
     196
     152
     183
     128
     183
     165
     164
     155
     173
     172
     142
     134
     150
     167
     145
     149
     153
     157
     152
     152
     159
     148
     167
     157
     149
     171
     149
     155
     173
     162
     166
     167
     147
     158
     156
     153
     157
     154
     158
     134
     157
     136
     169
     161
     152
     146
     142
     126
     141
     147
     161
     131
     132
     147
     144
     159
     149
     137
     145
     142
     138
     130
     129
     166
     151
     138
     135
     132
     126
     139
     128
     123
     134
     156
     149
     145
     131
     144
     160
     137
     137
     142
     151
     145
     136
     141
     126
     142
     127
     140
     132
     114
     111
     133
     130
     135
     126
     132
     138
     138
     139
     134
     121
     129
     127
     123
     133
     121
     124
     130
     127
     132
     106
     131
     134
     110
     127
     126
     109
     107
     122
     142
     118
     114
     128
     132
     117
     123
     126
     131
     111
     118
     111
     116
     108
     113
     105
     121
     107
     119
      96
      98
     104
     118
     119
     113
     107
     125
     122
     114
     107
     127
     105
     125
      96
      98
     114
     130
     102
     127
     100
     112
     125
     127
     127
     121
      99
     109
      89
     109
      98
      98
     123
      95
     107
      96
     103
     112
     107
     116
     106
     109
      99
      76
     112
      88
      85
     111
      93
     111
     111
      93
      97
      89
      98
     105
      88
      95
      94
     116
     101
     108
      87
     109
     101
      86
      86
      92
      95
      96
     112
      91
     107
     103
      90
      91
     100
      91
      88
      99
      98
      93
      96
      89
      97
      86
      80
      92
      74
      95
      86
      94
     110
      95
      85
     101
      84
      94
      97
      81
      81
      98
      75
      78
      88
      79
      82
      80
      80
      73
      78
      95
      93
      80
      84
      74
      80
      78
      80
      78
      94
      69
      86
      79
      93
      78
      89
      79
      71
      93
      87
      95
      81
      99
     115
     102
      91
      88
      94
      85
      72
      77
      83
      89
      51
      65
      79
      80
      67
      64
      76
      71
      74
      71
      64
      79
      66
      50
      58
      81
      73
      71
      75
      95
      74
      66
      74
      78
      69
      79
      80
      71
      64
      68
      79
      77
      59
      72
      72
      68
      58
      53
      78
      57
      70
      71
      59
      55
      60
      62
      60
      80
      60
      64
      58
      57
      73
      76
      77
      64
      73
      73
      51
      65
      54
      72
      71
      64
      46
      64
      61
      68
      87
      78
      94
     136
     206
     234
     342
     379
     358
     286
     215
     146
     107
      73
      57
      78
      55
      53
      60
      57
      52
      57
      49
      64
      66
      48
      53
      73
      58
      50
      47
      64
      56
      65
      66
      56
      50
      44
      48
      60
      59
      74
      48
      50
      55
      43
      43
      42
      53
      53
      55
      61
      48
      50
      64
      45
      50
      50
      63
      40
      52
      61
      72
      62
      87
      73
      86
      82
      64
      44
      57
      47
      45
      53
      56
      65
      47
      52
      49
      50
      46
      33
      37
      54
      49
      53
      52
      57
      35
      48
      49
      36
      53
      53
      39
      46
      52
      40
      48
      47
      46
      40
      56
      60
      66
      95
     107
     118
     121
      95
      81
      57
      71
      41
      52
      69
     104
     128
     167
     207
     219
     197
     169
     139
      85
      54
      43
      44
      46
      35
      32
      38
      32
      43
      42
      51
      47
      39
      36
      45
      32
      49
      33
      40
      35
      36
      27
      43
      42
      46
      37
      38
      47
      43
      32
      27
      44
      31
      49
      35
      49
      31
      42
      38
      42
      38
      28
      32
      38
      38
      45
      44
      40
      30
      39
      28
      25
      39
      34
      39
      44
      42
      39
      35
      33
      30
      28
      48
      31
      33
      35
      27
      38
      30
      26
      36
      38
      36
      29
      28
      28
      39
      26
      36
      42
      28
      27
      24
      32
      24
      42
      38
      34
      24
      35
      36
      23
      35
      31
      27
      26
      28
      33
      29
      39
      27
      26
      27
      31
      25
      27
      28
      33
      32
      33
      33
      24
      31
      33
      23
      28
      26
      22
      32
      29
      34
      25
      37
      39
      29
      29
      30
      40
      55
      79
      86
      90
      78
      73
      59
      36
      29
      28
      25
      27
      18
      26
      24
      32
      16
      24
      32
      29
      32
      23
      21
      27
      28
      24
      20
      23
      23
      17
      27
      21
      19
      30
      30
      25
      21
      19
      19
      22
      16
      24
      33
      25
      33
      23
      28
      22
      27
      24
      32
      21
      20
      31
      25
      15
      24
      22
      29
      20
      30
      28
      27
      28
      20
      15
      34
      23
      16
      30
      19
      22
      15
      21
      17
      21
      18
      22
      28
      19
      26
      18
      21
      20
      18
      19
      17
      29
      13
      30
      20
      28
      20
      24
      15
      19
      24
      19
      30
      19
      18
      20
      25
      17
      25
      18
      24
      21
      14
      23
      21
      23
      15
      17
      20
      20
      14
      24
      23
      20
      21
      24
      23
      28
      23
      18
      25
      20
      21
      16
      18
      20
      25
      16
      29
      20
      15
      20
      11
      16
      15
      24
      22
      33
      14
      21
      15
      13
      18
      16
      15
      26
      17
      18
      20
      18
      16
      20
      24
      20
      21
      18
      12
      18
      18
      25
      14
      22
      19
      17
      35
      26
      17
      19
      14
      17
      15
      19
      12
      20
      18
      20
      14
      14
      16
      24
      17
      16
      18
      21
      20
      18
      14
      15
      21
      15
      22
      19
      17
      17
      24
      17
      20
       8
      15
      13
      11
      12
      17
      22
      14
      21
      12
      20
      14
      14
      12
      17
      17
       9
      21
      17
      15
      15
      20
      18
      13
      18
      13
      15
      21
      23
      15
      15
      20
      11
      15
       9
      19
      12
      15
      20
      16
      16
      16
      12
      15
       9
      16
      13
       8
      18
      10
      15
      13
      19
      17
      16
      19
      23
      24
      27
      36
      49
      41
      28
      43
      30
      19
      19
      24
      19
      14
      10
       4
      10
      16
      13
       5
      18
      25
      12
      20
      11
      13
      12
      12
      19
      10
       4
      18
      13
      14
      23
      15
      16
      18
      15
      15
      13
      19
      17
      19
      15
      17
      27
      24
      28
      36
      29
      23
      27
       8
      19
      14
      14
      17
      13
      16
      19
      35
      30
      22
      34
      27
      27
      24
      16
       9
      16
      16
       9
      10
      12
       9
       8
      16
      20
      15
      12
      13
      16
       7
      10
       8
       8
      12
      15
      13
      15
      15
      14
       8
      12
      13
      12
      11
      11
      12
       9
      14
      13
      13
      12
      12
      13
      12
      12
      17
      13
      17
      25
      29
      35
      29
      41
      24
      26
      20
      18
      13
      14
      11
       8
      19
      15
      12
      12
       8
      11
      10
      14
      22
      14
       6
      12
      10
      18
      17
      12
      12
      12
      16
       9
      14
      13
      12
      18
      19
      23
      35
      51
      83
      80
      71
      66
      40
      26
      14
       9
       8
      12
      12
      16
       5
       8
       7
      11
      10
      11
      14
      17
      15
       6
      11
       9
       7
      20
      11
      13
       9
      11
      15
      11
       7
      12
      16
      14
      13
       7
      10
       8
      17
      10
      13
      14
      11
       9
       9
      11
      12
       7
       7
       9
      13
      14
      16
      12
       6
       9
      13
      11
      10
       5
       7
      17
      12
       5
       6
      13
      10
       7
      14
      10
       5
      13
       7
       7
      10
      15
      11
       6
      15
      11
      10
       8
      10
      13
      16
       6
      16
      14
      18
      10
       7
      15
      14
       9
       9
       7
      10
      13
      10
      10
       7
      14
      14
       7
      17
       3
      10
       9
      17
       8
       7
       5
      10
      12
      14
      14
      16
      12
      13
      13
       8
      10
       4
      12
       4
       7
      10
       6
      13
       7
      11
      16
      10
      12
      10
      11
       8
      11
      13
       3
      11
      18
      13
      10
       6
      14
      14
      12
      13
       8
       9
      12
       7
      18
      12
      11
      13
       7
      12
      12
      10
       9
      11
       6
       9
      10
       5
       6
       2
      10
       8
      15
      18
       8
       9
      15
       7
       6
       6
      11
       9
      10
       8
       5
       9
      11
       8
       9
      13
      12
       9
       7
      12
       6
      12
      16
       9
       6
      14
       7
      15
       6
      10
      15
       9
      15
       6
      11
      12
      13
      13
      16
      12
      10
      18
      12
       8
      13
       6
       6
      12
      11
      11
       6
       5
       9
      13
      10
      10
      13
       6
      10
      11
      12
       9
       3
      10
      14
      11
       8
      14
      12
       2
       5
       9
      12
       7
      10
      15
      10
      10
       7
      14
      13
       7
      12
      10
       8
      13
       4
       7
       5
      10
       9
      11
       8
       3
      13
      16
       9
       8
      14
       8
      21
      14
       6
      10
      10
       8
       6
      12
      13
      10
       7
      14
      11
       7
       6
      12
      10
       6
       8
       5
       8
      13
       9
      14
      10
      10
       6
       5
      11
      11
      14
      11
       8
      11
      15
      13
       9
       7
      11
       8
       9
      10
      11
      10
       9
      15
       8
      10
      15
      10
      25
      20
      28
      46
      45
      83
     107
     123
     117
      82
      56
      31
      13
      11
      10
       5
      14
       8
      11
       8
       7
       5
       9
       8
       6
      12
       8
       9
       5
       8
       8
      13
       5
       2
       7
      12
      11
       8
      15
       8
      17
      16
      18
      14
      18
      15
      15
      15
       8
       8
       7
       6
      11
      12
       6
       7
       4
       7
       8
       5
       7
       4
      10
       4
       5
       9
      10
      12
       9
       9
       8
      12
       6
       7
       8
      10
       7
       8
      12
       4
       5
       9
       8
       7
       8
       2
      10
      10
       7
       5
       9
       4
       9
       7
       6
       7
      12
      14
       4
      10
       6
       6
       5
       8
       7
       7
       4
       8
       7
       9
       5
      12
       5
      13
       9
       7
      10
       7
      11
      10
       9
       2
       7
       6
      11
       3
      11
      10
      12
      11
       8
       9
      14
       9
       9
      10
       7
      12
       3
       9
       8
      10
      13
       8
       4
       8
       3
      15
      12
       9
       7
       3
       5
       7
       7
       8
       6
       7
       6
       9
      10
       7
       8
      10
       6
       1
       8
      12
       4
       2
       2
       6
       8
       4
       4
       3
       7
       6
       8
       5
       3
       6
       7
      10
       8
       3
      13
       5
       8
       3
       6
       7
      13
       7
       6
       6
       6
      12
       4
       5
      10
       5
       3
      10
      11
      12
       6
       7
      10
      11
       5
       9
       8
       7
       5
       8
       7
       6
       5
       7
       9
       7
      11
       9
       4
      13
       7
       8
       7
       7
       4
      11
       5
       9
       9
       8
       6
      13
       3
       5
       8
       7
       7
       9
       6
       7
       8
      12
       4
       5
       9
       5
       7
      14
      12
       6
       9
       3
       8
       8
       7
      11
       3
       4
       7
       8
       9
      10
       7
      11
       6
       6
       6
       5
       9
       8
      11
      11
       9
       6
      10
       7
      11
       4
       6
       7
       9
      13
      11
       7
       4
       5
       3
       7
       6
      11
      11
       3
      10
       1
       5
       9
       8
       7
       8
      10
       6
      10
       5
       6
       8
       8
       4
       5
      12
       3
       7
       8
       3
       6
       3
       4
       4
       6
       8
       8
       6
       5
       3
       9
      12
      10
       8
      10
      13
       9
      10
      11
       9
       7
       1
       8
       7
      10
      11
       3
       5
       9
       6
      11
       9
      10
      10
      15
      12
      15
      13
       9
       2
       6
      11
       4
       3
       6
       8
       7
       8
      11
       6
       7
       5
       5
       7
       4
       5
       9
      11
       4
       5
       6
       8
       7
       6
       5
       6
       4
       3
       2
       4
       7
      12
       4
      10
       5
       4
       4
       4
       7
      10
       9
       5
       6
      13
       8
       6
       7
      12
       6
       8
       8
       9
       7
       7
       7
      11
      11
       6
       4
       8
       7
       7
      13
       8
       7
       8
       6
       6
       4
       6
       1
       5
       8
      11
       6
      11
       8
       7
       9
      13
       3
      12
       7
      12
       7
      10
      10
      11
       7
       6
       2
       6
      10
      10
       6
       3
       9
       7
       5
       6
       8
       7
       4
       6
       2
       8
       9
       8
       9
      10
      11
       6
       7
       7
       9
       9
       5
       4
       7
       9
       5
       8
       2
       8
       3
       3
      10
       9
       8
      10
       8
      11
       6
       7
       8
       2
       2
       9
       7
       8
       7
       9
       5
       6
       6
       5
       4
       5
       8
      10
       8
       2
       6
       3
      11
       6
       6
       7
       6
       7
       6
       5
       9
       4
      11
       9
       6
       3
       7
       7
       3
       5
       5
       8
       6
       9
       7
       4
       4
       5
       4
      11
       9
       7
       7
       8
       4
       5
       9
       8
       4
       4
       6
       7
       6
       5
      12
       9
       6
      11
       8
       8
       5
       9
       4
      10
       1
       2
       7
       4
       5
       4
       7
      10
       5
       2
       7
       4
       7
       8
       3
       7
       9
       7
       9
       9
       4
       5
       2
       4
      10
       7
       7
      10
       3
       9
       7
       8
       7
       6
       3
       7
       5
       8
       6
       7
      10
      10
       8
       5
       3
       5
       3
       4
       5
       9
       3
       4
       5
       8
       5
       5
       6
       7
      11
       5
       2
       7
       5
       8
       7
       8
       7
       3
       4
       2
       6
       6
       3
       2
      10
       2
      10
       8
       9
       9
       5
       8
       6
       8
      12
       6
      10
       6
       7
      10
       3
       8
       3
       7
       3
       3
       5
       9
       4
       8
      18
       5
       3
       2
       6
       7
       6
       6
       6
       2
       7
      10
       5
       2
       4
      10
       4
       9
       4
       2
       5
       5
       2
       9
       1
       4
      10
       4
       6
       6
       2
      10
       6
       7
       9
       8
       4
       9
       6
       9
       5
       6
       5
       5
       4
       6
       4
       5
       5
       6
       5
       6
       6
       6
       4
       4
       4
       8
       5
       3
       5
       9
       6
       5
       7
       4
       5
       4
       8
       5
       8
       5
       6
       5
       3
       2
       6
       8
       5
       5
       4
       5
       8
       4
       4
       6
       9
       4
      12
       6
       2
      10
       6
       3
       6
       6
       5
       6
       5
       6
       5
       6
       9
       6
       4
       6
       5
       9
       8
       6
       7
       6
       8
       2
       4
       5
       5
       4
       4
      11
       6
      10
      18
      19
      25
      20
      22
       9
       7
       7
       3
       9
       6
       7
       3
       7
       5
       2
       9
       7
       2
       2
       7
       5
       4
       5
       7
       5
       5
       4
       7
       9
       2
       6
       5
       3
       5
       4
       4
       2
       6
       6
       9
       6
       5
       4
       7
       9
       2
       5
       6
       5
       5
       5
       2
       7
       6
       7
       2
       4
       3
       6
       5
       7
       2
       8
       5
       5
       4
      10
       4
       6
       7
       6
       7
       4
       5
       4
       2
       3
       5
       4
       4
       4
       4
       4
       6
       6
       5
       5
       4
       4
       4
       2
       4
       2
       7
       4
       5
       4
       4
       6
       6
       5
       3
       2
       6
       4
       7
       5
       7
       4
       4
      10
      10
       4
       6
       1
       4
       4
       4
       5
       9
       2
       5
       2
       4
       6
       2
       6
       6
       4
       4
       4
       7
       6
       7
       5
       7
       7
       5
       5
       3
       4
       5
       5
       4
       3
       4
       6
       4
       7
       8
       8
       2
       2
       4
       5
       0
       3
       8
       4
       3
       7
       1
       4
       6
       4
       6
       7
       9
       3
       6
       4
       6
       3
       5
       5
       4
       6
       8
       4
       7
       8
       9
       4
       6
      10
       5
       5
       7
       4
       8
       7
       2
       3
       2
       3
       6
       6
       9
       5
       3
       3
       9
       5
       3
       8
       2
       5
       4
       6
       8
       5
       3
       3
       7
      11
       4
       2
       7
       4
       2
       4
       4
       3
       9
       4
       7
       5
       7
       8
       3
       3
       4
       3
       5
       5
       6
       3
       7
       4
       3
       4
       4
       5
       7
       1
       8
       6
       4
       8
       4
       7
       4
       7
       3
       4
       5
       5
       1
       1
       5
       5
       5
       6
       4
       3
       3
       4
       8
       5
       6
       1
       3
       3
       4
       5
       5
       9
       6
       6
       5
       4
       4
       8
       6
       8
       5
       5
       4
       7
       7
       5
       2
       4
       3
       1
       3
       7
       4
       7
       3
       7
      11
       5
       0
       6
       7
       3
       2
       7
       3
       1
      10
       3
       7
       4
       5
       2
       5
       3
       1
       5
       5
       6
       4
       1
       5
       6
       6
       4
       7
       4
       7
       4
       6
       4
       5
       5
       3
       2
       5
       5
       3
       3
       5
       5
       7
       4
       4
       3
       3
       3
       1
       6
       6
       4
       5
       8
       5
       7
       2
       5
       7
      12
       3
       5
       3
       6
       5
       6
       4
       2
       5
       5
       8
       2
       3
       5
       4
       6
       1
       3
       4
       2
       6
       6
       5
       5
       6
       3
       3
       4
       5
       4
       7
       9
       8
       3
       6
       5
       4
       3
       8
       4
       2
      10
      10
       4
       3
       6
       2
       5
       3
       3
       6
       8
       3
       4
       6
       5
       5
       3
       7
       3
       3
       2
       4
       6
       1
       5
       3
       4
       5
       6
       9
       2
       5
       6
       5
       7
       5
       6
       3
       6
       2
       5
       1
       6
       6
       6
       6
       8
       4
       3
       6
       5
       3
       3
       7
       6
       4
       6
      11
       5
       6
       0
       0
       6
       0
       0
       4
       6
       6
       2
       4
       1
       4
       7
       9
       6
       1
       3
       7
       7
       8
       7
       4
       3
       6
       6
       6
       7
       3
       3
       4
       7
       7
       3
       5
       3
       3
       2
       5
       5
       2
       1
       3
       6
       3
       3
       5
       4
       2
       2
       4
       4
       3
       6
       5
       4
       5
       1
       4
       2
       5
       2
       5
       5
       4
       6
       4
       5
       5
       2
       6
       4
       5
       9
       7
       3
       4
       8
       3
       3
       6
       2
       3
       9
       3
       1
       5
       8
       5
      10
       5
       4
       9
       2
       8
       5
       6
       4
       5
       5
       6
       4
       4
       3
       6
       3
       5
       3
       4
       1
       2
       5
       1
       3
       4
       3
       4
       1
       5
       5
       3
       2
       4
       2
       4
       6
       6
       3
       3
       5
       7
       3
       4
       3
       3
       4
       2
       4
       6
       6
       2
       3
       7
       5
       4
       4
       2
       3
       3
       3
       1
       3
       4
       3
       2
       5
       1
      12
       3
       3
       4
       3
       5
       3
       3
       2
       6
       2
       3
       8
       6
       3
       3
       6
       6
       6
       2
       5
       6
       5
       2
       2
       8
       3
       2
       3
       4
       4
       2
       5
       3
       6
       6
       3
       5
       5
       2
       9
       3
       5
       3
       1
       3
       6
       4
       6
       6
       8
       3
       3
       4
       2
       4
       2
       3
       4
       5
       3
       2
       1
       5
       3
       5
       3
       3
       6
       6
       4
       5
       3
       3
       3
       3
       2
       3
       9
       2
       2
       5
       6
       6
       3
       4
       4
       2
       3
       2
       5
       5
       3
       5
       3
       7
       0
       1
       3
       1
       2
       7
       3
       2
       2
       4
       6
       1
       3
       4
       3
       3
       3
       4
       4
       7
       3
       2
       5
       3
       2
       6
       2
       1
       1
       8
       6
       2
       3
       7
       3
       4
       6
       2
       3
       4
       8
       2
       9
       2
       4
       2
       5
       6
       4
       3
       2
       7
       7
       3
       1
       4
       3
       4
       4
       1
       2
       3
       6
       5
       4
       5
       3
       2
       3
       5
       1
       5
       4
       1
       2
       2
       3
       3
       3
       5
       3
       3
       1
       9
       5
       3
       5
       8
       9
       3
       0
       2
       3
       5
       5
       4
       2
       1
       4
       8
       2
       1
       4
       4
       6
       1
       3
       2
       3
       2
       4
       5
       6
       4
       4
       6
       8
       4
       7
       5
       4
       3
       7
       4
       4
       6
       6
       5
       7
       2
       6
       3
       7
       5
       4
       0
       0
       3
       6
       4
       9
       3
       9
       6
       5
       4
       6
       5
       2
       6
       6
       4
       2
       8
       7
       4
       9
       9
       6
       9
      11
       6
       8
       5
       4
       5
       6
       5
       3
       3
       4
       4
       6
       5
       1
       7
       3
       9
       5
       1
       5
       3
       4
       3
       4
       3
       5
       8
       4
       6
       6
       3
       3
       4
       4
       8
       8
       9
       6
       5
       9
       5
       5
       2
       7
       5
       7
       4
       2
       0
       2
       5
       5
       3
       5
       4
       3
       1
       2
       3
       3
       6
       2
       8
       5
       7
       1
       2
       7
       3
       2
       3
       0
       3
       6
       7
       1
       9
       1
       6
       3
       4
       1
       4
       2
       6
       8
       1
       7
       8
       1
       3
       2
       7
       3
       5
       7
       7
       1
       1
       2
       3
       6
       4
       2
       3
       3
       6
       5
       5
       7
       4
       1
       2
       5
       4
       6
       5
       5
       6
       6
       2
       6
       0
       4
       7
       2
       4
       5
       5
       3
       4
       2
       4
       0
       1
       3
       4
       5
       3
       0
       5
       4
       2
       4
       4
       4
       4
       3
       4
       4
       5
       1
       3
       1
       2
       6
       3
       5
       2
       2
       4
       6
       5
       1
       2
       5
       4
       5
       4
       5
       3
       5
       1
       2
       5
       4
       1
       3
       0
       4
       4
       0
       2
       5
       2
       5
       4
       0
       7
       2
       7
       8
       6
       6
       4
       4
       0
       6
       5
       1
       5
       2
       5
       3
       7
       5
       5
       5
       6
       7
       6
       3
       2
       5
       2
       4
       4
       5
       4
       3
       5
       5
       6
       8
       1
       5
       5
       2
       4
       6
       4
       1
       3
       2
       1
       3
       3
       6
       6
       7
       3
       3
       4
       2
       4
       3
       2
       0
       5
       3
       5
       3
       5
       8
       5
       9
       9
       9
       4
       6
       7
       4
       6
       0
       3
       1
       1
       6
       4
       2
       5
       4
       3
       4
       0
       1
       3
       3
       2
       4
       5
       1
       4
       1
       2
       5
       3
       5
       0
       4
       5
       3
       5
       7
       6
       1
       2
       3
       6
       4
       2
       4
       2
       4
       6
       2
       3
       3
       6
       3
       2
       3
       4
       3
       2
       4
       4
       3
       3
       3
       4
       4
       1
       5
       4
       1
       6
       4
       8
       1
       2
       8
       2
       4
       4
       2
       3
       1
       3
       1
       6
       2
       4
       3
       3
       3
       4
       6
       1
       4
       5
       1
       5
       2
       1
       0
       2
       5
       5
       1
       4
       4
       2
       2
       5
       3
       1
       2
       2
       3
       4
       5
       2
       1
       2
       4
       2
       2
       3
       2
       3
       6
       5
       5
       3
       6
       5
       4
       3
       3
       4
       4
       3
       1
       7
       4
       6
       0
       2
       5
       9
       2
       5
       3
       8
       2
       3
       1
       3
       2
       3
       5
       1
       2
       4
       3
       4
       3
       6
       3
       3
       3
       3
       5
       6
       1
       4
       2
       1
       2
       4
       3
       3
       5
       2
       3
       6
       2
       2
       3
       5
       5
       4
       1
       9
       5
       3
       2
       5
       2
       3
       2
       1
       2
       3
       3
       4
       1
       3
       1
       3
       2
       2
       4
       1
       4
       3
       4
       1
       5
       5
       3
       3
       4
       4
       2
       0
       4
       3
       3
       7
       3
       2
       0
       7
       3
       5
       3
       3
       4
       4
       2
       4
       2
       1
       1
       4
       4
       3
       4
       6
       7
       4
       1
       5
       7
       3
       0
       5
       4
       6
       3
       3
       5
       5
       0
       2
       2
       5
       4
       4
       3
       6
       4
       1
       6
       2
       4
      11
       6
       4
       4
       1
       4
       2
       4
       5
       2
       4
       6
       2
       3
       4
       1
       4
       6
       1
       4
       4
       5
       2
       3
       3
       3
       3
       3
       2
       4
       6
       5
       4
       5
       5
       7
       2
       3
       5
       0
       5
       2
       2
       1
       3
       1
       4
       4
       0
       7
       7
       3
       3
       7
       5
       3
       1
       6
       2
       5
       0
       2
       0
       3
       2
       5
       6
       4
       4
       1
       5
       8
       4
       8
       3
       2
       5
       6
       3
       4
       3
       3
       2
       5
       8
       3
       2
       3
       3
       5
       0
       4
       1
       4
       1
       1
       3
       4
       4
       7
       3
       1
       3
       3
       4
       4
       1
       3
       4
       3
       8
       2
       4
       3
       4
       2
       1
       2
       4
       3
       2
       5
       4
       6
       2
       1
       7
       6
       5
       4
       4
       9
       3
       7
       3
       3
       1
       3
       3
       3
       1
       2
       0
       3
       1
       0
       0
       2
       4
       3
       3
       1
       5
       0
       5
       1
       2
       2
       2
       0
       8
       2
       3
       4
       3
       0
       4
       1
       4
       3
       3
       3
       3
       5
       1
       2
       4
       4
       2
       4
       3
       2
       3
       3
       4
       1
       3
       3
       2
       2
       2
       5
       2
       5
       1
       4
       5
       5
       2
       4
       4
       3
       5
       3
       5
       1
       5
       1
       3
       6
       1
       2
       1
       3
       2
       6
       4
       4
       3
       3
       3
       3
       3
       5
       7
       4
       2
       2
       8
       0
       4
       2
       2
       3
       5
       2
       2
       4
       2
       2
       2
       1
       4
       5
       4
       4
       2
       1
       2
       7
       2
       3
       3
       6
       3
       6
       1
       5
       2
       2
       6
       3
       4
       3
       3
       3
       3
       1
       5
       0
       3
       1
       3
       4
       4
       3
       1
       6
       3
       3
       4
       6
       6
       1
       3
       2
       1
       2
       4
       6
       4
       5
       3
       5
       2
       3
       1
       7
       3
       1
       2
       4
       7
       3
       2
       3
       2
       1
       4
       2
       1
       3
       3
       1
       2
       2
       1
       3
       4
       3
       2
       9
       4
       1
       2
       4
       1
       2
       2
       4
       4
       1
       1
       2
       2
       1
       1
       4
       2
       1
       2
       4
       5
       1
       1
       7
       1
       2
       4
       2
       1
       3
       2
       1
       1
       6
       4
       5
       3
       7
       3
       3
       2
       7
       3
       5
       7
       1
       2
       2
       1
       0
       6
       2
       2
       2
       3
       4
       5
       2
       3
       6
       5
       2
       2
       4
       4
       5
       4
       3
       3
       1
       5
       7
       1
       3
       4
       5
       5
       3
       2
       1
       4
       1
       3
       2
       1
       1
       3
       2
       3
       1
       0
       2
       3
       1
       2
       1
       2
       4
       4
       2
       0
       1
       1
       3
       0
       1
       2
       1
       4
       3
       2
       0
       0
       3
       4
       4
       4
       2
       4
       5
       4
       3
       2
       2
       3
       5
       3
       2
       8
       4
       2
       2
       5
       2
       5
       0
       3
       2
       6
       1
       0
       4
       1
       2
       3
       1
       1
       2
       3
       1
       2
       2
       2
       5
       4
       3
       3
       2
       3
       3
       1
       5
       1
       2
       2
       3
       4
       5
       3
       3
       2
       3
       2
       5
       4
       1
       4
       7
       4
       3
       1
       1
       2
       3
       6
       2
       2
       1
       0
       1
       3
       5
       6
       5
       3
       1
       2
       2
       3
       1
       2
       4
       1
       1
       2
       6
       1
       4
       7
       2
       3
       0
       3
       2
       1
       4
       0
       2
       2
       1
       1
       0
       3
       0
       1
       3
       2
       1
       1
       2
       1
       6
       2
       1
       1
       0
       0
       6
       2
       2
       3
       1
       1
       2
       2
       1
       2
       4
       2
       3
       1
       1
       2
       1
       0
       3
       2
       1
       2
       2
       5
       1
       2
       1
       2
       3
       2
       2
       5
       2
       3
       2
       2
       4
       5
       2
       2
       0
       1
       2
       2
       2
       3
       2
       4
       2
       1
       2
       2
       1
       4
       2
       1
       3
       2
       1
       1
       2
       4
       5
       4
       1
       1
       0
       4
       2
       1
       3
       1
       4
       4
       1
       1
       2
       0
       4
       0
       1
       1
       2
       4
       3
       1
       0
       2
       4
       0
       2
       1
       1
       1
       5
       2
       2
       5
       4
       1
       4
       4
       4
       1
       2
       1
       0
       2
       1
       1
       3
       1
       0
       2
       2
       4
       3
       3
       2
       2
       2
       2
       4
       2
       4
       0
       3
       2
       3
       2
       1
       0
       3
       3
       1
       3
       3
       2
       1
       2
       1
       3
       0
       2
       8
       3
       0
       1
       3
       5
       3
       1
       2
       2
       1
       4
       4
       4
       3
       4
       7
       1
       0
       4
       2
       2
       2
       2
       1
       2
       3
       3
       4
       1
       0
       3
       1
       2
       4
       2
       0
       2
       1
       1
       1
       2
       3
       2
       1
       3
       3
       2
       3
       2
       0
       1
       3
       0
       5
       2
       3
       4
       3
       3
       2
       1
       2
       2
       1
       5
       1
       3
       2
       2
       2
       3
       3
       7
       5
       2
      14
      16
      19
      26
      33
      35
      47
      54
      45
      40
      25
      14
      18
       9
       3
       3
       4
       1
       2
       2
       3
       4
       0
       1
       3
       2
       1
       1
       0
       1
       5
       1
       3
       0
       1
       1
       2
       3
       1
       3
       2
       2
       3
       4
       2
       1
       1
       1
       1
       1
       1
       0
       2
       4
       2
       2
       3
       2
       4
       4
       6
       1
       4
       1
       0
       1
       1
       3
       1
       1
       1
       2
       0
       1
       1
       2
       2
       3
       1
       4
       1
       1
       1
       1
       1
       3
       5
       2
       0
       2
       2
       2
       2
       3
       1
       1
       2
       1
       1
       0
       2
       1
       1
       4
       2
       3
       1
       1
       1
       5
       2
       0
       1
       6
       1
       3
       2
       4
       1
       3
       3
       2
       4
       3
       1
       1
       3
       2
       0
       1
       2
       2
       2
       2
       2
       1
       3
       2
       1
       3
       2
       2
       0
       1
       3
       2
       0
       1
       2
       1
       2
       4
       1
       2
       3
       1
       5
       2
       1
       4
       3
       0
       1
       6
       4
       1
       3
       3
       2
       1
       1
       5
       1
       2
       1
       2
       2
       2
       4
       0
       4
       0
       2
       1
       2
       3
       1
       2
       2
       2
       2
       1
       1
       0
       2
       1
       4
       0
       0
       2
       3
       1
       5
       1
       2
       0
       0
       0
       3
       4
       0
       1
       2
       2
       1
       5
       3
       2
       5
       0
       2
       3
       1
       3
       2
       4
       2
       0
       5
       4
       1
       2
       3
       3
       2
       1
       0
       2
       3
       4
       2
       4
       0
       1
       1
       1
       2
       2
       1
       1
       0
       1
       2
       3
       3
       1
       2
       1
       3
       0
       1
       3
       1
       4
       1
       1
       0
       2
       2
       2
       2
       1
       1
       0
       1
       1
       2
       2
       0
       1
       2
       1
       3
       0
       0
       2
       2
       2
       4
       1
       3
       4
       1
       4
       1
       1
       0
       2
       3
       3
       3
       0
       1
       1
       0
       1
       4
       3
       1
       1
       3
       2
       2
       1
       3
       1
       4
       6
       1
       0
       1
       6
       5
       1
       1
       1
       1
       2
       2
       2
       5
       2
       1
       2
       1
       1
       2
       3
       0
       1
       1
       6
       1
       5
       1
       1
       3
       1
       1
       2
       0
       2
       0
       1
       1
       0
       3
       0
       4
       0
       0
       0
       1
       4
       1
       3
       1
       2
       0
       4
       1
       2
       5
       4
       1
       2
       3
       1
       1
       2
       1
       2
       2
       3
       1
       1
       2
       3
       2
       0
       1
       6
       3
       1
       0
       1
       3
       2
       2
       3
       3
       4
       0
       4
       2
       0
       2
       2
       1
       3
       1
       0
       1
       3
       4
       3
       0
       2
       1
       1
       2
       3
       0
       0
       0
       4
       2
       1
       1
       1
       1
       2
       0
       4
       0
       0
       2
       0
       1
       2
       3
       2
       2
       2
       1
       1
       0
       3
       7
       3
       2
       0
       1
       1
       1
       2
       4
       3
       1
       2
       2
       6
       2
       1
       0
       2
       2
       4
       0
       0
       0
       2
       1
       2
       1
       1
       2
       3
       2
       1
       0
       3
       3
       1
       2
       1
       2
       3
       2
       0
       2
       3
       5
       3
       1
       3
       1
       2
       1
       1
       0
       1
       0
       1
       2
       1
       0
       0
       4
       1
       2
       2
       1
       3
       3
       5
       4
       3
       2
       2
       1
       2
       2
       2
       3
       1
       1
       4
       3
       1
       2
       3
       2
       3
       1
       1
       1
       2
       1
       1
       0
       3
       2
       0
       2
       3
       2
       1
       1
       1
       2
       0
       3
       2
       0
       1
       1
       0
       2
       1
       2
       4
       0
       1
       1
       1
       1
       1
       3
       0
       1
       4
       2
       1
       1
       3
       2
       1
       3
       1
       1
       1
       0
       3
       3
       4
       2
       2
       0
       0
       3
       3
       2
       2
       0
       3
       0
       3
       0
       3
       0
       1
       2
       2
       1
       0
       3
       1
       1
       1
       2
       3
       3
       3
       1
       1
       0
       3
       1
       2
       1
       0
       2
       2
       2
       1
       2
       2
       1
       0
       1
       2
       3
       1
       2
       1
       2
       1
       1
       2
       2
       2
       0
       4
       2
       1
       0
       2
       3
       2
       3
       3
       0
       2
       0
       0
       4
       3
       1
       2
       0
       1
       3
       3
       3
       2
       3
       2
       2
       1
       1
       1
       1
       6
       2
       1
       0
       2
       4
       1
       4
       2
       2
       2
       1
       2
       2
       2
       2
       1
       4
       3
       1
       3
       1
       2
       4
       2
       1
       3
       3
       2
       0
       1
       5
       2
       1
       0
       1
       1
       3
       3
       1
       1
       3
       3
       1
       0
       1
       1
       2
       2
       5
       1
       4
       1
       2
       2
       2
       2
       2
       2
       0
       2
       3
       1
       0
       3
       1
       4
       0
       4
       0
       1
       5
       3
       2
       2
       0
       1
       2
       1
       1
       2
       0
       3
       0
       3
       0
       2
       2
       1
       1
       3
       1
       1
       2
       3
       0
       2
       1
       0
       1
       0
       3
       2
       1
       0
       1
       0
       0
       2
       1
       1
       2
       2
       3
       1
       1
       2
       2
       1
       4
       3
       0
       3
       0
       1
       2
       3
       0
       1
       0
       0
       1
       4
       0
       3
       0
       4
       4
       1
       1
       2
       2
       1
       2
       1
       2
       0
       0
       2
       5
       1
       1
       2
       1
       2
       3
       2
       2
       3
       0
       3
       2
       1
       3
       3
       2
       0
       0
       1
       3
       0
       0
       0
       2
       5
       0
       4
       2
       1
       1
       2
       0
       2
       4
       0
       2
       1
       1
       0
       2
       1
       1
       2
       1
       5
       3
       1
       4
       2
       1
       1
       0
       4
       0
       1
       2
       0
       0
       1
       2
       0
       2
       0
       0
       4
       1
       0
       2
       2
       0
       2
       1
       3
       0
       2
       3
       1
       7
       3
       1
       3
       2
       3
       3
       2
       1
       1
       1
       0
       5
       2
       1
       2
       2
       2
       1
       0
       3
       2
       1
       1
       3
       2
       1
       0
       0
       0
       1
       1
       1
       1
       6
       2
       2
       2
       3
       1
       1
       1
       2
       2
       0
       2
       0
       2
       2
       1
       1
       1
       2
       2
       2
       2
       2
       0
       0
       1
       3
       1
       4
       4
       4
       1
       4
       0
       1
       5
       2
       3
       0
       1
       1
       0
       0
       3
       3
       0
       2
       1
       1
       3
       2
       0
       0
       1
       2
       2
       1
       2
       3
       1
       0
       3
       1
       4
       4
       3
       2
       1
       1
       2
       4
       1
       1
       0
       2
       1
       2
       0
       0
       1
       3
       0
       3
       1
       2
       1
       2
       2
       3
       2
       0
       3
       2
       2
       3
       2
       2
       3
       1
       2
       1
       2
       2
       2
       2
       1
       0
       0
       3
       1
       2
       1
       0
       2
       2
       1
       0
       3
       0
       2
       2
       1
       0
       3
       1
       0
       2
       3
       4
       0
       1
       2
       1
       1
       1
       3
       1
       3
       0
       1
       1
       0
       4
       3
       0
       2
       3
       3
       0
       1
       2
       5
       3
       2
       0
       0
       1
       1
       1
       5
       3
       3
       2
       1
       1
       4
       3
       2
       0
       4
       2
       1
       2
       3
       2
       3
       0
       2
       1
       2
       0
       1
       1
       1
       1
       4
       0
       1
       2
       1
       0
       1
       2
       1
       1
       1
       3
       2
       1
       1
       0
       0
       0
       1
       1
       1
       4
       1
       2
       2
       2
       5
       5
       4
       2
       1
       1
       2
       0
       0
       1
       2
       1
       0
       3
       2
       0
       2
       2
       1
       3
       0
       1
       1
       0
       1
       0
       4
       3
       3
       0
       2
       2
       0
       1
       0
       2
       1
       1
       1
       0
       2
       0
       3
       3
       2
       1
       0
       1
       4
       1
       1
       2
       2
       1
       3
       1
       0
       2
       3
       1
       1
       2
       2
       1
       1
       3
       2
       0
       2
       1
       3
       1
       2
       0
       1
       1
       1
       1
       0
       1
       1
       3
       2
       2
       2
       1
       2
       0
       0
       3
       1
       1
       1
       2
       0
       0
       2
       1
       0
       1
       0
       2
       2
       5
       2
       0
       2
       1
       2
       2
       2
       0
       3
       3
       0
       2
       0
       0
       3
       0
       1
       3
       2
       0
       1
       2
       1
       1
       0
       0
       3
       3
       2
       2
       2
       1
       1
       1
       0
     251
     474
     460
     482
     572
     470
     517
     479
     488
     468
     445
     472
     460
     501
     488
     478
     472
     497
     460
     515
     487
     536
     443
     512
     505
     511
     471
     489
     469
     492
     495
     463
     456
     489
     519
     482
     469
     439
     479
     504
     475
     491
     483
     461
     477
     456
     498
     449
     440
     479
     482
     495
     519
     493
     511
     484
     437
     490
     496
     488
     491
     522
     494
     510
     523
     523
     453
     474
     499
     530
     495
     509
     469
     514
     483
     496
     470
     529
     493
     443
     533
     527
     486
     469
     476
     514
     481
     478
     462
     445
     488
     473
     456
     476
     478
     488
     474
     500
     467
     471
     496
     512
     468
     459
     487
     475
     456
     520
     488
     526
     501
     455
     489
     534
     454
     459
     501
     532
     491
     515
     461
     435
     450
     463
     492
     491
     491
     495
     500
     450
     509
     461
     512
     529
     504
     476
     438
     450
     502
     483
     521
     465
     492
     475
     484
     501
     518
     478
     472
     460
     501
     457
     485
     461
     488
     469
     501
     503
     499
     482
     463
     473
     466
     497
     487
     456
     471
     430
     473
     472
     438
     471
     503
     491
     507
     478
     517
     480
     467
     494
     513
     519
     463
     487
     246
$ROI:
5
598 616
1488 1502
3004 3030
3417 3440
6719 6742
$PRESETS:
None
0
0
$ENER_FIT:
1.820202 0.388090
$MCA_CAL:
3
1.820202E+000 3.880899E-001 -2.021690E-008 keV
$SHAPE_CAL:
3
1.939874E+000 2.172949E-003 -2.951990E-007
