$SPEC_ID:
naa kelp 3
$SPEC_REM:
DET# 1
DETDESC# SHUGART-PC MCB 337
AP# Maestro Version 7.01
$DATE_MEA:
12/23/2015 11:52:16
$MEAS_TIM:
4603 4653
$DATA:
0 8191
       0
       0
       0
       0
       0
       0
       0
       0
       0
       0
       0
       0
       0
       0
       0
       0
       0
       0
       0
       0
       0
       0
       0
       0
       0
       0
       0
       0
       0
       0
       0
       0
       0
       0
       0
       0
      16
     354
    1219
    1232
    1204
    1255
    1253
    1276
    1308
    1323
    1370
    1396
    1326
    1429
    1470
    1357
    1386
    1390
    1537
    1549
    1563
    1568
    1475
    1490
    1445
    1411
    1526
    1520
    1451
    1533
    1496
    1485
    1556
    1522
    1513
    1422
    1414
    1453
    1511
    1448
    1543
    1558
    1479
    1481
    1434
    1462
    1372
    1366
    1397
    1354
    1364
    1389
    1371
    1382
    1404
    1326
    1407
    1367
    1323
    1355
    1342
    1309
    1313
    1331
    1433
    1339
    1344
    1361
    1383
    1348
    1283
    1317
    1310
    1312
    1273
    1324
    1284
    1332
    1275
    1332
    1332
    1374
    1352
    1284
    1330
    1344
    1245
    1240
    1315
    1307
    1236
    1317
    1284
    1309
    1235
    1237
    1286
    1278
    1261
    1255
    1284
    1358
    1254
    1290
    1279
    1264
    1257
    1327
    1290
    1342
    1320
    1306
    1354
    1345
    1363
    1332
    1352
    1286
    1317
    1308
    1356
    1322
    1342
    1391
    1263
    1396
    1361
    1308
    1316
    1356
    1394
    1399
    1401
    1387
    1434
    1415
    1366
    1388
    1359
    1453
    1415
    1439
    1492
    1634
    2020
    2725
    2892
    2469
    1964
    2052
    2960
    3838
    3507
    2521
    1632
    1237
    1145
    1169
    1128
    1151
    1088
    1100
    1172
    1096
    1053
    1079
    1130
    1110
    1192
    1087
    1111
    1157
    1074
    1129
    1316
    1646
    1996
    2058
    1783
    1369
    1118
    1142
    1169
    1184
    1225
    1164
    1039
     952
     946
     989
     990
     982
     951
     985
    1087
    1260
    1324
    1255
    1060
     925
     942
     952
     918
     975
     897
    1014
     941
     949
     897
     945
     887
     926
     970
     943
     951
     926
     934
     863
     882
     930
     921
     912
     875
     957
     952
     917
     965
     909
     926
     889
     880
     974
     922
     954
     892
     913
     934
     850
     898
     925
     904
     920
     887
     905
     885
     918
     894
     862
     944
     883
     911
     944
     887
     841
     863
     927
     917
     927
     950
     901
     906
     914
     840
     916
     901
     905
     911
     939
     980
     909
     900
     933
     934
     922
     945
     944
     937
     928
     943
     883
     885
     872
     916
     920
     920
     943
     952
     932
     939
     896
     977
     950
     910
     950
     949
     849
     905
     859
     900
     835
     931
     904
     915
     868
     927
     942
     896
     910
     894
     875
     935
     978
     877
     876
     885
     913
     901
     872
     910
     868
     873
     899
     894
     831
     827
     861
     852
     849
     857
     879
     810
     814
     846
     897
     840
     865
     834
     783
     844
     757
     858
     856
     817
     800
     839
     748
     798
     817
     812
     787
     822
     801
     817
     771
     832
     795
     833
     772
     810
     767
     794
     772
     766
     771
     812
     767
     782
     785
     827
     886
     813
     788
     772
     797
     810
     776
     769
     734
     824
     762
     724
     766
     720
     797
     771
     790
     732
     785
     783
     734
     786
     750
     736
     757
     761
     728
     725
     763
     777
     735
     822
     780
     760
     788
     741
     791
     744
     769
     770
     743
     815
     795
     825
     784
     839
     825
     826
     898
     805
     835
     896
     858
     878
     846
     841
     809
     854
     844
     887
     843
     789
     860
     841
     885
     901
     869
     866
     844
     833
     822
     860
     848
     846
     784
     824
     849
     860
     846
     875
     833
     878
     893
     816
     903
     841
     890
     962
     891
     869
     908
     893
     891
     933
     943
     913
     873
     922
     855
     894
     931
     904
     874
     906
     836
     922
     884
     904
     879
     944
     932
     867
     921
     880
     910
     930
     851
     880
     892
     868
     859
     910
     865
     828
     888
     855
     828
     856
     877
     901
     871
     903
     809
     853
     893
     873
     847
     833
     849
     849
     791
     860
     805
     836
     837
     854
     849
     822
     850
     831
     843
     850
     828
     825
     822
     850
     860
     899
    1117
    1366
    1513
    1432
    1175
     905
     879
     811
     825
     830
     797
     839
     776
     836
     778
     803
     793
     810
     822
     773
     798
     844
     841
     786
     864
     801
     766
     750
     801
     726
     796
     754
     804
     767
     771
     728
     765
     735
     756
     739
     736
     737
     745
     765
     795
     742
     750
     771
     751
     806
     746
     717
     743
     741
     776
     752
     739
     720
     732
     707
     722
     713
     710
     706
     731
     769
     773
     718
     713
     743
     709
     670
     725
     742
     715
     727
     672
     679
     675
     694
     691
     662
     705
     671
     701
     661
     705
     728
     656
     655
     719
     667
     650
     679
     670
     652
     678
     701
     667
     689
     685
     714
     657
     661
     611
     642
     671
     653
     643
     632
     613
     625
     605
     592
     591
     633
     669
     637
     584
     616
     624
     656
     637
     592
     630
     652
     615
     649
     603
     651
     652
     559
     608
     644
     657
     790
     802
     788
     720
     632
     615
     598
     548
     642
     650
     606
     581
     581
     610
     625
     620
     596
     587
     600
     583
     544
     603
     614
     575
     564
     600
     572
     581
     596
     602
     594
     598
     560
     594
     564
     547
     567
     567
     615
     555
     569
     584
     617
     526
     523
     553
     585
     583
     521
     579
     547
     562
     569
     570
     579
     539
     526
     539
     574
     527
     569
     570
     559
     531
     535
     555
     573
     540
     559
     546
     502
     540
     484
     516
     571
     530
     558
     524
     506
     547
     555
     534
     477
     528
     508
     516
     491
     531
     540
     531
     490
     490
     507
     497
     489
     505
     499
     534
     486
     512
     536
     521
     534
     538
     445
     518
     546
     549
     480
     528
     531
     488
     495
     501
     508
     491
     493
     459
     516
     548
     466
     550
     567
     530
     511
     513
     524
     506
     475
     488
     512
     489
     493
     537
     517
     473
     508
     504
     482
     472
     516
     510
     483
     512
     486
     502
     443
     496
     482
     457
     500
     498
     522
     453
     457
     492
     514
     495
     480
     467
     456
     531
     466
     510
     472
     482
     482
     506
     505
     508
     503
     465
     470
     515
     504
     526
     554
     473
     500
     481
     469
     499
     518
     492
     493
     433
     523
     463
     463
     484
     493
     500
     463
     500
     426
     469
     484
     450
     472
     493
     522
     448
     474
     466
     481
     439
     502
     454
     499
     474
     491
     440
     477
     446
     473
     493
     436
     482
     435
     481
     473
     483
     477
     492
     490
     466
     470
     488
     500
     444
     452
     473
     517
     440
     465
     485
     492
     438
     492
     485
     490
     461
     460
     445
     477
     428
     452
     507
     468
     425
     448
     485
     470
     500
     505
     482
     479
     482
     467
     429
     470
     463
     477
     456
     449
     428
     470
     452
     457
     452
     460
     476
     405
     469
     421
     483
     427
     423
     429
     454
     450
     423
     402
     421
     390
     419
     448
     403
     435
     408
     435
     444
     384
     408
     409
     408
     407
     412
     419
     407
     418
     383
     396
     391
     425
     412
     447
     384
     395
     406
     401
     374
     428
     434
     424
     398
     382
     378
     405
     399
     425
     410
     412
     395
     387
     419
     403
     410
     442
     417
     386
     406
     424
     384
     376
     382
     411
     352
     382
     382
     417
     432
     390
     378
     409
     365
     378
     388
     416
     403
     380
     400
     386
     371
     409
     391
     410
     409
     422
     393
     392
     376
     360
     408
     399
     362
     401
     381
     354
     370
     406
     375
     379
     388
     379
     362
     368
     353
     397
     367
     350
     354
     355
     343
     396
     383
     345
     387
     378
     376
     391
     337
     364
     376
     375
     383
     381
     384
     372
     379
     355
     356
     350
     371
     378
     374
     398
     362
     366
     365
     403
     371
     381
     363
     386
     343
     355
     414
     375
     341
     351
     330
     400
     356
     345
     343
     362
     385
     364
     342
     338
     348
     385
     315
     338
     331
     325
     360
     315
     374
     345
     315
     324
     305
     307
     324
     355
     329
     315
     320
     356
     310
     349
     310
     325
     337
     340
     328
     326
     322
     303
     322
     329
     299
     293
     342
     321
     286
     314
     308
     326
     335
     325
     303
     315
     286
     295
     319
     319
     329
     298
     369
     344
     303
     325
     313
     298
     288
     332
     297
     310
     297
     289
     323
     314
     304
     303
     331
     322
     349
     316
     289
     335
     292
     330
     332
     311
     325
     313
     336
     292
     315
     312
     286
     303
     303
     294
     334
     306
     289
     327
     317
     344
     322
     329
     273
     343
     317
     296
     301
     305
     307
     307
     303
     300
     291
     299
     301
     308
     293
     284
     290
     335
     301
     333
     307
     324
     332
     302
     315
     302
     321
     323
     319
     284
     295
     327
     296
     288
     308
     321
     330
     283
     271
     308
     314
     308
     294
     340
     321
     282
     306
     319
     306
     316
     309
     309
     284
     304
     285
     309
     317
     282
     274
     297
     281
     336
     277
     310
     321
     287
     293
     301
     332
     282
     283
     294
     310
     304
     327
     319
     348
     321
     317
     322
     316
     330
     336
     345
     385
     470
     563
     562
     546
     562
     478
     474
     425
     372
     358
     326
     347
     338
     313
     305
     282
     282
     295
     312
     310
     290
     303
     264
     274
     264
     263
     291
     286
     269
     321
     263
     285
     286
     260
     286
     302
     263
     290
     302
     275
     282
     278
     311
     279
     329
     283
     314
     284
     281
     306
     278
     263
     267
     281
     314
     284
     277
     276
     318
     293
     257
     312
     277
     297
     267
     304
     291
     255
     272
     277
     303
     275
     265
     279
     282
     278
     306
     266
     281
     240
     287
     272
     285
     284
     298
     330
     289
     280
     271
     303
     288
     300
     289
     267
     280
     286
     308
     311
     279
     292
     261
     294
     290
     293
     301
     282
     272
     314
     316
     416
     593
    1254
    2902
    5603
    8590
   10077
    8633
    5583
    2563
    1134
     538
     379
     308
     344
     429
     581
     796
     920
     872
     686
     511
     365
     306
     284
     293
     290
     263
     310
     296
     323
     258
     318
     286
     283
     295
     280
     257
     304
     293
     256
     291
     291
     274
     304
     265
     302
     261
     290
     280
     283
     316
     282
     269
     270
     293
     294
     285
     268
     269
     289
     249
     281
     279
     245
     265
     271
     275
     300
     261
     263
     259
     278
     235
     274
     260
     309
     232
     260
     245
     287
     259
     277
     233
     250
     270
     237
     221
     236
     223
     235
     263
     259
     246
     249
     253
     240
     261
     242
     264
     228
     236
     199
     245
     247
     201
     225
     233
     220
     213
     213
     237
     249
     199
     229
     241
     233
     237
     215
     233
     237
     209
     228
     243
     223
     221
     220
     219
     204
     220
     202
     233
     246
     211
     226
     215
     223
     249
     289
     351
     367
     324
     345
     231
     231
     210
     216
     216
     221
     230
     240
     220
     191
     224
     208
     221
     220
     261
     191
     228
     221
     202
     189
     210
     218
     221
     234
     293
     510
     943
    1948
    3518
    4905
    5431
    4551
    2883
    1408
     648
     335
     245
     243
     224
     221
     235
     216
     217
     209
     232
     210
     207
     224
     168
     188
     208
     181
     222
     206
     199
     220
     192
     240
     190
     212
     214
     176
     184
     192
     173
     182
     182
     173
     208
     203
     180
     185
     177
     174
     165
     207
     152
     196
     193
     176
     161
     186
     179
     184
     192
     167
     164
     177
     174
     168
     173
     156
     171
     171
     188
     168
     177
     157
     173
     189
     175
     174
     157
     189
     179
     191
     182
     173
     161
     178
     164
     166
     160
     158
     161
     147
     151
     174
     165
     170
     173
     190
     174
     185
     191
     178
     197
     239
     243
     213
     225
     194
     191
     149
     153
     146
     163
     149
     161
     149
     162
     159
     157
     155
     157
     161
     185
     158
     169
     152
     161
     162
     136
     175
     151
     155
     168
     168
     137
     154
     135
     162
     158
     160
     163
     164
     149
     155
     123
     152
     156
     147
     140
     145
     154
     167
     137
     155
     140
     151
     152
     156
     144
     123
     143
     140
     141
     159
     147
     147
     163
     148
     149
     132
     139
     144
     144
     153
     126
     140
     143
     145
     140
     119
     142
     147
     130
     150
     153
     128
     140
     131
     141
     135
     121
     143
     168
     135
     139
     124
     140
     130
     138
     122
     136
     136
     141
     159
     160
     277
     512
    1065
    1839
    2657
    3118
    2786
    1988
    1022
     520
     275
     170
     154
     140
     147
     140
     155
     124
     143
     126
      95
     111
     142
     122
     127
     142
     121
     125
     129
     139
     142
     150
     143
     139
     141
     118
     137
     130
     121
     146
     124
     136
     136
     124
     125
     123
     135
     116
     121
     116
     143
     143
     122
     131
     124
     141
     107
     129
     123
     133
     130
     133
     118
     123
     125
     132
     135
     136
     128
     123
     139
     141
     134
     113
     111
     103
     136
     122
     119
     134
     134
     105
     135
     113
     143
      96
     113
     104
     112
     114
     129
     121
     138
     125
     122
     124
     112
     126
     128
     125
     136
     148
     120
     139
     140
     122
     122
     109
     121
     149
     134
     134
     134
     124
     141
     108
     128
     125
     118
     120
     137
     127
     118
     129
     110
      96
     135
     118
     114
     107
     147
     118
     118
     132
     137
     137
     121
     129
     114
     117
     132
     117
     136
     123
     125
     133
     120
     137
     115
     113
     137
     123
     128
     124
     119
     138
     117
     114
     124
     129
     126
     118
     128
     112
     138
     107
     106
     114
     128
     135
     146
     120
     114
     120
     144
     128
     134
     126
     121
     127
     104
     150
     145
     120
     108
     107
     127
     118
     135
     119
     144
     132
     145
     136
     132
     141
     129
     137
     128
     172
     234
     430
     942
    1901
    3591
    5964
    7788
    8125
    6616
    4076
    1981
     789
     380
     167
     148
     125
     131
     146
     136
      88
     115
     122
     115
     115
     112
     104
     130
     104
     121
      96
     104
     124
     113
     109
     100
     111
      97
     123
     104
     108
     109
     105
     129
     117
     101
     117
     126
     118
     108
     108
     116
     116
     118
     122
      98
     111
     132
     113
     105
      97
     131
     119
     111
     111
     121
      94
     105
     105
     108
     114
     114
     105
     131
     108
     104
     111
     122
      93
     108
     124
      99
     119
     121
     135
     113
     100
     111
     108
     109
      94
     121
     121
     123
      97
     122
      94
     124
     106
     121
     140
     146
     122
     112
     110
      99
     110
     101
     106
     135
     118
     130
     117
     105
     139
     104
     113
     110
     125
     122
     100
      93
     125
     106
     118
      98
     116
     133
     126
     107
     112
     111
     119
     157
     188
     278
     488
     945
    1546
    2104
    2315
    2086
    1371
     809
     375
     194
     134
     131
     112
     123
     123
     111
     121
     122
     100
     120
      94
     111
     106
      97
     103
     107
     113
      88
     108
      98
     131
      88
     105
     113
      89
      91
     102
     113
     104
     102
     106
      84
     120
      87
      95
      91
      97
      96
      96
      91
     105
     101
      96
      88
      84
     101
      89
     103
      99
      98
     113
     100
      98
      87
     113
      94
     104
      90
     103
      94
      82
      81
      96
      90
      91
      94
      92
      80
     102
     101
     113
      83
      93
     103
     115
      87
      85
     100
      95
      95
      93
      90
     103
      91
      99
      84
      76
      87
     105
      87
      93
      89
      83
      82
      93
      95
      91
      87
      86
      91
      93
      98
      85
      87
      71
      79
      79
     105
      95
      71
      72
     107
      75
      81
      89
      92
      92
      81
      79
      85
      77
      84
     100
      91
      68
      81
      73
      89
      79
     101
      80
      77
      66
      80
      82
      97
      95
      84
      67
      98
      82
      84
      83
      84
      81
      82
      84
      71
      95
     107
     111
     133
     143
     145
     128
     115
      89
     109
      96
      91
      93
      83
      86
      77
      91
      91
      96
      83
      72
      95
      89
      91
      86
      84
      87
      74
     108
      98
      84
      76
      76
      94
      90
      83
      80
      96
      79
      78
      77
      76
      98
      89
      62
      85
      93
      77
      85
      73
      82
      88
      76
      83
      71
      77
      67
      69
      83
      67
      83
      80
      80
      86
      82
      92
      77
      85
      72
      76
      84
      75
      59
      66
      69
      76
      67
      76
      78
      79
      88
      76
      83
      80
      79
      71
      65
      65
      74
      69
      80
      80
      70
      83
      89
      75
      68
      72
      76
      71
      98
      67
      71
      62
      87
      63
      81
      74
      70
      57
      68
      76
      87
      81
      60
      67
      72
      72
      66
      72
      78
      70
      75
      64
      62
      73
      83
      83
      73
      73
      61
      77
      69
      61
      69
      71
      56
      77
      76
      91
      67
      74
      78
      70
      92
      73
      71
      66
      73
      67
      76
      67
      58
      73
      60
      48
      70
      77
      59
      82
      84
      66
      63
      73
      97
      94
      82
      83
      77
      85
      80
      64
      68
      79
      69
      68
      72
      73
      79
      77
      76
      80
      86
      68
      64
      69
      52
      91
      84
      79
      72
      75
      75
      81
      65
      76
      65
      77
      78
      64
      71
      75
      75
      80
      88
      67
      59
      65
      64
      74
      74
      61
      69
      68
      67
      67
      67
      76
      76
      67
      62
      90
      71
      74
      71
      70
      75
      83
      77
      74
      64
      76
      65
      73
      64
      71
      55
      66
      75
      69
      50
      81
      71
      80
      65
      55
      62
      57
      66
      73
      57
      69
      81
      88
      66
      73
      74
      75
      63
      58
      59
      70
      60
      80
      77
      63
      70
      58
      60
      68
      66
      74
      65
      60
      88
      72
      51
      62
      63
      72
      67
      71
      72
      65
      93
      65
      77
      69
      63
      75
      58
      59
      65
      71
      65
      61
      59
      62
      68
      76
      61
      71
      69
      63
      85
      63
      99
     124
     161
     166
     161
     119
     126
     103
      76
      72
      67
      68
      69
      57
      63
      58
      67
      75
      77
      63
      65
      80
      74
      78
      51
      69
      87
      74
      63
      64
      72
      74
      70
      77
      82
      93
      69
      64
      74
      82
      79
      73
      78
      66
      70
      79
      57
      65
      61
      64
      54
      71
      62
      67
      69
      68
      62
      66
      70
      75
      70
      62
      71
      73
      75
      79
      81
      61
      71
      69
      99
      77
      70
      75
      71
      76
      81
      82
      85
      67
      72
      64
      74
      66
      70
      96
      66
      81
      85
     100
     114
     160
     234
     444
     782
    1268
    1760
    2040
    1888
    1531
     951
     539
     279
     137
      91
      90
      76
      76
      75
      69
      73
      66
      71
      71
      60
      68
      67
      59
      62
      85
      74
      62
      78
      67
      68
      71
      64
      53
      68
      70
      82
      52
      76
      68
      62
      65
      75
      62
      77
      88
      65
      54
      74
      68
      57
      57
      80
      62
      77
      70
      61
      75
      72
      75
      70
      68
      73
      67
      55
      67
      77
      71
      70
      87
      70
      72
      74
      64
      68
      64
      70
      79
      64
      67
      67
      62
      85
      71
      85
      92
     113
     107
     120
     101
      83
      93
      80
      77
      78
      85
      97
      96
     115
     114
     103
     104
     101
      78
      66
      91
      62
      82
      74
      83
      76
      70
      84
      69
      71
      66
      84
      61
      89
      63
      83
      70
      91
      85
      79
      81
      71
      84
      65
      71
      76
      66
      75
      77
      85
      69
      68
      69
      72
      77
      81
      76
      57
      85
      93
      91
      90
      76
      88
      83
      75
      78
      79
      75
      86
      77
      81
      71
      50
      76
      77
      71
      67
      77
      75
      69
      56
      79
      76
      52
      66
      67
      67
      69
      76
      69
      69
      69
      74
      69
      74
      65
      70
      63
     100
      75
      82
      77
      73
      80
      83
      72
      67
      68
      82
      90
      78
      75
      95
     104
     108
     119
     114
      95
      85
      72
      71
      89
      71
      66
      73
      67
      57
      65
      58
      67
      68
      68
      71
      82
      59
      75
      73
      58
      61
      69
      59
      61
      76
      58
      61
      68
      63
      73
      75
      77
      86
      69
      75
      66
      58
      79
      76
      75
      61
      55
      65
      76
      85
      76
      65
      81
      64
      75
      79
      59
      65
      67
      65
      70
      69
      80
      65
      77
      79
      73
      77
      62
      89
      55
      73
      56
      71
      64
      58
      73
      54
      64
      74
      65
      49
      73
      70
      74
      62
      65
      61
      73
      54
      58
      65
      64
      72
      50
      64
      56
      53
      55
      64
      56
      55
      59
      62
      54
      56
      53
      45
      56
      59
      53
      55
      57
      55
      50
      62
      69
      66
      52
      55
      48
      53
      53
      50
      35
      48
      46
      49
      56
      51
      58
      62
      52
      63
      59
      75
      87
      91
      91
      82
      69
      73
      43
      71
      43
      56
      38
      56
      52
      41
      51
      54
      48
      49
      56
      53
      43
      64
      49
      50
      50
      48
      39
      45
      55
      47
      41
      51
      47
      43
      40
      40
      50
      47
      60
      42
      54
      43
      50
      49
      51
      45
      44
      54
      44
      39
      35
      34
      41
      36
      37
      48
      51
      41
      36
      50
      65
      36
      39
      54
      64
      36
      45
      45
      40
      45
      46
      43
      50
      53
      47
      47
      40
      59
      35
      54
      48
      41
      44
      28
      42
      49
      34
      50
      34
      44
      44
      34
      45
      55
      28
      38
      46
      42
      47
      32
      50
      55
      46
      49
      58
      47
      49
      39
      38
      63
      54
      64
      74
      67
      57
      45
      38
      35
      51
      44
      43
      40
      33
      35
      36
      45
      46
      40
      43
      36
      36
      35
      40
      35
      37
      44
      39
      42
      33
      47
      33
      49
      42
      48
      39
      48
      51
      44
      42
      44
      41
      28
      30
      30
      26
      29
      36
      39
      30
      37
      31
      47
      39
      33
      36
      33
      39
      41
      50
      29
      48
      39
      43
      48
      45
      30
      39
      37
      42
      31
      38
      36
      39
      42
      40
      38
      29
      40
      34
      31
      42
      31
      40
      25
      34
      33
      36
      30
      25
      43
      28
      28
      37
      40
      50
      41
      57
      55
      33
      33
      36
      33
      28
      35
      37
      37
      24
      31
      30
      26
      31
      23
      18
      36
      33
      29
      31
      35
      26
      30
      30
      26
      25
      26
      25
      16
      28
      40
      31
      28
      28
      36
      37
      22
      29
      30
      20
      22
      30
      21
      23
      35
      18
      27
      28
      22
      31
      19
      31
      20
      23
      23
      42
      16
      27
      20
      21
      20
      27
      22
      22
      19
      27
      25
      19
      23
      17
      33
      25
      21
      34
      21
      19
      18
      38
      22
      20
      31
      24
      35
      28
      25
      31
      16
      25
      19
      27
      28
      31
      21
      20
      31
      26
      31
      23
      37
      35
      27
      31
      33
      33
      32
      30
      23
      36
      26
      29
      29
      29
      41
      28
      35
      28
      33
      19
      26
      15
      25
      24
      22
      21
      20
      28
      29
      22
      17
      27
      20
      23
      21
      26
      23
      20
      25
      25
      21
      24
      18
      19
      21
      21
      31
      23
      33
      29
      26
      27
      33
      27
      19
      27
      32
      37
      42
      47
      50
      97
     144
     235
     427
     658
    1018
    1296
    1495
    1349
    1231
     818
     455
     234
      84
      38
      34
      27
      27
      24
      20
      20
      14
      17
      22
      26
      20
      24
      20
      27
      21
      25
      20
      30
      21
      25
      19
      19
      20
      34
      40
      44
      56
      53
      49
      42
      38
      30
      26
      20
      25
      23
      28
      14
      25
      15
      11
      18
      14
      14
      26
      13
      18
      15
      11
      14
      20
      25
      21
      20
      23
      20
      20
      16
      18
      17
      13
      11
      17
      13
      12
      15
      20
      17
      12
      22
      16
      18
      27
      22
      17
      20
      18
      19
      23
      14
      21
      18
      12
      16
      21
      15
      12
      16
      18
      18
      25
      17
      17
      20
      17
      16
      23
      13
      18
      21
      19
      22
      11
      14
      22
      19
      17
      30
      11
      24
      22
      14
      22
      36
      41
      45
      73
     124
     210
     378
     647
    1007
    1532
    2070
    2242
    2207
    1726
    1234
     673
     334
     168
      73
      45
      22
      23
      20
      19
      16
      18
      11
       9
       9
      12
       9
       8
       8
      11
      17
      10
      17
      15
      12
      14
       8
      12
      14
      13
      10
      15
       8
      16
      15
      17
      13
      10
      14
      14
      12
      11
      15
      17
      12
      12
      15
      20
      20
      16
      18
      10
      14
      11
       8
      10
      16
      14
      10
      14
      13
      16
      16
      22
      25
      33
      28
      15
      18
      23
      21
      18
       7
      16
      15
       9
      13
       6
      13
       9
       9
       8
      13
       8
      13
       7
      13
      13
       6
      13
      14
       7
      11
       7
      11
       8
       8
      20
      17
      10
      11
       8
       7
       8
      12
      12
       8
      12
      14
       9
      14
      11
      10
      17
      10
      10
      11
      13
       1
       9
      12
       8
      11
      11
      12
       7
       7
       8
      13
      10
       9
      12
       9
      13
      12
       6
      11
      12
      10
      10
      13
      13
       7
       8
       9
       8
      14
      20
      12
       8
      10
      12
       9
      12
      13
       9
      15
       8
      11
       9
       9
      13
      14
      24
      11
      12
      14
       7
       7
      10
      10
       4
      11
       5
      14
      15
      14
      10
      13
      12
      12
      17
      14
      15
      11
       9
      11
       6
       8
      17
       6
      10
      10
       7
       9
       8
      12
       9
      16
      12
      14
      15
      10
      10
      10
       9
      12
      21
      12
      10
      12
       9
      14
      19
       8
       8
      13
       9
       9
       7
      11
      12
      15
       9
       6
       7
      12
      12
      12
       9
      13
      11
      12
       7
      14
      13
      11
      16
      10
      15
      15
      14
      22
      15
      10
       8
      10
      13
      11
       9
       7
      17
      12
       9
      15
      12
       7
      12
       6
      11
      28
      26
      26
      30
      49
      89
     150
     264
     382
     581
     717
     784
     764
     662
     414
     233
     146
      51
      22
      27
       9
      13
       9
       9
      13
      15
       7
       5
      11
       3
       6
      12
      13
       8
       8
      18
       7
      13
      11
       8
       4
      11
       9
       7
       4
       9
      12
       7
      10
      11
      12
       1
      10
       4
      11
       7
       8
      10
       8
       9
      12
      13
      13
      12
       3
       9
       9
       4
       8
       6
      11
       6
      11
       6
       6
      13
       7
      14
      11
      13
       7
      13
       6
      10
       8
      10
       8
       7
      10
       4
      12
       7
      12
       7
      13
      10
      20
       9
       4
       6
       7
       9
       5
      13
       9
      10
       6
      10
       8
      11
      13
      11
      12
       7
       8
      11
       9
      11
       7
       8
       4
       8
      11
       9
      14
       8
       7
       9
       6
      14
       8
      13
      10
       8
       9
      10
      16
      17
      15
      16
      27
      21
      21
      21
       7
      10
       8
       5
       8
      12
      14
      10
      14
       5
       9
       8
      16
       2
      11
       6
      10
       9
       8
      10
      10
       9
      10
       9
       6
       7
       5
      10
       3
       7
       8
      11
       5
      12
       7
       8
       9
       7
       4
       9
      10
      15
       6
      12
       6
      12
       8
      10
      11
      13
       9
       8
       6
       9
       7
      10
      16
       5
       9
       8
      11
      15
      10
       8
       6
       6
      10
       5
       8
      10
      11
      11
       9
       7
       6
      10
       7
       7
       5
       6
       9
      16
      10
       8
       8
       5
       8
      12
       8
       7
       3
      11
       8
      12
       5
       9
       8
      11
       7
       4
      14
       9
       9
       8
       8
      12
       6
       8
      10
       6
      11
       6
      10
      11
       7
      10
       5
       4
      15
      10
      11
       5
       7
       7
       9
       7
       7
       6
      11
      12
       4
      13
      11
      11
       6
      10
      10
       8
       8
       9
      11
       9
       6
       4
      11
       8
      10
       9
       5
      14
      13
       6
       5
       6
      12
       6
      11
       7
       6
       5
       9
       7
       5
       9
       9
       5
       7
      10
       9
      10
       7
       5
       7
      13
      12
      10
       7
      21
      16
      18
      23
      16
      11
      13
      11
       5
      10
      12
      14
       5
       5
      13
      10
      10
       4
      12
      16
      15
      17
      16
      20
      17
      31
      18
      13
       9
       7
      13
      12
       8
       9
       7
      11
      15
       7
       8
       6
       9
      13
       7
      14
       6
       9
       6
       6
      12
       6
      10
      14
      13
       8
       7
      13
       8
       6
       9
       5
       6
       5
      10
       8
      13
      14
       5
       6
       5
      10
      10
      12
       5
       9
       8
       9
       4
       6
      10
       5
      13
       7
       7
      10
       9
      12
       5
      12
       9
      11
       5
      10
       5
       9
       7
       7
       9
       6
       5
       8
      10
       4
       5
       5
       6
       9
       6
      14
      13
       5
       7
      11
       6
       6
       5
       8
       3
       9
      11
       6
       8
      11
       5
       7
       6
      11
       6
      10
       6
       8
       8
       4
       6
      10
      14
      12
      10
      22
      19
      16
      27
      40
      28
      40
      46
      34
      28
      12
      10
       8
       6
       7
       7
       5
       6
       5
       4
      14
       4
       6
      10
      11
       8
       7
      10
       6
       7
      12
       4
       9
       8
      10
       7
       3
       4
       8
       8
       7
       8
       6
       9
       9
       6
       4
       8
       8
       6
       3
       7
       7
      10
       7
       7
       9
       2
       6
      11
      10
       2
      11
       5
       6
       8
      10
       7
      11
       7
      10
       5
      14
       5
       4
       6
       7
       7
      12
       4
      11
       5
       5
       6
      10
       5
       7
       6
      10
       6
       8
       5
       8
       9
       6
      10
       7
       6
       9
      11
      10
       3
       6
      10
      12
       5
      10
      16
       8
       5
       7
       6
      13
      11
       7
       8
       5
       7
       8
       6
       6
       8
       9
       8
       8
      12
       6
       7
       5
       6
      11
      14
      10
       6
      11
      10
       5
       9
       5
       6
       3
       4
       7
       5
       8
      10
       7
       9
       6
       7
       6
       8
       7
       4
      13
       5
      11
       8
       6
       8
       9
       8
       7
       5
      12
      13
       6
       6
       6
       5
       6
       6
       6
       4
       8
       9
       7
       4
       7
       7
      14
       9
       4
      10
       5
      12
       6
       9
       5
       7
       6
       5
       5
       3
       7
       7
       6
       9
      12
      10
      10
       9
      14
      17
      11
      10
      13
      14
      21
      17
      23
      34
      46
      57
      56
      60
      68
      50
      60
      31
      31
      18
      11
      13
      10
      16
      12
      12
      13
       9
      10
       7
      12
       8
       4
       5
      10
       6
      12
       7
       4
      10
      13
      12
      13
      12
       9
      12
       6
       7
       6
       7
      16
      12
       6
      10
       8
      12
      11
      12
       5
      11
       8
       4
       6
       8
       7
      11
      11
       8
       9
       8
      10
      14
       8
      10
       9
       7
       8
       6
       8
       7
       9
       7
      12
       2
      10
       9
       5
       9
       8
       9
       5
       9
       5
       7
       7
       4
       9
      12
       9
      10
      10
       6
       5
       8
       9
       9
      11
      14
      14
      10
      11
       9
       7
      10
       7
      12
      10
      12
       6
       7
       7
       6
       6
      12
      10
       5
      10
       5
      10
       8
       7
      13
       7
       9
      12
      16
      13
      13
      11
      17
       8
       3
       8
       9
      10
       8
       8
       7
       9
       6
       8
       5
       9
       2
       4
       5
       7
       6
      13
       7
       9
       6
       7
      10
       4
       8
       7
       6
       7
       8
       5
       4
       5
      10
       6
      18
       7
       5
       8
       8
       5
      10
      10
       6
      10
       8
       6
       7
       8
      10
       5
       7
       6
      11
       9
      11
      12
       8
       5
      11
      12
       8
       8
       8
       9
       9
      10
       9
       8
       8
       6
       9
      15
       9
       9
      10
       8
       9
       3
       7
       9
       7
       8
       8
       5
      10
      15
      10
      10
      10
      11
      12
       9
      11
      10
      12
      14
      13
      14
      13
      20
      14
      23
      17
      11
       9
      19
      10
      13
       7
       8
       4
      15
       7
       9
       5
      15
      10
       9
      10
       6
       9
      11
       3
       9
       5
      11
       7
       7
       4
      10
       4
       5
       9
      10
       3
      10
      13
       6
       6
      14
       6
      13
      10
       7
      11
       5
      10
      10
       8
       6
      10
       9
      10
       7
       5
      16
       8
       7
      12
       9
      10
       4
      10
       7
       6
      10
      11
       8
       9
      13
       6
       7
      10
       7
      13
       7
      12
      13
      13
       6
       6
       8
      11
       8
      10
       6
      13
      10
       8
      13
       6
      10
      10
       8
       9
       5
       6
       7
       8
       5
       8
       7
      11
      11
      10
       8
       9
       7
       9
       9
      12
       8
       8
       7
      10
       5
      10
       9
       9
      11
       8
      14
       4
       7
      10
       4
       9
      16
      20
      16
      18
      18
      33
      28
       9
      22
      13
      15
      12
      11
      10
       9
       8
       7
       9
       4
       3
       7
      12
      14
      11
       9
       7
       5
       9
       9
       5
      14
       5
       6
       9
       6
      11
      18
      10
       9
      13
       6
      13
      13
       5
       5
       8
       3
       7
      12
       9
       7
      13
       5
      12
       8
      11
       8
       9
       5
       6
      11
       8
       6
      11
       8
       6
       9
      10
      10
      12
       8
       7
       5
      13
       7
       7
      13
       8
       7
      10
       4
       9
       1
       7
       9
      14
      15
      13
       9
      12
       9
       9
      13
      14
      11
      10
      12
       6
      17
       7
       6
       6
      11
      11
      14
       4
       8
       8
      15
      13
      10
       9
       8
      11
       5
      11
       7
      13
       4
       8
       3
      12
       8
       7
       6
       6
       8
      12
       7
       5
       4
       8
       9
       6
       9
       9
       7
       9
      11
       9
       7
      10
      15
       7
       4
       5
       4
       7
       8
       9
      10
      10
      11
      10
       9
       9
      14
      12
       3
      10
       7
      15
      10
      10
       9
       6
       9
       7
       9
       4
       7
       3
       4
       8
      10
      12
      12
       9
       9
       8
      11
       9
      10
       8
      16
      13
       7
      15
       7
       8
      12
       7
       9
      10
      17
       9
      10
      12
       4
       8
       7
      12
       7
       9
      10
      10
      20
      11
       9
       6
      10
       5
       9
      14
      10
       4
       6
       8
       7
      12
       6
      14
      11
       4
      11
       9
      15
       9
      15
       7
      12
       6
       5
      10
      17
       6
       7
      13
       6
       9
      16
       8
       5
       8
       4
       5
       5
       8
       8
       8
      10
      11
       6
      10
      12
      12
      16
       6
       9
      10
      18
       8
       6
       6
       7
      15
       5
       5
       8
      11
       6
      16
      15
       9
       5
      11
       7
       8
       5
      10
      11
      11
       7
       7
       3
      10
      10
      11
       4
       5
      10
      13
      10
      16
      14
       9
       4
      10
      14
       9
       6
       4
      10
      10
      10
      15
       6
      14
      15
       9
      10
       3
       5
       8
       7
       7
      10
      12
      10
       5
      10
      16
       9
      12
      11
       8
      11
       6
       9
       9
       3
      12
      13
       8
       5
       8
       7
       9
      10
      12
       6
      11
       3
      13
       9
      13
       9
       6
       7
       8
      12
       8
       7
       5
       7
      15
       5
       8
       9
       7
       7
      11
      15
      12
      11
      16
      10
       8
       8
      10
      13
       7
      14
       7
       8
      16
      12
      13
       6
      15
      14
       9
       9
       5
      10
       9
       3
       8
      13
       7
      12
       5
       6
      16
      14
       8
       6
      12
       3
       6
      12
      14
       6
      13
      12
       9
      15
       7
       9
      11
      14
      15
      16
      10
      17
      13
       6
       8
      11
      15
       3
      14
      11
       7
      10
       7
       7
       9
      13
      15
       5
      13
       8
       9
       7
      13
       7
      11
      14
      13
       7
       9
      10
       8
       5
      20
      14
      14
      13
      15
       8
       9
       3
      16
      11
      10
       9
      16
      12
      12
       8
       9
       7
      12
       7
       8
      16
       9
      10
       6
       5
       7
      11
      12
       6
      14
       7
       2
       9
       7
      12
       9
       8
      16
      16
       8
      10
       4
       8
       9
      11
       9
      11
      10
      11
       7
       6
       9
      13
       9
       6
      12
      16
      13
      16
       8
      18
       8
       7
      11
       5
      16
      11
       8
      11
       4
       9
       8
       9
      10
      10
       7
      10
      11
      13
       9
      13
      14
       8
      10
       5
       4
      11
       8
       7
      11
      14
       4
      10
      11
       7
       8
      13
      10
      10
      10
       9
       6
       8
       9
       9
       8
      12
      10
       8
      10
      18
       8
       8
       7
       8
      12
      12
       7
      14
       7
      12
       8
       8
      10
      11
       6
       6
      14
      19
      15
      22
      22
      27
      20
      28
      21
      13
      10
      13
       9
      17
      10
       7
       6
      13
      17
      10
      13
      11
       8
       8
      13
       9
       5
      14
       9
       4
      13
      14
      13
      10
       9
       7
       6
      10
       7
       6
       6
       7
       8
      12
       6
      10
       7
      11
      11
      14
      13
      13
       3
      12
       7
       9
       8
      10
      21
       6
       6
      10
       9
       7
       5
       6
       7
      14
      10
       2
      11
      10
       6
       4
       5
      11
       7
      16
       7
      11
       7
      11
       8
       6
       8
       7
      11
       9
      13
       9
       7
       7
      11
       8
      15
       4
       9
       9
       6
       8
       8
       9
       9
      13
      10
      11
       9
       5
       9
      12
       5
       7
       8
       6
      10
      11
       8
      13
       8
      10
       6
       6
      13
       9
       7
      11
       8
      13
       7
      12
      10
       2
       9
       9
       4
      10
       8
      13
       9
       6
      13
       5
       6
      11
       7
       3
       8
       8
       4
       8
       7
      12
      10
      10
      11
       5
      12
       8
       7
      12
       7
       8
      10
      15
       8
      13
       8
       8
       5
      11
       8
      15
       8
      13
       4
      11
      10
       9
       6
      11
       9
      16
       6
       9
       7
      10
       8
       8
       5
      11
       9
      12
       5
      16
      13
       8
       7
       9
      10
       4
       9
       8
      11
      12
      13
      11
       1
      10
       7
      14
      12
      11
      17
       9
      10
       6
       9
      14
       9
       9
       8
       7
      10
      10
       9
       9
       6
      13
       8
      10
      12
       7
      12
       9
      11
      10
      10
      11
       6
       8
       9
       9
      13
      13
      16
      10
       9
      13
       8
       8
       8
      15
       9
      15
       8
      14
       7
       8
       6
      14
      12
       8
       8
       6
      11
       3
      13
      11
      10
      10
       8
       7
      17
      13
      11
       7
       9
      14
       6
      11
       8
       3
      14
      15
      11
       8
      16
      14
       6
      10
       8
      10
      14
       7
      16
       8
       8
       9
      14
       7
      13
      10
      12
      10
      13
       8
       8
       7
       9
      11
      15
      18
      11
       9
       7
       6
       6
      10
       8
       8
       8
       8
      12
      10
      11
       7
      13
       9
      11
      12
      11
      12
      10
      16
      21
       8
      16
       6
      12
      12
      11
      11
      12
      10
      16
       8
       9
      10
      12
      11
      11
       7
       7
      12
      12
      12
      13
      13
      11
       6
       8
       8
      13
       7
      11
      11
      10
      12
      10
      10
      14
      13
      10
      16
      13
      14
      13
      18
      28
      20
      24
      28
      33
      46
      68
      63
      69
      88
     136
     111
     134
      92
      97
      87
      75
      67
      39
      36
      27
      19
      17
      14
      17
      18
      12
      19
       6
      10
      10
      15
      11
       8
      13
      15
       9
       8
      14
      12
       9
      12
      13
      15
      16
       6
      11
      12
      11
      10
       8
      10
       6
       9
      11
       9
       8
       4
      11
      14
       7
      16
      11
      11
      11
       9
      16
       8
      17
       9
       8
      20
      10
      14
      12
      10
       9
       9
      14
      10
       8
       8
      13
       8
      10
      10
      14
      11
       8
      11
       4
      12
      13
       8
      16
      13
       6
      12
      11
       7
       5
      12
      15
      11
      19
       4
      15
       8
      11
      12
      14
      11
      11
      15
      12
      10
      12
      13
      15
      15
      11
      13
      13
      17
       6
      11
      10
      19
      19
      16
      12
      14
      14
       8
      12
       8
      14
      11
       9
      10
      10
      15
      14
      10
       5
       6
       8
      12
      10
      18
      13
      10
      13
      15
      10
      10
      11
      14
      12
       9
      11
      15
      15
      16
      16
       5
      13
      10
      11
      13
      18
      17
       9
      12
      13
       8
      16
       9
      12
       7
       7
      10
      16
      15
      11
      13
      11
       9
      11
      11
      14
      16
      10
      11
      13
      12
       4
       6
      14
      13
      14
      16
       6
      13
       9
       9
       7
      16
      15
       9
      14
      12
      10
      13
      10
      14
      22
      14
      15
      16
      11
       9
      14
      15
      12
      10
      16
       9
      11
      10
      13
      18
      17
      14
      15
      13
      10
      15
      18
      18
      11
      23
       7
      16
      11
      13
      13
      15
      17
      17
      13
      11
      10
      15
      10
      13
      11
      11
      14
      10
      14
      10
      11
      17
      11
       7
      11
      13
      11
      13
      12
      18
      12
      10
       8
      12
      10
      17
      11
      14
      14
      12
      13
      13
      17
      10
      15
      14
       6
      15
      12
      19
      12
       5
      17
      16
       8
      11
      14
      14
       8
      11
      19
      13
      16
      16
      14
      12
      11
      18
      14
      17
      11
       7
       8
       7
      22
      11
      14
      12
      20
      20
       7
      16
       9
      20
      10
      13
      14
      11
      16
      11
      16
       8
      18
      22
      12
      16
      11
      11
      14
      17
      15
      18
      12
      20
      20
      12
      17
      14
      16
      19
      13
      21
      10
      13
       8
      23
      14
      16
      10
      18
      13
       8
      11
      21
      20
       7
      10
      15
      11
      18
      11
      15
      17
       9
      18
      12
      10
       8
      12
      17
      11
      16
      23
       7
      18
      12
      13
      14
      15
      17
      16
      14
      15
      17
      14
      13
      17
       9
      18
      10
      18
      14
      11
      18
       8
      14
      16
      14
      11
      18
      17
      13
      19
      14
      20
      13
      13
      13
      18
      15
      16
      15
       3
      17
      14
      19
       8
      15
      13
      18
      18
      21
       9
      21
      23
      11
      11
      14
      21
       7
      11
      13
      15
      17
      15
      23
      15
      14
      11
      17
       9
      14
      15
      17
      18
      14
       6
      14
      13
      11
      16
      20
      15
      14
      14
      17
      17
      19
      22
      11
       7
      17
      20
      15
      15
      14
      13
      12
      15
      20
      13
      18
      19
      11
      21
      15
      11
      19
      21
      15
      13
      22
      14
      15
      10
      17
      12
      14
      19
      12
       9
      14
      16
      16
      14
      15
      27
      22
      26
      18
      25
      21
      20
      21
      17
      15
      24
      18
      16
      14
      13
      15
       9
      17
      17
      11
      15
      22
      19
      16
      14
      15
      20
      21
      25
      11
      13
      18
      17
      15
      13
      17
       9
      16
      11
      15
       9
      18
      14
      24
      16
      14
      30
      15
      19
      20
      15
      17
      22
      17
      19
      11
      20
      13
      20
      22
      16
      14
      21
      14
      19
      20
      16
      25
      20
      24
      16
      16
      11
      22
      17
      17
      15
       9
      15
      13
      21
      21
      18
      16
      11
      16
      18
      30
      12
      18
      24
      18
      15
       9
      17
      17
      12
      17
      22
      17
      18
      21
      22
      14
      18
      24
      17
      19
      24
      18
      13
      24
      12
      22
      17
      14
      27
      13
      16
      12
      19
      13
      31
      21
      15
       8
      18
      10
      12
      22
      17
      22
      19
      17
      20
      21
      17
      16
      12
      15
      25
      19
      16
      16
      18
      22
      23
      12
      21
      25
      21
      15
      14
      17
      22
      18
      14
      14
      15
      24
      22
      19
      14
      18
      16
      19
      14
      25
      18
      23
      18
      18
      17
      17
      28
      19
      14
      12
      20
      20
      20
      19
      23
      19
      19
      22
      25
      23
      24
      14
      18
      25
      18
      23
      24
      15
      16
      18
      19
      13
      15
      25
      22
      24
      14
      14
      20
      21
      16
      13
      18
      25
      19
      15
       9
      20
      18
      19
      18
      22
      12
      19
      18
      18
      19
      21
      12
      14
      21
      20
      17
      12
      11
      16
      15
      14
      11
      19
       8
      13
      22
      18
       8
      10
      18
      16
      14
      14
      10
      11
      12
      18
      16
      13
      12
      20
      14
      17
      17
      13
      13
      12
      14
      15
      17
      12
       9
      15
       9
      16
       8
      20
      11
      13
      14
      13
      19
      12
       8
      17
      13
      14
      13
       6
      10
       8
       8
      10
      12
      16
      12
      12
      13
       8
      10
      17
      16
      10
       5
      11
      11
      12
      10
       7
      14
      12
      14
      13
      15
      11
      16
       7
      11
      18
      14
       7
       6
      20
      11
      14
      13
       9
       8
      13
      14
      15
      11
      15
      11
      12
      11
      12
      10
      14
       5
      12
      11
       8
       9
      15
       6
      15
      14
      11
       8
      11
      15
       9
      11
       8
      11
       9
      13
      13
      12
       8
      14
      17
      10
      17
      13
      14
      16
      16
      13
      22
      13
      11
      14
      14
      12
      13
      18
      11
       1
      14
       7
       9
      12
      15
      12
       8
      10
       8
      13
      12
       9
      18
       9
       7
       7
      12
      13
      12
      13
      12
       9
       5
       8
      14
       3
      15
       8
       8
      10
      12
      18
      10
      12
       8
       6
       5
       9
      20
       9
       7
       9
      13
       8
       9
      13
       9
      12
      14
       4
       9
       7
      10
       5
      10
       6
       9
      11
      11
       6
       9
       6
      10
      10
      10
      10
      11
       6
       6
       6
      10
       6
       7
       6
      15
       9
      14
      14
       3
       9
      12
       8
       5
      16
       8
      18
       9
      12
       7
       9
      10
       7
       6
       8
       8
      12
       6
      14
      10
       4
       3
       6
       7
       4
       8
       7
       7
       5
       4
       8
       5
       9
       6
       3
       4
       5
      10
       7
      10
       2
       5
       3
       7
       7
       8
       8
       0
       6
       6
       8
       6
       2
       3
       5
      10
       7
       4
       4
       7
       6
       4
       6
       8
       8
       6
       4
       8
       8
       4
       8
       4
       7
       6
       4
       5
       3
       5
       7
       7
       3
       3
       1
       4
       3
       4
       6
       4
       4
       2
       5
       2
       4
       6
       1
       6
       2
       2
       4
       7
       5
       1
       5
       4
       6
       7
       5
       5
       1
       1
       3
       5
       4
       2
       1
       5
       4
       3
       4
       4
       2
       3
       3
       3
       3
       4
       3
       5
       5
       5
       4
       6
       2
       4
       2
       3
       2
       3
       2
       7
       4
       1
       4
       2
       1
       3
       1
      10
       0
       3
       1
       3
       6
       1
       4
       6
       2
       2
       3
       5
       3
       4
       3
       2
       1
       4
       4
       4
       2
       6
       0
       4
       1
       3
       9
       2
       3
       2
       3
       3
       5
       3
       4
       0
       2
       1
       1
       0
       0
       4
       4
       4
       1
       1
       1
       4
       1
       5
       1
       3
       3
       3
       3
       1
       3
       2
       2
       5
       2
       5
       1
       3
       4
       1
       2
       2
       5
       0
       1
       2
       2
       0
       3
       2
       3
       4
       2
       1
       1
       1
       3
       0
       2
       3
       2
       2
       7
       3
       5
       2
       2
       1
       2
       3
       5
       3
       2
       6
       1
       3
       2
       2
       7
       2
       2
       3
       4
       4
       2
       1
       2
       4
       3
       4
       2
       2
       3
       4
       3
       3
       3
       4
       3
       4
       0
       4
       3
       4
       5
       2
       1
       1
       2
       0
       3
       1
       3
       4
       5
       1
       4
       3
       3
       4
       2
       3
       2
       6
       5
       3
       6
       3
       2
       1
       2
       6
       2
       3
       3
       2
       3
       4
       2
       1
       2
       0
       3
       2
       2
       2
       2
       1
       2
       3
       5
       0
       5
      10
       4
       2
       1
       1
       4
       4
       1
       4
       6
       8
       3
       4
       3
       4
       7
       5
       2
       4
       9
       9
       8
      15
       9
      16
      18
      29
      31
      52
      79
      85
     128
     149
     197
     277
     358
     505
     595
     827
     886
     924
     860
     728
     542
     428
     299
     173
     132
      60
      40
      15
      11
       3
       5
       3
       1
       2
       1
       1
       0
       0
       1
       0
       1
       0
       1
       2
       0
       1
       0
       1
       1
       0
       0
       1
       0
       0
       1
       1
       0
       0
       0
       2
       2
       0
       4
       1
       1
       2
       0
       0
       1
       0
       1
       2
       1
       0
       1
       1
       0
       0
       0
       0
       0
       0
       2
       0
       0
       1
       0
       2
       0
       1
       1
       1
       1
       0
       0
       0
       0
       2
       0
       3
       1
       0
       0
       0
       0
       3
       1
       0
       0
       3
       0
       0
       0
       1
       2
       1
       0
       0
       1
       1
       0
       0
       1
       0
       0
       0
       1
       0
       0
       1
       0
       2
       0
       0
       2
       0
       1
       1
       0
       1
       0
       0
       1
       0
       0
       0
       0
       0
       0
       0
       0
       2
       1
       0
       1
       0
       0
       0
       1
       1
       1
       0
       0
       0
       0
       0
       0
       0
       0
       1
       1
       0
       2
       0
       0
       1
       0
       1
       1
       0
       0
       1
       2
       0
       0
       1
       2
       0
       0
       1
       0
       0
       0
       1
       0
       2
       0
       0
       0
       1
       1
       0
       0
       0
       1
       0
       1
       0
       0
       0
       0
       0
       0
       2
       0
       0
       0
       0
       1
       1
       1
       2
       0
       1
       1
       0
       1
       1
       1
       1
       0
       0
       1
       0
       1
       1
       0
       0
       1
       2
       1
       0
       0
       1
       1
       1
       0
       1
       0
       0
       0
       0
       3
       0
       0
       0
       0
       1
       1
       0
       0
       0
       1
       1
       0
       0
       0
       1
       1
       0
       0
       0
       0
       1
       0
       0
       0
       0
       1
       1
       0
       2
       1
       1
       0
       1
       0
       0
       0
       0
       0
       1
       0
       0
       0
       1
       0
       0
       0
       1
       0
       0
       1
       0
       0
       0
       0
       0
       1
       1
       0
       0
       0
       0
       1
       0
       1
       1
       1
       1
       0
       0
       0
       0
       0
       0
       0
       0
       1
       1
       2
       0
       0
       1
       0
       1
       0
       0
       0
       1
       0
       2
       2
       0
       1
       0
       0
       1
       0
       0
       0
       0
       0
       2
       1
       1
       0
       0
       1
       0
       0
       0
       3
       0
       1
       0
       1
       0
       0
       1
       1
       0
       1
       0
       0
       0
       0
       1
       0
       0
       2
       0
       1
       0
       0
       0
       0
       0
       0
       1
       1
       1
       0
       0
       0
       0
       2
       0
       1
       1
       0
       0
       1
       1
       1
       3
       0
       0
       1
       1
       0
       1
       1
       1
       0
       2
       0
       0
       0
       0
       0
       1
       0
       0
       0
       0
       0
       0
       1
       0
       0
       1
       1
       0
       1
       1
       0
       0
       1
       0
       0
       0
       0
       0
       1
       0
       1
       0
       0
       1
       1
       0
       1
       1
       0
       1
       0
       0
       0
       0
       0
       0
       1
       0
       0
       0
       0
       0
       2
       0
       0
       0
       0
       0
       1
       0
       0
       0
       1
       0
       0
       0
       0
       0
       1
       0
       0
       0
       0
       1
       1
       0
       1
       0
       1
       0
       1
       1
       0
       0
       1
       0
       0
       0
       0
       0
       0
       1
       1
       0
       0
       0
       0
       0
       0
       1
       0
       1
       0
       0
       0
       0
       0
       0
       0
       1
       0
       1
       0
       0
       0
       0
       0
       0
       0
       0
       0
       0
       0
       0
       0
       0
       1
       0
       0
       0
       1
       1
       0
       0
       1
       1
       1
       0
       1
       0
       0
       1
       1
       0
       0
       0
       0
       1
       2
       0
       1
       1
       0
       0
       0
       1
       1
       3
       0
       0
       0
       0
       0
       1
       1
       1
       2
       0
       0
       0
       1
       0
       0
       2
       0
       1
       0
       0
       0
       1
       0
       0
       0
       0
       0
       0
       1
       0
       0
       0
       1
       2
       0
       1
       0
       1
       0
       0
       1
       0
       0
       0
       0
       0
       0
       1
       0
       0
       0
       0
       2
       2
       1
       0
       0
       0
       0
       1
       0
       0
       0
       0
       0
       0
       1
       0
       1
       0
       0
       0
       0
       0
       1
       0
       0
       2
       0
       0
       0
       0
       0
       0
       0
       0
       0
       1
       0
       0
       0
       1
       0
       0
       0
       0
       1
       1
       0
       1
       0
       1
       0
       1
       2
       0
       0
       0
       1
       0
       1
       1
       0
       0
       1
       0
       1
       0
       0
       0
       0
       0
       0
       0
       0
       0
       0
       0
       0
       0
       0
       1
       0
       0
       1
       1
       0
       0
       1
       2
       0
       0
       0
       1
       1
       0
       0
       0
       0
       0
       0
       0
       0
       1
       2
       2
       1
       0
       0
       0
       0
       1
       0
       0
       0
       0
       0
       0
       0
       1
       0
       0
       0
       0
       0
       0
       0
       1
       0
       0
       0
       0
       0
       0
       0
       1
       0
       0
       1
       0
       0
       0
       1
       1
       1
       0
       0
       1
       0
       0
       0
       2
       0
       1
       1
       0
       0
       0
       0
       1
       0
       0
       0
       0
       1
       0
       1
       0
       0
       1
       0
       0
       0
       0
       0
       1
       0
       2
       0
       0
       0
       1
       0
       0
       0
       1
       0
       0
       0
       0
       0
       0
       1
       1
       0
       0
       2
       0
       0
       1
       0
       1
       0
       0
       1
       0
       0
       0
       0
       0
       0
       1
       0
       0
       1
       1
       0
       0
       2
       0
       0
       0
       0
       1
       0
       3
       0
       0
       0
       1
       0
       0
       0
       0
       0
       0
       1
       0
       0
       0
       0
       0
       0
       0
       0
       0
       0
       1
       1
       0
       1
       0
       0
       0
       0
       0
       0
       0
       1
       1
       0
       0
       0
       0
       0
       0
       0
       0
       2
       1
       0
       0
       0
       0
       0
       0
       0
       0
       0
       0
       0
       0
       0
       1
       1
       0
       0
       0
       1
       1
       0
       0
       0
       1
       0
       1
       0
       1
       0
       0
       0
       0
       1
       0
       0
       1
       0
       8
      23
      21
      30
      29
      26
      19
      25
      26
      26
      33
      22
      21
      27
      22
      33
      21
      24
      27
      20
      19
      30
      20
      17
      28
      23
      18
      13
      23
      33
      22
      25
      20
      25
      17
      19
      26
      18
      23
      30
      25
      27
      29
      19
      29
      26
      27
      23
      20
      34
      13
      20
      14
      20
      27
      26
      24
      21
      26
      25
      31
      21
      29
      26
      26
      19
      24
      15
      24
      21
      22
      25
      35
      24
      23
      24
      25
      24
      25
      31
      23
      20
      20
      20
      18
      30
      32
      21
      30
      32
      21
      25
      28
      25
      31
      27
      26
      17
      33
      25
      22
      28
      19
      33
      25
      25
      24
      28
      27
      28
      22
      18
      19
      21
      24
      26
      20
      27
      29
      24
      26
      25
      30
      29
      28
      31
      25
      23
      24
      33
      22
      19
      25
      29
      21
      19
      17
      24
      16
      27
      27
      28
      35
      24
      26
      25
      22
      41
      18
      24
      23
      26
      22
      21
      17
      27
      21
      28
      31
      28
      24
      26
      35
      28
      23
      20
      25
      24
      26
      19
      23
      28
      27
      27
      20
      24
      25
      23
      25
      27
      29
      28
      25
      19
      21
$ROI:
5
598 616
1488 1502
3004 3030
3417 3440
6719 6742
$PRESETS:
None
0
0
$ENER_FIT:
1.820202 0.388090
$MCA_CAL:
3
1.820202E+000 3.880899E-001 -2.021690E-008 keV
$SHAPE_CAL:
3
1.939874E+000 2.172949E-003 -2.951990E-007
