$SPEC_ID:
naa kelp 7
$SPEC_REM:
DET# 1
DETDESC# SHUGART-PC MCB 337
AP# Maestro Version 7.01
$DATE_MEA:
12/23/2015 09:24:09
$MEAS_TIM:
3734 3774
$DATA:
0 8191
       0
       0
       0
       0
       0
       0
       0
       0
       0
       0
       0
       0
       0
       0
       0
       0
       0
       0
       0
       0
       0
       0
       0
       0
       0
       0
       0
       0
       0
       0
       0
       0
       0
       0
       0
       0
      21
     273
     831
     761
     855
     836
     790
     817
     761
     861
     854
     815
     877
     862
     909
     908
     933
     961
    1012
    1048
    1001
     982
    1001
     922
     918
     878
     850
     961
     974
     954
     969
     912
     937
     935
     896
     925
     896
     890
     923
     971
     975
     954
     930
     884
     917
     880
     853
     849
     897
     894
     886
     922
     931
     858
     858
     887
     854
     823
     899
     918
     869
     872
     848
     848
     878
     833
     816
     864
     860
     828
     847
     874
     899
     895
     882
     862
     849
     897
     937
     902
     918
     912
     900
     892
     871
     899
     897
     898
     848
     933
     951
     930
     881
     897
     894
     896
     900
     918
     823
     908
     931
     887
     926
     934
     896
     989
     932
     949
    1006
    1004
     946
     962
    1023
    1042
     980
    1014
    1008
    1030
     962
    1041
    1016
     993
    1019
     982
    1027
     998
     987
    1002
    1002
    1077
    1011
     985
    1028
    1040
    1058
     996
    1093
    1060
    1019
    1057
    1007
    1153
    1152
    1259
    1708
    2139
    2353
    1943
    1536
    1769
    2581
    3231
    2891
    1960
    1217
     962
     863
     844
     869
     846
     860
     833
     858
     783
     870
     813
     810
     794
     762
     784
     830
     750
     839
     849
    1077
    1391
    1665
    1661
    1437
    1101
     891
     819
     976
    1061
     995
     908
     783
     732
     725
     745
     737
     780
     725
     815
     917
    1053
    1059
     915
     873
     752
     716
     702
     689
     701
     730
     755
     740
     712
     794
     696
     715
     681
     703
     717
     740
     719
     772
     743
     704
     712
     716
     731
     719
     688
     731
     751
     706
     736
     720
     747
     719
     741
     765
     732
     665
     703
     725
     765
     729
     702
     721
     726
     726
     703
     713
     679
     714
     690
     759
     720
     702
     718
     715
     702
     730
     696
     710
     707
     758
     764
     768
     691
     764
     720
     751
     727
     774
     736
     766
     733
     737
     803
     771
     745
     785
     699
     715
     700
     754
     682
     815
     709
     720
     681
     755
     735
     739
     714
     791
     779
     740
     777
     765
     765
     790
     765
     721
     767
     692
     756
     715
     751
     676
     749
     695
     795
     662
     726
     746
     736
     770
     717
     759
     739
     681
     730
     725
     729
     711
     674
     681
     709
     718
     701
     755
     707
     699
     696
     697
     704
     703
     618
     719
     671
     659
     683
     670
     703
     680
     674
     654
     718
     666
     636
     666
     667
     667
     661
     647
     649
     663
     681
     637
     669
     665
     671
     659
     661
     643
     658
     642
     652
     587
     665
     676
     626
     640
     676
     687
     713
     695
     664
     650
     627
     663
     623
     602
     616
     632
     599
     596
     593
     629
     571
     579
     644
     604
     623
     656
     614
     593
     578
     637
     630
     622
     558
     619
     619
     617
     597
     619
     586
     617
     628
     628
     605
     636
     700
     631
     645
     726
     710
     635
     718
     677
     679
     708
     722
     762
     661
     721
     738
     637
     695
     704
     693
     701
     694
     734
     736
     714
     707
     730
     723
     756
     675
     680
     739
     765
     731
     741
     718
     764
     728
     719
     708
     694
     741
     754
     770
     712
     727
     718
     740
     727
     758
     736
     774
     767
     796
     802
     767
     843
     810
     753
     771
     773
     754
     776
     767
     823
     768
     803
     731
     750
     765
     797
     777
     729
     785
     739
     778
     773
     734
     745
     705
     719
     739
     762
     787
     706
     712
     736
     749
     720
     769
     711
     699
     725
     739
     762
     723
     774
     739
     731
     718
     731
     712
     699
     729
     652
     722
     718
     688
     680
     726
     725
     756
     716
     696
     735
     758
     714
     726
     762
     718
     812
    1072
    1262
    1357
    1202
     933
     759
     691
     732
     724
     689
     689
     687
     688
     690
     715
     638
     698
     699
     736
     694
     653
     670
     680
     689
     672
     674
     675
     643
     689
     606
     638
     653
     660
     685
     648
     675
     649
     597
     643
     641
     626
     646
     631
     605
     618
     639
     626
     645
     644
     635
     654
     580
     618
     607
     622
     628
     656
     614
     616
     601
     628
     590
     603
     606
     630
     593
     627
     619
     603
     589
     572
     582
     624
     552
     595
     602
     650
     618
     601
     557
     558
     598
     536
     554
     580
     558
     603
     580
     584
     569
     564
     570
     563
     585
     598
     584
     556
     545
     522
     535
     555
     530
     538
     559
     561
     527
     540
     572
     537
     517
     558
     544
     543
     560
     499
     550
     544
     527
     522
     544
     526
     505
     532
     527
     550
     528
     542
     516
     499
     517
     447
     568
     517
     512
     635
     680
     695
     637
     555
     552
     518
     470
     482
     485
     509
     512
     517
     505
     496
     468
     492
     503
     449
     537
     462
     492
     515
     434
     485
     475
     488
     471
     461
     507
     458
     494
     491
     466
     483
     448
     471
     476
     488
     444
     470
     465
     445
     482
     443
     457
     449
     458
     467
     446
     460
     438
     457
     484
     433
     453
     399
     413
     460
     452
     471
     395
     454
     433
     481
     457
     449
     395
     439
     459
     434
     428
     429
     425
     435
     415
     408
     430
     411
     394
     404
     449
     438
     433
     409
     408
     398
     425
     466
     429
     388
     397
     435
     425
     428
     405
     429
     439
     439
     434
     401
     415
     463
     441
     414
     386
     469
     431
     400
     434
     400
     419
     372
     430
     412
     434
     445
     389
     400
     399
     419
     397
     426
     424
     416
     395
     393
     398
     390
     412
     413
     377
     370
     407
     406
     383
     407
     405
     429
     377
     409
     407
     408
     406
     418
     370
     423
     391
     428
     388
     402
     411
     440
     376
     388
     401
     352
     430
     385
     406
     436
     398
     427
     399
     389
     392
     405
     405
     400
     402
     389
     409
     367
     386
     382
     405
     402
     390
     371
     397
     416
     331
     370
     387
     360
     388
     394
     400
     407
     410
     426
     380
     418
     412
     394
     418
     418
     389
     347
     388
     400
     393
     376
     393
     388
     426
     393
     414
     367
     367
     397
     396
     410
     391
     368
     388
     358
     369
     380
     419
     408
     397
     417
     407
     415
     362
     401
     409
     396
     375
     388
     394
     396
     393
     365
     368
     400
     401
     369
     402
     362
     401
     391
     375
     392
     386
     383
     407
     385
     395
     374
     403
     381
     394
     411
     396
     404
     397
     354
     387
     363
     410
     387
     384
     406
     368
     370
     380
     419
     367
     365
     372
     385
     343
     352
     377
     349
     361
     360
     365
     348
     354
     340
     336
     343
     322
     278
     337
     342
     368
     321
     324
     323
     312
     327
     325
     332
     318
     303
     335
     299
     311
     343
     336
     341
     293
     313
     340
     354
     334
     315
     374
     326
     290
     297
     304
     314
     328
     325
     305
     294
     325
     281
     308
     343
     314
     333
     321
     316
     304
     328
     334
     333
     333
     308
     335
     302
     292
     305
     286
     336
     337
     293
     363
     324
     296
     298
     333
     323
     342
     292
     300
     346
     309
     314
     314
     298
     279
     303
     297
     281
     294
     317
     314
     353
     314
     314
     306
     327
     322
     301
     329
     307
     326
     275
     298
     271
     319
     311
     275
     319
     312
     284
     310
     276
     301
     311
     291
     306
     326
     307
     290
     267
     281
     318
     296
     272
     320
     305
     288
     304
     314
     304
     297
     275
     264
     301
     309
     333
     296
     284
     302
     311
     293
     307
     289
     323
     287
     271
     268
     306
     256
     262
     316
     258
     266
     290
     272
     262
     264
     279
     228
     263
     258
     266
     267
     251
     269
     278
     286
     272
     273
     253
     256
     255
     256
     277
     265
     282
     248
     275
     247
     259
     244
     236
     276
     282
     252
     260
     283
     250
     264
     280
     276
     253
     243
     264
     282
     267
     273
     269
     249
     263
     230
     266
     240
     272
     231
     255
     268
     251
     247
     260
     240
     259
     244
     253
     262
     281
     203
     261
     237
     239
     231
     221
     244
     235
     240
     266
     255
     248
     263
     249
     260
     255
     235
     273
     253
     257
     253
     222
     243
     269
     236
     237
     243
     256
     244
     233
     269
     282
     239
     252
     239
     222
     239
     230
     240
     214
     220
     244
     248
     261
     233
     271
     224
     241
     261
     242
     222
     248
     249
     222
     258
     220
     262
     231
     257
     239
     246
     239
     228
     247
     222
     256
     263
     231
     228
     228
     278
     236
     232
     241
     234
     233
     217
     250
     258
     245
     262
     249
     250
     231
     230
     222
     261
     244
     261
     241
     275
     231
     235
     269
     243
     250
     227
     244
     217
     242
     246
     253
     229
     250
     236
     216
     238
     240
     214
     224
     265
     246
     221
     256
     236
     234
     260
     276
     254
     259
     279
     348
     397
     399
     447
     421
     424
     387
     312
     323
     289
     290
     263
     273
     271
     242
     244
     223
     239
     226
     226
     243
     217
     222
     233
     224
     210
     220
     205
     217
     253
     212
     208
     226
     217
     212
     239
     200
     236
     229
     212
     222
     229
     225
     242
     218
     209
     245
     259
     215
     201
     236
     211
     239
     226
     229
     227
     194
     185
     225
     241
     221
     238
     204
     239
     228
     250
     229
     240
     217
     208
     248
     219
     240
     226
     246
     234
     246
     214
     213
     230
     229
     228
     248
     232
     206
     214
     208
     233
     206
     226
     202
     211
     253
     220
     227
     229
     215
     214
     241
     227
     247
     223
     246
     212
     201
     240
     213
     256
     248
     282
     371
     649
    1520
    3369
    6047
    8693
    9420
    7480
    4293
    1904
     817
     382
     305
     293
     319
     422
     634
     781
     820
     765
     523
     335
     257
     221
     236
     249
     214
     193
     257
     239
     308
     287
     245
     253
     244
     238
     215
     227
     231
     199
     234
     209
     244
     229
     238
     217
     225
     219
     226
     231
     224
     222
     236
     236
     220
     226
     231
     203
     240
     228
     221
     252
     231
     222
     224
     212
     211
     202
     240
     234
     232
     213
     209
     208
     248
     240
     218
     219
     189
     207
     226
     232
     191
     201
     196
     192
     181
     191
     201
     187
     213
     175
     197
     184
     192
     168
     176
     192
     182
     185
     186
     192
     197
     188
     200
     181
     164
     172
     196
     176
     180
     172
     160
     189
     175
     159
     159
     150
     175
     181
     162
     189
     182
     173
     189
     177
     174
     207
     164
     185
     173
     176
     179
     176
     167
     162
     199
     243
     259
     307
     311
     298
     235
     188
     171
     185
     166
     195
     166
     162
     198
     162
     171
     165
     159
     167
     166
     172
     164
     163
     162
     187
     176
     179
     153
     169
     207
     316
     469
    1082
    2232
    3811
    4864
    5118
    3728
    2283
    1055
     438
     216
     219
     167
     186
     185
     185
     161
     179
     167
     167
     150
     162
     157
     177
     168
     169
     137
     148
     143
     159
     144
     144
     148
     143
     158
     168
     153
     166
     134
     133
     162
     153
     129
     158
     155
     127
     132
     142
     134
     152
     136
     122
     144
     144
     130
     131
     141
     138
     137
     122
     129
     134
     167
     118
     120
     131
     142
     126
     106
     142
     117
     129
     149
     130
     131
     131
     133
     161
     131
     123
     112
     142
     130
     117
     138
     140
     110
     151
     135
     121
     133
     127
     124
     121
     110
     123
     131
     119
     114
     126
     152
     177
     175
     168
     155
     146
     135
     120
     140
     122
     145
     129
     121
     105
     110
     126
     117
     104
     105
     112
     126
     134
     129
     124
     114
     123
     118
     115
     119
     108
     105
     124
     103
     114
     123
      84
     106
     108
     102
     127
     126
     122
      99
     114
     104
     121
     104
     112
     120
      99
      99
      98
     102
     105
     100
     110
     115
     114
     118
     111
     119
     102
     113
     103
     110
     116
     129
     121
     122
      95
     113
     113
     113
      96
     102
     113
     119
     100
     100
     103
     106
     103
     109
      97
      99
     114
     107
     123
      89
      99
     124
      91
     102
     112
     113
     108
     104
     102
      98
     105
     101
     110
     139
     186
     284
     568
    1181
    2004
    2761
    2948
    2511
    1551
     778
     371
     176
     133
     115
      86
     109
      99
     101
     101
     110
      85
      87
      98
      71
      90
      99
     116
     117
     103
      86
     107
     106
      79
     117
      88
     103
     100
     104
     100
      80
      85
     109
     107
      95
      87
     114
      97
     102
     104
      92
      89
      90
      94
      96
      95
      87
      96
     100
      89
      86
      94
     104
      92
      89
      88
      94
      89
     104
     105
      88
      84
      96
      99
     104
     101
      91
      76
     114
      91
      93
     102
     109
      96
      91
     111
      86
     101
      91
      92
      89
     104
      84
      93
      93
     102
     105
      93
      91
      91
     107
      95
      98
     100
     108
     120
      88
      87
     102
     107
      84
     111
      95
      96
      92
      93
      91
     108
      75
     105
     105
      94
     104
      91
      99
      78
      85
      89
     106
      93
      94
      79
      83
      81
      86
      96
      86
      83
      89
      92
      82
      91
      79
     121
     101
      82
      88
      85
     104
      93
      87
     106
     107
     106
      83
     106
      96
     103
      94
      85
     110
     105
     102
     102
     106
     100
     103
      90
      85
      89
      94
      75
     104
      93
      94
      85
     113
      79
      99
     106
      93
     102
      85
     112
      88
     102
     101
      90
      75
     113
     103
      79
      99
      95
      86
      85
      89
      98
     110
      85
     124
     167
     282
     520
    1141
    2255
    4088
    6381
    7587
    7219
    5243
    3141
    1398
     571
     215
     154
     122
     131
      84
     111
      86
      85
      99
      90
      89
      84
      93
     100
      95
      92
      72
      90
      70
      82
      90
      90
      75
      93
     109
      82
      77
      77
      72
      65
      87
      78
      91
      86
      69
     109
      79
     100
      81
      93
      82
      72
      67
      87
      78
      86
      94
      78
      87
      84
      90
     100
      92
      85
      79
      98
      77
      76
      86
      92
      77
      88
      75
      79
      69
     105
      84
      94
     108
      88
      90
      98
      94
      98
      94
      99
      96
      97
      92
      88
      88
      76
      99
      81
     100
      74
      83
      94
      76
      94
      93
      99
      98
      80
      91
      75
      90
      95
      69
      87
      76
      78
      81
      79
     101
      89
      82
      95
      79
      87
      96
      95
      76
      86
      94
      73
      73
      73
      85
     109
     120
     187
     288
     596
    1109
    1646
    2037
    2099
    1771
    1081
     598
     244
     142
      98
      97
      82
      96
      72
      91
      86
      97
      85
      87
      79
      97
      75
      93
      86
      86
      90
      77
      74
      93
      81
      73
      73
      80
      73
      72
      96
      83
      62
      71
      78
      66
      67
      78
      70
      74
      67
      76
      89
      77
      76
      83
      72
      87
      86
      78
      88
      75
      76
      83
      80
      73
      71
      81
      69
      76
      83
      73
      68
      77
      66
      78
      73
      76
      80
      71
      74
      66
      79
      71
      72
      67
      80
      66
      69
      73
      60
      78
      69
      78
      72
      71
      79
      77
      80
      68
      69
      62
      55
      70
      60
      53
      68
      73
      61
      57
      66
      81
      68
      58
      61
      77
      75
      65
      69
      68
      74
      59
      55
      68
      68
      69
      65
      52
      71
      62
      72
      69
      54
      71
      68
      73
      64
      81
      51
      67
      60
      70
      68
      59
      53
      73
      71
      64
      64
      68
      64
      69
      56
      61
      46
      66
      70
      67
      61
      58
      68
      66
      64
      55
      56
      73
      73
      64
      67
      51
      55
      57
      70
      68
      61
      57
      58
      64
      62
      70
      71
      64
      66
      63
      53
      70
      52
      59
      75
      64
      76
      55
      76
      57
      62
      53
      66
      63
      72
      53
      53
      58
      63
      64
      55
      65
      59
      60
      60
      61
      82
      47
      60
      50
      58
      83
      56
      59
      68
      63
      65
      48
      60
      66
      61
      63
      84
      73
      59
      44
      66
      40
      55
      57
      42
      67
      55
      38
      59
      54
      70
      43
      66
      63
      69
      49
      56
      61
      54
      50
      58
      63
      64
      63
      50
      55
      63
      49
      63
      64
      58
      54
      58
      49
      52
      53
      50
      65
      50
      52
      58
      52
      64
      47
      49
      67
      57
      76
      73
      63
      63
      62
      53
      53
      66
      63
      67
      68
      40
      58
      53
      66
      49
      55
      45
      59
      62
      58
      54
      61
      58
      41
      56
      56
      56
      58
      52
      53
      68
      42
      59
      49
      64
      46
      47
      44
      66
      53
      55
      57
      41
      55
      57
      50
      53
      82
      66
      88
      70
      72
      58
      54
      59
      65
      60
      47
      56
      57
      54
      61
      59
      37
      50
      52
      55
      57
      42
      53
      45
      53
      45
      60
      47
      66
      68
      50
      47
      56
      56
      54
      47
      58
      53
      55
      62
      51
      61
      59
      59
      56
      47
      66
      56
      49
      51
      56
      55
      59
      62
      69
      58
      50
      49
      51
      55
      63
      61
      66
      47
      57
      62
      62
      51
      58
      60
      56
      68
      51
      56
      61
      59
      55
      50
      69
      44
      77
      50
      50
      57
      52
      53
      57
      53
      47
      53
      52
      51
      57
      53
      45
      50
      52
      51
      49
      46
      55
      55
      55
      73
      53
      63
      52
      56
      60
      70
      65
      54
      65
      53
      47
      63
      55
      65
      46
      71
      51
      57
      61
      43
      65
      52
      71
      55
      62
      48
      66
      59
      53
      45
      49
      48
      33
      56
      49
      55
      59
      60
      65
      96
      93
     143
     139
     127
     105
      75
      77
      73
      53
      62
      56
      52
      57
      60
      58
      50
      63
      48
      59
      58
      68
      59
      57
      63
      64
      42
      61
      50
      53
      57
      61
      49
      62
      71
      59
      50
      67
      50
      59
      66
      57
      44
      49
      61
      44
      46
      42
      52
      59
      47
      50
      63
      43
      68
      58
      62
      69
      64
      54
      62
      53
      49
      45
      78
      58
      67
      64
      60
      57
      63
      53
      68
      49
      71
      68
      56
      53
      65
      66
      58
      61
      62
      54
      58
      56
      61
      72
      66
      89
     136
     161
     287
     526
     986
    1374
    1694
    2009
    1636
    1223
     725
     374
     193
     105
      68
      67
      55
      66
      57
      52
      57
      69
      55
      46
      64
      52
      57
      62
      43
      56
      50
      50
      59
      52
      56
      51
      59
      71
      51
      52
      50
      78
      61
      56
      70
      53
      54
      70
      52
      57
      58
      49
      58
      63
      68
      50
      52
      59
      49
      50
      61
      56
      59
      66
      60
      58
      55
      65
      52
      68
      50
      62
      65
      62
      73
      63
      52
      53
      53
      70
      67
      73
      68
      56
      61
      72
      66
      60
      60
      86
      82
      77
      91
      73
      77
      62
      62
      65
      61
      63
      88
     107
      84
     106
      77
      78
      86
      61
      65
      54
      74
      47
      56
      58
      68
      53
      49
      49
      64
      51
      61
      50
      57
      56
      91
      55
      68
      54
      67
      76
      64
      57
      66
      62
      56
      54
      59
      71
      53
      60
      59
      48
      55
      63
      55
      64
      62
      58
      75
      60
      69
      54
      46
      64
      63
      51
      56
      44
      54
      55
      65
      55
      75
      80
      65
      58
      61
      60
      65
      81
      55
      62
      49
      62
      60
      38
      57
      71
      63
      61
      44
      55
      58
      46
      62
      61
      50
      50
      58
      61
      62
      60
      57
      64
      59
      67
      66
      67
      69
      70
      67
      53
      64
      61
      50
      66
      58
      49
      47
      58
      61
      42
      54
      50
      62
      59
      58
      47
      57
      62
      64
      64
      59
      61
      61
      62
      71
      49
      54
      52
      50
      55
      67
      45
      60
      55
      46
      57
      45
      56
      57
      51
      52
      59
      62
      56
      50
      71
      41
      62
      55
      55
      54
      63
      48
      68
      60
      65
      66
      68
      60
      56
      69
      65
      56
      52
      63
      63
      60
      50
      53
      59
      54
      50
      51
      59
      67
      47
      56
      62
      43
      46
      53
      56
      51
      43
      46
      53
      54
      62
      48
      44
      51
      55
      50
      48
      47
      50
      49
      43
      62
      50
      41
      39
      44
      45
      43
      43
      40
      48
      46
      43
      54
      38
      50
      52
      44
      55
      39
      52
      43
      47
      46
      38
      54
      44
      50
      50
      35
      39
      51
      50
      32
      34
      45
      46
      41
      50
      68
      68
      83
      66
      49
      45
      66
      41
      33
      46
      32
      39
      50
      40
      40
      43
      49
      41
      53
      48
      35
      45
      46
      50
      39
      42
      43
      37
      37
      34
      35
      52
      49
      39
      42
      55
      39
      37
      39
      32
      42
      49
      35
      43
      35
      38
      49
      38
      37
      33
      39
      38
      32
      29
      34
      31
      41
      27
      37
      48
      42
      38
      33
      36
      39
      28
      35
      39
      24
      34
      41
      44
      27
      31
      32
      24
      34
      41
      41
      30
      38
      30
      58
      34
      28
      36
      41
      48
      25
      42
      37
      48
      39
      44
      39
      34
      48
      29
      30
      33
      27
      41
      38
      51
      52
      48
      32
      34
      34
      44
      49
      44
      54
      66
      52
      47
      28
      38
      36
      22
      46
      29
      30
      41
      41
      36
      24
      27
      31
      31
      31
      44
      36
      35
      31
      42
      40
      27
      31
      32
      25
      28
      42
      39
      37
      34
      52
      42
      40
      35
      30
      35
      39
      24
      31
      33
      33
      31
      31
      37
      24
      29
      29
      33
      41
      36
      29
      37
      31
      35
      31
      33
      31
      42
      33
      32
      26
      33
      29
      23
      36
      42
      24
      29
      22
      26
      24
      27
      42
      26
      28
      32
      18
      29
      19
      34
      28
      21
      30
      27
      22
      25
      38
      29
      37
      44
      38
      52
      35
      40
      20
      32
      30
      17
      17
      28
      26
      28
      25
      22
      24
      24
      22
      25
      18
      24
      25
      28
      28
      31
      20
      33
      24
      31
      20
      20
      21
      17
      12
      19
      24
      23
      28
      20
      22
      22
      17
      19
      23
      22
      23
      14
      24
      24
      20
      32
      22
      21
      22
      21
      15
      11
      20
      20
      16
      19
      21
      25
      26
      16
      25
      32
      22
      16
      24
      20
      21
      14
      27
      30
      17
      19
      19
      25
      15
      19
      14
      27
      19
      13
      18
      27
      22
      33
      22
      25
      18
      13
      24
      28
      23
      25
      25
      27
      22
      26
      16
      12
      21
      19
      19
      26
      15
      20
      19
      22
      26
      21
      27
      20
      31
      31
      20
      22
      27
      17
      18
      24
      15
      20
      13
      25
      14
      16
      15
      24
      19
      24
      26
      25
      17
      26
      16
      30
      24
      13
      17
      25
      25
      16
      17
      16
      19
      20
      19
      21
      26
      14
      19
      10
      14
      26
      22
      29
      39
      46
      77
      97
     187
     261
     521
     785
    1120
    1432
    1415
    1221
     896
     603
     309
     145
      64
      43
      31
      18
      17
      20
      24
      20
      21
      14
      17
      19
      17
      19
      18
      12
      12
      15
      21
      18
      12
      12
      16
      25
      25
      26
      44
      44
      51
      47
      31
      37
      15
      20
      15
      19
      14
      22
      16
      12
       9
      18
      15
      11
      14
      18
      14
      20
      16
      21
      23
      11
      11
      27
      14
      11
      14
       9
      17
      12
      12
      20
      12
      14
      11
      11
      15
      19
      13
      15
      17
      16
      20
      14
      19
      15
      11
      14
       6
      20
      14
      14
      10
      14
       9
      14
      13
      20
      11
      11
      14
      16
      10
      17
      15
      10
      12
      18
      17
      18
      12
      17
      10
      13
       9
      16
      13
      13
      12
      18
      17
      14
      15
      16
      16
      26
      30
      43
      67
     143
     200
     354
     601
     959
    1299
    1530
    1563
    1455
    1100
     685
     379
     169
      87
      44
      23
      15
      11
      18
      18
      14
       8
      12
      10
      11
       9
      14
       9
      11
      12
      15
      13
       7
      14
       9
      12
       5
       8
      12
      14
      16
       9
       8
      13
      10
      10
      16
       9
       4
      13
      12
       9
      11
      16
      12
      10
      14
       5
      11
       8
      10
      13
      12
      13
      12
       6
       8
       9
      12
      17
      10
      15
      19
      16
      24
      21
      18
      17
      25
      13
       9
      12
      13
      13
       9
       7
      13
      16
      15
       6
       7
      11
      10
      15
      15
       8
      18
       7
      12
      10
       9
      11
      10
      12
      11
      14
       4
       8
       9
      10
       5
      12
       7
       5
       6
       6
       9
       6
       7
      10
      10
       6
       8
       9
       9
       7
      14
       3
       8
      17
      14
       6
      11
       7
       8
      10
       5
      10
       5
      10
      12
       6
      12
       5
       6
       4
      14
       9
       7
      11
      11
      12
       9
      11
       8
      14
       6
      12
       7
       5
       9
       8
       9
      10
       8
      13
      12
      13
      15
       7
       8
       8
       7
      11
       8
      11
       7
      11
       2
      13
       6
       6
       9
       4
       7
      10
      12
      12
       4
      11
      12
      14
       6
      14
       9
       7
      15
      12
      10
      11
      10
       7
       8
      11
       8
      12
       6
       9
       9
       7
       9
      13
       4
       6
       6
       9
       9
       6
       9
      10
       7
      17
      10
      12
       9
       8
      11
       6
      10
       8
       4
       5
      13
       7
       4
       9
       8
       8
       6
       7
       8
       7
      10
       7
      13
      14
      12
       9
       7
      13
       9
       9
       6
       6
       9
       8
       9
       8
       9
      14
       9
       8
       7
       6
       7
      11
      12
       9
      14
       9
      14
      17
      21
      52
      69
     107
     177
     330
     458
     597
     701
     774
     684
     515
     287
     154
     101
      49
      31
      12
      12
      18
       7
      14
      11
       6
       2
       5
       4
      10
      13
       1
       6
       9
      11
       9
       6
      10
       6
       7
       6
       6
       6
      10
       7
       6
       5
       9
       9
       7
       5
       8
       6
       3
       8
       5
       7
      10
       6
       8
       6
       0
      10
       5
       6
       4
       6
       5
       8
       9
      11
       8
       7
       2
       6
       6
       4
       5
       4
       8
       8
       3
       7
      10
       9
       8
       6
      10
       4
       7
       7
       6
       5
       7
       4
      11
       7
       5
       9
      11
      12
       6
       9
      10
      10
       9
       7
       2
      10
      10
       7
       5
      14
      10
       7
       5
       5
      10
       6
       9
       6
      10
       9
       5
      14
       8
       8
       6
       9
      10
      11
       3
       7
      10
      12
      19
      13
      16
      23
      28
      32
      18
      18
      14
       7
      11
       4
       7
       3
       8
       6
      13
       6
       9
       8
       7
       7
       7
       3
       4
       7
       4
       4
       5
      11
       4
       7
       8
       6
       7
       6
       6
       7
       8
      14
       4
      13
       6
      10
       5
       4
       8
       6
       4
      13
       7
      10
       5
      11
       8
       6
       4
       6
       6
       4
       9
       6
      10
       6
       9
       5
       5
       8
       8
       9
       5
       6
       7
       4
       8
      10
       5
       8
       5
      13
      11
       5
       5
      10
       5
       9
       7
       6
       7
       4
      13
       8
       8
       7
       6
      10
       7
       8
       4
       8
       6
       5
       8
       8
      10
       4
       6
       9
       7
      13
      10
      10
      13
      10
      10
       5
      11
       6
       4
       2
       7
       2
       7
       6
       8
       2
       7
       5
       4
       4
       8
       5
       9
       8
      10
       8
       3
       2
       8
       7
       6
       2
      12
       6
       7
       2
       5
       3
       7
       2
       7
       8
       9
       6
       3
       4
       8
       9
      11
       6
      10
       4
       5
       2
       5
       5
       8
       5
       6
      11
       3
       3
       8
       6
      14
       6
      12
       8
       3
       2
      10
      10
       4
      10
       6
      11
       1
      10
       9
       9
       8
       6
       9
       4
       6
       9
       8
       7
       7
       3
       7
       8
       6
      11
       4
      15
       5
      17
      14
      23
      25
      12
      13
       9
       8
       6
       7
      12
       6
      10
      12
       2
       1
       8
       8
       6
      10
       4
       3
       6
       5
       7
       9
      10
       5
       5
       7
       8
       9
       6
      11
       9
       7
       6
       7
       4
       3
       4
       5
       3
       6
      10
       4
       3
      10
       9
       4
       5
       5
       8
       7
       4
       4
       9
       4
       4
      13
       5
       6
       7
       5
       4
       4
       3
       4
       4
       3
       6
       6
      12
       9
       9
       8
       1
       5
      14
       6
      12
       5
      10
       5
      14
       6
       5
       6
       6
       9
       6
       5
       5
       3
       9
       9
      11
      12
       4
       4
      16
       6
      10
       6
       7
      13
       6
       6
       7
       6
       6
       5
       8
      14
      10
       7
      19
      17
      23
      29
      31
      28
      28
      25
      23
      12
      11
       8
      12
       7
      11
       8
       6
      11
      13
       3
       6
       8
       4
       5
       5
       5
       6
       6
       7
       7
       9
       8
      11
       6
       4
       7
       6
       4
       3
       2
       5
      11
       2
       9
       6
       4
       4
      13
       4
       8
       2
       8
       4
       5
       5
       9
       4
       6
       8
       9
       5
       3
       6
       6
       5
       6
       5
       9
       6
       5
       3
       8
       7
       4
       6
       8
       8
       7
       7
       8
       7
       5
       7
       6
       7
       4
       4
       7
       4
       3
       5
       7
       7
       6
       4
       8
       4
       5
       7
       3
       8
       4
       2
       6
       7
       7
       8
       6
       9
       6
       8
       9
      13
       2
      11
       3
       8
       4
       4
       7
       9
       5
       5
       7
       1
       5
       5
       0
       3
       6
       5
       5
      10
       4
      10
       4
       9
       6
       6
       8
       3
       4
       6
       7
       4
       4
       3
       8
       4
       3
       5
       6
       5
       5
       6
       5
       8
       2
       5
       4
       6
       7
       8
       3
       7
       9
       2
      11
       6
       9
       4
       7
       4
       7
       8
       5
       5
       3
      12
       8
       5
       6
       2
       6
       3
       4
       5
       7
       4
       4
      10
       7
       6
       3
       9
      13
       5
       8
       8
       5
       5
       8
       9
      10
       7
      13
      13
      16
      12
      20
      24
      28
      32
      34
      45
      51
      56
      47
      36
      23
      19
      19
      12
       8
       7
       7
       8
      13
       6
       7
       5
      10
       7
       7
       4
       5
      10
       3
       4
       7
       7
       7
       7
      10
       4
       4
       4
       7
       6
       8
       5
      11
       6
       9
       8
       4
       6
       8
       2
      11
       5
       1
       8
      10
       6
      13
       3
       3
       9
       7
       6
       7
       5
       5
      10
      11
       9
       8
       5
       8
      10
       9
       6
       6
       3
       4
      12
      12
       3
       4
       4
      10
       6
       6
       8
       4
       8
      11
       8
       4
       9
      10
       5
       8
       9
       7
       6
       4
      12
       7
       2
       4
       5
       9
       9
       9
       4
      10
       2
       6
       3
       4
       6
       9
       4
       6
      11
       5
       3
      13
       5
       8
       7
      11
       7
       4
       7
      11
      12
       8
       8
       5
       4
       7
       6
       5
       8
       6
       9
       8
       8
       7
       4
       5
       3
       7
       9
       5
       9
       7
      10
       5
       6
       8
       3
      11
       4
       7
       4
       6
       4
       8
       4
       6
       6
       6
       9
       7
      11
       3
       7
       7
       7
       5
      11
       8
       6
       8
       8
       6
      10
       4
       8
       9
       6
       9
       6
       4
       3
       7
       4
       6
       7
       9
       8
       4
       5
       5
       4
       4
       5
       6
      10
       9
       3
       7
       5
       7
       5
       3
       8
       8
      10
       7
       7
       7
       7
       5
       3
       5
       6
       6
       8
      12
       6
       4
       6
       3
      10
      15
      13
      20
      16
      14
      16
      13
      11
       5
       4
      12
       8
       9
       4
       6
       5
      10
       6
       8
       6
       2
       4
       8
       2
       6
      11
       7
       8
       8
      10
       5
       7
       4
       4
       4
       7
      14
       7
       8
       6
       5
       7
       7
       5
       4
      10
       5
       5
       5
       8
       3
       7
       6
       9
       6
       9
       8
       8
       7
       4
       4
       8
       8
       8
       6
       6
       6
      12
       7
       5
       2
       6
       6
       4
       6
       5
       6
       8
       3
      10
       4
       8
       8
       7
       5
       5
       5
      11
       4
       7
       2
       4
       6
       8
       6
       3
       8
       9
      14
       7
       3
       4
       4
       4
       6
       4
      10
       7
       7
       6
      10
       8
       3
       8
       2
       8
      10
       8
       8
       7
      11
       6
       5
      11
       7
       8
       2
       4
       8
      12
      13
      12
      14
      14
      25
      25
      25
      29
      24
      18
      13
      11
      10
      12
       4
       7
       3
       5
       3
       8
       6
      12
       4
       8
       4
       4
      14
       1
       6
       4
      10
       9
       9
       2
       7
       7
       9
       6
       4
       7
      12
       5
       7
       6
       8
       7
       4
       5
       4
       5
      11
       8
       7
       2
       7
       3
       5
       2
       5
       3
       2
      13
       9
       6
      10
       4
       3
      12
      10
       6
       6
       5
       3
       7
       6
      11
      11
       5
       6
       6
       7
       9
       6
       4
       6
       6
       3
       6
       7
       6
      11
       7
       6
       6
      13
       7
      10
       9
       8
       7
       7
      10
       8
       7
      12
      11
       7
      10
       4
       4
       4
       1
       5
       6
       4
       5
       9
       8
       7
       3
      11
       6
       3
       5
      11
      12
       5
       6
       9
       9
       5
       4
      14
       6
       6
      12
       5
       5
       7
      12
       6
      10
       6
       6
       7
       5
       6
       4
       5
       4
       5
       5
       4
      11
       7
       3
       9
      14
       8
       0
       5
       9
       9
      12
       5
       7
       7
       7
      11
       6
       8
       7
       5
       6
       5
       3
       7
      13
       5
       4
       5
      11
       3
       7
       2
      10
       7
       8
       6
       8
       9
       9
      10
       7
       9
       4
       2
       5
       7
       7
       6
       6
       4
       5
       5
       7
       3
       5
       4
       5
      11
       7
      11
       7
      10
      10
       4
      10
       4
       4
       9
       3
       5
       6
       5
       4
      10
      10
       5
       9
       4
       5
       7
       8
       8
       6
       6
       4
       8
       8
       5
       2
       4
       6
      10
      10
       9
      11
       9
      13
       5
      14
      12
       4
       9
      13
      13
       9
       8
       9
       6
       5
      10
      10
       6
       7
       6
       1
       6
       7
       8
       5
      11
       7
      11
       9
       3
       6
       7
       7
      12
       6
       6
       9
       6
       4
       6
       9
       5
       5
       5
      12
       7
       7
       5
       4
       2
      11
       7
       7
       4
       5
       7
       5
       9
       3
       5
       2
       8
       1
      10
      10
      12
       5
      15
       9
       4
       5
       7
       7
      11
       6
       8
      10
       5
       9
       3
       6
       7
       2
      12
       5
       6
       5
       9
       6
       6
      10
       6
      12
       5
       8
       4
       4
      10
       4
      12
       5
       4
       9
       9
      11
       3
      11
       6
       6
       7
      10
       4
       9
       4
      10
       8
       9
       8
       8
       7
       9
       6
       8
       9
       9
      14
       6
       7
       3
       6
       8
       7
       8
       9
       5
      13
       2
       4
       8
       9
       3
       6
       6
       7
       6
       9
       2
       7
      10
       4
       7
      12
      11
       5
       4
       6
       7
      12
      13
      10
      12
      11
      12
       7
      11
       9
      12
      10
      11
      10
       6
       7
       8
      10
       8
       8
       7
       5
      10
       6
       5
       6
       8
       7
       8
       7
       4
       5
       9
      10
      10
       5
       2
       6
      12
       6
       7
       6
       5
       6
       8
       9
       6
       9
       7
       8
       4
       9
       6
       7
       8
       5
      13
      10
       7
       9
       7
       8
       4
       7
       9
       8
       6
       8
       3
       9
       9
       5
       9
      15
       6
       4
       7
       3
      12
      11
       7
       5
       6
       6
       8
       4
       7
       7
       9
      10
       5
       5
       6
       6
       7
       8
       3
      13
       6
       9
       6
      11
       4
       8
      10
      10
       6
       9
      13
       8
       9
       3
       4
      11
       3
      11
       6
       5
       6
       6
       7
       8
       4
       8
       3
       6
       8
       5
       6
       9
      11
       9
       9
       9
      11
       6
       9
       5
       7
       9
       8
       7
       9
      12
       6
       4
       4
       9
      13
       7
       6
       2
       5
      11
       6
       6
      13
      10
       5
       5
       7
       4
       6
       7
       5
       8
       8
      13
       8
       9
      13
      12
      10
      22
      12
      17
      15
      23
      17
      17
       9
       9
      11
      13
      12
       9
       4
       5
       5
       4
       8
       7
       8
       7
      10
       7
       7
       8
       5
       8
       9
       4
       5
       8
       7
      10
       4
       5
       4
       9
       9
      14
      10
       6
       5
       8
       4
       7
       6
       8
      13
      12
       9
       8
       5
       6
       6
      11
       5
      10
       6
      10
       7
       6
       3
       7
       7
       7
       6
      10
       8
       6
       5
       7
      11
       8
       1
       4
       7
       8
      10
       3
       6
       8
      14
       4
       4
      12
      13
       9
       7
       3
       8
       9
       6
       7
       9
       6
       7
       5
       4
       5
       5
      13
      12
      10
       8
       6
       9
       7
       6
       5
       9
       4
       3
       5
       4
       4
       5
       9
       4
       6
       5
       8
      10
       8
       4
       3
       5
       8
       8
       5
       2
       5
       8
       7
       7
      10
       8
       5
       3
       6
       7
       9
       7
       4
      10
       5
       6
       7
       8
       7
       4
       3
       4
       3
       4
       9
      10
      12
       5
       9
       5
      10
       1
       9
       6
       4
       5
       8
       7
       3
       5
       4
       8
      10
      11
       8
       3
       3
       9
       6
       9
       5
       8
       2
       4
       6
       6
       9
       9
       5
       7
       6
       8
       5
       6
       4
       6
       8
      10
       5
       6
       8
       4
       5
       7
       6
      10
      11
       5
       4
       8
       7
       8
       9
      11
       7
       7
       9
       9
       5
       7
       7
       8
       6
       3
       9
       4
       7
       5
      12
       9
       4
       7
       6
       8
      10
       5
       9
       3
       9
      11
      14
       9
       7
       8
       6
       8
       8
       5
       4
      10
       9
       8
       7
       8
       8
       4
       7
       7
      14
       7
       5
      10
       9
      11
       6
       5
       7
      13
       9
       2
       8
       9
       7
       3
       9
       9
       2
       9
       5
       8
      13
       8
       7
       6
      10
       4
      11
       8
       4
       7
       7
       7
       7
       5
       9
       7
      11
       8
      10
       7
       4
       6
       7
       5
       9
      10
       7
      11
       7
      12
       7
       6
       8
      11
       7
      10
      12
       9
       9
       6
      12
       9
       5
       7
       7
       8
      15
       4
       4
       5
       4
       9
       6
       9
       7
      10
       6
      10
       9
       5
       9
       8
       9
      10
       6
       8
       8
       4
       8
       7
       2
       6
       7
       9
      11
       5
       7
       9
       5
      13
       8
       6
       8
       9
       8
       6
       5
       4
       8
       4
       8
       7
      15
      23
      16
      21
      11
      13
      18
      23
      34
      39
      70
      53
      61
      73
      75
      86
      92
      79
      55
      52
      42
      32
      31
      24
      15
      18
      10
      11
       7
       6
      11
       7
       6
      15
       7
      13
       8
       7
       9
       2
       9
      12
      11
       5
       5
       6
       6
      10
      11
       4
       9
       7
       8
       8
       9
      12
      11
       7
       8
       8
      10
       9
       8
       7
       7
      10
      13
       8
      10
      10
       9
      11
       0
      13
      10
      12
       8
       8
       8
       8
       9
       7
       4
       6
       4
      10
       4
       9
       8
       7
       4
       7
       5
      12
       8
      11
      12
      11
       7
       8
       8
      12
       6
       6
      10
       9
       9
       8
      12
       6
       8
       4
      11
       8
      15
      12
       5
       7
      10
       4
      10
       3
      10
       8
      11
       6
       5
       6
       7
       6
       6
       6
       4
       8
       9
      11
       8
       4
       8
       7
       8
       8
       7
      10
       9
       8
      11
       6
       9
       6
       5
      17
      11
       7
      14
       9
       9
       4
       5
       8
       5
      10
       7
      11
       8
       6
      10
       5
      11
      11
       6
       5
      13
      11
       8
       5
       9
      14
      10
      19
      12
      11
      15
      10
      11
       4
      15
       9
       5
      12
      16
       9
      10
      11
      13
      18
       4
       7
       9
       9
       7
      11
       3
       9
       8
       8
      10
       5
       7
       5
      11
      11
       9
      10
      13
       6
       7
      10
      10
       7
      13
       9
       7
       5
       7
       4
       9
      10
       4
       7
       5
      12
       5
      11
      11
      11
       6
       9
       9
      13
      11
       4
       8
      12
       4
       7
       8
       8
       7
       4
       6
      13
       3
       6
      10
      18
       9
      13
      12
      14
      10
       4
      11
       6
       8
       6
       9
       9
      12
       6
       6
       6
       9
      12
       9
      12
       9
      10
       6
      11
       8
      13
      10
      10
      11
       9
       7
       5
       4
       4
       8
       8
       5
       8
      12
       7
       7
       7
       9
      10
      15
      10
       8
       8
      11
      10
      10
      11
      10
       6
       8
      10
       8
      12
      11
      13
       6
       9
      12
       6
      10
       8
       9
      11
       8
      10
       8
       5
       9
      13
       5
      10
       8
      13
       9
       9
      13
       4
       5
       8
      14
      18
      14
       9
      14
      12
       5
       9
      12
      17
      13
       9
       9
       4
      16
       6
       4
      10
       9
      11
       8
      13
       9
       9
       9
       9
      10
      10
      12
       8
      12
      10
       6
       6
      13
       9
       9
      15
       7
      11
       6
      14
       7
       8
       8
      11
       5
       8
      13
      13
      13
      12
      14
      12
       2
       9
       4
       4
       9
       9
      12
       9
       6
       9
      10
      11
      12
      10
       7
       8
       5
      10
      10
       7
       8
      11
       7
      14
       7
      10
       9
       9
       6
       9
      10
      10
      16
      12
      12
      11
      21
      10
      11
      17
      13
       7
      12
      11
       6
       6
      10
      12
       9
       6
      10
      16
      10
      12
      15
       9
      14
       6
      15
      14
       8
       5
      15
       9
      15
       6
      10
      15
      12
      12
       9
      14
      11
       9
      13
      14
       7
      13
       9
      15
      18
      25
      17
       8
      14
      14
      15
      13
       5
      11
      18
      17
      19
      11
       9
       9
      13
      15
       9
      16
       9
      13
      14
      17
       9
      13
      12
       5
       6
      15
      10
      12
      19
       8
       9
      15
      13
       6
      16
      12
      17
      14
      15
      14
      10
      10
      12
      13
      16
      13
      13
       7
      10
      10
       8
       8
      13
      18
      13
      12
      13
      15
       9
      11
      16
      10
      16
      15
      13
      13
       8
      16
      12
      15
      16
      18
      12
      14
      13
      11
       9
      12
      12
      18
      16
      19
      10
      13
      16
      13
      12
       9
      10
       3
       9
       9
      14
      18
      16
       7
       8
      11
      18
       7
      14
      14
      15
      12
      16
      10
       7
      15
      10
       6
      18
      21
      12
      10
       7
       5
      15
      13
       7
      17
       9
      16
       5
      15
      18
      15
      16
      11
      18
       8
      11
      14
      13
      14
      16
      16
       8
      13
      15
      20
      17
      13
      10
      15
      13
      18
       8
      11
       9
      21
      13
      11
      19
      15
      13
      10
      12
      13
      17
      13
       8
      15
      13
      10
      15
      13
      22
      13
      15
      12
      15
      14
      16
      20
      17
      16
      10
      17
      10
       8
      14
      10
      15
      11
       7
      14
      12
      15
      13
      13
      15
      16
      21
      13
      17
      14
       9
       7
      16
      11
      11
      16
      14
      14
       8
      16
      13
      13
      19
      10
      17
      10
      22
      18
      10
      17
      10
      13
      14
      18
      10
      17
      16
      16
      19
      15
      15
      18
      19
      13
      14
      12
      12
      13
      14
      21
      10
      17
      21
       8
      17
      13
      13
      16
      17
      13
      12
      14
       9
      10
      10
      15
      17
       7
      13
      15
      10
      12
      13
      17
       9
       8
      12
       5
      13
       8
       9
      12
      12
      18
      15
       4
       9
      11
       7
      16
       9
       9
      10
       6
       6
       8
       9
       8
       9
      13
      15
      17
       8
      10
      17
      13
       9
      11
      13
       8
       9
      10
      10
      13
      14
       6
      10
       8
      10
      12
      12
      17
       9
       7
       8
       9
      13
       6
      10
       4
      12
      10
      13
       7
       2
       8
       9
       5
       7
       7
       6
       9
      18
       7
      11
       7
      10
      10
       5
      10
       9
      14
       9
       6
       6
       5
      12
       9
       5
       9
      11
       8
       6
       6
       4
       6
       8
       8
       8
       9
      12
       6
      10
       8
       8
      13
       9
       8
      10
      12
      11
       8
       9
       9
      11
       4
       8
       9
      12
       5
      10
      16
       6
       6
       6
       6
       7
      11
      10
       3
       5
       6
       5
       2
       6
       6
      10
       8
      10
       9
       6
       9
       6
       6
      12
       7
       8
      10
      12
       9
       4
      11
       9
      10
       7
       8
       8
       7
       9
      11
       6
       7
       4
      12
       6
       7
       9
       8
       7
       8
      12
      13
       8
      16
       4
       9
      10
       9
      13
      13
      11
      12
       8
       6
       6
      10
       8
       9
       8
       3
       4
       7
       4
       9
       3
       5
       9
       8
       4
       6
      10
       4
       6
       9
       7
      11
       8
      11
       8
       3
       5
       5
       7
       3
       8
       3
       3
       7
       4
       7
       9
       6
       5
      11
       5
       9
       5
       7
       5
       3
       3
       7
       8
       8
       4
       6
      10
       7
       6
      13
       7
       4
       8
       4
       6
       1
       7
       5
       3
       3
       3
       3
       6
       4
       5
       8
       9
      11
       5
       1
       6
       6
       3
       3
       8
       4
       6
       7
       2
       3
       4
      10
       6
       3
       5
       7
       6
      10
       3
       7
       6
       4
       6
       4
       6
       3
       3
       2
       0
       2
       7
       4
       3
       2
       6
       4
       3
       4
       1
       4
       4
       3
       2
       4
       2
       2
       4
       6
       1
       5
       4
       2
       4
       2
       2
       4
       1
       5
       3
       3
       2
       5
       4
       4
       4
       3
       5
       5
       1
       2
       2
       1
       4
       0
       5
       2
       3
       2
       1
      11
       2
       2
       2
       4
       4
       1
       2
       1
       2
       3
       1
       3
       3
       3
       0
       3
       3
       1
       3
       2
       4
       4
       3
       1
       4
       6
       6
       3
       4
       2
       2
       1
       3
       4
       3
       2
       1
       4
       2
       2
       1
       1
       1
       4
       1
       4
       1
       2
       4
       3
       2
       2
       2
       4
       4
       2
       0
       5
       0
       3
       0
       4
       4
       1
       1
       3
       2
       0
       4
       3
       0
       1
       4
       0
       1
       2
       1
       2
       0
       2
       2
       1
       2
       2
       1
       0
       1
       2
       2
       1
       2
       2
       2
       4
       6
       1
       1
       3
       1
       0
       4
       1
       3
       0
       0
       1
       4
       1
       1
       2
       1
       1
       2
       2
       1
       1
       1
       2
       2
       2
       3
       3
       1
       2
       1
       2
       3
       0
       2
       0
       1
       4
       4
       1
       2
       2
       1
       0
       0
       1
       2
       4
       2
       2
       0
       1
       2
       1
       3
       2
       1
       1
       2
       4
       2
       0
       1
       3
       1
       2
       2
       0
       1
       2
       0
       0
       1
       0
       2
       2
       1
       2
       1
       0
       0
       1
       1
       3
       2
       2
       1
       3
       2
       2
       1
       2
       1
       1
       4
       0
       2
       0
       1
       1
       2
       2
       3
       3
       3
       3
       2
       1
       3
       0
       2
       2
       1
       3
       3
       1
       0
       2
       1
       2
       3
       2
       3
       1
       2
       4
       2
       6
       3
       1
       6
       1
       4
       2
       1
       2
       5
       4
       6
       4
       2
       6
       5
       6
       5
      11
      11
      13
       8
      19
      19
      25
      37
      37
      51
      57
     110
     132
     182
     217
     318
     465
     540
     643
     639
     651
     562
     470
     309
     210
     166
     109
      60
      27
      11
       6
       6
       1
       4
       1
       1
       0
       0
       0
       0
       0
       0
       0
       0
       2
       1
       0
       1
       1
       0
       0
       2
       0
       1
       1
       2
       0
       0
       0
       0
       0
       2
       0
       0
       0
       1
       1
       0
       0
       0
       0
       0
       0
       2
       1
       0
       0
       2
       0
       2
       0
       1
       0
       0
       0
       0
       0
       0
       2
       0
       1
       0
       1
       0
       0
       0
       1
       1
       2
       0
       2
       0
       0
       0
       1
       2
       0
       0
       1
       0
       0
       1
       1
       0
       0
       0
       0
       0
       0
       2
       0
       0
       0
       0
       0
       0
       0
       0
       0
       0
       0
       0
       0
       0
       1
       0
       0
       0
       0
       0
       1
       0
       1
       1
       0
       0
       0
       0
       0
       0
       1
       0
       0
       1
       0
       0
       0
       1
       2
       0
       0
       0
       0
       1
       0
       1
       0
       1
       0
       0
       0
       0
       1
       1
       1
       0
       1
       1
       0
       0
       0
       2
       0
       0
       1
       1
       0
       0
       1
       0
       1
       1
       0
       1
       1
       0
       0
       1
       0
       0
       1
       0
       0
       0
       0
       0
       0
       0
       1
       0
       1
       3
       1
       1
       0
       0
       0
       1
       0
       0
       0
       0
       1
       0
       1
       1
       0
       0
       0
       0
       0
       0
       0
       1
       0
       0
       0
       0
       0
       0
       0
       0
       0
       1
       1
       1
       0
       0
       0
       1
       0
       0
       0
       0
       1
       0
       0
       0
       1
       1
       0
       1
       2
       1
       0
       0
       0
       1
       0
       0
       0
       2
       0
       0
       0
       0
       1
       0
       1
       0
       1
       0
       0
       1
       0
       3
       0
       0
       0
       0
       0
       1
       0
       0
       0
       0
       1
       0
       1
       0
       0
       0
       0
       0
       0
       0
       0
       0
       0
       0
       0
       1
       0
       0
       0
       0
       0
       0
       0
       0
       0
       0
       2
       1
       0
       1
       2
       0
       1
       0
       0
       0
       0
       1
       0
       0
       0
       0
       0
       1
       0
       0
       1
       0
       1
       0
       0
       1
       1
       0
       0
       0
       0
       1
       0
       1
       0
       0
       0
       0
       0
       0
       0
       0
       0
       0
       0
       1
       0
       0
       0
       0
       0
       0
       0
       0
       0
       0
       0
       0
       0
       1
       0
       0
       0
       0
       0
       0
       0
       0
       0
       0
       1
       1
       0
       1
       0
       0
       0
       2
       0
       0
       0
       0
       1
       0
       1
       0
       1
       1
       0
       0
       0
       1
       0
       2
       0
       0
       0
       0
       0
       1
       0
       0
       0
       0
       0
       1
       0
       0
       1
       0
       0
       0
       0
       1
       0
       0
       1
       0
       0
       0
       0
       0
       0
       0
       1
       2
       1
       0
       0
       1
       0
       0
       0
       0
       0
       0
       0
       2
       0
       0
       1
       1
       0
       1
       0
       0
       0
       1
       0
       1
       0
       0
       2
       1
       0
       1
       0
       0
       0
       2
       1
       0
       0
       0
       0
       0
       0
       1
       0
       0
       1
       0
       1
       0
       0
       0
       1
       0
       0
       0
       1
       0
       0
       0
       0
       0
       0
       0
       0
       0
       1
       0
       0
       0
       0
       0
       0
       1
       1
       0
       0
       0
       0
       0
       0
       0
       1
       0
       0
       0
       0
       0
       1
       0
       0
       0
       0
       0
       0
       0
       0
       0
       0
       0
       0
       0
       1
       0
       0
       0
       1
       2
       0
       0
       0
       0
       0
       2
       1
       0
       0
       0
       0
       0
       0
       0
       0
       1
       1
       0
       1
       1
       2
       0
       0
       0
       0
       0
       1
       2
       0
       0
       0
       0
       0
       0
       0
       2
       1
       0
       0
       0
       0
       0
       0
       0
       0
       1
       0
       0
       0
       0
       0
       0
       0
       0
       0
       1
       1
       0
       0
       0
       2
       1
       0
       0
       2
       0
       1
       0
       0
       0
       0
       0
       0
       0
       0
       1
       0
       0
       0
       1
       0
       0
       0
       1
       1
       0
       1
       0
       1
       0
       0
       0
       0
       0
       2
       0
       0
       0
       0
       0
       0
       0
       0
       0
       0
       0
       0
       0
       0
       1
       0
       1
       0
       1
       0
       0
       1
       0
       1
       0
       0
       0
       0
       0
       0
       0
       0
       1
       0
       0
       1
       0
       1
       0
       0
       0
       0
       0
       0
       0
       0
       0
       1
       0
       1
       0
       2
       0
       1
       1
       0
       0
       0
       1
       0
       0
       0
       2
       0
       0
       0
       0
       0
       0
       0
       0
       0
       0
       0
       0
       0
       0
       0
       0
       0
       0
       1
       0
       0
       1
       0
       2
       0
       0
       0
       0
       0
       0
       1
       1
       0
       2
       1
       0
       0
       0
       1
       0
       0
       0
       1
       0
       0
       0
       0
       0
       0
       1
       0
       0
       0
       0
       0
       0
       0
       1
       0
       1
       0
       0
       0
       0
       1
       0
       0
       1
       0
       0
       0
       0
       0
       1
       0
       0
       0
       0
       1
       1
       0
       0
       0
       0
       0
       1
       0
       1
       0
       0
       0
       1
       0
       0
       1
       0
       0
       0
       1
       0
       0
       0
       0
       0
       0
       0
       0
       0
       0
       0
       1
       0
       0
       0
       0
       1
       0
       0
       0
       0
       1
       1
       0
       0
       0
       0
       0
       0
       1
       1
       0
       0
       1
       1
       0
       0
       0
       0
       1
       0
       1
       0
       0
       0
       0
       1
       0
       0
       0
       0
       0
       0
       1
       1
       0
       0
       0
       0
       0
       0
       2
       0
       0
       0
       0
       0
       0
       1
       0
       0
       0
       2
       0
       0
       0
       0
       0
       1
       0
       1
       0
       1
       0
       0
       0
       0
       0
       0
       1
       0
       0
       0
       0
       0
       0
       1
       0
       0
       0
       0
       1
       0
       1
       0
       0
       0
       0
       1
       0
       1
       0
       0
       1
       0
       0
       0
       0
       1
       1
       0
       1
       0
      15
      22
      20
      25
      19
      19
      15
      17
      23
      25
      19
      19
      22
      15
      16
      18
      17
      14
      19
      22
      18
      16
      15
      19
      18
      25
      19
      17
      15
      24
      15
      13
      17
      20
      20
      27
      22
      20
      19
      21
       9
      19
      18
      19
      22
      22
      14
      30
      16
      22
      12
      20
      21
      19
      19
      14
      14
      18
      16
      23
      10
      15
      23
      19
      21
       9
      15
      25
      18
      15
      18
      13
      17
      17
      19
      23
      18
      20
      19
      25
      20
      18
      27
      27
      14
      14
      22
      18
      12
      16
      23
      15
      13
      24
      17
      22
      19
      21
      20
      18
      20
      20
      12
      14
      13
      20
      20
      27
      19
      20
      18
      21
      30
      17
      24
      28
      19
      19
      23
      22
      28
      18
      16
      20
      23
      20
      21
      13
      21
      19
      19
      21
      20
      21
      16
      16
      26
      25
      25
      22
      19
      19
      16
      13
      20
      21
      13
      23
      25
      17
      16
      14
      17
      14
      18
      10
      11
      14
      24
      19
      13
      11
      14
      14
      16
      24
      21
      23
      18
      21
      15
      15
      25
      21
      20
      15
      20
      16
      19
      18
      22
      19
      19
      26
       9
$ROI:
5
598 616
1488 1502
3004 3030
3417 3440
6719 6742
$PRESETS:
None
0
0
$ENER_FIT:
1.820202 0.388090
$MCA_CAL:
3
1.820202E+000 3.880899E-001 -2.021690E-008 keV
$SHAPE_CAL:
3
1.939874E+000 2.172949E-003 -2.951990E-007
