$SPEC_ID:
naa kelp 7, 2nd count since first one may have shifted
$SPEC_REM:
DET# 1
DETDESC# SHUGART-PC MCB 337
AP# Maestro Version 7.01
$DATE_MEA:
12/23/2015 10:29:29
$MEAS_TIM:
4686 4734
$DATA:
0 8191
       0
       0
       0
       0
       0
       0
       0
       0
       0
       0
       0
       0
       0
       0
       0
       0
       0
       0
       0
       0
       0
       0
       0
       0
       0
       0
       0
       0
       0
       0
       0
       0
       0
       0
       0
       0
      27
     289
     916
     946
     994
     934
     951
     967
     979
    1012
     987
    1047
    1029
    1043
    1017
    1065
    1086
    1109
    1200
    1197
    1216
    1206
    1145
    1092
    1088
    1108
    1128
    1106
    1117
    1153
    1129
    1128
    1119
    1135
    1094
    1089
    1105
    1125
    1076
    1152
    1155
    1142
    1154
    1053
    1136
    1053
    1065
    1109
    1083
    1049
    1054
    1112
    1055
    1050
    1029
    1014
    1089
    1080
    1018
    1031
    1010
    1059
    1017
    1043
    1058
    1094
    1060
    1008
    1087
    1037
     981
    1019
    1053
    1052
    1054
    1036
    1010
    1136
    1056
    1145
    1077
    1113
    1092
    1100
    1082
    1090
    1094
    1095
    1072
    1102
    1105
    1097
    1065
    1081
    1127
    1116
    1105
    1144
    1103
    1162
    1048
    1062
    1068
    1097
    1102
    1128
    1140
    1175
    1131
    1139
    1177
    1173
    1158
    1216
    1208
    1189
    1195
    1212
    1166
    1191
    1190
    1199
    1239
    1213
    1196
    1208
    1277
    1236
    1236
    1265
    1221
    1222
    1229
    1307
    1295
    1331
    1309
    1293
    1361
    1348
    1337
    1297
    1383
    1608
    1989
    2743
    2833
    2382
    1816
    2062
    3087
    3996
    3580
    2370
    1488
    1158
     980
    1030
    1029
    1000
    1095
     967
     996
     979
    1002
    1027
     978
     985
    1007
    1030
    1031
    1052
     999
    1123
    1293
    1636
    2011
    2037
    1767
    1307
    1010
    1075
    1186
    1230
    1226
    1034
     965
     906
     883
     911
     907
     855
     874
     921
    1103
    1213
    1314
    1150
     954
     910
     896
     871
     911
     814
     829
     940
     847
     862
     895
     802
     871
     886
     839
     840
     883
     824
     937
     895
     884
     904
     914
     887
     900
     901
     880
     845
     864
     879
     867
     872
     911
     907
     904
     847
     882
     877
     827
     826
     844
     870
     855
     888
     839
     849
     839
     862
     848
     850
     857
     853
     880
     913
     856
     886
     851
     872
     913
     952
     868
     924
     850
     873
     863
     900
     821
     891
     927
     924
     858
     928
     922
     892
     878
     889
     911
     957
     838
     891
     907
     852
     901
     920
     923
     853
     848
     930
     962
     934
     923
     856
     883
     901
     877
     882
     868
     854
     878
     853
     869
     917
     900
     830
     901
     879
     875
     931
     900
     834
     913
     873
     886
     900
     901
     895
     889
     821
     846
     937
     859
     869
     849
     828
     892
     805
     902
     863
     866
     800
     848
     836
     863
     792
     809
     820
     830
     827
     831
     836
     793
     797
     817
     797
     812
     822
     796
     778
     788
     805
     799
     777
     830
     768
     782
     756
     806
     754
     797
     767
     757
     769
     797
     756
     765
     732
     790
     753
     805
     760
     857
     856
     876
     788
     771
     771
     713
     767
     744
     763
     746
     793
     790
     798
     741
     779
     705
     738
     762
     741
     808
     759
     774
     768
     707
     729
     796
     699
     742
     697
     712
     707
     747
     713
     689
     754
     716
     764
     726
     792
     765
     789
     790
     793
     788
     799
     857
     859
     829
     862
     787
     822
     858
     875
     868
     865
     855
     875
     866
     861
     863
     883
     887
     833
     879
     839
     868
     883
     855
     852
     867
     907
     861
     880
     872
     886
     965
     815
     876
     885
     876
     886
     863
     897
     915
     909
     870
     937
     880
     941
     946
     995
     938
     898
     913
     914
     935
     917
     925
     914
     898
     925
     997
     903
     941
     948
     874
     887
     911
     913
     918
     921
     879
     899
     898
     909
     900
     904
     874
     935
     839
     841
     843
     896
     878
     922
     863
     860
     824
     875
     908
     931
     871
     899
     883
     888
     857
     887
     918
     845
     873
     882
     878
     866
     894
     866
     856
     897
     911
     849
     824
     858
     897
     910
     948
     937
     897
     932
     938
    1155
    1500
    1657
    1446
    1204
     919
     848
     892
     819
     796
     796
     831
     823
     856
     808
     804
     812
     786
     805
     858
     802
     835
     808
     783
     832
     800
     769
     825
     786
     782
     799
     793
     815
     737
     804
     777
     817
     793
     769
     749
     779
     752
     767
     772
     752
     740
     811
     795
     791
     779
     755
     770
     758
     762
     739
     731
     769
     742
     740
     713
     778
     746
     717
     709
     741
     719
     735
     680
     740
     670
     698
     748
     708
     683
     724
     706
     704
     701
     698
     699
     671
     669
     684
     669
     704
     734
     732
     652
     663
     664
     688
     710
     672
     613
     711
     700
     677
     695
     672
     648
     671
     645
     669
     648
     606
     674
     675
     684
     620
     649
     637
     664
     659
     581
     595
     625
     587
     593
     642
     617
     616
     611
     637
     632
     623
     655
     610
     641
     603
     636
     611
     618
     618
     699
     673
     799
     815
     772
     725
     652
     589
     581
     592
     557
     556
     574
     594
     589
     573
     584
     588
     562
     576
     563
     561
     571
     561
     574
     600
     571
     574
     572
     572
     578
     604
     582
     570
     600
     588
     612
     486
     559
     486
     555
     529
     570
     602
     542
     549
     545
     570
     536
     539
     516
     533
     513
     525
     534
     518
     540
     549
     532
     543
     536
     534
     531
     588
     493
     513
     557
     548
     544
     540
     521
     539
     540
     529
     512
     544
     493
     601
     536
     505
     526
     505
     524
     527
     523
     504
     545
     497
     477
     511
     533
     470
     516
     512
     503
     487
     486
     510
     514
     485
     486
     517
     495
     496
     488
     491
     504
     487
     533
     501
     469
     498
     535
     513
     481
     513
     473
     492
     503
     501
     464
     478
     464
     500
     507
     477
     459
     483
     497
     442
     473
     459
     466
     490
     510
     483
     506
     466
     477
     526
     432
     466
     438
     488
     464
     508
     461
     471
     447
     467
     489
     470
     476
     494
     455
     503
     427
     482
     471
     464
     473
     461
     468
     439
     471
     501
     485
     483
     483
     482
     479
     481
     466
     497
     468
     455
     464
     486
     439
     432
     452
     459
     469
     480
     454
     503
     440
     436
     493
     442
     466
     439
     463
     478
     460
     470
     470
     471
     471
     446
     460
     461
     458
     495
     484
     500
     520
     447
     487
     463
     481
     449
     482
     455
     513
     479
     462
     420
     489
     443
     477
     499
     458
     499
     450
     472
     503
     449
     477
     471
     472
     492
     458
     458
     451
     459
     477
     455
     487
     443
     480
     465
     449
     468
     507
     428
     460
     496
     448
     419
     439
     506
     503
     474
     472
     469
     484
     459
     447
     480
     440
     454
     478
     466
     496
     437
     457
     472
     435
     466
     449
     471
     443
     457
     433
     457
     369
     413
     406
     439
     436
     447
     412
     406
     431
     423
     418
     415
     365
     396
     401
     379
     408
     402
     376
     387
     348
     405
     380
     402
     390
     428
     412
     377
     406
     390
     379
     396
     394
     432
     392
     382
     342
     396
     337
     393
     395
     377
     375
     395
     389
     373
     348
     365
     393
     352
     378
     362
     385
     379
     386
     377
     381
     370
     370
     339
     394
     355
     364
     374
     372
     392
     377
     357
     376
     371
     406
     351
     366
     333
     369
     369
     344
     360
     368
     413
     398
     380
     374
     386
     359
     383
     388
     354
     352
     343
     365
     404
     363
     341
     341
     394
     360
     394
     380
     334
     384
     325
     380
     395
     360
     376
     342
     373
     364
     337
     348
     363
     390
     375
     399
     357
     347
     412
     340
     375
     334
     342
     383
     345
     334
     341
     367
     341
     346
     339
     355
     382
     373
     382
     330
     320
     335
     324
     397
     349
     346
     370
     358
     339
     365
     364
     324
     317
     322
     358
     326
     321
     317
     309
     294
     342
     282
     313
     315
     313
     318
     309
     328
     302
     318
     309
     325
     321
     326
     310
     337
     274
     308
     301
     289
     334
     287
     288
     263
     267
     271
     307
     294
     332
     304
     275
     294
     260
     309
     313
     341
     299
     273
     290
     318
     295
     287
     264
     297
     286
     316
     298
     288
     292
     286
     284
     297
     277
     273
     258
     266
     278
     266
     275
     302
     293
     318
     254
     287
     292
     296
     284
     314
     288
     303
     305
     301
     303
     290
     293
     325
     307
     293
     299
     270
     298
     280
     288
     284
     303
     308
     294
     275
     319
     281
     269
     290
     297
     309
     315
     319
     292
     293
     278
     296
     264
     264
     303
     289
     300
     296
     295
     252
     275
     298
     276
     290
     301
     292
     293
     297
     289
     302
     285
     320
     291
     283
     276
     317
     291
     285
     267
     287
     313
     283
     293
     288
     273
     328
     295
     255
     299
     277
     265
     295
     272
     293
     239
     280
     283
     269
     269
     276
     300
     282
     283
     218
     290
     251
     272
     283
     290
     289
     308
     298
     294
     242
     286
     327
     280
     312
     300
     291
     286
     294
     269
     287
     275
     290
     288
     291
     271
     261
     320
     366
     389
     433
     532
     505
     489
     528
     516
     391
     372
     391
     355
     343
     334
     304
     287
     286
     252
     285
     286
     279
     258
     249
     241
     289
     272
     244
     253
     289
     253
     272
     284
     251
     253
     271
     243
     264
     261
     272
     273
     244
     250
     264
     288
     276
     235
     265
     274
     256
     290
     244
     276
     283
     242
     252
     246
     243
     275
     261
     243
     265
     248
     227
     272
     276
     263
     267
     249
     256
     276
     276
     248
     268
     289
     262
     244
     266
     262
     270
     261
     266
     273
     263
     283
     278
     244
     304
     270
     254
     303
     268
     274
     263
     230
     270
     257
     266
     291
     287
     288
     280
     313
     265
     277
     285
     258
     259
     267
     277
     292
     304
     381
     756
    1764
    3839
    7312
   10537
   11117
    9092
    5304
    2481
    1016
     421
     331
     327
     347
     457
     645
     857
     982
     885
     658
     453
     326
     272
     271
     263
     229
     261
     305
     295
     317
     332
     304
     263
     278
     265
     286
     249
     272
     281
     248
     292
     271
     273
     265
     268
     270
     261
     266
     273
     257
     286
     271
     295
     270
     288
     259
     293
     245
     269
     257
     266
     270
     256
     289
     224
     276
     251
     254
     251
     243
     282
     266
     282
     239
     244
     259
     233
     260
     270
     260
     241
     233
     248
     228
     282
     237
     236
     247
     213
     245
     210
     234
     220
     226
     239
     227
     225
     242
     234
     216
     209
     181
     216
     196
     216
     215
     209
     230
     185
     223
     198
     204
     212
     184
     202
     197
     200
     216
     200
     202
     207
     207
     186
     202
     201
     202
     211
     216
     220
     226
     200
     206
     202
     204
     225
     222
     244
     322
     328
     403
     332
     289
     231
     206
     197
     215
     183
     209
     191
     202
     203
     196
     202
     185
     193
     228
     176
     198
     206
     175
     209
     176
     198
     213
     224
     227
     322
     585
    1263
    2577
    4389
    5933
    6125
    4846
    2764
    1239
     540
     284
     221
     198
     198
     202
     203
     197
     171
     189
     172
     176
     155
     176
     183
     172
     181
     220
     185
     197
     184
     164
     192
     183
     157
     148
     161
     180
     178
     187
     184
     180
     155
     169
     165
     180
     157
     139
     156
     142
     171
     171
     169
     156
     148
     169
     154
     162
     164
     168
     164
     150
     162
     132
     153
     142
     158
     165
     159
     165
     171
     144
     164
     148
     157
     155
     146
     151
     139
     152
     141
     150
     152
     155
     144
     152
     153
     154
     131
     135
     134
     135
     160
     150
     162
     160
     165
     144
     163
     182
     177
     156
     204
     216
     195
     206
     173
     170
     122
     134
     148
     127
     159
     129
     148
     125
     114
     137
     133
     149
     129
     137
     142
     130
     143
     155
     136
     138
     153
     133
     137
     136
     143
     128
     114
     125
     137
     153
     137
     137
     120
     121
     110
     122
     123
     123
     114
     152
     118
     123
     114
     127
     129
     116
     138
     118
     114
     131
     130
     132
     108
     138
     126
     134
     130
     118
     143
     113
     124
     130
     134
     120
     151
     132
     122
     132
     134
     132
     125
     117
     105
     149
     106
     115
     128
     118
     126
     118
     103
     108
     120
     132
     147
     107
     129
     131
     120
     138
     120
     127
     112
     109
     121
     147
     216
     322
     687
    1315
    2337
    3172
    3672
    3012
    1978
    1007
     428
     235
     150
     114
     113
     106
     113
     125
     107
     100
     107
     130
     115
     119
     113
     104
     148
     107
     112
     117
     105
     114
     109
      95
     109
      95
      93
     103
     105
     112
     116
     100
     118
     118
     130
      99
     116
     125
     102
      95
     112
     105
     106
     142
     110
      93
     101
     111
     107
      86
      95
     121
      92
     103
     105
      96
     102
     129
     112
     112
     104
     109
     128
     109
     120
     111
      74
     113
     121
     104
      96
      94
     105
     133
     103
     114
     116
     115
     114
     118
      97
     117
     114
     102
     105
     101
     113
     103
     119
      95
     123
     114
     107
     106
     122
     115
     113
      96
     120
      98
     103
      98
     123
     109
     104
     107
     107
      85
      94
     125
     100
     100
      89
     122
     111
     116
     106
     112
      97
     106
     121
     102
      82
      98
      87
     108
     113
      97
     108
     112
     130
     112
     100
     119
      94
      95
     115
      92
     105
     100
     108
     115
     105
     122
     112
      99
     123
     104
      98
     106
     108
      83
     108
     106
      95
     114
      87
     116
     111
      91
      97
      99
      86
     118
     132
     110
     108
     120
     106
     115
     112
     130
     121
     112
     105
     114
      99
     113
      94
     115
     116
     102
     115
     117
     117
     124
     108
     115
     128
     127
     193
     298
     568
    1228
    2624
    4911
    7432
    9258
    8966
    6723
    3843
    1860
     740
     264
     172
     138
     118
     104
     126
     125
     113
     108
     104
     108
     102
     100
      98
      97
      98
      96
      95
     110
      97
      86
      90
      92
      90
     102
     107
     110
     100
     103
      86
      96
      79
      93
      87
     107
      88
      99
     103
      92
      97
      96
     104
      96
     109
     108
     111
     114
     107
      88
      91
     104
      90
      96
     105
      97
      96
     108
      97
     131
      88
      93
      92
      79
      85
      89
     102
     105
      95
     110
     110
      91
     117
     104
      91
      95
     105
     106
     107
     101
      92
      97
      98
      96
     103
     105
      96
      94
      97
      92
      92
     111
     104
      79
     105
     112
      89
     115
     107
     115
     112
     111
     104
     112
     118
      91
      94
      93
     108
     100
     105
      86
     102
      99
      84
     115
      96
     105
     107
     110
     110
     126
     211
     383
     708
    1296
    1977
    2526
    2486
    2065
    1436
     713
     336
     201
     135
     113
     105
     117
      83
      97
     100
      97
      91
      90
     103
     106
     107
      97
      87
     108
     108
      80
      99
      88
      80
      83
     101
      85
      85
      85
      71
      80
      80
      82
     107
      73
      85
      83
      69
      91
      80
      77
      76
      85
      86
      82
      84
      70
      73
      75
      77
      79
      96
      92
      96
      80
     100
      93
     101
      81
      82
      96
      82
      72
      74
      86
      73
      76
      70
      76
      84
      96
      75
      84
      75
      91
      89
      94
      89
      89
      86
      85
      81
      70
      90
      94
      77
      78
      99
      76
      86
      82
      74
      69
      84
      82
      75
      74
      91
      75
      73
      91
      75
      74
      83
      72
      69
      77
      80
      84
      93
      78
      75
      61
      81
      63
      66
      62
      76
      99
      62
      59
      78
      81
      92
      88
      70
      89
      97
      82
      88
      87
      80
      86
      72
      73
      85
      98
      95
      81
      86
      69
      76
      69
      68
      68
      76
      84
      70
      80
      73
      78
      63
      95
      85
     102
      67
      88
      68
      59
      63
      75
      73
      67
      75
      76
      77
      85
      77
      68
      76
      78
      57
      80
      72
      67
      67
      87
      80
      82
      68
      54
      72
      82
      80
      70
      60
      62
      64
      68
      85
      76
      79
      63
      56
      71
      58
      76
      66
      63
      70
      81
      79
      71
      64
      61
      63
      69
      67
      66
      61
      73
      73
      80
      76
      66
      53
      72
      68
      74
      76
      70
      68
      62
      73
      75
      66
      66
      72
      68
      59
      62
      59
      64
      78
      71
      59
      61
      63
      73
      60
      66
      67
      71
      67
      70
      67
      68
      75
      63
      65
      67
      67
      63
      77
      67
      79
      63
      61
      78
      60
      72
      67
      69
      56
      67
      60
      53
      57
      66
      73
      60
      70
      62
      76
      74
      68
      72
      74
      58
      62
      64
      60
      47
      81
      56
      61
      60
      76
      49
      61
      65
      68
      70
      71
      65
      63
      64
      59
      70
      69
      63
      61
      68
      64
      49
      73
      68
      62
      74
      72
      50
      68
      62
      72
      75
      89
      95
      83
      93
      87
      73
      68
      68
      63
      59
      58
      62
      71
      76
      65
      73
      53
      65
      87
      81
      73
      68
      60
      73
      54
      64
      77
      65
      77
      59
      67
      69
      65
      73
      63
      60
      70
      64
      52
      60
      49
      71
      58
      66
      61
      61
      73
      77
      69
      60
      75
      66
      58
      60
      70
      82
      66
      59
      71
      60
      62
      77
      80
      66
      51
      67
      72
      58
      67
      70
      75
      63
      70
      62
      67
      56
      52
      62
      66
      79
      61
      72
      58
      52
      73
      55
      64
      69
      71
      71
      74
      58
      53
      64
      56
      59
      66
      60
      73
      62
      75
      62
      67
      64
      68
      43
      73
      54
      54
      75
      66
      67
      66
      70
      57
      60
      74
      74
      71
      64
      62
      51
      81
      69
      67
      67
      59
      73
      58
      76
      58
      65
      70
      65
      62
      70
      69
      77
      75
      68
      92
      71
     102
     145
     153
     171
     150
     162
     122
      81
      79
      91
      68
      63
      70
      61
      66
      56
      61
      72
      65
      54
      66
      51
      70
      61
      62
      75
      67
      64
      64
      56
      64
      70
      76
      67
      57
      57
      65
      69
      60
      81
      68
      63
      59
      61
      65
      66
      59
      66
      74
      79
      70
      70
      65
      71
      74
      65
      72
      55
      66
      64
      68
      68
      69
      68
      59
      62
      51
      67
      63
      62
      67
      72
      58
      75
      74
      61
      78
      72
      70
      59
      77
      52
      84
      63
      82
      72
      85
      73
      90
     107
     126
     205
     362
     635
     979
    1576
    2225
    2364
    2006
    1554
     957
     482
     190
     114
      73
      73
      73
      86
      72
      78
      77
      77
      61
      73
      67
      66
      59
      71
      63
      82
      72
      70
      63
      68
      59
      69
      67
      66
      80
      64
      64
      63
      80
      65
      66
      68
      72
      54
      68
      70
      59
      87
      66
      64
      82
      86
      75
      79
      79
      60
      64
      79
      72
      52
      64
      73
      74
      86
      86
      64
      66
      85
      69
      74
      61
      71
      58
      71
      73
      74
      85
      74
      64
      70
      70
      75
      77
      79
      70
      85
      89
      91
     105
      88
      91
     100
      65
      78
      70
      69
      99
     117
     114
     112
     105
     109
      90
      81
      70
      66
      76
      72
      72
      79
      78
      69
      75
      80
      96
      78
      70
      79
      79
      95
      77
      75
      88
      76
      78
      64
      76
      85
      81
      79
      67
      76
      70
      55
      72
      77
      77
      63
      71
      68
      71
      92
      72
      76
      85
      84
      83
      79
      78
      77
      66
      69
      82
      65
      74
      70
      74
      74
      72
      71
      78
      73
      70
      63
      80
      74
      63
      75
      60
      55
      79
      69
      71
      63
      79
      62
      81
      52
      62
      67
      72
      54
      61
      69
      62
      74
      63
      76
      75
      80
      75
      70
      67
      77
      75
      56
      65
      58
      68
      82
      68
      73
      87
      69
      70
      65
      61
      61
      62
      71
      64
      64
      60
      60
      50
      64
      56
      66
      87
      68
      64
      58
      62
      65
      70
      49
      60
      51
      73
      74
      78
      62
      71
      73
      67
      73
      72
      68
      62
      59
      77
      59
      71
      81
      67
      70
      64
      64
      57
      67
      63
      66
      69
      67
      75
      68
      66
      66
      71
      60
      64
      58
      73
      57
      56
      57
      52
      80
      46
      83
      62
      63
      65
      76
      67
      57
      73
      58
      57
      74
      48
      59
      62
      74
      69
      73
      59
      60
      64
      54
      51
      58
      48
      53
      64
      48
      53
      43
      49
      61
      47
      64
      39
      53
      52
      52
      58
      48
      51
      51
      59
      62
      52
      45
      60
      37
      40
      63
      54
      64
      63
      58
      46
      75
      40
      47
      59
      46
      55
      57
      59
      61
      61
      70
      79
      73
      82
      89
      78
      65
      64
      40
      54
      56
      46
      39
      50
      58
      53
      53
      42
      57
      52
      56
      61
      56
      41
      52
      49
      43
      47
      47
      36
      44
      40
      51
      51
      39
      47
      46
      32
      49
      46
      36
      53
      39
      44
      40
      42
      52
      44
      41
      62
      42
      50
      37
      37
      39
      37
      42
      46
      44
      45
      47
      42
      45
      46
      37
      52
      54
      34
      40
      34
      47
      46
      45
      49
      49
      44
      42
      31
      43
      59
      51
      34
      32
      28
      35
      40
      48
      39
      42
      40
      37
      47
      52
      38
      27
      38
      48
      31
      38
      44
      51
      44
      41
      53
      52
      52
      56
      44
      59
      46
      47
      54
      58
      56
      77
      57
      36
      58
      41
      31
      45
      51
      30
      39
      33
      53
      32
      40
      32
      49
      38
      37
      35
      33
      28
      45
      40
      31
      62
      48
      42
      45
      43
      39
      48
      45
      50
      43
      38
      35
      45
      39
      36
      35
      32
      35
      41
      42
      48
      36
      42
      37
      36
      35
      32
      38
      34
      30
      41
      34
      33
      36
      45
      36
      49
      44
      33
      41
      43
      30
      43
      39
      34
      35
      33
      35
      39
      41
      34
      34
      33
      32
      40
      42
      42
      37
      36
      29
      27
      44
      38
      38
      34
      34
      44
      37
      47
      52
      46
      58
      42
      33
      30
      30
      32
      29
      44
      28
      28
      33
      30
      32
      34
      27
      25
      31
      34
      28
      24
      25
      23
      25
      36
      24
      29
      24
      31
      31
      40
      25
      33
      23
      28
      34
      35
      28
      29
      19
      28
      24
      27
      21
      26
      25
      30
      28
      18
      30
      29
      28
      30
      31
      30
      27
      21
      31
      24
      24
      28
      16
      20
      25
      24
      34
      24
      31
      16
      28
      26
      25
      34
      26
      23
      30
      29
      25
      22
      23
      29
      27
      23
      19
      25
      22
      22
      21
      24
      22
      26
      17
      20
      29
      24
      22
      21
      15
      27
      26
      28
      25
      25
      36
      29
      29
      17
      27
      15
      25
      25
      27
      30
      36
      21
      28
      27
      24
      21
      22
      26
      19
      28
      31
      21
      29
      20
      26
      28
      20
      28
      25
      19
      21
      15
      22
      28
      33
      22
      24
      28
      27
      19
      15
      29
      27
      13
      18
      18
      18
      26
      26
      22
      23
      23
      30
      39
      35
      48
      70
     114
     199
     328
     602
     892
    1307
    1600
    1755
    1563
    1232
     732
     428
     196
      76
      36
      40
      31
      21
      25
      24
      26
      15
      22
      14
      22
      12
      24
      13
      16
      14
      16
      19
      20
      14
      11
      24
      24
      32
      29
      38
      48
      63
      47
      40
      38
      45
      22
      25
      27
      25
      12
      16
      14
      13
      20
      16
      13
      12
      21
      15
      19
      24
      19
      15
      19
      23
      18
      13
      16
      13
      13
      21
      17
      22
      17
      13
      15
       9
      10
      15
      21
      18
      18
      19
      19
      20
      14
      13
      20
      17
      14
      18
      15
      18
      13
      10
      14
      13
      16
      16
      19
      10
      10
      22
      17
      17
      13
      19
      17
      16
      17
      17
      15
      17
      22
      20
      13
      17
      11
      26
      10
      10
      16
      16
      19
      31
      25
      20
      27
      32
      59
      90
     117
     245
     377
     698
    1027
    1528
    1789
    1920
    1720
    1331
     890
     430
     213
     123
      51
      25
      18
      23
      16
      11
      21
      16
      13
      15
      13
      12
      15
      10
      12
      13
      10
      13
       9
       9
      17
       9
      11
      11
      10
      11
       8
      16
      12
      12
      21
      12
      13
      14
       7
       8
      13
      16
       8
      10
       9
      12
       8
       7
       9
      12
       8
      13
       8
      11
      10
      15
      23
      14
      13
      15
      15
      16
      21
      18
      19
      29
      44
      37
      33
      29
      16
      10
       9
      14
      11
      11
      10
       9
       8
      11
       6
      13
      11
      13
      12
       8
       9
      14
      11
      10
      11
      12
      11
       7
      13
      12
       9
       7
      17
      12
       8
       6
      15
      12
       8
      16
      14
      13
       8
      15
       9
      13
      14
      12
       7
      12
      12
      13
      10
      14
      19
       6
      10
      13
      10
      11
       7
       9
      12
      10
       9
       5
      11
      12
      14
      14
      10
      16
       8
      13
      12
       5
       9
      10
       8
       9
       4
      11
      15
       6
       5
      12
       6
      10
       8
      13
      11
       6
       8
      13
      10
       5
       5
      10
      12
      17
       8
      16
       8
      11
      13
      11
      12
      12
       7
      18
      11
       9
      11
      12
      11
      13
       9
       9
      17
      10
       9
       9
      12
      10
      12
       7
      15
       7
      12
      10
      14
      12
      13
       5
      13
       7
      10
      11
      10
      14
       8
      11
       7
      11
       8
       7
       8
      10
      11
      16
      13
      10
       5
       5
       9
      12
       8
       9
      10
      10
      12
      15
      13
      12
      17
      12
      14
      29
      15
      27
      17
      16
      10
       6
       7
      18
       7
      11
      19
      11
      13
      12
      15
       6
      16
       9
      15
       7
      13
       9
      13
      17
      17
      21
      21
      35
      35
      51
      82
     142
     218
     313
     559
     731
     844
     987
     831
     620
     374
     223
     111
      56
      26
      13
       7
      15
      14
      10
       7
       8
       7
       6
      11
      13
      14
       8
       4
       7
      10
       7
       9
       5
       7
       9
       9
      14
       8
       8
      12
      11
      10
      11
       8
       5
      12
       6
       8
       7
       5
       7
      17
       5
       7
      12
      10
       8
      13
      10
      10
       7
      11
      10
       4
      10
       7
       8
       7
      11
      11
       8
      11
       7
      11
       5
       4
       9
       6
       8
       7
       8
       9
      11
      13
       6
       7
       6
       7
       5
       8
       7
       8
       5
       8
       9
       5
      11
       9
      13
       9
      11
      15
      10
       7
       8
       9
      11
       9
      10
      14
       8
       7
       9
       3
       8
       6
       6
      11
       8
       8
       5
       3
       3
       8
       6
      11
       7
      14
       5
      15
      11
      18
      23
      31
      28
      25
      20
      19
      13
      13
      10
       5
       7
       8
      10
       8
      13
       7
      19
      12
       4
       5
       8
       7
       8
      11
      11
       7
      13
       9
       9
      11
       6
       3
       4
       4
       6
       7
       9
      10
      11
      10
       8
       8
       8
      12
       5
       9
      11
       5
      10
       7
       5
      12
       8
       6
      13
       8
      13
      11
       5
       8
      10
       8
       7
      13
      10
      11
      12
       5
       5
       4
      10
      13
       5
       8
       4
       7
       6
       9
      10
       6
      10
       4
       5
       6
       8
       8
       8
       6
       5
       7
       7
       8
       7
      11
       3
       7
       9
       9
       7
       8
       4
       5
      10
       4
       9
      12
       7
      15
       9
       9
      11
      14
      11
      12
       7
       8
      10
       7
       4
      10
       8
       7
      11
       8
       7
       5
       5
       6
      10
      11
      11
       3
      10
       4
       8
       5
       6
      11
       5
      10
      10
      10
       6
       8
      10
       6
       9
       7
       3
       8
       4
       8
      14
       5
       6
       8
       4
      12
       8
      13
      11
       9
       7
       6
       7
      15
       6
       7
      15
       8
       8
      10
       7
       9
       4
       5
       7
       7
       9
       9
      11
      12
       5
       7
       6
       7
      11
       9
       6
      12
       5
      11
       4
       8
       7
       7
      12
       8
       7
      12
      10
      13
      11
      12
      11
      19
      19
      24
      13
      17
      11
      17
       8
       9
       6
      13
       5
      11
       8
      14
       5
       9
      10
       7
       7
      11
       9
      12
       8
       4
       5
       7
      11
       9
       8
       8
      12
       9
       5
      10
       9
       6
       8
      11
       8
      10
       8
       7
       9
      10
       4
       4
       8
      13
       6
       3
      16
       4
      18
       8
       1
       7
       3
       8
       7
       5
      10
       7
      10
      10
       8
       8
       5
       9
       8
       7
       6
       7
      11
      14
       9
      11
       6
       8
       7
       6
      10
       9
       6
       5
       5
       8
       7
       8
       8
       8
       6
       3
      11
       9
       8
      13
       9
       7
       7
       6
       4
       8
       9
       4
       5
       4
       4
      10
       7
       4
      10
      13
      13
       7
      10
      20
      17
      26
      34
      39
      44
      45
      36
      33
      18
      13
      11
      12
       6
       6
       3
       5
      12
       9
       9
      10
       7
       7
      11
       7
       5
       4
       4
       8
      13
       3
       9
      10
      13
       9
       8
       6
      13
      13
      11
       8
       5
       6
       8
       6
       7
      10
       6
       6
      11
       9
       8
      11
      14
       6
      11
       8
       8
       7
       7
      10
       5
       8
       8
       8
      11
       6
       1
       7
       9
       4
       6
       8
       5
       6
       7
       8
       9
       3
      13
       4
       6
       4
       4
       8
       9
       6
       9
       4
      11
       3
       4
       4
       5
       6
       4
       9
       7
      11
      12
       8
       5
       8
       9
       6
      11
      11
      10
       9
       6
       7
      14
       9
       9
       5
       7
       9
       9
       8
       6
      15
       4
       3
      10
       1
       2
      10
       8
       9
       7
       5
       7
       7
       6
      10
       8
       3
       7
       9
      10
       7
      12
       6
       9
       8
       6
      11
       5
       9
      11
       6
      11
       7
       5
       9
       9
       4
       5
       5
       9
       8
       7
       6
       4
       7
      10
      12
      10
       8
       5
       3
       6
       3
       2
       5
       1
       6
       9
      11
       6
       5
      10
       5
       8
       7
      12
      12
       1
       7
      11
       7
       7
       6
       5
       5
       8
       6
       7
       5
       6
      13
       9
      13
      15
      11
      18
      14
      20
      17
      30
      34
      39
      45
      34
      50
      52
      49
      36
      43
      33
      28
      18
       7
       8
      13
      10
       8
       8
       5
      10
      12
       5
       9
       9
       7
       3
       7
      11
      10
      10
      10
      11
       8
      11
       8
       8
       9
       8
       5
       7
       8
      14
       9
       8
       8
       7
       6
       4
       7
       6
       8
      13
      10
       8
       9
       6
       7
      11
       7
      11
       9
       9
       8
      12
       8
       9
      11
       5
       5
       6
       6
       7
       8
       8
       8
       5
      10
      10
       6
      10
       8
       6
      16
       8
      11
       1
       8
      11
      10
       7
       8
      14
      11
       8
      13
       8
      10
      11
       7
       4
       6
      10
       7
      15
      12
       6
       8
      12
       7
       4
       9
      10
       8
       9
       4
       9
       6
       4
       6
       6
       7
      11
       9
       8
       3
       9
      19
      12
      11
      24
      11
      13
      15
       9
      12
      11
      11
       9
       4
       8
      11
      10
      11
      12
       3
       8
      12
       6
      10
      11
      10
      10
      10
       6
       7
       5
       7
       4
       5
       9
       6
      10
       3
       9
       6
       3
      11
       9
      12
       9
       6
       3
       9
      11
       4
      11
       7
       5
      10
      11
       9
      10
       6
      13
       9
      15
       6
       6
      10
       6
       6
       5
       8
       9
       4
       7
       9
       6
       7
       5
      12
       4
      10
       8
      16
       6
       6
       5
      13
       7
       8
       4
      12
       9
       5
       9
      14
      11
       6
      12
       8
       7
       8
      13
       8
       5
       5
      13
       8
      12
      10
      18
      19
      22
      18
      10
      17
      13
      13
      11
       8
       5
      11
       2
      13
       4
      13
       8
       4
      10
       5
       9
      10
       9
      11
       9
      11
      10
       8
      10
       8
       3
      11
       6
       6
       7
       7
       8
       9
      10
      10
      10
       7
      10
       8
       9
      10
       8
       6
       9
       9
       6
       5
       4
       6
       6
      13
       7
      13
       8
       6
       5
      10
      12
       9
       8
       4
       7
       8
       8
      11
       8
       4
      10
       6
      13
      12
      14
       7
       9
       9
       7
       9
      10
       4
       9
       5
      10
       6
       9
      11
       4
       5
       7
       8
       9
      12
       9
       7
       6
       7
      12
       9
       7
       9
       6
       7
       8
       7
      12
       9
       9
      10
       7
       6
       6
      10
       6
       8
      11
       6
      10
       5
      11
       7
       5
       7
       6
      11
       9
      15
      14
      28
      20
      27
      27
      36
      22
      20
      20
      15
       6
       7
      12
       7
       5
       6
       5
      15
       9
      13
      11
       8
      12
       9
       6
       7
       2
       8
       8
      11
       8
       6
       5
       5
       6
       6
       8
       6
       6
      12
       9
       8
       3
       5
       4
       7
       6
       3
      13
       4
       6
       5
       9
       6
       1
       7
      10
       6
       7
      10
       7
      10
       6
      10
       5
       4
       9
       6
       7
      13
       4
       4
       5
       9
      11
       6
       6
       4
       7
       9
       6
       7
      10
       7
       8
       9
       9
      10
      10
       7
       8
      11
       5
       8
      10
      14
      11
       8
      10
      10
       6
       6
       9
       9
       4
       8
       8
       7
      14
       5
       9
       6
       6
       7
       7
       6
       7
       6
       5
      15
       6
      12
      12
       8
       8
       9
       7
       9
       7
      19
       9
       8
       4
       8
       8
       5
       7
       3
       2
       8
       9
       8
       9
       4
      11
      17
      11
       9
       9
       5
       7
      11
       3
       2
       5
       7
      10
       5
       8
       5
       7
       7
      12
       3
       4
       7
       6
       7
       5
       5
       8
       5
       9
       8
      11
       9
       5
       7
      14
       2
      15
       9
       6
       7
       3
       6
       7
       7
       3
       5
      10
       9
       5
       2
      11
       7
      11
       8
       5
      13
       5
      10
      12
      13
       6
       7
       9
       8
       9
       7
       2
       9
      10
       6
      12
       8
       8
       4
      11
      12
       9
      11
      14
      10
       6
       7
       3
       5
       7
       4
       7
       6
       8
       8
       9
       8
       8
       7
       5
      10
      11
      15
       7
       4
       7
      14
       7
       6
       7
       6
      12
      11
      15
      11
       4
      10
       7
      11
       8
      11
       9
       7
       9
       5
       9
       7
       8
      11
      12
       5
       3
       5
       7
       7
       8
       7
       7
       9
       9
       5
       9
       7
       6
      10
      10
      11
      11
       5
       3
       6
      10
       9
       8
      11
       8
      10
       4
      10
       6
       7
       3
      12
       6
      12
       7
       9
       9
       3
       9
       8
       3
       4
       9
      11
       9
       8
       5
       5
      11
      10
       5
       6
      10
       6
       9
      12
      14
       7
       9
      10
       5
      11
      10
      10
       4
       6
      13
      12
       8
       6
       6
       7
      10
      14
      10
       9
       6
       4
      11
       9
      10
       9
       8
       8
      10
       8
       5
      13
       8
      14
       7
       5
       5
       7
       4
       9
       6
       5
      13
      15
       5
      11
       8
       7
       8
       7
       7
       6
       8
       6
      10
       5
      12
      10
       8
       7
      10
      10
       6
       9
       6
       7
       4
      13
      15
      13
       7
      10
       5
      10
       6
       8
       9
      10
       8
      11
      10
      10
      11
      15
      16
      15
      16
      12
      10
      16
      11
       5
       5
       6
       4
       9
       6
      10
       7
       4
       3
      10
      11
      11
       7
      13
       5
      10
       6
       7
       5
      10
       9
       5
       8
      13
       6
      12
      10
       9
      16
      11
       7
       6
      11
       8
      13
       7
      15
      11
       6
       8
       9
      13
      12
      12
      10
       7
       9
       8
       9
       8
       6
       8
       7
       8
      14
       7
      12
      10
       6
       7
       7
      12
       9
       7
       6
       8
       8
       7
      11
      12
      11
       8
      11
       8
      11
       7
       9
       9
       5
      12
      16
       8
       6
      10
       9
      10
       8
       7
       7
      10
      10
      11
       7
       9
       8
      12
      15
      10
       6
       6
       9
       7
       8
      13
       7
       9
       9
      14
      12
       8
       4
       7
      10
       6
       8
       5
      10
      12
       6
       4
       6
       7
       8
      11
       7
       4
       5
       9
      10
       2
       7
       4
       7
      10
       6
       5
       4
       5
      10
       8
       3
       8
      10
       8
      11
      12
       5
       4
       7
      11
       7
      12
       7
       9
       7
      20
      10
      21
      14
      30
      22
      20
      20
      24
      13
      15
       7
      15
      11
       8
      13
       9
       6
       6
       9
       8
       8
      15
      11
       5
       7
       5
       8
       8
      13
       5
       6
       9
       8
      10
       8
       8
       9
       9
       6
      11
       4
      10
       7
       5
      12
       4
       7
      15
      11
       6
       9
      12
       6
      12
      12
       6
      10
       9
      13
       7
      10
       6
      12
      11
       8
       9
       8
       5
       6
      11
       7
       6
       7
      12
       8
       5
       5
       9
       5
       6
       7
       4
       9
      10
       8
       8
       6
       8
      10
       6
       6
       7
       6
       5
       5
       7
       5
      10
       9
      15
      10
      11
       4
       9
      11
       8
       8
       5
      10
       8
       3
       6
       9
       7
      11
       9
       7
       7
       6
       8
       9
      11
      10
      10
       3
       5
       7
      11
      11
       7
       7
      12
       4
       4
       8
       7
       7
       4
       9
       8
       7
       9
       7
      14
       6
       8
       8
       7
       7
       8
      10
      10
       9
       6
       9
       6
       9
       6
       9
       7
       9
       4
       8
       7
       7
       5
      13
      16
      11
       8
       6
       9
      10
       2
      12
      15
       6
       7
       5
       8
       7
       6
       7
      14
       6
       5
       9
       6
       6
      13
       9
      12
       5
       8
      13
       4
       9
       9
      10
      11
       5
      10
       7
      14
      11
      10
       8
       8
      12
       8
      10
       8
       8
      11
      13
      12
      10
       5
       8
       7
      16
       9
       6
      10
       9
       6
       3
      10
      10
       4
       6
      10
      13
      10
      12
      12
       8
       5
      10
       3
       9
       5
       7
       6
       9
       5
       6
       8
       8
      10
      15
       5
      11
       9
      12
       6
       5
       9
       4
      10
       7
       7
       8
       8
      12
       6
       8
      10
       3
       8
       9
       7
      10
      15
      10
      10
      11
       6
       8
       7
       8
       7
       9
       6
       6
       7
       4
       4
       9
      11
      10
       7
       8
       9
       6
       5
       5
       5
       6
       6
       5
       7
       5
      11
       9
       8
      12
      13
       8
       4
      11
      13
       7
       8
      14
       9
      12
       8
      10
      10
       6
       9
       9
       9
      10
      11
       5
       9
       5
       8
       7
       8
       9
      12
       4
      12
       9
      14
      10
      11
      15
       8
      10
       8
       8
      11
       7
       9
       4
       4
       4
      16
       9
      11
       8
       6
      11
       7
       9
       9
      11
      11
      12
       6
       8
       6
      11
       8
      17
      12
       8
      17
      10
      14
       8
      12
      19
      23
      28
      32
      25
      42
      72
      73
      85
     104
     100
      85
     117
      82
      87
      62
      52
      41
      29
      25
      14
      14
      17
      11
      10
       8
       9
      10
      12
       9
       6
      13
      10
      13
       9
      14
      13
       8
      10
      14
      12
      10
       9
       5
       7
      12
      10
      12
       8
      23
       5
      11
      10
       7
       5
       9
      15
      10
       5
      14
       6
      12
      14
      10
       6
       8
       9
       5
      13
       9
       5
      13
       6
      13
       5
      12
       9
      10
      10
       9
       7
       8
       7
      10
      12
       8
      15
       6
      12
       7
      10
      17
      12
       8
      10
      12
       8
      11
       9
      10
      10
      16
       7
       9
      10
       7
       3
       7
      12
       5
      15
      13
      10
      14
       8
      14
      11
      14
       5
      10
      17
       9
       8
       9
      10
      14
      13
      12
      10
       8
      11
       6
      14
      12
      10
      11
       5
       8
      12
       7
       7
       4
      12
       9
      10
       8
      13
       8
       9
       5
       9
       6
       9
       6
      11
      15
       8
      10
      13
      14
       6
       9
      16
       6
       7
      10
       6
       9
      13
      10
      14
       8
       8
       3
      11
       9
      10
      10
      16
      11
      10
      15
       7
      10
       8
      14
       7
      10
       7
       6
      13
       8
      20
       9
      13
      12
       3
       9
       5
      13
      12
      10
       9
      18
      17
       9
      12
      17
       9
      11
      11
       9
      11
      11
       8
      15
      15
      15
      10
      13
      13
      10
      11
      10
       7
       7
       8
      10
       4
      13
      10
       8
       9
      11
      13
       7
      10
      14
      10
      12
       9
      11
       5
       8
       8
      14
       7
      17
      13
      15
      17
      10
       8
      13
       7
      13
      11
      12
       8
       9
      10
      10
      10
       5
      13
      12
       9
      14
      13
      12
      11
      12
       7
      13
       9
       7
      29
      12
      16
      17
      14
      15
      14
      14
      15
       9
      12
      14
       7
      11
      11
       7
      15
      11
      13
       9
      14
      11
      15
      14
       9
       8
      10
      10
       7
      13
       5
       9
      10
       9
      18
      10
       6
      13
      21
      13
       9
      14
       6
       9
      16
      10
       9
      11
      14
       9
       6
      11
      13
      10
      12
       9
      10
      17
       6
       7
      18
      12
       9
      17
      17
      15
      10
       9
      12
      15
       8
      14
      19
      11
      15
      15
      14
       6
      14
      14
      12
      13
      15
      14
      15
      11
      13
      13
      13
       3
       9
       5
      10
      15
      17
      10
      13
      16
      14
      11
      10
      17
      10
      15
       9
      13
      22
       4
       7
      15
      17
       9
      10
      12
      11
      11
      11
      15
      14
      12
      10
       5
       6
      15
       9
      21
      14
      19
      14
      15
      10
       9
      16
      12
      15
      14
      12
      16
      14
      10
       9
      12
      11
       8
      13
       7
      15
       9
      13
      10
      17
      19
      10
      12
      17
      20
      19
      15
       9
      11
       9
      11
      11
       6
       8
      15
      15
      14
      13
      12
      14
      10
      13
      17
      13
      10
      19
      13
      16
      11
      14
      17
      12
      18
      12
      11
      19
       9
      11
      17
       7
      16
      15
      15
      12
      11
      15
      16
      14
      16
      10
      20
       9
      11
      14
      21
      15
      21
      18
      17
      12
      19
      13
      18
      10
      15
      18
      11
      19
      13
      14
      20
       6
      12
      13
      10
      13
      14
       8
       6
      17
       9
      16
      10
      12
      16
      10
      11
      18
      19
      14
       6
      10
      17
      12
      16
      15
      16
       9
      14
      15
      20
      13
       8
      10
      17
      12
       9
      21
      14
      16
      13
      15
      17
      11
      15
      26
      12
      15
      13
      20
      19
      14
      25
      13
      11
      10
      18
      14
      19
      17
      12
      12
      15
      14
      20
      15
      15
      16
      19
      21
      12
      16
      14
      11
       9
      10
      20
      12
      17
      10
      15
      15
      15
      13
      16
      13
      14
      17
      11
      20
      11
      10
      20
       9
      17
      19
      14
       9
      10
      10
      21
      15
      15
       6
      11
      18
      16
      20
      18
      13
      12
      20
      14
      16
      11
      16
      18
      16
      15
      12
      18
      17
      10
      17
      16
      18
      14
      20
      24
      15
      17
      20
      16
      23
       9
      14
      25
      15
      17
      14
      23
      14
      14
      19
      23
       7
      18
      17
       7
      14
      10
      15
      16
      15
      20
      22
      13
      15
      17
      16
      19
      12
      13
      20
      12
      17
      15
      17
      15
      14
      13
      10
      20
      14
      11
      21
      13
      25
      22
      18
      14
      22
      15
      13
      23
      16
      18
      22
      19
      22
      16
      12
      20
       9
      14
       8
      23
      15
      12
      25
      11
      20
      29
      12
      12
      22
      18
      15
      14
      14
      15
      11
      26
      20
       9
      13
      14
      15
      13
      13
       9
      16
      15
      13
      30
       8
      16
      11
      16
      17
      10
      18
       5
      11
      11
      16
      15
      13
      11
      11
      16
      11
      20
      16
      11
      15
      15
      12
      12
       8
      10
       8
      14
      11
      19
      11
      17
      12
       6
      10
      17
      10
      14
       5
       7
       8
       9
      18
       9
      17
      11
      11
      15
      13
       5
      13
      12
      14
      15
       9
       7
       9
      13
       3
      12
      12
      12
      13
      13
      13
      13
      15
      10
      17
       8
      14
      15
      11
      10
      13
       8
       7
      14
       9
      12
       5
       8
      12
      11
       4
       9
       9
      12
      13
       9
       7
       8
      17
       8
      10
      11
      10
      21
       6
      11
       9
      15
      11
       8
      18
      12
      10
       9
      15
      13
      15
      11
       8
       8
       9
      13
      12
      13
      11
      11
       6
      11
       8
       8
       7
       9
       8
       8
       8
       5
       9
       9
       6
      13
       5
       5
      12
      12
       8
      12
      11
      12
      12
      10
      11
      17
      12
       9
      14
      13
      10
       5
       8
      21
       5
       9
       9
      17
       6
       9
      12
       8
       8
      14
      14
       9
       7
      12
       4
       6
       7
       9
      10
      13
       5
      11
       7
      13
       6
       7
       9
      14
       8
      14
       4
      11
      11
       7
       4
       9
       7
       5
       6
      12
       5
       8
       8
      10
       8
      11
       6
       5
      10
       8
       6
      10
       9
       7
      10
       7
       9
       9
       9
       7
       9
       7
       6
       9
      14
       7
       3
       8
       4
       9
       8
       3
       3
       8
       8
       8
      11
       5
       9
       6
       8
       5
       4
       6
       7
       9
       6
       8
       5
       9
      11
       5
       9
       8
       3
      10
       4
       4
      11
       9
       4
       7
       6
       6
       8
       9
      10
       9
       5
       3
       5
       9
       4
       5
       4
       2
       1
       6
       6
       5
       5
       8
       4
       6
       5
       5
       3
       6
       2
       2
       8
       8
       3
       5
       4
       6
       8
       5
       3
       3
       4
       4
       3
       3
       5
       3
       3
       4
       9
       5
       2
       1
       3
       1
       1
       6
       3
       3
       8
       3
       4
       3
       2
       6
       2
       3
       2
       5
       4
       2
       2
       5
       2
       4
       4
       4
       4
       3
       0
       3
       6
       3
       3
       5
       1
       1
       5
       4
       5
       4
       3
       1
       3
       6
       2
       2
       3
       1
       4
       0
       2
       0
       0
       3
       4
       1
       1
       2
       2
       3
       5
       1
       4
       3
       3
       0
       3
       2
       4
       2
       3
       3
       2
       3
       4
       1
       2
       6
       1
       1
       2
       2
       7
       3
       3
       6
       3
       1
       2
       2
       3
       2
       1
       3
       3
       2
       1
       4
       4
       4
       1
       1
       1
       0
       3
       3
       2
       1
       2
       1
       3
       1
       3
       2
       2
       1
       1
       4
       1
       0
       0
       3
       2
       3
       5
       2
       2
       4
       2
       1
       4
       1
       3
       2
       1
       3
       5
       0
       3
       2
       3
       0
       4
       4
       1
       1
       2
       6
       1
       2
       3
       3
       0
       1
       1
       2
       5
       6
       2
       2
       2
       3
       5
       6
       2
       2
       1
       1
       0
       2
       1
       2
       1
       1
       3
       1
       6
       1
       2
       3
       5
       0
       3
       2
       2
       2
       2
       1
       0
       5
       3
       3
       1
       3
       1
       3
       3
       2
       4
       6
       5
       2
       1
       1
       4
       1
       2
       3
       0
       2
       1
       3
       3
       3
       3
       3
       4
       4
       2
       1
       2
       2
       3
       2
       0
       4
       3
       0
       4
       1
       1
       3
       2
       2
       1
       2
       2
       1
       2
       0
       0
       5
       2
       1
       3
       2
       3
       2
       1
       4
       1
       3
       4
       1
       1
       1
       1
       3
       2
       1
       6
       5
       5
       5
       3
       5
       1
       5
       0
       4
       7
       4
       2
       5
       7
       3
       3
       4
       5
       4
       6
       9
       5
      12
       7
      10
      12
      20
      28
      26
      35
      53
      67
      77
     115
     138
     202
     289
     400
     496
     589
     751
     768
     767
     705
     515
     415
     308
     184
     117
      67
      42
      24
      12
       9
       4
       1
       0
       2
       1
       0
       1
       0
       0
       1
       1
       1
       1
       0
       2
       0
       2
       0
       1
       0
       0
       0
       0
       0
       1
       1
       0
       1
       0
       2
       0
       1
       1
       1
       0
       1
       1
       0
       1
       1
       0
       1
       1
       0
       0
       0
       0
       1
       1
       0
       1
       0
       0
       1
       0
       0
       0
       0
       0
       0
       0
       1
       0
       0
       0
       0
       0
       1
       1
       0
       0
       0
       0
       0
       1
       2
       0
       1
       0
       2
       0
       1
       0
       0
       0
       1
       2
       1
       0
       0
       0
       1
       0
       1
       0
       1
       1
       0
       1
       0
       0
       0
       0
       0
       1
       0
       0
       1
       0
       1
       0
       0
       0
       2
       2
       0
       2
       1
       0
       0
       0
       0
       2
       0
       1
       1
       0
       0
       1
       0
       0
       1
       1
       1
       0
       2
       1
       1
       1
       0
       1
       0
       1
       0
       1
       0
       1
       0
       0
       0
       1
       1
       1
       0
       0
       0
       0
       0
       0
       0
       1
       3
       0
       0
       0
       0
       0
       0
       0
       3
       1
       0
       0
       1
       0
       1
       0
       0
       0
       0
       0
       2
       2
       0
       0
       2
       0
       0
       0
       1
       1
       1
       1
       1
       1
       1
       0
       2
       0
       0
       1
       0
       0
       0
       2
       0
       0
       0
       1
       1
       0
       0
       2
       0
       0
       0
       0
       0
       0
       0
       0
       0
       1
       0
       0
       0
       1
       0
       1
       0
       0
       0
       0
       0
       1
       0
       0
       0
       0
       0
       0
       1
       0
       0
       0
       2
       1
       0
       0
       1
       0
       0
       0
       1
       0
       0
       1
       0
       1
       0
       0
       0
       2
       1
       1
       0
       0
       0
       0
       0
       1
       0
       0
       0
       0
       1
       0
       0
       0
       0
       0
       0
       0
       0
       1
       1
       1
       1
       0
       0
       0
       0
       1
       0
       0
       0
       1
       2
       0
       0
       0
       0
       0
       0
       0
       0
       2
       0
       1
       1
       1
       0
       0
       0
       0
       0
       0
       0
       0
       1
       1
       1
       0
       1
       0
       2
       0
       1
       0
       1
       0
       0
       0
       0
       0
       0
       0
       0
       0
       0
       0
       0
       0
       0
       0
       1
       0
       0
       0
       1
       0
       0
       0
       0
       1
       1
       0
       0
       0
       0
       0
       1
       1
       0
       0
       0
       1
       0
       1
       0
       0
       1
       0
       0
       0
       0
       0
       1
       0
       0
       0
       0
       1
       0
       2
       0
       0
       1
       1
       0
       0
       1
       1
       0
       0
       0
       1
       0
       0
       0
       0
       0
       2
       1
       0
       0
       1
       2
       0
       0
       1
       0
       0
       1
       0
       0
       0
       1
       0
       1
       0
       0
       0
       1
       2
       0
       2
       0
       1
       0
       0
       0
       1
       1
       1
       0
       0
       0
       0
       0
       1
       0
       0
       1
       0
       0
       0
       0
       0
       2
       0
       0
       0
       1
       0
       0
       0
       0
       0
       0
       0
       0
       0
       0
       1
       0
       1
       2
       0
       0
       0
       0
       0
       0
       0
       2
       0
       0
       0
       0
       2
       0
       1
       1
       0
       0
       0
       1
       1
       0
       0
       0
       1
       0
       0
       0
       0
       0
       0
       1
       0
       1
       0
       1
       0
       0
       1
       1
       1
       0
       0
       0
       0
       0
       0
       0
       0
       1
       0
       1
       0
       0
       0
       0
       0
       0
       0
       1
       0
       0
       1
       0
       0
       0
       0
       0
       0
       0
       0
       1
       0
       1
       1
       0
       0
       1
       0
       0
       0
       1
       0
       1
       1
       0
       0
       0
       1
       0
       0
       0
       0
       1
       0
       0
       0
       0
       0
       1
       0
       0
       0
       1
       0
       1
       0
       0
       2
       0
       0
       0
       0
       1
       0
       0
       0
       1
       0
       0
       0
       0
       0
       0
       1
       1
       0
       1
       0
       0
       2
       0
       0
       0
       0
       0
       0
       0
       0
       1
       0
       0
       0
       0
       0
       0
       0
       3
       1
       0
       0
       0
       0
       1
       0
       1
       0
       0
       0
       1
       0
       1
       1
       0
       1
       0
       0
       0
       0
       1
       0
       0
       0
       0
       0
       0
       0
       0
       0
       0
       0
       0
       0
       0
       0
       0
       1
       0
       1
       0
       0
       0
       0
       1
       0
       0
       1
       1
       0
       0
       1
       0
       1
       0
       0
       0
       1
       0
       0
       0
       0
       0
       0
       0
       0
       0
       0
       0
       1
       1
       0
       0
       0
       1
       0
       0
       0
       0
       0
       0
       1
       1
       0
       0
       0
       0
       0
       0
       1
       0
       0
       0
       0
       0
       0
       0
       0
       0
       2
       1
       0
       0
       0
       1
       2
       0
       1
       1
       0
       0
       0
       0
       1
       0
       1
       0
       0
       0
       1
       0
       1
       1
       0
       0
       1
       0
       0
       1
       1
       0
       0
       0
       0
       1
       0
       0
       0
       0
       0
       0
       1
       0
       1
       0
       0
       0
       1
       0
       0
       0
       0
       0
       0
       0
       0
       1
       1
       0
       0
       1
       0
       0
       0
       1
       0
       0
       0
       0
       1
       1
       0
       0
       2
       0
       0
       0
       0
       0
       0
       0
       1
       0
       0
       1
       0
       0
       0
       0
       2
       0
       0
       0
       1
       0
       1
       0
       0
       1
       0
       0
       0
       0
       0
       1
       0
       0
       1
       0
       0
       0
       1
       0
       0
       1
       2
       0
       0
       0
       2
       1
       0
       0
       0
       1
       1
       1
       0
       1
       0
       1
       0
       0
       0
       0
       0
       2
       0
       0
       1
       0
       0
       0
       0
       0
       0
       0
       0
       0
       0
       0
       0
       0
       0
       0
       0
       0
       1
       0
       1
       0
       1
       1
       0
       0
       0
       0
       0
       0
       0
       1
       0
       0
       0
       0
       0
       0
       0
       1
       0
       0
       0
       0
       0
       0
      17
      34
      30
      24
      27
      29
      27
      20
      27
      21
      18
      23
      28
      26
      21
      22
      29
      38
      22
      30
      20
      29
      22
      22
      15
      23
      21
      23
      20
      20
      27
      30
      20
      28
      23
      26
      14
      22
      23
      23
      29
      26
      25
      29
      18
      32
      30
      24
      22
      27
      18
      16
      26
      28
      23
      20
      21
      21
      32
      28
      25
      27
      31
      23
      27
      32
      33
      28
      25
      23
      24
      22
      32
      22
      22
      20
      30
      28
      27
      21
      22
      29
      22
      19
      31
      17
      33
      27
      25
      26
      21
      17
      20
      23
      23
      23
      22
      25
      25
      15
      19
      31
      23
      24
      17
      29
      27
      22
      21
      22
      25
      30
      23
      26
      19
      21
      16
      24
      24
      25
      23
      27
      24
      27
      22
      27
      20
      35
      15
      21
      24
      31
      26
      25
      22
      18
      28
      21
      31
      21
      25
      25
      19
      19
      29
      27
      21
      26
      16
      27
      34
      28
      25
      27
      29
      22
      22
      30
      26
      28
      27
      25
      14
      22
      25
      25
      14
      24
      20
      28
      23
      20
      24
      22
      29
      30
      34
      36
      18
      22
      28
      24
      25
      22
       6
$ROI:
5
598 616
1488 1502
3004 3030
3417 3440
6719 6742
$PRESETS:
None
0
0
$ENER_FIT:
1.820202 0.388090
$MCA_CAL:
3
1.820202E+000 3.880899E-001 -2.021690E-008 keV
$SHAPE_CAL:
3
1.939874E+000 2.172949E-003 -2.951990E-007
