$SPEC_ID:
naa kelp 12
$SPEC_REM:
DET# 1
DETDESC# SHUGART-PC MCB 337
AP# Maestro Version 7.01
$DATE_MEA:
01/07/2016 15:57:46
$MEAS_TIM:
85822 85934
$DATA:
0 8191
       0
       0
       0
       0
       0
       0
       0
       0
       0
       0
       0
       0
       0
       0
       0
       0
       0
       0
       0
       0
       0
       0
       0
       0
       0
       0
       0
       0
       0
       0
       0
       0
       0
       0
       0
      20
     283
    3038
    8629
    8808
    9138
    9118
    9415
    9605
    9799
   10050
   10303
   10205
   10249
   10553
   10699
   10718
   11224
   11407
   11585
   11533
   11760
   11504
   11562
   11713
   11560
   11858
   11551
   11849
   11823
   11880
   11957
   12140
   11934
   11768
   11466
   11439
   11628
   11484
   11314
   11485
   11482
   11641
   11188
   10953
   10732
   10582
   10330
   10432
   10266
   10228
   10092
   10238
    9939
    9981
    9831
    9793
    9587
    9293
    9250
    9309
    9252
    9224
    9140
    9023
    8909
    8875
    8748
    8651
    8682
    8426
    8396
    8420
    8298
    8057
    8155
    8158
    8228
    8310
    8293
    7876
    7795
    7792
    7478
    7391
    7319
    7310
    7231
    7287
    7208
    7145
    6969
    7143
    6802
    6797
    6590
    6628
    6587
    6408
    6625
    6357
    6163
    6399
    6237
    6033
    6207
    6098
    6065
    6031
    6047
    5918
    5957
    5938
    5909
    5782
    5713
    5683
    5484
    5709
    5715
    5676
    5624
    5740
    5615
    5453
    5292
    5290
    5270
    5230
    5275
    5041
    5303
    5030
    5102
    4979
    4989
    4946
    4906
    4874
    4850
    5040
    4776
    4777
    4776
    5292
    5855
    6584
    6650
    5786
    5250
    5753
    6996
    8186
    7363
    5676
    4471
    4182
    4104
    3819
    3968
    3935
    3827
    3825
    3772
    3848
    3900
    3649
    3718
    3828
    3809
    3634
    3730
    3656
    3736
    3694
    4077
    4434
    4851
    4802
    4255
    3775
    3401
    3610
    3699
    3719
    3534
    3402
    3231
    3083
    3105
    3098
    3024
    2995
    3126
    3158
    3180
    3166
    3296
    3247
    3121
    2996
    2954
    2954
    2904
    2813
    2889
    2818
    2755
    2823
    2777
    2830
    2816
    2696
    2886
    2791
    2736
    2668
    2631
    2643
    2642
    2600
    2643
    2603
    2645
    2562
    2597
    2567
    2537
    2543
    2541
    2534
    2556
    2594
    2408
    2546
    2467
    2439
    2484
    2464
    2431
    2461
    2411
    2428
    2456
    2523
    2350
    2385
    2360
    2407
    2375
    2286
    2313
    2324
    2370
    2201
    2231
    2321
    2250
    2257
    2282
    2264
    2251
    2168
    2218
    2110
    2124
    2154
    2114
    2225
    2234
    2213
    2188
    2107
    2170
    2183
    2200
    2106
    2192
    2137
    2115
    2076
    2133
    2107
    2016
    2110
    1993
    2053
    2065
    2012
    2026
    2104
    2013
    2045
    2072
    2076
    2002
    2061
    1976
    2016
    1939
    2038
    1931
    2052
    2049
    1952
    1967
    1926
    1930
    1926
    2043
    1903
    1948
    1919
    1875
    1968
    1905
    1810
    1912
    1858
    1943
    1872
    1884
    1791
    1848
    1873
    1819
    1782
    1868
    1825
    1764
    1796
    1851
    1862
    1749
    1842
    1844
    1813
    1789
    1852
    1791
    1754
    1762
    1785
    1758
    1736
    1854
    1691
    1779
    1776
    1750
    1764
    1703
    1734
    1697
    1741
    1752
    1744
    1722
    1701
    1635
    1681
    1709
    1693
    1636
    1738
    1661
    1738
    1762
    1853
    1995
    2049
    1924
    1806
    1607
    1597
    1661
    1620
    1674
    1605
    1607
    1681
    1573
    1641
    1534
    1656
    1605
    1618
    1520
    1509
    1508
    1537
    1518
    1538
    1589
    1546
    1530
    1519
    1585
    1535
    1675
    1510
    1606
    1638
    1616
    1570
    1585
    1550
    1605
    1533
    1531
    1601
    1579
    1563
    1568
    1550
    1609
    1528
    1597
    1440
    1461
    1500
    1560
    1497
    1537
    1460
    1524
    1491
    1518
    1510
    1452
    1435
    1510
    1457
    1497
    1441
    1578
    1591
    1651
    1613
    1547
    1460
    1447
    1489
    1441
    1460
    1387
    1424
    1373
    1421
    1389
    1374
    1461
    1495
    1390
    1443
    1455
    1501
    1435
    1372
    1366
    1456
    1413
    1399
    1406
    1487
    1475
    1400
    1350
    1395
    1381
    1504
    1437
    1330
    1391
    1314
    1342
    1442
    1407
    1370
    1330
    1405
    1382
    1381
    1338
    1347
    1347
    1309
    1349
    1368
    1372
    1395
    1366
    1360
    1339
    1359
    1323
    1392
    1383
    1373
    1384
    1375
    1367
    1321
    1327
    1336
    1400
    1311
    1282
    1339
    1329
    1341
    1350
    1270
    1300
    1327
    1340
    1337
    1278
    1383
    1342
    1286
    1315
    1357
    1310
    1282
    1332
    1291
    1305
    1365
    1310
    1316
    1326
    1253
    1291
    1335
    1318
    1309
    1245
    1258
    1249
    1295
    1281
    1300
    1334
    1248
    1267
    1244
    1305
    1245
    1303
    1333
    1233
    1232
    1186
    1239
    1288
    1217
    1266
    1289
    1229
    1238
    1281
    1248
    1278
    1275
    1262
    1221
    1235
    1248
    1280
    1278
    1251
    1258
    1312
    1325
    1305
    1316
    1273
    1223
    1287
    1286
    1206
    1251
    1209
    1266
    1137
    1197
    1148
    1197
    1172
    1229
    1116
    1217
    1289
    1216
    1215
    1202
    1168
    1199
    1267
    1168
    1196
    1239
    1197
    1230
    1165
    1236
    1195
    1189
    1121
    1194
    1129
    1255
    1207
    1148
    1191
    1174
    1144
    1210
    1186
    1150
    1171
    1170
    1187
    1190
    1118
    1180
    1225
    1147
    1161
    1191
    1200
    1183
    1145
    1175
    1130
    1223
    1172
    1187
    1176
    1051
    1149
    1215
    1165
    1176
    1137
    1192
    1175
    1176
    1117
    1134
    1192
    1153
    1130
    1158
    1115
    1203
    1101
    1165
    1171
    1169
    1224
    1169
    1173
    1104
    1163
    1120
    1072
    1148
    1146
    1150
    1153
    1039
    1092
    1159
    1164
    1139
    1131
    1132
    1164
    1180
    1138
    1122
    1123
    1062
    1130
    1098
    1078
    1150
    1075
    1155
    1084
    1170
    1079
    1090
    1156
    1120
    1144
    1125
    1142
    1162
    1191
    1098
    1096
    1179
    1046
    1075
    1090
    1101
    1140
    1089
    1037
    1134
    1122
    1060
    1102
    1092
    1071
    1153
    1047
    1124
    1064
    1075
    1099
    1084
    1132
    1056
    1113
    1080
    1158
    1054
    1115
    1071
    1120
    1106
    1107
    1055
    1109
     999
    1119
    1065
    1027
    1097
    1033
    1056
    1046
    1143
    1066
    1056
    1087
    1056
    1037
    1016
    1186
    1061
    1124
     993
    1045
    1118
    1033
    1101
    1064
    1102
    1067
    1060
    1052
    1076
    1062
    1015
    1038
    1036
    1000
    1089
    1028
     987
    1047
    1051
    1092
    1104
    1092
    1110
    1010
    1130
    1114
    1112
    1076
    1067
    1003
    1078
    1022
    1100
    1029
    1002
    1046
    1032
    1022
    1058
    1021
    1084
    1038
    1030
    1001
    1020
    1070
    1007
    1062
    1047
    1015
    1050
    1012
    1026
    1004
    1019
    1071
    1069
     987
    1062
    1074
    1000
    1022
    1098
     957
     994
    1025
    1038
     981
     989
    1040
     993
    1049
    1011
    1021
     944
    1036
    1062
    1056
    1046
    1049
    1002
    1103
    1001
    1031
    1022
    1039
     975
     980
    1049
    1002
    1056
     912
    1015
    1015
     940
     957
     976
    1007
    1009
     991
     942
    1023
     928
    1021
     965
    1053
     994
    1056
     979
    1030
    1038
     966
     943
     993
     946
     991
     992
     962
     999
     998
     975
     989
     979
     942
     983
     992
    1004
     946
    1015
     978
     908
     998
    1018
    1009
     980
     922
    1002
     979
    1006
     990
     944
     959
     986
     955
     970
     980
     940
     978
     940
    1019
     949
     969
     872
    1009
     946
     846
     967
     953
     902
     923
     923
     895
     958
     943
     939
     930
     972
     995
     937
     956
     931
     955
     910
     916
     956
     894
     957
     929
     975
     974
     986
     946
     927
     964
     931
     893
     981
     877
     944
     955
     926
     906
     900
     883
     903
     913
     887
     908
     976
     948
     971
     910
     982
     947
     954
     935
     896
     864
     895
     914
     976
     931
     911
     952
     886
     914
     951
     909
     951
     940
     868
     948
     869
     893
     871
     916
     923
     864
     925
     880
     887
     909
     892
     953
     936
     894
     930
     884
     960
     894
     887
     921
     859
     909
     934
     936
     900
     964
     869
     894
     865
     897
     840
     855
     895
     933
     879
     921
     933
     881
     851
     868
     848
     955
     866
     905
     901
     868
     806
     930
     863
     916
     889
     866
     848
     827
     872
     855
     896
     882
     888
     879
     828
     889
     881
     907
     892
     878
     876
     886
     908
     849
     851
     861
     829
     869
     840
     874
     890
     871
     870
     861
     878
     859
     826
     906
     844
     870
     837
     830
     851
     852
     850
     887
     844
     914
     884
     934
     921
     912
     921
     902
     848
     804
     873
     829
     875
     847
     845
     908
     843
     869
     865
     821
     848
     814
     848
     848
     792
     849
     883
     919
     838
     836
     849
     878
     873
     813
     849
     821
     874
     814
     808
     855
     856
     821
     839
     871
     818
     824
     833
     815
     825
     841
     790
     833
     789
     799
     846
     832
     820
     816
     839
     825
     814
     840
     823
     842
     804
     759
     847
     841
     765
     812
     839
     860
     800
     820
     781
     788
     844
     813
     830
     857
     802
     799
     801
     827
     862
     797
     801
     835
     786
     802
     846
     820
     833
     769
     839
     737
     805
     812
     773
     784
     818
     880
     793
     798
     787
     828
     831
     777
     781
     819
     846
     840
     831
     806
     871
     819
     818
     824
     796
     824
     814
     823
     865
     830
     830
     808
     864
     807
     796
     814
     770
     752
     808
     859
     795
     821
     760
     805
     771
     764
     805
     792
     816
     776
     775
     793
     789
     778
     736
     766
     808
     787
     779
     817
     783
     762
     814
     803
     774
     793
     800
     740
     800
     807
     776
     742
     803
     763
     773
     753
     799
     785
     708
     761
     769
     719
     762
     771
     762
     739
     754
     763
     795
     730
     712
     741
     688
     785
     717
     707
     761
     734
     768
     742
     762
     751
     745
     699
     807
     823
     894
     924
     916
     937
     973
    1011
     934
     923
    1033
    1384
    1775
    2024
    1906
    1508
    1062
     878
     759
     719
     747
     639
     715
     717
     717
     714
     751
     747
     721
     689
     705
     713
     678
     698
     722
     715
     685
     731
     696
     692
     726
     696
     691
     757
     724
     727
     747
     686
     690
     700
     682
     713
     715
     732
     684
     725
     720
     733
     661
     674
     717
     669
     704
     677
     669
     692
     649
     700
     707
     705
     683
     680
     732
     692
     680
     698
     688
     672
     736
     725
     672
     703
     687
     617
     660
     756
     669
     679
     714
     662
     679
     641
     666
     653
     685
     690
     697
     644
     714
     683
     661
     611
     653
     631
     643
     678
     679
     659
     675
     692
     652
     680
     653
     704
     711
     750
     834
     860
     854
     753
     704
     686
     716
     665
     698
     660
     677
     658
     714
     648
     632
     661
     603
     652
     642
     685
     656
     667
     670
     677
     629
     649
     691
     638
     639
     670
     652
     633
     691
     635
     664
     687
     631
     671
     631
     664
     677
     660
     623
     644
     652
     613
     593
     611
     656
     647
     595
     654
     615
     627
     641
     617
     677
     652
     609
     624
     650
     654
     671
     601
     681
     604
     620
     597
     651
     648
     604
     596
     620
     654
     610
     645
     690
     628
     588
     616
     654
     617
     620
     596
     601
     603
     611
     623
     639
     607
     604
     614
     634
     599
     608
     591
     578
     601
     598
     564
     623
     598
     575
     611
     617
     596
     590
     567
     602
     585
     547
     590
     587
     572
     623
     593
     580
     601
     581
     603
     572
     593
     637
     590
     607
     624
     623
     568
     621
     594
     632
     589
     615
     612
     534
     543
     570
     598
     586
     601
     618
     563
     614
     588
     611
     571
     572
     564
     593
     568
     564
     549
     622
     541
     630
     740
     621
     694
     576
     560
     523
     617
     548
     541
     577
     621
     605
     638
     660
     670
     620
     622
     591
     601
     569
     580
     548
     542
     551
     580
     556
     544
     520
     527
     577
     551
     558
     584
     561
     524
     517
     587
     569
     516
     497
     529
     517
     493
     553
     563
     543
     552
     572
     496
     556
     530
     551
     557
     507
     538
     531
     495
     523
     547
     522
     533
     503
     553
     513
     564
     520
     521
     504
     519
     529
     519
     536
     552
     543
     526
     540
     490
     511
     545
     535
     538
     526
     513
     554
     546
     498
     512
     515
     492
     529
     498
     523
     521
     521
     514
     542
     489
     502
     494
     483
     465
     477
     515
     525
     558
     546
     496
     466
     480
     526
     534
     493
     518
     514
     503
     489
     493
     470
     461
     496
     489
     520
     480
     490
     469
     501
     505
     463
     462
     492
     510
     536
     475
     485
     466
     511
     520
     485
     485
     424
     513
     490
     458
     476
     425
     495
     497
     496
     463
     498
     485
     447
     464
     518
     525
     513
     471
     495
     456
     483
     451
     476
     468
     473
     470
     475
     469
     487
     473
     489
     463
     473
     450
     457
     470
     440
     448
     437
     453
     467
     437
     450
     485
     466
     511
     451
     473
     443
     448
     451
     457
     468
     441
     453
     457
     438
     412
     458
     424
     458
     463
     431
     474
     475
     429
     441
     472
     433
     464
     444
     427
     439
     428
     434
     463
     515
     491
     509
     510
     468
     440
     457
     426
     438
     454
     422
     420
     401
     412
     418
     407
     427
     422
     440
     434
     438
     451
     409
     437
     465
     453
     431
     414
     413
     414
     415
     382
     423
     394
     393
     423
     419
     404
     403
     414
     422
     417
     403
     424
     458
     399
     409
     424
     425
     426
     388
     408
     413
     414
     407
     405
     413
     426
     393
     410
     414
     399
     418
     443
     481
     517
     508
     446
     469
     416
     456
     382
     382
     392
     440
     412
     392
     359
     399
     373
     410
     430
     384
     394
     407
     383
     374
     420
     400
     404
     414
     386
     403
     391
     363
     362
     387
     409
     410
     395
     344
     370
     438
     370
     338
     364
     352
     370
     380
     381
     351
     349
     377
     344
     381
     341
     346
     399
     399
     353
     385
     354
     400
     357
     372
     362
     362
     348
     404
     377
     405
     368
     361
     365
     340
     362
     374
     380
     377
     393
     333
     360
     351
     359
     330
     314
     380
     348
     372
     368
     372
     334
     380
     345
     359
     326
     377
     318
     306
     339
     384
     320
     345
     349
     327
     348
     318
     365
     356
     357
     354
     363
     341
     321
     358
     319
     346
     338
     344
     342
     352
     365
     333
     372
     321
     314
     361
     324
     333
     374
     334
     304
     341
     310
     317
     333
     326
     366
     349
     336
     382
     384
     454
     476
     450
     428
     376
     345
     359
     312
     319
     333
     323
     287
     324
     318
     340
     339
     275
     315
     348
     291
     303
     315
     308
     319
     314
     314
     330
     282
     316
     333
     318
     328
     327
     312
     290
     276
     319
     296
     314
     295
     313
     288
     288
     260
     298
     304
     307
     285
     300
     315
     308
     319
     311
     288
     327
     299
     320
     271
     282
     277
     289
     310
     297
     305
     274
     281
     307
     305
     263
     271
     310
     301
     300
     287
     294
     282
     293
     287
     262
     314
     294
     281
     271
     237
     277
     325
     313
     262
     292
     294
     290
     269
     280
     275
     270
     263
     265
     259
     289
     298
     300
     291
     278
     280
     275
     298
     259
     270
     265
     279
     295
     289
     248
     312
     278
     237
     271
     261
     287
     273
     260
     283
     252
     266
     258
     283
     299
     323
     238
     284
     275
     273
     297
     300
     326
     263
     278
     280
     262
     285
     243
     231
     245
     246
     243
     258
     234
     263
     237
     245
     230
     264
     261
     242
     266
     271
     248
     251
     233
     225
     274
     242
     243
     282
     247
     241
     246
     237
     262
     237
     248
     219
     250
     266
     229
     272
     231
     216
     227
     238
     238
     222
     262
     229
     225
     250
     221
     222
     234
     248
     230
     239
     205
     237
     236
     251
     211
     259
     225
     215
     251
     223
     240
     231
     230
     249
     220
     240
     230
     229
     247
     237
     212
     234
     224
     233
     206
     241
     208
     231
     220
     224
     216
     230
     244
     208
     233
     208
     233
     212
     220
     206
     190
     235
     213
     211
     235
     253
     222
     253
     220
     187
     226
     206
     229
     204
     209
     232
     213
     189
     212
     201
     206
     202
     208
     212
     199
     193
     194
     214
     211
     209
     197
     191
     191
     189
     200
     185
     180
     223
     189
     207
     193
     210
     194
     205
     179
     196
     185
     207
     195
     191
     167
     207
     168
     232
     177
     176
     222
     192
     246
     267
     241
     246
     208
     190
     223
     196
     202
     190
     177
     175
     191
     186
     186
     189
     174
     196
     156
     210
     177
     196
     169
     159
     174
     177
     166
     185
     216
     205
     190
     191
     165
     181
     184
     160
     199
     164
     167
     168
     171
     184
     184
     169
     175
     178
     189
     165
     158
     161
     188
     173
     184
     164
     183
     165
     201
     171
     191
     201
     168
     177
     154
     165
     166
     145
     157
     165
     153
     189
     150
     144
     163
     162
     140
     162
     161
     164
     173
     174
     171
     159
     152
     156
     153
     147
     153
     146
     173
     155
     143
     163
     167
     153
     136
     152
     157
     147
     150
     142
     129
     122
     156
     144
     156
     130
     158
     147
     142
     162
     175
     133
     159
     133
     149
     155
     149
     140
     137
     143
     157
     136
     135
     143
     136
     123
     139
     144
     123
     161
     137
     135
     145
     155
     143
     136
     135
     144
     144
     140
     127
     142
     138
     134
     145
     126
     130
     137
     141
     120
     129
     136
     160
     140
     120
     129
     126
     126
     118
     139
     110
     126
     109
     126
     116
     119
     133
     111
     129
     136
     114
     130
     126
     109
     108
     110
     137
     144
     125
     129
     118
     133
     135
     125
     138
     133
     145
     109
     114
     102
     129
     131
     125
     116
     118
     107
     104
     126
     129
     101
     109
     118
     118
     112
     113
     123
     106
     130
     129
     126
     117
     116
     101
     123
     110
     107
     108
      91
     122
     130
     123
      91
     119
     114
     103
     112
     116
     103
      90
     111
      99
      98
     103
     100
     120
     101
     108
      87
     112
      98
     101
     125
      86
      96
     102
      99
     109
     116
     111
     103
     111
     100
      94
      90
     116
      89
      97
     101
     110
      86
     105
      86
      93
     111
     109
     109
     101
      89
      84
     107
      90
     101
      98
     104
     103
      95
     101
      79
      80
      92
     110
      74
      99
      97
     104
      90
      88
      98
      99
      99
      85
     122
      90
      83
     106
      88
     111
     101
     110
     105
      90
      86
      68
      90
      81
      78
      93
      86
      85
      74
      97
      99
      73
      88
      94
      67
      68
     101
      74
      70
      90
      83
      76
      94
      81
      94
      78
     101
      83
      76
      80
      83
      92
      88
      81
      87
      81
      69
      83
      75
      74
      76
      87
      90
      75
      70
      96
      77
      73
      63
      73
      57
      75
      79
      94
      78
      90
      75
      69
      70
      69
      83
      80
      81
      72
      84
      65
      72
      80
      74
      67
      67
      79
      56
      70
      56
      66
      87
      78
      72
      71
      63
      66
      65
      80
      72
      72
      77
      72
      72
      75
      72
      75
      77
      73
      66
      74
      65
      79
     104
      97
     120
      80
     102
      79
      61
      62
      61
      64
      75
      69
      66
      63
      73
      63
      69
      58
      61
      63
      58
      53
      66
      71
      58
      60
      55
      45
      56
      55
      44
      90
      56
      55
      66
      62
      59
      72
      67
      52
      49
      61
      60
      71
      57
      67
      69
      60
      62
      57
      55
      61
      40
      48
      68
      59
      65
      62
      61
      47
      61
      60
      62
      52
      56
      49
      57
      50
      55
      45
      42
      58
      64
      51
      57
      58
      68
      54
      67
      52
      90
      89
     138
     234
     312
     430
     529
     439
     363
     231
     148
      87
      64
      42
      32
      51
      50
      42
      53
      55
      40
      45
      58
      37
      45
      69
      42
      48
      35
      58
      43
      47
      55
      36
      51
      48
      41
      49
      37
      42
      45
      42
      51
      49
      47
      32
      42
      62
      42
      41
      40
      44
      35
      52
      39
      42
      53
      52
      46
      52
      58
      82
      64
      98
      92
     117
      85
      72
      63
      47
      49
      40
      48
      48
      47
      19
      41
      33
      47
      42
      31
      40
      33
      43
      38
      40
      44
      45
      41
      36
      49
      47
      30
      35
      42
      44
      40
      41
      41
      52
      34
      55
      51
      65
      76
      88
     103
      87
      73
      67
      48
      34
      35
      44
      50
      54
      53
      72
     110
     106
     116
     103
      74
      65
      49
      35
      29
      27
      34
      33
      35
      27
      43
      37
      29
      28
      36
      37
      26
      29
      33
      38
      38
      38
      28
      21
      36
      31
      41
      31
      34
      39
      32
      36
      22
      30
      35
      21
      24
      29
      36
      27
      33
      36
      27
      31
      32
      28
      20
      33
      37
      27
      27
      31
      27
      33
      28
      31
      18
      22
      17
      35
      37
      36
      28
      33
      35
      32
      29
      24
      31
      23
      21
      23
      25
      29
      25
      31
      26
      22
      30
      30
      36
      22
      27
      22
      25
      27
      25
      18
      28
      28
      28
      36
      31
      21
      29
      24
      25
      32
      28
      27
      27
      14
      19
      26
      27
      21
      21
      28
      18
      45
      15
      25
      26
      20
      24
      15
      34
      25
      18
      27
      26
      38
      20
      25
      25
      22
      19
      24
      35
      40
      56
      75
      91
      92
      79
      65
      43
      37
      35
      25
      29
      23
      23
      22
      18
      28
      24
      30
      15
      16
      19
      24
      37
      23
      26
      24
      25
      27
      20
      17
      17
      19
      17
      22
      17
      15
      21
      21
      14
      16
      32
      21
      19
      25
      18
      23
      18
      27
      22
      18
      26
      18
      29
      22
      23
      14
      17
      20
      23
      28
      19
      16
      23
      18
      17
      13
      20
      12
      21
      27
      22
      19
      11
      23
      15
      21
      21
      15
      27
      15
      27
      12
      18
      19
      17
      17
      15
      18
      23
      19
      21
      15
      13
      11
      14
      12
      22
      19
      15
      18
      19
      15
      12
      18
      17
      23
      21
      20
      13
      16
      15
      21
      12
      24
      19
      13
      18
      17
      13
      20
      15
      13
      23
      22
      19
      18
      13
      22
      20
      23
      17
      15
      18
      15
      23
      23
      11
      14
      12
      16
      10
      16
      13
      20
      17
      14
      14
      22
      21
      13
      18
      29
      26
      14
      17
      20
      18
      16
      16
      16
      13
      11
       9
      15
      14
      18
      15
      12
      12
      18
      12
      18
      18
      11
      14
      20
      11
      20
      11
      11
      15
      15
      18
      19
      12
      14
      17
      15
      19
      18
      16
       8
      12
      14
      18
      19
      11
      11
      11
      19
      13
      12
       8
      16
      21
      13
      19
      11
      16
      16
       9
      12
      16
      19
       8
      11
      15
      11
       6
      15
      11
      14
      22
      12
      12
      13
       9
      17
      10
      10
       8
      10
      14
      13
       9
      10
       9
      12
      14
      11
       8
      13
      18
       6
      10
      14
      10
      16
      14
      12
      12
      14
      11
      16
      16
      10
      13
      12
      18
      15
      14
      21
      34
      36
      29
      43
      35
      25
      17
      19
      15
      11
       9
      13
       7
      12
      13
       6
      13
      11
      12
      21
       8
      16
      11
      12
      11
      13
      14
      14
      11
      10
      15
      14
       9
      11
      15
      12
       8
       6
      14
      14
      16
      18
      18
      23
      43
      61
      44
      53
      46
      39
      16
      21
      12
      16
      21
      18
      17
      26
      27
      35
      44
      29
      22
      18
      13
      13
      10
      10
      12
      10
      11
      11
      12
       8
      14
      13
      10
      11
      13
      12
      10
       8
      14
      13
       6
       4
      12
      11
       5
      12
      11
      10
       8
      10
       8
       9
      13
      10
      11
       6
       8
      16
       6
      14
      19
      15
      13
      24
      18
      16
      26
      29
      34
      38
      35
      34
      21
      24
      11
      10
      10
      15
       8
       4
      15
      10
      10
      10
      13
       6
       6
      10
      16
       9
      16
       8
      10
      13
      16
       6
      11
       8
      10
      14
      11
      19
      13
      37
      50
      60
      81
      81
      64
      59
      45
      20
      12
      15
      12
      10
       9
       6
      13
       5
      16
      12
       6
       9
       7
      15
       5
      12
      11
       9
      11
      16
      12
      11
      11
      10
       7
       9
       9
       8
       6
       7
      12
      13
      10
      13
       7
       9
       7
       7
       6
       9
      11
       6
       6
       3
      11
       5
       6
      14
       7
       8
      12
       6
       6
       4
       9
      17
       8
       3
      13
       7
       5
       7
      13
       9
       6
       9
      10
      10
      14
       9
      14
      12
      15
      15
       9
       8
       5
       8
      13
      16
       7
      10
       7
       6
       8
      11
       5
       9
       9
       7
       6
      12
       9
      13
       9
      10
       9
      11
       6
      11
      14
       6
       5
       8
      11
       5
       6
      10
      13
       5
      18
      15
       6
       9
      11
      12
      11
      10
      13
       6
       9
       7
       9
       6
       9
      12
       7
      12
      13
      10
      10
       8
       7
       6
       6
       9
      10
       9
      13
      10
      16
      10
      10
      12
      13
       7
       3
      15
      12
       5
      11
       9
      14
       5
      10
       6
       9
       8
       6
       8
      10
      12
       6
      10
       6
      13
       5
       8
      10
       3
      11
      14
       7
       9
       6
       9
      12
      12
       8
      14
       6
      11
       8
      10
       9
       7
       9
      12
      12
      10
      13
       8
       7
      10
       6
       8
       5
      15
       8
      12
      10
      14
       9
       4
      10
      11
       9
      11
      11
       7
       8
       4
      13
       5
       8
       8
       9
      10
       4
       7
      12
       7
       6
       9
      10
       7
       9
       9
       4
       6
       7
       6
       7
      11
       9
       7
      12
      12
      11
       6
       4
       8
       7
       7
       6
       7
       7
       6
       9
       9
       8
      12
      11
       9
       6
       5
       7
       6
       6
       9
      10
      10
      10
       5
       6
       7
      10
       6
       7
       8
       8
       8
      11
      10
       7
       2
       8
       9
       7
       6
       9
       7
       9
       8
       8
       8
      10
       4
       6
      12
       6
       8
       6
       9
       8
      12
      13
       9
       6
      12
      12
       5
       7
       7
      11
      11
       7
      10
       4
       9
       8
      12
       6
       5
      12
       9
       8
      17
      17
      10
      13
      27
      40
      65
      92
     102
     106
      97
      85
      53
      27
      23
       8
       5
       7
       8
       5
       9
       9
       7
       6
       9
       6
       8
       6
       8
      10
       7
       3
       6
       5
       8
       6
      10
      13
       6
       5
       9
      14
      13
      24
      21
      19
      31
      25
      15
      10
       7
       9
       8
       8
       0
       3
       8
       9
      10
      12
       8
       4
      12
       7
       6
       5
       3
       9
       6
      10
       3
       3
       7
       5
       9
       7
       8
       4
       9
       6
       1
      13
       5
      14
      10
       7
       8
       6
       7
       8
       6
       8
       8
       9
       8
       1
       4
       7
       5
       9
       8
       5
       5
       6
       5
      12
       6
       4
       3
       4
       5
      10
       5
       5
       8
       3
       4
       2
       7
       5
       9
       5
       5
      10
      12
       1
      11
       4
      12
       7
       7
       9
       6
       4
       6
      10
       6
       5
       6
       4
       3
       7
       8
      11
      10
       6
       8
       5
       3
       6
       9
      12
       8
       6
       6
       4
       7
      10
       8
       7
       3
       6
       5
       5
       4
       6
       6
       6
       7
       4
       4
       7
       6
       7
       7
       7
       8
       5
       5
       5
       6
       9
       6
       4
       6
       5
       6
       7
       6
       9
      10
      10
       5
       6
       5
       6
       6
       8
       6
       7
       4
       4
       5
       3
       7
      10
       8
       9
       8
       4
       6
      12
       7
       4
       4
       8
       5
       5
       6
       6
       7
      15
       6
       8
       7
       2
       7
       3
       7
       4
       7
       7
       4
       8
       4
       5
       7
       9
       8
       8
       4
       9
       2
       2
       2
       7
       6
       9
       3
       9
       5
       5
       7
       4
       8
       5
       1
       6
       5
       7
       8
       5
       5
       7
       6
       7
       2
       3
       4
       6
      12
       3
       5
       7
       7
       9
       6
       5
       3
       5
       3
       5
       7
       7
       5
       8
       7
       2
       8
       6
       2
       8
       7
       7
       4
       5
      10
       8
       6
       4
       7
       8
       4
       7
      10
       3
       4
       7
       8
       1
       5
       8
       6
       6
       9
       7
      10
       3
       6
       4
       8
       6
       3
       6
       6
      11
       9
       4
       3
       3
       6
       8
       6
       7
       8
      11
       7
      15
      12
       9
       4
      11
      12
       5
       3
       2
       8
       8
      11
      11
       5
       3
       8
      10
       9
      14
      12
      14
      15
      20
      18
      13
       9
       4
       5
       7
       5
       6
       3
       4
       9
       5
       6
       6
       5
      10
       2
       6
       8
       4
       5
       3
       7
       8
       6
       6
       9
       6
       5
       4
       4
       6
       7
       8
       2
       5
       7
       5
      10
       5
       9
       4
       5
       8
       4
       6
       5
       4
       5
       8
       6
       2
       6
       3
       4
       3
       6
       1
       9
       5
       3
       7
       6
      10
       3
       6
       4
       2
       7
       3
       4
       5
      11
       4
       4
       5
       3
       4
       9
       6
       6
       2
       7
       1
       5
       5
       8
       7
       4
       8
      10
       8
       3
       2
       9
       3
       5
       6
       7
       2
       5
       3
       3
       8
       9
       6
       8
       4
       9
       8
       3
       4
       7
       5
       4
       6
       5
       4
       4
       6
       4
       9
       7
       8
       4
       4
       9
       8
       3
       6
       6
       5
       4
       3
       5
       4
       5
       2
       9
       5
       8
       5
       4
       7
       4
       7
       5
       3
       7
       5
       5
       9
       2
       7
       6
       4
       7
       5
       5
       5
      10
       3
       2
       3
       6
       4
       7
       7
       5
       6
       7
       4
       4
       5
       3
       2
       4
       6
       4
       6
       3
       5
       2
       5
       6
       4
       6
       3
       4
       6
       5
       1
       5
       6
       3
       4
       7
       3
       3
       7
       5
      10
       7
       2
       5
       3
       7
       8
       3
       3
       5
       7
      11
       7
       4
       7
       3
       4
       5
       8
       8
       7
       8
       6
      11
       6
       7
       5
       4
       4
       1
       1
       1
       5
       6
       4
       3
       7
       8
       6
       8
       6
      13
       5
       9
      11
       6
       8
       3
       8
       4
       2
       3
       4
       8
       1
       2
       6
       7
       6
       6
       5
       8
       5
       3
       6
       8
       3
       2
       7
       4
       3
       7
       7
       7
       3
       5
       2
       7
       6
       3
       4
       3
       0
       2
       4
       7
       2
       6
       7
       6
       4
       8
       3
       4
       6
       6
       2
       4
      10
       5
       6
       7
       7
       5
       9
       6
       6
       3
      10
       4
       6
       3
       2
       9
       5
       8
       6
       9
       1
       7
       3
       3
       4
       4
       3
       6
       4
       0
       6
      12
       3
       7
       7
       8
       4
       9
      12
       5
       8
       2
      11
       7
       9
      11
       7
       5
       4
       4
       5
       3
       5
       4
       3
       2
       5
       4
       4
       3
       5
       6
       4
       5
       4
       4
       5
       2
       5
       4
       8
       8
       4
       3
       2
       4
       6
       7
       3
       4
       5
       7
       8
       1
       3
       2
      10
       2
       7
       3
       3
       6
       4
       1
       3
       1
       4
       4
       5
      10
      10
       5
       2
      10
       7
       3
       7
       2
       6
       4
      10
       1
       6
       5
       4
       8
       4
       6
       2
       8
       4
       6
       4
       8
       6
       4
       2
       9
       7
       7
      14
      12
      10
      17
      15
      13
       8
       8
       4
       5
       3
       2
       7
       7
       3
       4
       3
       5
       5
       5
       4
       5
       1
       5
       5
       5
       3
       2
       6
      10
       5
       7
       4
       3
       4
       5
       2
       6
       7
       4
       1
       5
       2
       6
       5
       5
       2
       8
       4
       5
       5
       1
       4
       6
       3
       8
       2
       4
       6
       9
       1
       3
       1
       2
       2
       6
       6
       4
       3
       4
       3
       4
       3
       3
       6
       4
       6
       6
       7
       1
       5
       6
       4
       7
       4
       2
       6
       9
       3
       6
       9
       4
       6
       6
       6
       2
      10
       3
       3
       3
       2
       4
       8
       6
       6
       6
       2
       4
       3
       4
       5
       9
       5
       6
       4
       2
       6
       5
       4
       4
       4
       5
       8
       4
       4
       6
       1
       3
       6
       2
       4
       8
       8
       4
       5
       7
       4
       5
       2
       6
       3
       5
       3
       8
       6
       4
       3
       2
       5
       7
       7
       3
       4
       5
       7
       2
       4
       2
       3
       8
       4
       3
       4
       6
       6
       5
       4
       3
       7
       2
       3
       5
       6
       6
       5
       6
       4
       5
       6
       7
       5
       5
       7
       4
       6
       7
       4
       1
       7
       5
       2
       7
       5
       7
       4
       3
       1
       1
       1
       4
       7
       5
       2
       4
       6
       3
       3
       3
       3
       2
       1
       4
       3
       1
       2
       6
       2
      11
       6
       6
      11
       5
       7
       5
       4
       4
       5
       6
       7
       6
       5
       4
       6
       2
       4
       3
       2
       2
       5
       5
       2
       2
       3
       5
       0
       5
       3
       4
       1
       6
       4
       6
       4
       1
       6
       3
       2
       4
       3
       3
       4
       5
       5
       0
       4
       7
       5
       5
       2
       2
       4
       4
       2
       5
       2
       2
       7
       7
       4
       3
       6
       2
       7
       7
       8
       3
       3
       4
       6
       3
       1
       4
       5
       5
       6
       2
       3
       3
       4
       2
       3
       2
       1
       3
       3
       3
       6
       3
       1
       2
       2
       4
       5
       3
       7
       4
       0
       4
       1
       6
       1
       2
       2
       4
       2
       6
       7
       2
       4
       1
       3
       5
       3
       3
       4
       5
       3
       7
       5
       2
       3
       4
       4
       8
       6
       2
       2
       5
       2
       6
       0
       4
       5
       2
       4
       5
       4
       7
       2
       4
       3
       3
       4
       7
       3
       7
       4
       1
       2
       8
       2
       3
       1
       1
       7
       2
       3
       2
       1
       5
       6
       5
       5
       4
       3
       6
       1
       1
       2
       3
       4
       3
       1
       4
       5
       2
       3
       1
       6
       4
       6
       9
       8
       5
       5
       2
       3
       3
       5
       4
       4
       2
       4
       3
       7
       3
       3
       4
       9
       3
       1
       3
       3
       3
       1
       2
       2
       5
       1
       2
       1
       8
       5
       4
       3
       3
       4
       5
       4
       6
       8
       2
       2
       5
       5
       6
       5
       4
       2
       6
       3
       4
       1
       1
       3
       8
       5
       5
       4
       3
       6
       5
       4
       3
       3
       6
       7
       1
       6
       4
       4
       1
       4
       2
       3
       4
       2
       6
       5
       1
       3
       6
       4
       7
       1
       7
       2
       3
       8
       7
       2
       4
       8
       0
       3
       5
       3
       5
       6
      10
       2
      11
       3
       4
       9
       3
       2
       6
       4
       4
       6
       3
       3
       3
       4
       3
       0
       4
       1
       2
       4
       8
       7
       5
       4
       4
       3
       1
       5
       6
       3
       1
       5
       4
       7
       1
       2
       2
       1
       3
       3
       5
       5
       3
      10
       5
       2
       2
       3
       2
       1
       6
       5
       4
       0
       1
       3
       6
       1
       4
       1
       3
       6
       4
       7
       4
       3
       9
       2
       5
       4
       6
       2
       5
       5
       4
       4
       2
       5
       1
       3
       4
       3
       6
       2
       2
       5
       4
       7
       6
       7
       4
       6
       4
       3
       9
       3
       3
       3
       3
       4
       4
       4
       1
       4
       1
       7
       3
       4
       3
       3
       5
       2
       0
       2
       7
       5
       2
       1
       1
       7
       4
       0
       1
       3
       2
       5
       5
       2
       6
       3
       4
       3
       2
       3
       4
       7
       3
       2
       5
       4
       3
       3
       1
       1
       3
       5
       3
       3
       2
       2
       5
       8
       5
       4
       2
       5
       3
       3
       8
       3
       3
       1
       3
       3
       1
       4
       4
       5
       5
       1
       5
       7
       7
       0
       7
       5
       1
       0
       2
       4
       3
       2
       4
       2
       2
       5
       6
       2
       2
       3
       3
       5
       3
       1
       5
       3
       7
       4
       3
       1
       5
       2
       2
       3
       6
       8
       4
       1
       3
       7
       3
       2
       6
       1
       3
       7
       7
       6
       6
       2
       3
       8
       4
       5
       3
       5
       5
       8
       6
       0
       2
       6
       5
       2
       3
       4
       3
       2
       2
       3
       7
       4
       1
       2
       8
       7
       2
       4
       6
       6
       4
       2
       3
       4
       6
       2
       4
       2
       2
       6
       3
       0
       1
       2
       3
       6
       1
       5
       5
       4
       4
       4
       3
       2
       7
       3
       2
       6
       6
       5
       3
       5
       1
       1
       5
       3
       2
       3
       4
       3
       1
       4
       1
       7
       5
       2
       5
       1
       4
       3
       2
       2
       4
       2
       2
       3
       6
       8
       6
       2
       2
       4
       3
       2
       1
       5
       4
       0
       1
       3
       6
       2
       0
       5
       1
       4
       2
       6
       8
       0
       5
       3
       2
       2
       2
       5
       4
       0
       3
       5
       5
       3
       2
       2
       5
       8
       4
       4
       4
       2
       6
       2
       7
       2
       1
       2
       3
       2
       2
       1
       4
       2
       2
       3
       4
       4
       6
       5
       3
       4
       3
       4
       8
       7
       4
      12
       3
       8
       3
      11
       2
       5
       6
       4
       2
       2
       4
       5
       2
       3
       3
       1
       3
       3
       2
       3
       5
       2
       4
       5
       3
       2
       5
       3
       1
       2
       3
       4
       2
       7
       3
       2
       2
      10
       2
       5
       2
       3
       0
       2
       3
       3
       3
       2
       0
       1
       3
       6
       1
       4
       2
       2
       5
       1
       4
       0
       1
       3
       3
       4
       2
       3
       1
       2
       3
       5
       2
       2
       2
       2
       7
       4
       5
       7
       3
       3
       3
       5
       5
       5
       3
       1
       2
       4
       3
       4
       2
       5
       3
       5
       2
       3
       2
       1
       4
       2
       3
       5
       4
       1
       1
       1
       5
       2
       0
       2
       3
       6
       3
       0
       4
       4
       3
       2
       4
       3
       0
       3
       3
       3
       3
       4
       2
       4
       1
       1
       3
       3
       3
       5
       3
       1
       3
       3
       0
       1
       3
       1
       2
       1
       4
       4
       6
       4
       3
       4
       3
       5
       5
       3
       4
       2
       6
       3
       5
       4
       2
       2
       3
       2
       2
       0
       2
       1
       4
       6
       2
       2
       7
       4
       3
       2
       6
       3
       5
       4
       1
       3
       1
       3
       5
       7
       2
       5
       2
       5
       3
       3
       2
       3
       1
       7
       1
       3
       0
       1
       1
       1
       6
       5
       2
       1
       3
       0
       3
       5
       3
       1
       2
       2
       5
       4
       1
       2
       2
       5
       2
       1
       6
       4
       2
       0
       1
       4
       2
       1
       3
       3
       2
       3
       3
       3
       6
       2
       3
       2
       0
       2
       6
       5
       2
       3
       3
       2
       2
       3
       5
       6
       4
       3
       4
       4
       3
       4
       7
       8
       7
       5
       2
       3
       1
       4
       1
       3
       3
       3
       3
       3
       2
       4
       5
       4
       2
       3
       1
       1
       1
       7
       5
       5
       4
       3
       4
       1
       1
       5
       3
       2
       2
       3
       2
       1
       7
       4
       5
       3
       2
       2
       2
       2
       4
       4
       5
       7
       8
       4
       3
       3
       2
       4
       3
       3
       5
       2
       0
       3
       2
       6
       0
       0
       5
       2
       2
       1
       4
       2
       4
       1
       3
       3
       6
       4
       4
       2
       1
       0
       3
       1
       4
       3
       4
       2
       3
       2
       1
       3
       8
       3
       1
       0
       8
       2
       0
       1
       5
       7
       3
       3
       3
       6
       3
       2
       2
       6
       3
       6
       3
       5
       5
       1
       1
       2
       1
       4
       1
       2
       4
       5
       3
       3
       6
       1
       0
       2
       1
       3
       3
       3
       1
       3
       4
       4
       2
       2
       3
       2
       4
       1
       1
       3
       2
       3
       3
       5
       6
       3
       2
       1
       1
       2
       2
       4
       8
       2
       4
       6
       2
       3
       3
       0
       3
       3
       4
       2
       2
       0
       2
       4
       5
       3
       4
       5
       5
       1
       2
       3
       5
       1
       1
       5
       3
       3
       3
       0
       3
       2
       3
       2
       1
       3
       2
       2
       1
       4
       4
       2
       3
       3
       1
       1
       3
       4
       3
       1
       5
       4
       3
       1
       1
       4
       3
       0
       2
       2
       2
       1
       2
       2
       6
       4
       3
       3
       4
       4
       1
       3
       0
       5
       0
       1
       2
       4
       5
       4
       1
       1
       1
       3
       3
       4
       4
       3
       5
       7
       5
       3
       3
       1
       4
       2
       6
       1
       3
       2
       3
       3
       2
       4
       2
       3
       4
       5
       6
       4
       6
       3
       4
       1
       5
       0
       2
       1
       3
       0
       1
       5
       2
       2
       7
       1
       1
       2
       3
       4
       1
       0
       2
       4
       3
       1
       0
       1
       2
       3
       0
       4
       3
       3
       4
       3
       1
       1
       4
       0
       2
       1
       1
       6
       1
       3
       2
       4
       5
       4
       2
       5
       3
       2
       4
       4
       3
       3
       0
       3
       5
       3
       0
       1
       5
       3
       1
       2
       1
       2
       4
       3
       3
       2
       2
       6
       2
       1
       5
       2
       2
       4
       2
       3
       0
       5
       1
       0
       6
       2
       6
       1
       2
       4
       2
       2
       4
       3
       1
       2
       2
       5
       6
       8
       4
       4
       2
       2
       0
       3
       0
       1
       1
       3
       3
       1
       5
       6
       4
       1
       2
       4
       3
       3
       5
       4
       3
       2
       2
       1
       3
       1
       3
       1
       3
       2
       2
       3
       5
       2
       2
       6
       5
       4
       2
       1
       4
       3
       3
       6
       1
       1
       4
       8
       1
       6
       4
       2
       0
       1
       0
       3
       1
       3
       1
       1
       3
       1
       1
       1
       3
       5
       3
       2
       3
       2
       3
       1
       1
       0
       5
       2
       2
       1
       2
       2
       3
       4
       1
       6
       5
       5
       2
       3
       1
       1
       2
       2
       2
       3
       4
       2
       4
       4
       2
       6
       2
       5
       5
       2
       3
       1
       2
       1
       0
       1
       1
       1
       0
       7
       0
       0
       6
       1
       1
       2
       2
       3
       2
       1
       5
       1
       2
       2
       1
       3
       4
       0
       1
       3
       0
       1
       2
       3
       3
       2
       5
       1
       4
       1
       1
       0
       4
       3
       2
       1
       2
       4
       5
       1
       1
       5
       0
       2
       1
       3
       2
       2
       2
       1
       4
       4
       3
       4
       2
       4
       3
       2
       1
       1
       2
       2
       4
       0
       4
       2
       2
       2
       3
       4
       3
       0
       1
       3
       1
       3
       1
       1
       1
       1
       5
       3
       2
       1
       5
       2
       3
       4
       2
       1
       3
       0
       2
       4
       3
       2
       1
       1
       2
       3
       4
       2
       1
       3
       2
       4
       3
       5
       1
       1
       4
       4
       2
       2
       4
       1
       4
       1
       4
       3
       3
       2
       2
       3
       4
       1
       2
       3
       3
       3
       1
       0
       2
       3
       1
       2
       5
       2
       2
       4
       5
       3
       2
       3
       2
       3
       2
       6
       1
       3
       3
       2
       6
       1
       2
       2
       3
       3
       1
       0
       3
       1
       2
       1
       1
       2
       0
       1
       1
       2
       4
       3
       4
       1
       2
       2
       5
       4
       3
       0
       3
       2
       5
       4
       2
       4
       2
       3
       2
       0
       2
       3
       0
       0
       2
       1
       1
       2
       0
       1
       1
       0
       6
       1
       3
       3
       2
       3
       2
       3
       0
       3
       4
       3
       2
       5
       2
       2
       5
       2
       4
       1
       4
       2
       4
       2
       3
       5
       2
       6
       6
       3
       6
       3
       3
       0
       1
       3
       2
       3
       1
       3
       1
       1
       5
       3
       5
       3
       3
       3
       2
       1
       3
       4
       1
       3
       4
       3
       2
       4
       0
       4
       4
       3
       1
       3
       2
       4
       3
       3
       3
       3
       4
       2
       3
       0
       2
       4
       1
       6
       2
       4
       1
       5
       2
       0
       3
       3
       4
       1
       2
       3
       1
       1
       0
       0
       1
       2
       5
       2
       3
       0
       4
       1
       5
       3
       2
       2
       2
       4
       4
       2
       4
       2
       1
       4
       1
       3
       0
       2
       1
       5
       2
       0
       4
       2
       0
       3
       0
       2
       4
       1
       2
       3
       0
       0
       0
       3
       4
       0
       0
       3
       0
       0
       2
       5
       3
       1
       0
       0
       1
       1
       0
       5
       1
       1
       2
       4
       2
       2
       0
       1
       1
       1
       3
       2
       3
       1
       2
       1
       0
       4
       1
       2
       6
       2
       1
       1
       1
       2
       3
       2
       2
       2
       1
       5
       0
       3
       4
       5
       2
       3
       3
       0
       1
       3
       3
       2
       3
       2
       2
       1
       1
       2
       4
       2
       1
       3
       3
       1
       5
       0
       1
       0
       0
       3
       4
       2
       3
       2
       5
       0
       4
       5
       0
       2
       1
       3
       3
       1
       3
       4
       0
       1
       1
       1
       1
       1
       1
       0
       2
       2
       4
       1
       3
       1
       1
       2
       1
       3
       2
       2
       1
       6
       1
       2
       0
       0
       2
       3
       2
       1
       1
       4
       4
       6
       3
       3
       2
       5
       3
       1
       4
       2
       3
       0
       0
       1
       2
       1
       2
       1
       4
       2
       1
       1
       0
       0
       2
       2
       0
       2
       1
       1
       2
       1
       1
       0
       0
       1
       2
       2
       2
       1
       2
       1
       5
       2
       1
       1
       3
       4
       3
       3
       1
       3
       1
       3
       1
       2
       3
       1
       0
       1
       2
       0
       2
       4
       5
       1
       3
       0
       1
       3
       4
       1
       2
       3
       2
       4
       3
       2
       1
       1
       2
       2
       1
       4
       1
       3
       3
       2
       3
       1
       0
       3
       8
       2
       8
       6
       9
      11
      10
      20
      20
      28
      40
      46
      39
      25
      23
      18
      14
       8
       5
       1
       2
       2
       1
       1
       4
       2
       1
       1
       1
       0
       0
       4
       2
       0
       2
       2
       1
       0
       0
       1
       2
       3
       1
       2
       5
       1
       1
       1
       5
       0
       3
       1
       2
       3
       2
       3
       1
       0
       1
       4
       2
       1
       4
       2
       2
       2
       0
       1
       2
       1
       2
       4
       1
       2
       2
       1
       3
       1
       3
       0
       2
       2
       0
       3
       2
       3
       1
       2
       2
       1
       2
       1
       3
       0
       1
       1
       0
       1
       0
       1
       4
       1
       2
       1
       0
       0
       3
       0
       3
       1
       0
       1
       3
       3
       1
       0
       0
       1
       0
       3
       1
       1
       2
       2
       1
       5
       0
       1
       1
       3
       2
       1
       0
       1
       6
       2
       1
       0
       2
       1
       1
       1
       2
       3
       0
       2
       1
       1
       1
       2
       0
       3
       3
       1
       2
       2
       1
       3
       2
       3
       2
       2
       0
       2
       1
       2
       4
       2
       0
       0
       0
       2
       1
       1
       1
       0
       1
       0
       1
       0
       2
       1
       2
       1
       0
       2
       1
       0
       2
       3
       1
       1
       2
       3
       1
       0
       3
       2
       0
       1
       5
       1
       1
       0
       2
       2
       3
       0
       2
       1
       1
       1
       3
       2
       0
       3
       3
       3
       5
       1
       2
       2
       1
       5
       1
       0
       2
       0
       3
       1
       1
       3
       1
       0
       1
       0
       2
       3
       1
       2
       1
       1
       1
       1
       1
       3
       1
       3
       2
       0
       1
       1
       4
       2
       2
       1
       0
       1
       2
       3
       0
       0
       1
       1
       0
       1
       0
       1
       3
       2
       3
       1
       0
       2
       1
       5
       1
       1
       2
       0
       0
       1
       3
       3
       1
       3
       1
       1
       4
       0
       3
       2
       4
       1
       5
       0
       2
       0
       2
       0
       0
       1
       5
       2
       2
       2
       2
       4
       0
       3
       0
       2
       1
       1
       1
       1
       0
       1
       1
       1
       4
       3
       1
       1
       4
       2
       2
       3
       0
       0
       4
       1
       0
       0
       3
       1
       5
       1
       0
       2
       1
       0
       1
       3
       0
       1
       0
       0
       1
       1
       1
       1
       0
       2
       2
       1
       1
       2
       0
       1
       1
       1
       2
       1
       4
       2
       3
       2
       0
       2
       0
       2
       0
       4
       1
       0
       4
       1
       0
       0
       0
       4
       1
       3
       0
       1
       2
       1
       5
       1
       2
       0
       0
       1
       0
       0
       2
       4
       0
       2
       2
       0
       1
       3
       0
       2
       0
       0
       0
       2
       0
       1
       3
       0
       3
       5
       3
       2
       2
       0
       0
       2
       1
       1
       5
       1
       5
       1
       3
       1
       3
       6
       0
       1
       3
       1
       1
       0
       0
       1
       0
       1
       1
       2
       3
       2
       5
       4
       1
       0
       3
       3
       1
       3
       2
       2
       0
       1
       0
       2
       3
       1
       1
       3
       1
       0
       0
       2
       0
       0
       3
       4
       4
       0
       1
       1
       2
       3
       1
       2
       4
       2
       2
       0
       3
       2
       1
       1
       0
       0
       1
       4
       1
       1
       0
       1
       3
       2
       2
       1
       1
       0
       1
       2
       3
       0
       2
       1
       3
       5
       4
       0
       0
       0
       2
       3
       0
       2
       1
       2
       3
       1
       2
       1
       2
       0
       3
       4
       2
       1
       3
       1
       4
       4
       0
       1
       0
       1
       0
       0
       2
       2
       0
       1
       1
       4
       1
       1
       3
       2
       2
       0
       0
       1
       0
       3
       3
       0
       1
       0
       5
       1
       1
       1
       4
       0
       1
       3
       3
       1
       1
       1
       3
       2
       2
       0
       0
       2
       3
       0
       1
       0
       1
       0
       2
       2
       0
       0
       1
       1
       2
       2
       2
       0
       1
       0
       2
       1
       0
       1
       1
       2
       4
       2
       2
       1
       0
       1
       0
       3
       0
       0
       1
       1
       2
       0
       1
       4
       0
       1
       2
       3
       1
       1
       2
       0
       0
       2
       2
       2
       1
       1
       2
       2
       0
       5
       1
       0
       4
       3
       2
       4
       3
       2
       0
       1
       2
       2
       1
       2
       1
       0
       1
       4
       3
       2
       0
       4
       1
       3
       4
       0
       2
       1
       2
       3
       3
       0
       3
       1
       1
       0
       0
       1
       4
       1
       2
       2
       1
       3
       1
       2
       1
       4
       0
       2
       2
       1
       0
       1
       2
       1
       1
       0
       1
       2
       0
       1
       0
       0
       1
       1
       2
       0
       0
       0
       2
       1
       1
       2
       2
       2
       4
       2
       1
       0
       0
       2
       4
       1
       2
       0
       2
       1
       3
       2
       3
       1
       1
       0
       3
       3
       1
       2
       2
       1
       1
       1
       2
       2
       1
       2
       0
       2
       0
       1
       1
       2
       1
       1
       0
       2
       2
       4
       2
       1
       3
       1
       1
       0
       2
       0
       0
       1
       3
       2
       0
       4
       3
       0
       1
       0
       1
       3
       4
       1
       3
       0
       2
       1
       1
       1
       0
       0
       3
       2
       4
       0
       0
       0
       1
       3
       2
       2
       1
       1
       3
       0
       0
       2
       2
       2
       1
       0
       1
       1
       0
       0
       0
       1
       3
       2
       0
       1
       0
       1
       1
       3
       1
       3
       0
       0
       1
       3
       0
       1
       1
       4
       0
       0
       1
       2
       1
       2
       1
       0
       2
       1
       1
       1
       2
       3
       1
       0
       2
       1
       1
       2
       0
       3
       1
       2
       0
       2
       0
       1
       1
       1
       0
       0
       1
       0
       0
       2
       0
       0
       3
       1
       0
       3
       0
       0
       1
       2
       1
       0
       1
       1
       0
       4
       1
       4
       0
       1
       2
       2
       0
       2
       0
       1
       0
       1
       2
       5
       2
       4
       0
       4
       4
       2
       0
       1
       0
       2
       0
       1
       2
       1
       2
       0
       1
       1
       1
       1
       0
       2
       2
       1
       0
       1
       1
       0
       2
       2
       0
       0
       1
       3
       2
       1
       3
       2
       1
       1
       0
       0
       0
       2
       2
       3
       1
       3
       0
       1
       3
       2
       2
       0
       1
       1
       2
       0
       2
       1
       2
       2
       2
       0
       2
       1
       1
       1
       2
       2
       1
       2
       1
       0
       4
       0
       4
       1
       2
       1
       1
       3
       2
       3
       1
       1
       0
       2
       0
       2
       1
       0
       2
       3
       4
       1
       0
       0
       3
       1
       0
       1
       4
       1
       1
       1
       0
       0
       1
       1
       0
       1
       2
       2
       2
       0
       2
       1
       0
       1
       0
       4
       2
       0
       2
       3
       2
       1
       4
       1
       0
       2
       3
       0
       3
       1
       0
       0
       2
       0
       1
       0
       0
       0
       2
       2
       4
       1
       1
       0
       2
       1
       3
       1
       2
       3
       2
       2
       0
       1
       2
       3
       1
       0
       0
       1
       1
       0
       1
       1
       1
       2
       1
       2
       0
       0
       1
       1
       1
       2
       1
       3
       3
       0
       1
       1
       0
       2
       2
       1
       2
       0
       3
       1
       2
       2
       0
       1
       1
       1
       3
       1
       3
       2
       3
       0
       2
       0
       0
       1
       0
       0
       0
       3
       1
       1
       4
       0
       2
       0
       1
       1
       1
       0
       1
       3
       1
       1
       1
       0
       0
       5
       4
       0
       1
       3
       0
       3
       4
       0
       0
       2
       0
       1
       2
       3
       1
       2
       2
       0
       3
       0
       3
       1
       2
       3
       2
       1
       1
       0
       1
       0
       2
       1
       1
       1
       0
       1
       2
       3
       2
       1
       1
       2
       2
       1
       1
       3
       0
       0
       0
       1
       3
       0
       1
       1
       2
       1
       2
       2
       3
       1
       1
       3
       1
       1
       0
       0
       5
       1
       1
       1
       1
       1
       0
       1
       2
       2
       0
       0
       2
       1
       0
       3
       2
       3
       1
       1
       1
       1
       0
       2
       0
       2
       0
       2
       5
       1
       1
       3
       3
       4
       0
       0
       1
       0
       0
       3
       1
       2
       0
       2
       2
       1
       0
       1
       3
       1
       3
       2
       2
       0
       4
       2
       2
       1
       1
       2
       0
       0
       1
       1
       0
       0
       1
       0
       2
       5
       4
       1
       2
       1
       2
       0
       2
       1
       4
       2
       1
       2
       0
       3
       1
       0
       1
       1
       3
       2
       2
       1
       0
       3
       1
       0
     212
     429
     401
     428
     399
     379
     422
     433
     404
     389
     388
     409
     402
     426
     424
     423
     398
     379
     424
     406
     427
     408
     392
     418
     476
     400
     429
     392
     401
     404
     425
     424
     429
     412
     385
     441
     376
     387
     391
     432
     392
     382
     452
     415
     420
     412
     403
     404
     452
     364
     455
     423
     403
     391
     420
     417
     410
     414
     416
     396
     417
     424
     411
     416
     419
     407
     424
     464
     416
     420
     406
     426
     439
     422
     418
     394
     394
     421
     418
     359
     432
     433
     431
     405
     425
     434
     416
     394
     437
     405
     420
     406
     383
     395
     375
     422
     440
     364
     404
     428
     451
     420
     407
     411
     411
     406
     443
     408
     395
     405
     440
     439
     367
     367
     386
     413
     393
     400
     412
     426
     419
     412
     409
     397
     410
     436
     401
     402
     386
     412
     431
     420
     378
     399
     424
     440
     443
     402
     433
     407
     410
     427
     415
     408
     412
     392
     417
     404
     412
     441
     395
     430
     401
     444
     417
     397
     404
     416
     424
     408
     409
     371
     435
     358
     455
     408
     417
     430
     385
     379
     392
     409
     413
     405
     417
     397
     412
     408
     376
     347
     427
     403
     409
     448
     202
$ROI:
5
598 616
1488 1502
3004 3030
3417 3440
6719 6742
$PRESETS:
None
0
0
$ENER_FIT:
1.820202 0.388090
$MCA_CAL:
3
1.820202E+000 3.880899E-001 -2.021690E-008 keV
$SHAPE_CAL:
3
1.939874E+000 2.172949E-003 -2.951990E-007
