$SPEC_ID:
naa kelp 8
$SPEC_REM:
DET# 1
DETDESC# SHUGART-PC MCB 337
AP# Maestro Version 7.01
$DATE_MEA:
01/08/2016 15:51:51
$MEAS_TIM:
340208 340597
$DATA:
0 8191
       0
       0
       0
       0
       0
       0
       0
       0
       0
       0
       0
       0
       0
       0
       0
       0
       0
       0
       0
       0
       0
       0
       0
       0
       0
       0
       0
       0
       0
       0
       0
       0
       0
       0
       0
      65
     840
    8008
   30027
   32725
   32986
   34014
   34914
   35384
   36106
   36924
   37595
   37777
   38382
   39118
   39980
   40486
   41904
   42303
   43638
   43459
   43759
   43651
   43790
   43751
   43643
   44069
   44157
   43938
   44696
   44942
   45423
   46625
   46687
   45167
   43950
   43313
   42714
   42598
   42576
   42829
   43468
   43773
   42633
   40893
   40355
   39803
   39098
   38982
   38432
   38287
   37905
   37757
   37969
   37205
   36878
   35972
   35948
   35405
   35242
   34861
   34494
   34399
   33923
   33541
   33479
   32985
   32507
   32110
   31899
   31671
   31415
   31059
   30642
   30607
   30465
   29970
   30072
   30870
   31062
   30182
   28719
   28191
   27564
   27289
   27068
   26752
   26820
   26393
   26277
   25966
   25623
   25434
   25147
   24901
   24730
   24781
   24162
   24002
   23995
   23282
   23016
   22910
   22962
   22482
   22386
   22263
   22173
   21937
   21872
   21352
   21537
   21300
   21237
   21315
   20713
   20378
   20587
   20214
   19837
   20295
   20389
   20783
   20305
   19738
   19017
   19036
   19122
   18498
   18495
   18486
   18411
   18519
   18007
   17949
   17931
   17863
   17696
   17485
   17436
   17630
   17285
   17148
   17379
   18033
   20285
   23272
   23959
   21360
   19117
   19586
   24186
   28513
   27159
   21366
   16703
   14455
   14391
   14163
   13944
   13778
   13714
   13524
   13243
   13150
   13186
   12849
   12854
   12900
   12582
   12842
   12617
   12633
   12564
   12863
   13615
   14964
   16962
   17266
   15790
   13394
   12216
   12109
   12608
   12992
   12684
   11808
   11134
   10788
   10725
   10897
   10696
   10676
   10588
   10455
   10641
   10962
   11481
   11792
   11068
   10555
   10150
   10056
    9942
    9864
   10005
    9724
    9642
    9711
    9388
    9542
    9613
    9536
    9429
    9478
    9193
    9251
    9038
    8959
    9103
    9032
    9025
    8993
    8821
    8900
    8823
    8879
    8725
    8745
    8576
    8614
    8612
    8723
    8396
    8452
    8439
    8368
    8201
    8241
    8381
    8290
    8283
    8078
    8117
    8107
    8112
    8164
    8056
    8046
    7984
    7955
    8079
    7767
    7828
    7830
    7724
    7770
    7596
    7570
    7656
    7498
    7442
    7540
    7551
    7495
    7497
    7449
    7309
    7455
    7380
    7425
    7392
    7275
    7434
    7132
    7098
    7229
    7125
    7277
    7154
    7208
    7046
    6998
    7033
    7011
    6837
    6962
    6801
    6863
    6793
    6841
    6715
    6941
    6704
    6640
    6756
    6669
    6726
    6573
    6576
    6611
    6660
    6618
    6577
    6502
    6488
    6534
    6575
    6484
    6446
    6608
    6387
    6370
    6425
    6280
    6204
    6362
    6308
    6273
    6288
    6201
    6150
    6187
    6158
    6029
    6136
    6027
    6033
    6166
    6213
    6186
    6132
    6210
    6156
    6106
    5910
    5942
    5932
    5873
    5860
    6008
    5899
    5801
    5765
    5903
    5639
    5784
    5661
    5764
    5837
    5719
    5559
    5584
    5756
    5905
    5644
    5452
    5782
    5616
    5501
    5544
    5499
    5491
    5523
    5533
    5425
    5507
    5618
    5774
    6165
    6379
    6096
    5768
    5629
    5320
    5415
    5332
    5366
    5437
    5332
    5407
    5465
    5264
    5316
    5210
    5344
    5436
    5206
    5232
    5211
    5328
    5165
    5274
    5112
    5139
    5157
    5124
    5134
    5139
    5126
    5140
    5031
    5322
    5049
    5101
    5185
    5038
    5321
    5058
    4956
    5171
    4948
    5103
    5099
    4946
    5127
    5101
    5106
    5065
    5012
    4927
    4870
    4913
    4940
    4966
    4938
    4892
    4880
    4778
    4817
    4846
    4953
    4922
    4940
    4730
    4975
    5134
    5449
    5425
    5333
    5006
    4866
    4714
    4696
    4706
    4760
    4696
    4690
    4758
    4737
    4784
    4604
    4702
    4719
    4675
    4750
    4765
    4761
    4695
    4618
    4535
    4590
    4737
    4617
    4555
    4653
    4596
    4557
    4727
    4603
    4600
    4602
    4471
    4591
    4609
    4499
    4593
    4518
    4502
    4526
    4568
    4395
    4567
    4608
    4441
    4451
    4417
    4481
    4476
    4476
    4545
    4364
    4337
    4430
    4363
    4468
    4393
    4428
    4377
    4467
    4339
    4274
    4344
    4278
    4348
    4434
    4404
    4410
    4253
    4337
    4355
    4388
    4383
    4286
    4299
    4380
    4339
    4486
    4347
    4129
    4299
    4254
    4243
    4308
    4287
    4242
    4271
    4189
    4296
    4163
    4295
    4194
    4176
    4173
    4199
    4063
    4203
    4125
    4076
    4100
    4122
    4127
    4120
    4271
    4124
    4058
    4341
    4053
    4217
    4135
    4113
    4117
    3967
    4032
    4081
    4085
    4014
    4073
    4026
    4033
    4099
    4080
    4076
    4010
    4234
    4173
    3972
    4066
    4030
    4015
    4085
    4086
    4145
    4343
    4445
    4513
    4295
    4035
    4072
    4032
    4103
    3967
    3971
    4003
    4001
    3944
    3895
    3941
    3938
    3931
    3826
    4060
    4093
    3955
    3983
    3862
    3857
    3935
    3822
    4019
    3977
    3937
    3828
    3900
    3731
    3944
    3794
    3953
    3925
    3801
    3743
    3867
    3845
    4085
    3942
    3792
    3804
    3777
    3963
    3721
    3782
    3915
    3820
    3773
    3785
    3754
    3879
    3794
    3765
    3813
    3783
    3777
    3794
    3736
    3754
    3830
    3740
    3729
    3597
    3693
    3814
    3839
    3776
    3736
    3721
    3739
    3773
    3693
    3668
    3670
    3612
    3533
    3687
    3691
    3775
    3645
    3720
    3646
    3592
    3702
    3705
    3614
    3598
    3706
    3703
    3678
    3669
    3645
    3634
    3566
    3638
    3673
    3632
    3669
    3619
    3749
    3708
    3748
    3764
    3780
    3818
    3619
    3616
    3590
    3625
    3721
    3531
    3582
    3447
    3504
    3512
    3644
    3550
    3508
    3614
    3519
    3492
    3584
    3536
    3534
    3528
    3489
    3574
    3581
    3558
    3502
    3472
    3449
    3505
    3545
    3525
    3517
    3569
    3559
    3471
    3490
    3491
    3489
    3489
    3579
    3675
    3546
    3507
    3558
    3411
    3468
    3485
    3477
    3478
    3520
    3470
    3419
    3532
    3473
    3486
    3397
    3406
    3418
    3389
    3423
    3383
    3406
    3435
    3440
    3324
    3415
    3288
    3406
    3264
    3516
    3368
    3288
    3406
    3328
    3450
    3330
    3344
    3447
    3426
    3367
    3411
    3501
    3408
    3387
    3404
    3399
    3387
    3399
    3346
    3318
    3333
    3414
    3419
    3251
    3276
    3331
    3365
    3219
    3336
    3337
    3336
    3293
    3452
    3387
    3435
    3361
    3454
    3134
    3251
    3342
    3237
    3305
    3323
    3354
    3278
    3204
    3258
    3347
    3266
    3267
    3341
    3263
    3151
    3227
    3266
    3315
    3213
    3221
    3175
    3277
    3241
    3204
    3289
    3285
    3351
    3176
    3265
    3129
    3288
    3332
    3293
    3207
    3287
    3149
    3175
    3170
    3292
    3192
    3195
    3289
    3299
    3272
    3271
    3338
    3179
    3282
    3243
    3154
    3290
    3252
    3158
    3134
    3213
    3137
    3159
    3155
    3269
    3167
    3100
    3086
    3113
    3245
    3084
    3137
    3108
    3170
    3160
    3212
    3070
    3027
    3124
    3051
    3026
    3058
    3097
    3232
    3171
    3245
    3146
    3090
    3082
    3067
    3066
    3221
    3104
    3127
    3080
    3093
    3084
    3116
    3132
    3127
    3061
    3115
    3095
    3075
    3094
    3064
    3196
    3036
    3025
    2973
    3118
    3130
    3106
    3000
    3000
    3135
    3019
    3091
    3014
    3076
    3089
    2968
    3141
    2952
    3021
    3056
    2916
    3074
    2986
    3074
    3022
    2899
    2952
    3001
    2917
    2962
    3006
    3020
    2887
    2941
    3000
    3051
    2942
    2934
    3044
    3003
    2916
    2994
    2958
    2970
    2936
    2914
    2955
    2916
    2910
    2978
    2867
    3037
    2934
    3051
    3000
    2877
    2856
    3012
    2980
    2956
    2946
    2981
    2848
    2927
    2993
    2997
    2903
    2865
    2975
    2918
    2877
    3158
    3130
    3032
    3093
    2981
    2945
    2956
    2972
    2757
    2955
    2872
    2917
    2883
    2795
    2864
    2909
    2938
    2950
    2908
    2849
    2946
    2892
    2919
    2852
    2742
    2880
    2960
    2817
    2881
    2854
    2788
    2860
    2831
    2918
    2850
    2874
    2859
    2790
    2778
    2819
    2865
    2872
    2897
    2836
    2755
    2769
    2878
    2812
    2847
    2883
    2836
    2734
    2789
    2795
    2764
    2724
    2833
    2790
    2800
    2761
    2850
    2759
    2757
    2807
    2685
    2774
    2727
    2767
    2770
    2741
    2818
    2776
    2742
    2766
    2758
    2828
    2803
    2730
    2697
    2745
    2710
    2715
    2660
    2707
    2735
    2816
    2869
    2759
    2710
    2789
    2659
    2766
    2652
    2656
    2747
    2773
    2660
    2705
    2726
    2742
    2711
    2657
    2663
    2702
    2746
    2741
    2832
    2706
    2658
    2740
    2662
    2755
    2735
    2615
    2611
    2700
    2711
    2818
    3010
    2931
    2813
    2700
    2739
    2704
    2693
    2630
    2700
    2631
    2607
    2639
    2609
    2590
    2719
    2655
    2569
    2605
    2586
    2647
    2618
    2587
    2528
    2703
    2639
    2766
    2581
    2565
    2680
    2656
    2632
    2597
    2489
    2648
    2583
    2590
    2613
    2567
    2582
    2600
    2586
    2508
    2589
    2652
    2548
    2622
    2517
    2535
    2524
    2634
    2521
    2626
    2628
    2501
    2493
    2555
    2566
    2598
    2573
    2535
    2493
    2587
    2617
    2586
    2437
    2456
    2555
    2532
    2575
    2580
    2499
    2540
    2509
    2472
    2555
    2547
    2584
    2587
    2497
    2533
    2417
    2481
    2503
    2492
    2576
    2529
    2509
    2494
    2521
    2561
    2436
    2563
    2503
    2547
    2537
    2488
    2503
    2542
    2611
    2629
    2602
    2604
    2565
    2608
    2622
    2468
    2632
    2598
    2533
    2583
    2546
    2528
    2530
    2553
    2573
    2598
    2558
    2541
    2502
    2587
    2523
    2490
    2494
    2546
    2567
    2573
    2534
    2567
    2565
    2494
    2471
    2439
    2360
    2461
    2413
    2429
    2471
    2507
    2377
    2500
    2491
    2353
    2410
    2384
    2461
    2413
    2337
    2432
    2334
    2439
    2369
    2377
    2317
    2360
    2376
    2344
    2256
    2298
    2265
    2264
    2420
    2418
    2400
    2402
    2360
    2415
    2339
    2335
    2346
    2251
    2437
    2327
    2347
    2320
    2264
    2315
    2303
    2303
    2384
    2388
    2360
    2307
    2297
    2374
    2250
    2259
    2270
    2328
    2265
    2307
    2360
    2332
    2412
    2418
    2522
    2758
    2887
    3236
    3280
    3436
    3220
    3130
    2928
    3057
    3428
    4322
    4974
    5352
    4670
    3632
    2849
    2434
    2232
    2222
    2311
    2126
    2323
    2278
    2239
    2147
    2187
    2194
    2137
    2213
    2193
    2239
    2172
    2225
    2182
    2251
    2184
    2209
    2139
    2231
    2167
    2156
    2160
    2200
    2207
    2164
    2258
    2153
    2147
    2148
    2304
    2139
    2198
    2079
    2143
    2190
    2182
    2176
    2203
    2194
    2157
    2155
    2168
    2196
    2177
    2158
    2190
    2132
    2211
    2169
    2175
    2128
    2139
    2146
    2083
    2119
    2125
    2098
    2096
    2059
    2126
    2087
    2134
    2150
    2153
    2123
    2084
    2057
    2107
    2082
    2140
    2129
    2002
    2155
    2146
    2018
    1997
    2122
    2108
    2061
    2113
    1994
    2006
    2133
    2067
    2000
    2013
    1924
    2130
    2042
    2044
    2024
    1991
    2080
    2143
    2244
    2158
    2317
    2197
    2176
    2164
    1985
    2036
    2021
    1969
    1914
    2094
    2041
    2068
    2009
    1959
    2064
    2031
    2029
    1992
    2052
    2012
    2033
    1939
    1971
    2020
    1952
    2065
    1914
    1994
    1957
    2081
    1948
    1946
    2012
    1998
    2002
    1896
    1906
    2001
    2025
    1987
    1891
    2000
    1982
    2018
    2025
    1923
    1921
    2002
    1937
    1936
    1921
    1974
    1922
    1880
    1997
    1914
    1980
    1868
    1914
    1938
    1874
    1885
    1846
    1924
    1899
    1955
    1946
    1982
    1848
    1863
    1895
    1864
    1945
    1995
    2073
    1894
    1978
    1921
    1968
    1878
    1843
    1926
    1887
    1876
    1827
    1867
    1854
    1844
    1857
    1879
    1892
    1902
    1895
    1864
    1785
    1866
    1784
    1838
    1827
    1816
    1870
    1908
    1838
    1854
    1831
    1770
    1859
    1811
    1845
    1749
    1856
    1805
    1845
    1779
    1812
    1806
    1828
    1790
    1786
    1749
    1711
    1798
    1861
    1816
    1946
    1903
    1826
    1922
    1878
    1877
    2017
    1844
    1783
    1820
    1715
    1655
    1779
    1781
    1843
    1767
    1780
    1850
    1860
    1801
    1726
    1796
    1732
    1728
    1707
    1735
    1840
    1832
    2019
    2074
    2146
    2041
    1898
    1809
    1780
    1742
    1707
    1689
    1761
    1783
    1748
    1785
    1880
    1932
    1728
    1715
    1720
    1685
    1678
    1647
    1599
    1735
    1679
    1613
    1681
    1697
    1768
    1667
    1694
    1657
    1713
    1690
    1727
    1618
    1686
    1640
    1711
    1704
    1725
    1610
    1603
    1703
    1644
    1642
    1635
    1624
    1609
    1622
    1627
    1645
    1622
    1604
    1645
    1630
    1637
    1618
    1607
    1688
    1586
    1600
    1639
    1638
    1559
    1673
    1652
    1539
    1687
    1595
    1532
    1558
    1635
    1568
    1626
    1647
    1486
    1578
    1573
    1595
    1605
    1478
    1599
    1551
    1581
    1643
    1538
    1554
    1561
    1559
    1572
    1649
    1641
    1522
    1534
    1537
    1542
    1506
    1578
    1517
    1586
    1528
    1499
    1526
    1515
    1583
    1608
    1527
    1539
    1489
    1474
    1580
    1418
    1536
    1496
    1554
    1514
    1542
    1518
    1520
    1504
    1480
    1530
    1511
    1509
    1544
    1464
    1507
    1472
    1499
    1527
    1436
    1495
    1448
    1553
    1616
    1502
    1562
    1534
    1549
    1434
    1455
    1470
    1452
    1490
    1518
    1405
    1430
    1448
    1431
    1433
    1452
    1459
    1503
    1461
    1461
    1457
    1472
    1414
    1394
    1412
    1416
    1413
    1351
    1507
    1494
    1387
    1412
    1430
    1446
    1468
    1417
    1433
    1367
    1352
    1384
    1450
    1398
    1394
    1443
    1314
    1336
    1400
    1359
    1421
    1467
    1342
    1337
    1359
    1317
    1448
    1329
    1401
    1431
    1298
    1407
    1396
    1304
    1347
    1432
    1345
    1322
    1366
    1326
    1320
    1375
    1330
    1312
    1325
    1273
    1348
    1411
    1372
    1323
    1284
    1401
    1285
    1337
    1419
    1373
    1347
    1300
    1359
    1288
    1287
    1286
    1297
    1363
    1312
    1284
    1357
    1267
    1316
    1262
    1254
    1289
    1321
    1328
    1266
    1276
    1266
    1283
    1332
    1345
    1338
    1255
    1287
    1226
    1292
    1227
    1272
    1171
    1258
    1236
    1276
    1233
    1315
    1291
    1248
    1245
    1216
    1197
    1250
    1263
    1224
    1257
    1179
    1265
    1277
    1190
    1296
    1212
    1263
    1254
    1284
    1170
    1204
    1293
    1249
    1330
    1422
    1547
    1622
    1620
    1428
    1256
    1265
    1224
    1201
    1126
    1153
    1226
    1212
    1192
    1206
    1198
    1181
    1208
    1175
    1196
    1169
    1069
    1128
    1161
    1221
    1199
    1183
    1100
    1124
    1161
    1167
    1172
    1112
    1131
    1162
    1127
    1136
    1151
    1116
    1144
    1115
    1133
    1088
    1161
    1072
    1106
    1098
    1092
    1174
    1106
    1123
    1135
    1050
    1133
    1179
    1152
    1140
    1096
    1055
    1125
    1077
    1096
    1110
    1108
    1085
    1085
    1160
    1068
    1101
    1103
    1123
    1063
    1116
    1055
     998
    1090
    1049
    1061
    1073
    1044
    1067
     991
    1054
    1049
    1082
    1063
    1064
    1070
    1042
    1062
    1062
    1065
    1061
    1045
    1080
    1092
    1024
    1008
    1023
    1045
    1045
    1050
    1054
     986
     948
    1048
     972
     995
    1064
    1049
     999
     973
     959
     986
    1074
    1043
    1007
     993
    1024
    1001
    1014
    1005
     968
     938
     929
     943
    1029
    1007
    1019
     945
     980
     976
     981
     965
     955
     989
     985
    1026
    1086
    1119
    1133
    1104
    1143
     996
     967
     958
     931
     963
     932
     957
     946
     966
     918
     980
     982
    1002
     932
     941
     930
     900
     916
     946
     911
     971
     911
     955
     920
     921
     891
     936
     896
     934
     924
     923
     878
     869
     923
     921
     925
     929
     879
     852
     897
     931
     898
     927
     935
     902
     917
    1008
     981
     937
     973
     916
     847
     924
     909
     880
     851
     907
     899
     862
     914
     837
     843
     833
     868
     914
     909
     896
     892
     876
     866
     888
     827
     846
     825
     842
     836
     870
     837
     874
     864
     871
     854
     809
     836
     894
     833
     838
     844
     831
     823
     877
     857
     795
     827
     787
     800
     818
     761
     846
     842
     823
     802
     833
     810
     825
     814
     758
     831
     768
     775
     812
     850
     777
     761
     807
     765
     747
     836
     762
     786
     758
     754
     743
     772
     830
     834
     812
     832
     844
     906
     823
     851
     778
     840
     746
     756
     772
     801
     786
     768
     685
     756
     720
     771
     776
     743
     744
     786
     779
     773
     740
     769
     745
     752
     743
     766
     782
     745
     716
     763
     745
     715
     734
     719
     748
     736
     703
     727
     791
     786
     733
     729
     705
     782
     671
     757
     676
     691
     735
     749
     749
     705
     685
     710
     692
     729
     695
     676
     708
     677
     667
     692
     702
     668
     700
     707
     762
     709
     667
     694
     668
     667
     722
     648
     671
     668
     660
     627
     658
     709
     679
     683
     725
     699
     692
     680
     655
     671
     676
     632
     596
     683
     601
     673
     661
     645
     636
     667
     659
     637
     680
     667
     662
     647
     643
     664
     657
     640
     670
     595
     692
     637
     638
     631
     644
     625
     612
     628
     632
     606
     641
     625
     650
     568
     606
     589
     660
     601
     625
     652
     631
     605
     600
     625
     640
     651
     613
     594
     638
     627
     602
     609
     621
     624
     568
     597
     599
     602
     592
     599
     578
     581
     630
     682
     938
    1167
    1519
    1805
    1996
    1779
    1336
    1037
     761
     595
     577
     576
     535
     549
     578
     590
     570
     557
     529
     544
     525
     554
     578
     543
     558
     534
     571
     527
     546
     550
     535
     495
     548
     552
     575
     578
     570
     526
     515
     556
     512
     501
     576
     519
     516
     567
     509
     521
     514
     547
     517
     490
     526
     490
     478
     502
     497
     554
     568
     608
     605
     556
     547
     516
     518
     522
     491
     532
     450
     500
     477
     444
     462
     490
     457
     456
     488
     457
     525
     484
     460
     461
     483
     429
     485
     452
     491
     441
     447
     472
     438
     466
     460
     473
     484
     481
     456
     441
     446
     415
     451
     464
     442
     427
     424
     403
     487
     435
     455
     437
     463
     434
     426
     432
     423
     429
     418
     422
     426
     423
     453
     398
     459
     438
     413
     391
     442
     443
     438
     449
     449
     430
     412
     434
     413
     394
     410
     389
     438
     409
     402
     421
     417
     350
     374
     371
     390
     387
     425
     364
     347
     405
     383
     361
     394
     438
     393
     382
     364
     390
     396
     372
     354
     380
     375
     377
     399
     385
     395
     333
     349
     356
     326
     377
     377
     372
     404
     382
     384
     361
     338
     365
     382
     320
     362
     348
     327
     381
     337
     345
     347
     399
     346
     308
     353
     369
     339
     339
     367
     397
     383
     343
     323
     365
     359
     360
     370
     378
     406
     411
     355
     384
     337
     337
     350
     372
     329
     320
     352
     331
     326
     337
     345
     332
     287
     318
     331
     303
     332
     351
     309
     335
     310
     314
     327
     311
     320
     310
     316
     296
     323
     289
     300
     303
     311
     298
     284
     277
     271
     286
     305
     314
     321
     297
     288
     299
     291
     289
     293
     280
     292
     273
     269
     304
     290
     259
     280
     270
     279
     289
     265
     269
     278
     269
     280
     310
     287
     276
     265
     269
     292
     261
     255
     229
     275
     246
     256
     284
     257
     269
     276
     305
     302
     309
     286
     278
     281
     247
     236
     275
     249
     286
     243
     259
     245
     259
     243
     246
     256
     243
     252
     262
     230
     249
     233
     254
     240
     268
     222
     231
     245
     233
     234
     232
     214
     236
     215
     247
     217
     246
     217
     238
     258
     229
     204
     252
     246
     233
     219
     210
     206
     216
     199
     247
     225
     197
     211
     237
     260
     218
     212
     236
     223
     210
     208
     223
     218
     174
     225
     208
     201
     212
     200
     211
     182
     215
     221
     190
     213
     211
     214
     206
     212
     183
     199
     208
     184
     217
     206
     238
     201
     216
     209
     198
     178
     213
     224
     211
     219
     204
     198
     216
     168
     184
     213
     214
     194
     200
     188
     186
     216
     225
     217
     236
     245
     210
     216
     199
     232
     179
     204
     175
     198
     183
     176
     189
     174
     184
     167
     182
     195
     188
     164
     161
     180
     188
     204
     169
     177
     195
     172
     161
     166
     154
     160
     194
     175
     153
     162
     192
     163
     158
     179
     170
     162
     176
     143
     166
     153
     124
     180
     151
     188
     190
     141
     158
     198
     172
     156
     164
     161
     183
     148
     149
     161
     136
     160
     184
     148
     134
     165
     139
     144
     163
     159
     140
     148
     142
     176
     170
     185
     269
     341
     470
     698
    1047
    1411
    1567
    1500
    1193
     808
     485
     316
     217
     138
     138
     157
     141
     148
     141
     129
     131
     139
     160
     126
     155
     155
     141
     129
     137
     148
     143
     138
     142
     123
     125
     154
     142
     153
     109
     122
     137
     124
     112
     131
     131
     133
     126
     124
     145
     134
     122
     152
     121
     120
     124
     120
     142
     136
     136
     158
     173
     207
     257
     293
     331
     338
     269
     221
     175
     164
     118
     120
     103
     129
     117
     138
     122
     113
     114
     121
     115
     129
     130
     133
     128
     123
     107
     121
     128
     127
     114
     105
     128
     115
     126
     127
     154
     141
     189
     219
     343
     545
     830
    1422
    2239
    2825
    3160
    3013
    2341
    1507
     876
     434
     262
     179
     285
     411
     599
     863
    1142
    1163
    1064
     880
     575
     335
     204
     129
     106
     116
     113
      86
      95
      96
      94
     100
     103
      91
     101
      95
      96
      98
     111
      79
     102
     101
      98
      94
     103
      77
      74
      93
      87
      72
      89
      96
     105
      93
      73
      81
      93
     102
      89
      75
      94
     101
      92
      93
      82
     102
      70
      85
      84
      72
     102
      88
      66
      80
      80
      90
      87
      84
      80
      88
      70
      84
      87
      80
      93
      83
      79
      75
      90
      90
      78
      79
      98
      68
      94
      75
      72
      92
      87
      97
      71
      76
      87
      88
      84
      78
      81
      97
      82
      88
      68
      96
      70
      76
      67
      82
      87
      80
      67
      76
      53
      79
      87
      78
      70
      81
      68
      82
      63
      77
      76
      69
      77
      59
      80
      81
      72
      65
      84
      74
      74
      55
      83
      71
      88
      92
      90
      82
     144
     164
     195
     313
     385
     400
     305
     269
     177
     112
      95
      76
      56
      64
      79
      76
      79
      73
      71
      83
      52
      78
      64
      67
      77
      65
      69
      55
      64
      75
      73
      81
      63
      61
      64
      76
      57
      75
      65
      59
      52
      65
      75
      72
      76
      77
      61
      76
      64
      76
      54
      48
      62
      71
      63
      76
      67
      61
      77
      50
      57
      60
      69
      54
      47
      62
      49
      68
      57
      67
      71
      59
      72
      71
      60
      68
      67
      54
      67
      50
      63
      58
      66
      62
      71
      57
      60
      57
      58
      62
      68
      62
      60
      60
      75
      64
      59
      62
      52
      52
      69
      51
      58
      54
      42
      64
      66
      59
      60
      59
      54
      54
      67
      54
      49
      59
      53
      57
      47
      58
      52
      55
      43
      50
      55
      52
      67
      47
      56
      67
      55
      57
      59
      58
      48
      55
      54
      66
      47
      48
      50
      56
      64
      51
      63
      55
      59
      57
      62
      56
      64
      62
      55
      62
      61
      53
      49
      39
      66
      59
      53
      47
      53
      58
      53
      52
      64
      67
      66
      70
      65
      65
      72
      63
      62
      57
      48
      43
      65
      51
      62
      57
      53
      56
      47
      60
      53
      52
      46
      53
      54
      55
      54
      44
      41
      59
      48
      42
      50
      44
      39
      55
      47
      38
      54
      55
      57
      45
      53
      48
      45
      61
      46
      49
      39
      49
      51
      46
      52
      42
      56
      42
      57
      66
      56
      49
      62
      45
      50
      51
      43
      56
      48
      47
      46
      62
      40
      48
      49
      35
      41
      43
      38
      55
      53
      40
      48
      55
      51
      43
      53
      45
      41
      43
      50
      48
      40
      53
      50
      58
      65
      68
      88
     117
     110
     129
     179
     126
     136
      87
      65
      48
      69
      49
      43
      44
      39
      50
      38
      42
      48
      62
      53
      48
      33
      42
      60
      50
      64
      45
      50
      43
      43
      43
      43
      46
      42
      44
      44
      52
      35
      40
      43
      57
      53
      69
      80
     114
     154
     181
     181
     141
     136
     105
      68
      52
      47
      62
      44
      62
      59
      74
      89
      87
      87
      89
      82
      64
      52
      50
      44
      31
      50
      45
      42
      50
      41
      58
      44
      48
      42
      49
      43
      41
      40
      36
      48
      38
      41
      39
      43
      30
      53
      33
      61
      50
      55
      50
      43
      28
      30
      38
      36
      50
      45
      45
      42
      33
      46
      35
      46
      52
      49
      52
      53
      81
      81
      63
      76
      61
      48
      45
      52
      40
      45
      36
      49
      38
      45
      48
      40
      32
      40
      33
      39
      39
      44
      40
      39
      35
      36
      44
      50
      39
      38
      39
      35
      52
      54
      60
      86
     124
     180
     248
     320
     358
     351
     271
     207
     120
      72
      56
      45
      40
      48
      44
      39
      40
      30
      40
      55
      40
      41
      42
      37
      35
      44
      45
      35
      32
      29
      28
      44
      33
      29
      40
      34
      43
      54
      46
      34
      34
      38
      41
      33
      42
      38
      42
      39
      25
      41
      32
      31
      30
      39
      48
      40
      27
      36
      50
      30
      34
      42
      48
      34
      42
      37
      30
      35
      30
      36
      41
      34
      44
      35
      35
      39
      37
      50
      41
      34
      39
      32
      32
      34
      34
      49
      43
      39
      36
      42
      39
      42
      38
      34
      38
      44
      41
      44
      37
      29
      36
      31
      39
      29
      40
      37
      46
      40
      33
      36
      36
      33
      45
      44
      40
      39
      31
      39
      51
      43
      45
      46
      36
      45
      36
      33
      32
      40
      42
      29
      29
      48
      37
      34
      35
      32
      49
      42
      43
      38
      40
      40
      35
      32
      29
      32
      42
      35
      31
      38
      30
      34
      41
      29
      33
      32
      34
      42
      32
      34
      29
      39
      33
      36
      34
      30
      27
      34
      37
      26
      45
      30
      34
      31
      36
      32
      34
      34
      50
      38
      34
      40
      35
      33
      41
      43
      35
      42
      36
      35
      22
      31
      35
      29
      36
      37
      34
      43
      36
      43
      50
      38
      38
      29
      50
      36
      29
      39
      43
      34
      37
      23
      33
      32
      31
      35
      29
      34
      28
      34
      28
      27
      34
      25
      26
      40
      35
      20
      30
      29
      45
      30
      30
      31
      23
      35
      21
      34
      31
      28
      31
      33
      36
      39
      39
      37
      38
      39
      25
      34
      32
      35
      26
      39
      28
      37
      27
      37
      40
      33
      37
      25
      43
      38
      32
      29
      32
      39
      32
      41
      41
      43
      33
      33
      28
      17
      43
      38
      33
      32
      33
      50
      22
      37
      28
      34
      27
      37
      26
      31
      34
      29
      32
      41
      35
      30
      34
      42
      22
      33
      33
      23
      34
      37
      39
      34
      25
      31
      35
      38
      38
      29
      31
      27
      30
      40
      28
      35
      32
      30
      38
      33
      32
      26
      37
      28
      39
      52
      56
      88
      92
     133
     206
     316
     399
     445
     413
     358
     225
     145
      84
      37
      46
      25
      29
      26
      24
      25
      28
      22
      23
      21
      24
      30
      31
      26
      31
      22
      37
      19
      26
      30
      17
      18
      20
      34
      35
      34
      30
      50
      43
      40
      48
      42
      31
      33
      33
      33
      34
      26
      27
      28
      33
      17
      18
      28
      38
      21
      34
      36
      28
      24
      33
      35
      34
      27
      31
      34
      37
      19
      30
      18
      27
      23
      32
      28
      32
      33
      28
      16
      31
      33
      32
      27
      26
      36
      28
      21
      21
      24
      21
      26
      27
      29
      24
      44
      32
      31
      24
      18
      28
      24
      35
      26
      25
      30
      23
      31
      23
      27
      29
      31
      26
      35
      29
      24
      26
      26
      23
      30
      26
      23
      34
      22
      23
      30
      29
      30
      34
      29
      34
      27
      23
      34
      24
      26
      23
      18
      24
      29
      35
      31
      18
      24
      30
      19
      26
      20
      27
      28
      24
      33
      21
      24
      23
      37
      32
      21
      27
      32
      26
      26
      24
      17
      27
      33
      23
      24
      18
      30
      27
      14
      24
      37
      27
      30
      21
      16
      27
      27
      25
      23
      23
      30
      27
      29
      24
      37
      22
      16
      23
      22
      26
      24
      20
      23
      23
      32
      26
      27
      29
      27
      18
      24
      34
      21
      15
      31
      25
      25
      19
      24
      27
      25
      24
      21
      20
      29
      22
      26
      28
      30
      23
      24
      28
      27
      27
      23
      21
      36
      27
      24
      27
      25
      37
      18
      22
      22
      23
      30
      14
      24
      20
      28
      21
      17
      25
      31
      21
      27
      25
      25
      17
      25
      27
      27
      34
      23
      26
      32
      20
      21
      27
      23
      22
      21
      14
      28
      28
      23
      26
      25
      23
      21
      32
      26
      25
      21
      28
      25
      27
      40
      26
      27
      32
      22
      38
      26
      23
      26
      22
      18
      24
      22
      17
      21
      20
      32
      25
      27
      28
      22
      26
      29
      16
      14
      29
      25
      27
      22
      23
      38
      19
      30
      15
      32
      27
      22
      29
      24
      31
      24
      26
      29
      25
      21
      22
      23
      22
      29
      27
      20
      37
      38
      37
      25
      31
      35
      20
      18
      24
      28
      36
      46
      36
      30
      26
      29
      31
      30
      25
      22
      25
      35
      33
      35
      29
      32
      27
      22
      20
      20
      29
      24
      17
      23
      23
      15
      18
      29
      22
      18
      21
      20
      20
      25
      16
      22
      19
      19
      17
      14
      19
      21
      26
      16
      14
      23
      16
      19
      20
      19
      17
      29
      12
      23
      23
      27
      24
      19
      25
      21
      21
      23
      20
      33
      20
      23
      22
      18
      26
      19
      29
      19
      27
      22
      33
      22
      29
      24
      38
      26
      22
      25
      25
      28
      19
      14
      22
      16
      26
      24
      22
      23
      24
      15
      21
      19
      24
      17
      31
      39
      32
      28
      19
      36
      28
      28
      21
      22
      24
      20
      14
      22
      12
      24
      28
      16
      32
      24
      22
      21
      26
      24
      25
      16
      19
      27
      23
      16
      14
      21
      23
      14
      22
      17
      29
      17
      20
      23
      32
      27
      16
      21
      24
      13
      22
      32
      17
      25
      17
      30
      20
      22
      21
      22
      20
      15
      17
      32
      21
      17
      18
      19
      17
      27
      34
      27
      21
      21
      17
      12
      14
      19
      15
      21
      27
      24
      23
      17
      21
      28
      18
      27
      14
      16
      28
      19
      28
      17
      14
      23
      11
      15
      17
      20
      17
      21
      18
      20
      21
      24
      16
      22
      24
      20
      15
      15
      20
      14
      18
      27
      18
      21
      25
      24
      16
      21
      20
      22
      15
      17
      21
      15
      19
      26
      20
      18
      25
      22
      25
      23
      23
       8
      20
      27
      20
      20
      14
      17
      21
      12
      12
      17
      21
      20
      30
      22
      17
      19
      19
      20
      26
      32
      26
      20
      20
      32
      38
      28
      26
      20
      22
      25
      21
      34
      14
      30
      20
      19
      23
      26
      24
      25
      18
      18
      12
      21
      15
      18
      12
      20
      19
      16
      21
      22
      21
      18
      21
      16
      20
      24
      13
      22
      20
      11
      24
      22
      16
      18
      12
      24
      18
      19
      24
      21
      23
      21
      15
      24
      16
      19
      12
      16
      17
      16
      19
      19
      20
      20
      17
      15
      20
      25
      25
      18
      20
      17
      15
      17
      19
      19
      23
      18
      17
      17
      22
      17
      17
      19
      20
      18
      21
      19
      13
      21
      24
      23
      30
      28
      15
      16
      15
      19
      20
      29
      30
      30
      24
      27
      26
      21
      24
      17
      16
      16
      15
      19
      25
      21
      18
      17
      24
      18
       5
      17
      23
      22
      25
      23
      17
      23
      15
      12
      22
      10
      15
      15
      14
      15
      11
      15
      19
      15
      14
      14
       9
      15
      20
      20
      27
      15
       8
      21
      16
      12
      20
      15
      16
      15
      20
      20
      20
      20
      25
      20
      14
      18
      27
      12
      15
      15
      16
      19
      28
      20
      16
      22
      19
      17
      13
      18
      18
      17
      18
      11
      18
      10
      19
      16
      10
      21
      20
      23
      41
      47
      58
      72
      67
      66
      44
      38
      32
      28
      22
       9
      23
      15
      16
      14
      24
      16
      16
      18
      15
      17
      16
       8
      16
      23
      16
      24
      25
      23
      16
      19
      15
      12
      16
      24
      24
      16
      20
      15
      13
      13
      18
      18
      14
      17
      14
      21
      24
      16
      15
      18
      19
      24
      14
      23
      16
      13
      17
      16
      13
      17
      15
      18
      21
      13
      11
      18
      24
      20
      15
      13
      19
      13
      15
      13
      12
      14
      14
      18
      21
      20
      20
      12
      16
      17
      18
      14
      18
      18
      20
      21
      14
      19
      24
      11
      19
      20
      12
      10
      13
      16
      20
      14
      20
      15
      19
      22
      12
      22
      16
      11
      21
      17
      23
      20
      12
      21
      16
      17
      11
      14
      11
      13
      13
      15
      17
      13
      28
      27
      10
      17
      17
      13
      19
      19
      16
      26
      21
      19
      17
      20
      14
      17
      15
      20
      20
      16
      23
      18
      23
      21
      13
      19
       7
      17
      18
      19
      20
      13
      22
      12
      17
      16
      15
      13
      19
      18
      19
      18
      23
      20
      17
      11
      16
      16
      14
      14
       9
      10
      18
      22
      16
      26
      13
      21
      20
      23
      19
      16
      15
      17
      17
      17
      21
      10
      14
      26
      12
      15
      15
      17
      17
       9
      11
      10
      12
      23
       6
      15
      21
      19
      27
      19
      20
      23
      30
      29
      25
      27
      20
      18
      21
      23
      13
      12
      13
      20
      13
      20
      17
      14
      18
      18
      21
      12
      10
      15
      12
      19
      17
      24
      16
      10
      21
      20
      16
       9
      13
      18
      16
       9
      10
      23
      15
      22
      16
      20
      21
      11
      15
      19
      19
      21
      12
      16
      14
      23
      15
      16
      15
      21
      16
      16
      14
      14
      14
      11
      16
      16
      12
      18
      20
      14
      22
      17
      14
      18
      21
      13
      17
      16
      17
      14
      22
      21
      17
      15
      10
      16
      17
      15
      13
       7
      10
      18
      11
      21
      13
      16
      12
      19
      19
      16
      15
      13
      16
      17
      14
      19
      16
      17
      20
      18
      14
      11
      21
      18
      21
       9
      23
      18
      19
       9
      16
      11
      17
      13
      11
      16
      16
      17
      11
      16
      18
      12
      14
      12
      13
      20
      12
      21
       9
      14
      15
      20
      15
      20
      11
      20
      11
      14
      15
      16
       8
      17
      19
      13
      19
       9
      18
      11
      15
      15
      17
      18
      12
      14
      14
      14
      22
      13
      12
      15
      17
      12
      11
      17
      13
      14
      15
      12
      15
      16
      20
      14
      18
      13
      18
       8
      17
      19
      20
      15
      16
      10
      15
      12
      10
      23
      23
      17
      12
       8
      15
      16
      12
      13
      15
      14
      11
      20
      18
      22
      16
      13
       9
      14
      23
      18
      13
      10
      15
       3
      14
      10
      16
      11
      17
       8
      19
      18
      19
      15
      10
       8
      10
      12
      11
      12
       9
      16
      15
      11
      13
      13
      15
      14
      22
      12
       8
      15
      20
      13
      12
      17
      23
      17
      17
      12
      13
       7
      16
      16
       9
      16
      22
       4
      14
      21
      15
      17
      14
      17
      21
      16
      17
      14
      13
      14
      16
      17
       6
      12
      14
      15
      18
       8
      13
      22
      14
      12
      10
      13
      16
      18
      21
      17
       9
      12
       8
      16
      12
      13
      18
      15
       9
      14
      16
      13
      14
      13
      19
       8
      14
       8
      10
      15
      16
      16
      19
      17
      22
      12
      15
      13
      14
      13
      15
      13
      15
      18
      26
      11
      17
      14
      16
      18
      18
      17
      12
      33
      13
      11
      13
      14
      10
      14
      20
      15
      22
      13
      16
      19
      13
      24
      14
       9
      18
      14
      15
      19
      10
      11
       7
      10
      15
      13
      11
      11
      15
      14
      16
      16
      16
      16
      12
      16
      12
      18
      20
      11
      15
      17
      12
      13
      16
      15
      16
       8
      11
      16
      10
       7
      16
      12
      25
      14
      11
      14
      11
      22
      11
      18
      15
      16
       9
      14
      17
      12
      19
      11
      16
      12
      12
      10
      13
       8
      13
      17
      12
      11
      21
      16
      12
      23
      17
      16
      11
      15
       6
      12
      16
      10
       8
      17
      11
      11
      14
      16
      17
      18
      18
       9
      22
      14
      11
      21
      19
      12
      15
      16
      17
       5
      11
      14
      17
      16
       9
      21
       9
       7
      11
      12
      14
      17
      14
      12
      13
      17
      14
      10
       9
      11
      11
      17
      14
      11
      12
      17
       9
      21
       8
      16
      17
      20
      12
      17
      18
      13
      15
      11
      13
      13
      11
       7
      13
       8
       7
       8
      17
      15
      23
      20
      10
      11
      11
      14
      11
       7
       3
      17
      15
      19
      11
      10
       9
      12
      18
      18
       7
       9
      12
      13
      20
      16
      13
       8
      11
      13
      11
      13
      18
       9
      14
       7
      20
       8
       9
      16
      12
       9
       7
      17
      10
      11
      13
      13
      15
      17
      19
       7
       8
      11
      12
      14
      16
      12
      10
      13
      11
      16
      12
      14
      13
       4
       8
      12
       6
      13
      20
      12
      12
       8
      15
       6
       9
       8
       7
      13
      11
      13
       6
      13
       9
      17
       6
       8
      13
      13
      12
      13
      18
      10
      14
      14
      10
      14
      12
      11
      13
      10
      10
      12
      15
      13
      17
      20
       9
      11
      17
      14
      17
      11
      23
      15
       8
      12
      14
      12
      16
      11
      17
      16
       8
      12
      15
      11
      17
      15
      12
      19
      19
      13
      13
      17
      12
      10
      10
      15
      10
      12
       7
      16
      14
      12
      10
      10
       9
      10
      11
      10
      20
      16
      13
      21
      13
      12
      26
      15
      20
      21
      22
      16
      20
      26
      29
      29
      27
      35
      21
      20
      18
      18
      22
      15
      13
      16
      17
      14
      20
      10
       9
      15
       8
      15
      11
      14
      10
       8
      12
       9
      12
      11
      16
       4
       8
      11
      14
       6
      15
      19
      14
      14
       7
      20
      16
      21
       9
      17
      13
      13
      13
      11
       5
      12
      13
      10
      13
      14
      22
      13
      12
       6
      13
      12
      13
      11
      10
      14
      14
       8
      16
      10
      16
      19
      19
      15
      11
      23
       9
      12
      14
      12
       5
      11
      11
      16
      14
       3
       9
      20
      13
      12
      15
      11
      14
      16
      20
      12
      10
      11
      10
      18
      19
      13
      15
      10
      10
      13
      12
       7
      13
      11
       9
      10
       8
      16
      11
      10
      14
      13
       8
      13
      11
       8
      12
      10
      15
      15
       5
      12
       7
      17
      17
       9
       9
       8
      16
       9
      17
       8
      11
      14
      14
      11
      12
      14
      17
      16
      13
      18
      18
       9
       9
      18
      14
       9
       9
      18
       8
       9
      14
      11
       5
      14
       9
      15
      17
      13
       7
      10
      12
      10
      11
      13
      10
      12
      17
       7
       7
      12
      10
      14
      17
      11
      19
      10
      13
      12
      11
       9
      13
      12
      10
      10
      13
       7
      10
      17
      11
      12
       7
      18
      16
      14
      19
      12
      11
      16
      20
      15
       6
       9
      15
      16
       9
      14
      13
       8
      12
      13
      13
      16
       9
      12
      11
      16
      12
       8
      13
      18
      13
      15
      16
      12
      15
      11
      10
      11
       9
      11
      16
      12
       5
      13
      15
      13
      15
      17
      19
      11
      18
      12
      15
      14
      12
      12
      14
      14
      14
      22
      17
      26
      27
      24
      34
      26
      15
      16
      18
      20
      15
      15
       8
      10
      22
      12
       8
      13
      14
      10
      11
       8
       8
      11
      11
      12
      14
      12
      11
      13
      12
       7
      13
       6
      17
      10
      10
      19
      18
      13
       8
       6
      15
       8
      14
      13
       9
      12
      20
      11
      11
      14
      15
      15
      14
      16
       8
      10
      16
      12
      13
      13
      17
       6
      12
      12
      15
      12
       8
      15
      12
       8
      19
       8
      16
       9
       6
      15
       6
      11
      18
       9
      14
      13
       8
      16
      13
      13
      10
      10
      17
      18
      12
      12
      15
       8
      13
      12
      11
      10
      14
      13
      17
       6
      11
       6
      10
      12
      10
      11
       7
      17
      14
       9
      16
      14
       9
       9
       9
       9
       8
      12
       4
      11
       7
       9
      15
       7
      12
      11
      13
      13
      10
      12
       8
      10
      16
      12
      14
       7
      11
       6
      11
       7
       7
      16
      10
      12
      12
      15
       8
      10
      12
       8
       9
      12
      15
      13
      11
       8
      12
      10
       9
      12
       8
       5
       7
      13
       7
       6
       9
      14
      15
      12
      10
      11
      14
       9
       6
      15
      13
      15
      10
      11
      18
      12
      14
       5
       8
      11
      13
      17
      15
      13
       6
      14
      10
       4
      11
       8
      14
      19
      11
      12
      13
      13
       8
       8
       8
       8
      10
      15
       9
      16
      10
      10
       7
      12
       5
      10
      14
      17
       6
      13
      12
      13
      11
      10
      15
      16
      11
      19
      11
      14
      11
      12
      12
      18
       6
      11
      11
      10
      16
      16
      13
       8
      12
       7
      13
       8
       8
       6
       9
      14
      15
      16
       8
      12
       4
      10
      13
       7
       7
      13
      16
      11
      13
       9
       8
       9
      11
       4
      10
      10
       7
      13
      16
      11
      10
       6
       5
       7
      11
      11
       9
       9
      11
       9
      11
      16
       9
      16
       6
      14
       8
      12
      12
       9
      14
      11
       8
      14
       4
      16
      12
      12
      16
      12
       7
      17
       9
      10
      12
      14
       8
       8
      10
       9
      10
       9
       8
      15
      12
      13
      11
      13
       9
       7
      10
      13
      12
      11
      14
      17
       8
      14
      10
      16
       9
      18
      10
      12
      11
      11
       7
      13
       8
      11
      17
      17
       9
       8
       6
      12
      10
       6
      13
       8
      10
       9
       5
      16
      17
      11
      11
      13
       8
      15
      13
      11
       7
      15
      16
      20
      10
       5
      13
      17
      15
      10
      15
       9
      15
      15
       8
      11
       8
      10
      15
      13
      14
       7
       3
      16
       9
      13
      10
       9
      15
      12
      17
       8
      10
      14
      18
      16
       4
      10
      12
       7
       8
      21
      18
      10
      20
      10
      10
       8
      12
      12
      10
       9
       9
      11
      16
       7
       8
      18
       9
      14
      10
       8
      16
      13
      15
      10
      12
      10
       7
      10
      14
       9
       6
      10
       9
      16
       9
      12
       8
      11
      15
       9
       8
       8
      17
       7
       9
      11
      11
      14
       8
       9
       6
      16
      12
      15
       6
      11
      12
      13
       6
       5
      10
       4
       9
      10
      10
      10
       8
      13
       9
      13
       4
      10
       9
       9
      15
      12
      17
      15
      11
       6
       9
       9
      14
      12
      13
       5
      10
      14
      11
      13
       5
       9
       8
       8
      14
      20
      11
      15
      17
      13
      11
      11
       6
      13
      13
       9
       8
      13
      15
      13
       7
       9
      10
      16
       8
      13
       8
      11
      11
      13
       9
       7
       9
      12
      10
      10
      13
      12
      10
       9
       6
      12
      11
      11
      11
      11
      11
       7
      10
      13
       7
      10
      12
       5
       5
       9
      10
      11
      10
       8
      17
       6
       6
       6
      11
      10
      10
      11
       9
      11
       9
       8
      13
       9
      11
      13
      10
       3
      13
       9
      11
      12
       7
       5
      11
       9
       9
       7
      13
      12
       8
       9
      11
      11
       8
      11
      11
       6
      11
      14
      10
       6
       7
       8
      14
       6
      11
      11
       7
      10
      20
      12
      11
       7
      11
      10
       8
      19
      10
      17
       2
      14
      13
       9
      10
      15
      16
      10
      23
      15
      13
      10
      14
      12
       8
       8
      13
      11
      11
      12
      10
      14
       9
      12
       4
      11
      13
       6
       7
      14
       6
       5
       8
       6
      10
      11
      13
      10
       8
      10
       5
       9
       7
      12
       4
      10
       7
      10
      10
       4
       7
      14
       8
       5
      11
       7
      14
       9
       6
      14
       5
      10
       9
       7
       8
       9
       5
       6
       9
      19
      14
      13
      10
      12
       6
      12
       9
       8
       6
       9
      10
      11
       8
       6
      10
      17
       9
      10
       9
      10
       8
      12
      14
      12
      15
       8
      17
       8
       6
       5
      10
      10
       5
       8
       5
      12
       7
       9
       6
       6
       7
       9
      14
       7
       6
      13
       5
       7
       7
       9
      11
       7
      11
       5
      12
       6
       9
       5
      12
       9
      10
       7
       7
       9
      10
      12
      10
       7
      10
       5
       7
       6
       9
      10
      11
      16
       8
      10
       9
       5
      10
      13
      15
       9
      17
      11
       9
      12
       5
      15
       8
       8
       6
      12
       7
       5
       4
       7
      13
       6
       7
       6
       9
      10
       6
       5
      10
      11
       6
       4
      13
       5
       8
       6
      11
       4
       6
       5
       5
       7
       8
       7
      10
       9
       5
       6
       7
       6
      10
      12
      13
      11
      10
       6
       6
       5
      11
       6
      11
       9
      11
       7
      11
      12
      12
      10
       8
       8
      15
       6
       4
       3
       6
       6
       9
       9
       6
       8
       7
       7
       5
       7
       4
       4
      12
      12
       5
      15
       8
       4
      13
      10
       8
       7
      11
       6
      10
       6
       7
       7
       5
       5
      12
       6
      13
       6
       9
       5
       9
       4
       7
       9
       9
       7
      12
       9
       7
       4
       6
      12
       2
      13
       4
       9
      11
       7
      12
       5
       3
       9
       5
       8
      10
       4
       5
       8
       6
       8
       6
      11
       8
       5
      11
       4
       8
      14
       9
       8
       6
       4
       9
      10
       6
      11
       7
       7
       7
       9
       8
      15
       9
       2
      16
       6
      11
       8
      10
      12
       4
      11
      10
      11
       6
      10
       8
       5
       7
       6
       8
       7
      11
       4
       5
       8
      10
       4
       6
      10
       5
       8
       8
      13
       8
       8
       9
       9
       8
      10
       7
       8
       8
       8
       9
       9
       7
       9
       8
       8
       7
       6
       8
       6
       6
       3
       8
       3
       6
      12
       6
      12
      14
      11
       8
       5
       9
       9
       4
      10
       7
       7
       9
      10
       7
       7
       9
       2
       8
      11
       8
       5
       9
      13
      12
       3
      10
      11
       5
       6
      11
       8
       5
      10
       9
       8
       4
       6
       9
      10
      10
       8
       8
      10
       7
       4
       8
      11
      10
       9
      10
      16
       7
       7
       6
      11
       9
      12
      13
      13
      14
       9
      15
      15
      20
      34
      47
      66
      83
     114
     120
     121
     172
     151
     128
     102
      60
      53
      31
      18
      16
      11
       5
      12
       3
       9
       7
       7
       8
       6
      10
       7
       6
       9
       9
      12
       4
       6
       5
       8
       7
       7
       7
      11
       6
       6
       3
       5
       4
       3
       6
       4
       7
      13
       8
       6
       5
      10
      11
       5
       3
       6
       6
       9
       3
       8
       3
       6
       9
      10
       8
      13
       9
      11
      12
       9
       7
       8
       8
       5
      11
       6
       3
       6
       7
       5
       5
       8
       8
       9
       8
       5
       7
       1
       9
       4
      11
       5
       9
       9
       5
       5
       5
       9
       7
      10
       4
       4
      10
       6
       8
       7
       9
       5
      10
       9
      10
       3
       6
       9
       3
       5
       5
       9
       5
       5
      10
       7
       5
       7
       5
       9
       9
       4
       6
       8
       5
       8
       6
       6
       6
       6
       6
      11
       6
       8
       8
       4
       6
       3
       5
       9
       5
       4
       7
       2
       6
       2
       5
       9
       3
       5
       4
       9
       8
       3
       5
       4
       7
       6
       4
       9
       3
       5
      11
       7
      10
      11
       5
       7
       3
      10
       4
       1
       1
       3
       7
       7
       4
       5
       5
       7
       4
       6
       7
       5
       8
       2
      11
       5
       4
       2
       7
       6
       3
       7
      11
       5
      11
       4
       8
       8
       7
      11
       7
       5
       9
       4
       6
       5
       5
       4
       4
       7
       6
       5
       5
       5
       7
       5
      10
       7
       5
       8
       5
       7
       9
       4
       7
       9
       6
       6
       6
       6
       5
       5
       6
       2
       9
       1
       5
      10
      11
       6
       4
       9
       9
       7
       3
       4
       3
       7
       4
       8
       9
       9
      11
       3
       8
       6
       6
       6
      10
       5
       4
       4
       6
       7
       7
       7
       5
       4
       8
       7
       7
       8
       8
       8
       3
       7
       8
      10
       8
       5
       8
       8
       5
       8
       3
       8
       5
       6
       6
       4
       4
       5
       6
       2
       6
      11
       7
       8
       6
       8
      12
      10
       9
       3
      11
       5
       6
       5
       4
      12
       8
      11
       7
       1
       6
       2
       6
       8
       6
       6
       9
       1
       6
       4
       8
       6
       3
       3
       9
       4
       2
       2
       8
       2
       4
       8
       5
       3
       4
       4
       9
       5
       6
       4
       8
      11
       5
       7
       5
      11
       5
       2
       3
       6
      11
       9
       4
       8
       5
       2
       6
       6
       6
       2
       7
       8
       4
       5
       5
      10
       5
       3
       6
       5
       4
       5
       6
       7
       6
       7
       3
       6
      10
       6
       9
       9
      12
       8
       5
       0
       6
       4
       3
       9
       2
       7
       6
       4
       6
       7
       3
       6
       5
       6
       4
       5
       4
       6
       7
       6
       6
       6
      13
       8
       7
       7
       1
       9
       4
       3
       6
       3
      13
       8
       6
       2
       8
       4
      11
       4
       5
       4
       3
       9
       7
       4
       6
       5
       6
       2
       3
       1
       7
       3
       1
       7
       6
       6
       3
       6
       5
       7
       8
      11
       7
       7
       5
       8
      13
       7
       8
       8
       7
       4
       7
       5
      10
      11
       6
       3
       6
       5
       7
       8
      11
       8
       5
       4
       4
       8
       6
       6
       5
      10
       7
      12
       5
       4
       4
       7
       6
       5
       4
       3
      11
      11
       7
       7
       6
       9
      12
       9
       7
       4
       7
       4
       5
       5
       6
       8
       3
       5
       1
       5
       4
       8
       4
       5
       9
       7
       6
       3
       9
       6
       2
       4
       6
       3
       9
       6
       9
       6
       7
       1
       8
       9
       7
      11
       7
       4
       6
       4
       6
       4
       4
      11
       8
       9
       9
       5
      10
       7
       9
       5
       2
      10
       6
       8
       7
       4
       4
       6
       6
       6
       6
       7
       5
       9
       6
       8
       4
       9
       5
       8
       5
       4
       4
       6
       7
      10
       7
       5
       7
       7
       9
       6
       6
       9
       4
       8
       6
      12
       4
       7
       5
       3
       4
       2
       8
       5
       7
       1
       6
       1
       8
       9
       8
       6
       6
       6
       5
       7
       7
      10
       4
      10
      11
       7
       5
       7
       6
       4
       6
      10
       5
       7
       3
       1
      10
       6
       9
       5
       7
       3
       6
       5
       4
       8
       7
       7
       3
       1
       6
       8
       9
       5
       6
       3
       7
       5
       7
       7
      12
       3
       6
       5
       5
       1
       7
      11
       5
       5
       4
       3
       2
       5
       9
       3
       6
       3
      10
       4
       9
       6
       2
       6
       5
       6
       6
       6
       8
       3
       7
       7
       2
       9
       9
       5
      11
       5
       3
       7
       4
       4
       5
       5
       6
       3
       3
       2
       2
       7
       8
       4
       7
       2
       5
       4
       6
       2
       7
       5
       5
       4
       4
       5
       7
      10
      10
       4
       7
       5
       6
       7
       6
       6
       4
      14
       7
       3
       5
       4
       3
       5
       8
      11
       6
       8
       6
       2
       2
       2
       4
       5
       6
       6
       5
       5
       7
       4
       5
       9
       7
       5
       6
       3
       3
       4
       3
       6
       5
       8
       2
       4
       4
       6
       7
       6
       8
       8
       3
       2
       7
      12
       6
       3
       5
       9
       5
       2
       4
       5
       4
       4
       4
       3
       7
       4
       6
       5
       9
       2
       8
       2
       1
       5
       3
       9
       6
       6
       7
       6
       6
      10
       5
       5
       2
       4
       5
       5
       5
       4
       5
       7
       4
       4
       4
       4
       4
       4
       5
       4
       6
       7
       7
       6
       7
       8
       7
       5
       3
       6
       5
       2
       7
       4
       7
       2
       8
      10
      11
       9
       4
       6
       4
       4
       3
       4
      10
       4
       5
       4
       1
       3
       5
       2
       6
       5
       5
       3
       6
       8
      10
       4
       9
       3
       3
       7
       8
       3
       3
       8
      11
       2
       4
      10
       5
       8
      12
      10
       1
       6
       5
       7
       8
       2
       6
       7
       3
       5
       4
       4
       3
       6
       2
       8
       4
       6
       6
       9
       6
       5
       2
      11
       6
       3
       8
       2
       6
       6
       8
       5
       7
       3
       6
       5
       1
       6
       5
       7
       3
       4
       4
      10
       5
       6
       8
      10
       6
       4
       1
       4
       7
      10
       4
       7
       8
       4
       6
       7
       5
       2
       6
       7
       5
       6
       4
       6
       5
       7
      11
       8
       2
       5
      10
       3
      14
       5
       7
       8
       3
       6
       5
       3
       3
       2
       8
       6
       7
       5
       4
       7
       5
       4
       3
       6
       2
       9
       4
       6
       8
       2
       9
       6
       4
       3
       7
       2
       5
       4
       7
       5
       5
       5
       6
       3
       5
       6
       3
       5
       6
      10
       5
       4
       8
       3
       3
       1
       8
       9
       1
       0
       8
       9
       4
       3
       6
       5
       3
       1
       5
       3
       6
       5
       3
       6
       3
       8
       8
       7
       5
       4
       5
       6
       4
       4
       5
       8
       5
       8
       7
       8
       4
       4
       6
       5
       3
       2
       8
       7
       4
       7
       5
       6
       2
       4
       5
       4
       7
      10
       6
       4
       3
       2
      10
      11
       7
       3
       9
      10
       2
       6
       7
       8
       4
       5
       4
      11
       3
      10
       3
       6
       7
       6
       4
       5
       2
       4
       6
       6
       3
       2
       8
       8
       5
       6
      13
       5
       5
       5
       5
       5
       6
       4
       6
       4
       5
       5
       6
       7
       8
       5
       0
       5
       7
       7
       4
       4
       5
       6
       7
       8
       7
       3
       4
       5
       3
       6
       4
       3
       9
       7
       1
       3
       6
       6
       3
       8
       7
       6
       7
       7
       0
       8
       3
       9
       6
       4
       4
       4
       4
       8
       4
       5
       2
       6
       4
       7
       6
       2
       5
       4
       8
       5
       4
       3
       5
       5
       2
       7
       4
       5
       1
       9
       6
       5
       6
       5
       4
       0
       5
       3
      10
       7
       4
       4
       5
       5
       4
       8
       5
       5
       5
       5
       5
       5
       3
       3
       4
       5
       6
      11
       5
       3
       5
       6
       7
       5
       9
       5
       6
       5
       5
       5
       5
       6
       7
       4
       5
       4
       4
      12
       7
       3
       4
       3
       2
       4
       4
       3
       4
      13
       2
       9
       5
       3
       5
       6
       5
       5
       2
       3
       6
       6
       2
       6
       8
       3
       7
       5
       2
       3
       7
       7
       8
       8
       5
       9
       8
       7
       6
       5
       8
       6
       7
       6
       6
       6
       5
       3
       4
       3
       8
     853
    1677
    1623
    1596
    1604
    1592
    1556
    1579
    1629
    1665
    1608
    1679
    1706
    1625
    1688
    1635
    1588
    1617
    1562
    1644
    1634
    1613
    1631
    1677
    1623
    1687
    1628
    1631
    1555
    1584
    1614
    1620
    1645
    1555
    1607
    1620
    1582
    1615
    1573
    1617
    1581
    1614
    1638
    1639
    1623
    1599
    1609
    1576
    1652
    1620
    1583
    1646
    1638
    1633
    1603
    1630
    1603
    1647
    1620
    1547
    1578
    1587
    1605
    1652
    1613
    1582
    1614
    1573
    1641
    1618
    1595
    1614
    1607
    1589
    1681
    1600
    1641
    1731
    1597
    1623
    1544
    1606
    1652
    1628
    1624
    1621
    1561
    1586
    1543
    1658
    1557
    1572
    1582
    1631
    1628
    1518
    1567
    1696
    1591
    1694
    1561
    1628
    1586
    1648
    1587
    1576
    1542
    1624
    1606
    1652
    1651
    1621
    1668
    1628
    1589
    1616
    1604
    1607
    1618
    1657
    1558
    1565
    1574
    1551
    1686
    1681
    1622
    1605
    1591
    1600
    1605
    1618
    1612
    1652
    1650
    1607
    1618
    1638
    1594
    1641
    1689
    1534
    1618
    1600
    1539
    1610
    1598
    1643
    1650
    1623
    1628
    1596
    1602
    1646
    1608
    1649
    1561
    1638
    1553
    1581
    1634
    1592
    1620
    1628
    1642
    1611
    1635
    1546
    1606
    1580
    1534
    1684
    1559
    1595
    1601
    1601
    1573
    1607
    1618
    1584
    1594
    1599
    1646
    1574
     757
$ROI:
5
598 616
1488 1502
3004 3030
3417 3440
6719 6742
$PRESETS:
None
0
0
$ENER_FIT:
1.820202 0.388090
$MCA_CAL:
3
1.820202E+000 3.880899E-001 -2.021690E-008 keV
$SHAPE_CAL:
3
1.939874E+000 2.172949E-003 -2.951990E-007
