$SPEC_ID:
PeakEasy Library File: Co-57 IdentiFINDER (NaI), 111 uCi @ 40 cm
$MEAS_TIM:
8526.00000 8629.00000
$DATE_MEA:
1-Oct-2013 10:49:03
$DATA:
0 1023
0
0
0
0
0
504
19125
26828
32730
38027
43037
47466
49173
50426
51869
55722
63010
74713
90449
108541
132115
165623
213857
276859
342365
405184
471143
549041
623828
670565
667268
640819
605678
588853
606240
690815
887695
1265417
1749516
2134400
2143212
1836199
1415990
994385
654724
426739
277729
178593
108038
61640
33323
18667
11903
9058
8186
7537
7443
7063
7038
6932
6933
6632
6645
6386
6254
6116
5975
5960
5680
5790
5724
5542
5440
5543
5203
5215
5122
5070
5064
4831
4816
4712
4558
4277
4124
3878
3764
3565
3400
3147
3098
3011
2996
2876
2809
2726
2609
2576
2543
2422
2478
2325
2227
2137
2099
2074
2038
1961
2075
2041
2030
2048
2026
2040
2008
1881
1823
1802
1705
1612
1627
1521
1415
1458
1369
1310
1322
1281
1158
1149
1164
1184
1077
1105
1126
1087
1082
1105
1086
1053
1031
987
930
985
911
972
888
914
883
893
930
887
901
902
876
851
835
822
829
772
806
776
793
759
774
749
781
773
709
697
685
643
681
679
676
623
644
636
615
651
656
623
622
605
593
633
625
617
601
665
661
659
679
683
645
638
622
657
634
641
584
608
529
553
523
519
500
517
510
444
474
439
451
465
451
470
475
473
587
547
602
606
632
667
726
694
679
683
734
750
679
619
612
601
558
551
519
467
446
393
376
329
380
330
334
337
306
309
298
285
323
300
323
280
293
272
301
290
276
285
271
293
252
277
257
272
260
228
274
263
261
260
259
264
238
256
235
223
264
230
274
271
226
269
261
250
233
230
215
242
231
244
222
234
237
259
240
268
271
270
244
229
235
236
251
246
251
267
227
228
220
246
235
236
240
239
213
228
233
224
201
215
198
210
212
197
235
190
210
205
181
184
166
163
210
190
176
179
185
176
179
184
170
191
158
160
186
182
175
179
181
162
155
172
189
174
168
158
190
141
185
182
205
206
180
185
180
203
182
204
186
177
196
186
169
177
195
188
177
162
176
155
187
169
148
153
170
155
166
157
144
140
134
155
146
146
143
141
139
138
130
137
143
111
120
117
126
123
120
101
107
120
95
103
102
98
99
104
92
88
82
91
88
97
87
79
83
75
77
74
68
82
76
77
74
71
76
83
72
58
68
86
73
76
88
59
54
65
76
79
89
77
84
88
74
80
81
103
105
113
107
118
124
116
131
149
146
147
165
176
203
187
192
208
231
200
229
232
222
218
233
224
237
224
202
197
208
198
165
169
167
167
148
118
133
124
103
87
103
87
56
67
59
54
54
53
49
49
39
50
46
57
54
40
39
41
53
45
32
31
39
40
42
34
27
31
40
39
40
39
35
29
40
37
30
32
16
26
28
23
21
29
22
23
32
22
21
27
27
23
26
28
27
28
25
19
18
23
30
21
26
24
33
22
31
27
27
23
33
26
38
31
31
36
25
36
42
32
32
39
30
21
29
43
32
25
31
30
32
44
34
35
34
27
24
30
36
29
28
26
23
20
28
20
14
19
18
21
21
24
15
25
22
19
23
22
20
23
24
27
18
29
13
14
18
11
18
19
15
18
13
16
17
18
21
24
16
12
22
16
18
18
14
20
24
13
8
14
15
15
17
24
22
12
11
16
19
15
8
18
16
18
15
12
16
20
19
11
14
14
11
9
12
19
10
16
12
16
17
15
13
23
17
21
13
14
16
11
14
14
17
13
15
16
27
22
20
18
27
21
21
15
8
18
20
20
19
18
23
19
27
19
17
18
18
21
23
18
18
15
19
15
24
16
17
13
16
7
19
16
14
23
21
16
17
26
21
13
20
15
9
9
17
17
12
12
14
11
16
17
23
25
12
9
10
15
18
13
8
10
14
16
11
14
14
16
15
9
13
12
11
10
17
8
10
10
10
10
11
8
11
12
10
6
9
9
8
15
4
5
7
7
11
8
4
5
5
8
10
5
8
5
2
1
5
7
4
12
12
7
4
2
6
1
6
6
2
3
6
2
2
5
0
6
5
6
3
5
2
3
5
2
7
9
2
10
4
5
7
11
6
10
13
10
11
13
14
7
10
16
16
15
12
18
21
23
17
14
19
11
14
16
13
17
15
15
21
14
17
18
13
6
14
12
20
18
13
10
5
6
11
10
11
8
9
5
5
5
5
7
7
5
5
2
1
3
1
2
1
4
3
1
2
4
0
3
1
2
2
2
0
3
0
3
1
0
2
1
0
0
1
1
1
2
1
1
0
1
0
1
0
0
0
1
3
0
1
0
0
1
1
1
1
1
0
0
1
1
2
1
1
0
2
0
1
1
0
0
0
0
0
0
2
0
0
0
1
2
0
0
3
0
0
0
1
1
2
1
0
1
1
0
0
1
1
1
1
0
2
0
3
0
2
1
0
0
2
0
1
2
2
0
1
1
2
1
0
0
0
2
0
2
0
0
0
1
1
2
0
2
1
0
0
0
$ENER_FIT:
0.896 3.053310 -2.20520e-005
$MCA_CAL:
3
0.896 3.053310 -2.20520e-005
$PEAKLABELS:
39.452, "Co-57"
227.529, "Co-57"
862.056, "Th-232(d),(Bkgd)"
479.533, "K-40,(Bkgd)"
28.275, "Backscatter"
$ENDRECORD:
