$SPEC_ID:
PeakEasy Library File: Co-57 Detective (HPGe), 111 uCi @ 50 cm
$MEAS_TIM:
7777.76000 8510.20000
$DATE_MEA:
1-Oct-2004 1:53:35 AM
$DATA:
0 8191
0
0
0
0
0
0
0
0
0
0
0
0
0
0
0
0
0
0
0
0
0
0
1
1
0
0
0
0
0
2
3
0
0
1
2
3
0
7
51
581
18242
40433
40761
40287
39825
39583
38699
38474
37864
37304
36711
36286
35908
35645
35263
34948
34343
33717
33811
33071
32977
32500
32256
31560
31429
31185
30592
30471
30087
29903
29644
29458
29218
28739
28384
28207
28276
28086
27936
27397
27055
26540
26729
26315
26000
26012
25887
25387
25244
25285
24862
24772
24771
24404
24352
24108
23566
23249
22865
22875
22542
22030
21488
21022
20631
19819
19398
18584
17785
17336
16384
15643
15366
15029
14528
13887
13701
13554
13425
12912
12710
12560
12324
11996
11913
11892
11428
11205
11351
10930
10812
10776
10443
10347
10277
10207
10204
10114
9855
9787
10021
9767
9757
9763
9732
9790
9603
9523
9737
9668
9830
9761
9783
9881
9746
9989
10039
10030
10319
10229
10179
10368
10399
10552
10615
10838
10783
10820
11141
11296
11562
11823
11869
12299
12492
12798
13032
13434
14280
15235
17091
18080
18214
18113
18906
20922
22490
21947
19740
17538
16465
16525
16475
17050
16643
17131
17479
18028
18026
18183
18434
18959
19545
19997
20145
20132
20350
20757
21995
23278
24118
25104
24756
24039
23981
24301
25387
26036
26645
27211
27754
29380
31060
33264
35779
38426
40105
41872
43128
44348
45271
45320
45701
46007
46503
46460
46745
47350
47047
47063
46696
47086
47155
46898
47011
47094
46414
46333
45514
45740
45811
44870
45031
44468
44866
44408
44471
43858
44005
43820
43587
43426
43194
43573
42821
43231
43127
42956
43101
43402
42960
43293
43219
43364
44198
44100
43931
44481
45199
45941
46584
46401
47015
47491
47966
48697
48909
49448
49983
50273
50971
50732
51226
51603
51727
52451
52494
52850
53061
53390
53812
53914
54354
54545
55129
55508
55792
56353
56946
57175
58000
58120
58388
59544
59103
59680
59530
60157
60492
61270
61284
62042
63366
64899
67816
80992
123572
250696
551802
1094073
1722367
2006027
1650311
942852
368619
102424
24460
9665
7761
7514
7130
7163
7145
7121
6920
7035
7088
6947
6944
6858
6871
6937
7020
6797
6856
6864
6850
6971
6798
6897
7014
6995
7220
7754
9254
14687
29973
64418
128913
206417
247246
210449
125239
51120
14941
3752
1500
1193
1104
1153
1078
1033
1084
1040
1070
1064
976
1042
912
977
991
979
958
968
950
907
892
924
908
919
875
946
919
877
886
893
833
947
839
833
864
837
856
823
861
801
781
795
858
812
866
783
813
779
816
759
832
805
806
798
765
776
781
772
791
773
746
782
789
745
755
732
733
751
797
781
754
694
678
710
746
732
668
711
703
695
692
705
691
688
740
690
681
695
707
650
656
691
677
688
710
712
676
683
719
716
662
630
685
717
652
589
650
633
686
652
612
678
697
639
622
657
631
648
606
634
630
653
658
663
676
662
638
671
663
710
676
607
603
622
572
605
664
649
601
669
677
629
603
602
591
606
609
606
599
568
580
589
626
557
577
599
562
557
578
551
606
582
628
586
561
602
600
556
581
622
595
537
574
558
576
550
527
544
578
590
639
607
603
587
595
565
564
585
579
522
574
612
565
582
545
561
587
576
560
513
565
533
573
525
552
558
523
541
540
552
564
542
524
584
483
533
550
531
553
516
546
543
536
520
531
484
513
539
480
501
532
502
524
507
499
496
498
495
487
524
492
500
460
472
521
504
489
514
472
473
525
466
459
512
542
489
482
462
497
492
495
464
537
483
482
541
447
545
552
619
719
699
714
628
555
493
537
520
583
618
683
869
957
1108
1350
1523
1414
1016
711
480
399
364
345
366
378
344
319
347
365
365
342
353
349
333
325
344
340
344
335
323
330
330
324
324
325
331
336
338
338
373
395
438
558
555
562
554
500
408
327
326
306
291
247
308
320
289
277
300
277
267
300
299
285
285
284
287
271
286
287
275
267
235
254
268
331
273
279
290
289
270
306
264
231
304
255
285
282
248
245
262
250
267
270
279
271
268
280
252
258
239
262
238
244
257
240
242
268
261
239
221
272
250
245
241
241
246
243
239
212
242
258
268
254
268
234
229
238
253
255
264
230
242
241
199
219
240
241
254
222
234
250
262
286
317
362
345
354
316
250
250
219
200
185
240
224
201
216
246
235
249
213
211
221
233
186
215
224
231
223
202
191
220
197
183
197
191
202
224
189
197
195
201
181
194
209
207
206
196
187
195
194
205
189
193
209
191
210
169
197
210
190
187
197
213
195
181
184
166
187
183
162
187
154
177
193
191
190
174
186
170
170
184
217
164
175
174
169
173
186
181
185
178
197
187
211
203
188
178
186
197
183
179
179
185
179
172
175
176
154
163
170
148
177
176
184
164
185
159
184
206
218
245
222
241
225
219
202
208
194
168
163
150
142
155
174
157
166
175
171
153
143
157
176
165
152
173
171
141
154
155
162
160
172
178
184
233
248
326
436
441
397
312
243
196
157
164
142
143
147
147
164
143
151
145
150
148
151
138
134
131
134
134
142
134
160
164
127
122
137
164
135
136
133
145
152
128
142
161
154
128
147
134
134
137
136
150
107
141
148
157
127
138
134
134
123
134
129
147
137
137
140
125
143
124
116
120
135
136
145
136
142
107
142
114
130
120
125
115
147
133
131
133
129
110
124
115
140
115
134
131
115
131
124
130
143
131
114
135
142
128
117
123
127
124
129
125
116
130
116
131
120
142
125
132
130
111
111
136
141
113
125
112
121
141
119
120
123
111
109
70
117
107
123
113
127
124
106
112
123
122
149
107
131
113
105
130
123
124
117
114
131
129
108
101
113
105
124
122
154
121
121
132
124
109
105
110
112
120
109
96
115
114
108
121
119
137
113
122
106
115
111
98
115
106
127
132
106
113
102
107
103
103
109
98
126
97
122
94
110
96
125
101
114
92
113
116
109
106
98
117
115
104
126
98
91
119
106
123
127
101
101
90
88
92
104
106
116
99
100
83
105
91
95
111
111
117
124
125
119
92
118
112
89
101
107
102
111
121
86
105
86
106
91
83
111
120
96
88
104
89
99
85
72
108
101
82
94
97
94
88
93
95
81
92
118
121
95
113
115
118
100
104
111
96
97
98
91
85
108
101
95
92
94
109
73
113
98
109
93
100
103
121
93
104
97
91
99
77
92
100
85
94
103
96
101
94
80
86
126
95
98
106
87
77
99
85
82
95
91
101
91
86
82
90
98
92
90
80
100
101
101
89
101
78
102
101
93
87
87
94
87
92
80
92
107
75
79
82
95
92
104
95
93
90
88
90
92
83
83
77
96
83
99
68
91
90
73
99
98
109
96
79
84
87
112
98
83
72
89
97
79
94
91
80
82
82
71
97
83
79
77
76
78
90
110
91
84
82
92
88
84
93
85
78
98
89
84
73
83
71
79
80
82
82
98
106
123
131
128
140
135
145
128
103
103
108
80
78
89
92
78
84
70
63
70
62
71
90
77
84
75
64
72
80
64
79
64
79
88
90
75
51
64
77
65
77
65
64
77
82
68
71
65
71
61
67
56
65
67
59
74
77
74
92
72
74
64
84
70
47
69
81
81
77
74
58
73
79
65
53
68
76
53
62
60
74
66
57
79
59
90
59
72
74
61
52
75
61
59
61
72
75
64
52
60
56
48
71
72
75
66
64
63
68
71
64
63
67
69
46
65
54
57
60
68
87
64
64
69
55
64
59
62
58
67
68
48
67
51
57
74
55
75
72
56
75
68
57
67
64
61
76
60
56
49
58
54
60
68
57
57
70
64
56
79
72
79
84
93
108
142
119
112
74
77
61
64
51
60
63
59
54
75
48
52
68
60
65
61
71
60
63
70
59
65
55
42
53
55
60
62
82
77
89
96
139
162
176
141
105
85
47
52
53
55
64
66
54
60
45
57
57
48
45
55
52
53
45
57
49
52
52
50
44
64
50
44
53
52
53
57
62
45
42
47
52
42
48
60
40
50
55
59
63
61
72
61
55
43
52
59
54
56
52
53
64
60
64
61
55
63
74
89
104
132
169
251
251
272
229
170
100
75
49
45
40
50
57
43
59
45
44
58
58
51
47
46
59
54
50
49
32
33
54
53
39
46
40
60
38
48
60
42
56
54
46
42
54
50
54
39
44
42
55
52
35
29
43
52
40
46
49
47
46
47
58
52
51
46
48
50
46
48
41
43
44
48
45
63
52
35
51
38
37
44
51
39
49
46
49
40
43
48
51
55
40
53
38
39
45
49
50
34
33
45
50
35
44
49
35
43
52
43
48
47
47
48
42
63
33
47
52
38
46
39
37
38
37
35
42
46
53
51
46
39
45
57
47
49
29
45
48
39
40
35
39
47
51
37
51
37
40
41
53
43
42
48
47
42
44
52
65
51
44
38
41
50
45
39
60
31
46
43
56
34
43
45
35
41
38
34
36
52
39
38
34
38
39
35
43
32
32
45
43
34
49
37
56
53
46
47
38
45
30
52
34
42
52
40
55
54
54
39
51
48
38
43
44
53
56
60
56
54
67
71
81
103
136
201
270
372
537
558
535
447
278
175
87
38
38
35
49
42
56
36
49
37
42
32
49
42
47
38
41
40
27
42
47
54
41
46
36
34
50
41
45
46
36
53
61
73
69
68
62
49
47
52
32
33
46
38
29
34
37
30
38
37
41
49
54
43
39
41
41
37
54
40
36
30
29
41
47
43
35
29
44
23
38
33
38
39
40
40
44
41
38
42
35
44
45
43
32
48
47
49
43
62
57
68
64
50
55
41
44
40
29
27
32
38
32
29
39
31
41
37
30
27
37
44
34
24
37
43
35
32
38
43
38
38
30
28
38
35
46
35
40
48
38
38
43
32
23
38
42
31
39
32
28
31
37
38
45
37
33
31
57
41
41
34
39
26
31
33
26
27
38
28
36
40
43
31
38
44
29
31
38
36
36
31
35
30
54
29
38
33
52
26
41
35
23
28
34
35
38
28
36
32
27
32
39
36
29
26
41
35
32
47
38
50
64
47
42
37
34
49
30
37
28
40
41
47
39
41
39
42
35
38
29
42
27
38
28
36
33
45
34
46
27
32
25
34
32
36
30
30
27
35
40
41
32
32
36
27
30
35
34
39
43
31
32
26
34
33
31
28
36
39
26
34
44
26
23
27
36
33
31
31
25
31
41
29
49
46
49
38
38
30
32
34
27
24
29
32
29
32
31
21
28
25
33
31
35
28
25
21
32
23
33
28
30
29
35
32
38
28
28
27
40
32
28
24
34
34
31
33
27
44
33
24
35
31
39
27
29
43
32
33
26
26
26
34
37
35
26
32
35
33
29
37
40
31
26
27
24
26
27
35
26
25
20
24
25
40
30
38
38
32
28
25
32
26
32
29
31
33
38
29
34
30
35
34
25
32
28
26
43
34
21
32
30
37
36
27
29
35
46
31
21
30
39
22
32
35
30
29
31
28
53
23
32
19
25
26
32
21
28
35
32
25
34
23
26
37
33
24
36
29
28
28
33
29
26
32
21
27
19
20
34
28
30
26
32
27
17
30
25
26
28
26
27
32
31
24
25
26
32
39
34
32
29
31
37
30
38
31
33
27
26
33
32
30
27
31
32
18
26
32
35
31
24
21
31
33
25
33
29
31
29
30
31
35
16
24
28
29
25
18
27
30
15
30
20
22
27
27
36
27
27
29
29
30
32
29
23
29
33
28
27
29
28
22
30
35
20
34
26
33
31
25
30
26
30
31
26
15
28
19
21
28
26
27
20
23
32
30
15
21
30
24
22
30
17
23
17
22
22
26
34
28
36
26
28
32
36
39
21
24
32
27
21
25
28
25
30
34
27
32
40
33
33
31
47
20
24
21
25
34
22
38
35
38
36
33
44
50
62
78
84
97
88
63
57
31
28
25
28
26
40
23
29
22
30
19
29
27
27
23
30
23
31
25
30
31
22
25
28
27
34
28
19
19
33
35
21
31
21
24
19
23
40
25
30
28
25
27
29
20
23
26
17
25
24
19
31
32
25
41
21
29
37
27
31
28
36
34
25
19
31
24
23
22
19
26
31
19
19
22
24
26
22
22
14
26
23
29
26
25
32
29
34
26
16
30
19
30
27
22
26
32
29
27
26
16
37
24
25
22
15
24
29
23
28
24
28
24
24
12
31
15
22
20
20
31
36
32
22
15
20
34
16
26
26
19
32
20
24
28
30
21
30
33
31
38
40
42
36
31
27
32
30
30
40
40
44
59
67
64
60
34
27
33
25
29
17
22
26
21
16
27
20
23
27
24
28
15
15
27
25
15
23
25
24
17
22
22
16
30
28
26
23
27
26
25
15
18
16
22
17
29
25
25
11
23
10
16
18
33
21
20
23
27
27
23
22
21
16
23
23
21
18
28
20
20
33
20
27
26
21
20
23
15
21
27
16
24
27
30
26
25
22
24
21
26
32
22
19
27
20
21
24
23
33
18
27
16
14
25
26
18
29
17
23
22
23
29
29
24
29
20
21
19
22
22
18
16
24
26
24
14
18
23
18
22
22
20
23
24
20
26
29
24
22
21
22
17
24
18
27
27
22
21
14
15
23
27
20
20
23
16
19
23
24
22
20
21
25
18
29
22
21
21
14
21
22
26
25
25
27
18
22
20
28
23
26
25
23
32
22
23
28
25
25
21
26
26
20
18
26
19
18
19
29
29
21
24
29
20
16
34
23
26
26
20
22
24
26
27
24
27
22
27
20
22
22
21
24
22
24
28
25
21
21
21
27
28
16
12
24
26
15
29
28
24
21
15
17
18
25
22
22
15
14
18
25
13
23
30
18
24
29
19
19
14
24
26
22
27
17
25
13
22
23
19
26
24
22
17
19
26
23
21
21
15
22
18
25
17
23
16
27
20
20
17
22
26
23
25
27
27
33
34
24
28
21
22
28
24
24
16
22
19
26
26
17
22
34
22
30
24
23
18
23
17
19
17
26
19
31
17
22
20
29
19
17
16
27
27
26
22
21
32
21
27
25
15
18
24
20
23
24
31
25
15
23
20
28
23
26
26
18
22
20
29
11
23
32
20
22
21
23
26
22
33
23
17
30
20
19
25
24
21
26
30
20
24
26
15
18
23
21
36
15
22
28
24
20
40
25
16
16
21
22
26
19
19
24
27
23
27
31
34
36
49
40
60
70
67
68
45
35
27
30
31
22
25
23
27
15
18
17
23
26
21
28
21
12
25
20
25
21
17
10
24
20
22
29
17
22
12
20
23
30
24
24
26
26
26
14
20
28
16
26
17
26
25
28
21
15
26
13
18
21
24
22
21
21
23
24
19
17
21
20
16
24
13
22
21
24
15
26
22
26
14
27
18
19
21
24
15
19
25
28
19
19
23
22
31
28
19
29
22
25
23
34
32
22
15
28
25
23
25
26
27
23
19
19
20
25
17
21
21
22
14
33
30
25
24
27
21
31
24
21
26
32
14
30
27
18
30
13
23
30
22
30
22
23
21
23
19
33
24
22
29
22
22
18
29
23
20
18
17
12
17
20
19
23
37
32
18
19
25
26
30
28
29
28
24
24
15
29
29
24
24
15
16
28
18
21
28
24
24
28
31
26
18
18
22
30
19
20
27
19
18
26
24
22
28
19
21
21
19
17
29
31
39
18
21
23
26
20
28
23
25
24
28
28
25
23
28
19
28
15
26
14
26
21
28
26
18
15
29
28
19
17
28
15
24
19
25
25
25
24
17
23
24
23
22
31
23
27
19
22
21
21
23
22
20
28
19
23
21
26
30
28
21
22
21
24
24
20
36
15
30
19
22
29
20
24
14
20
35
26
25
17
19
35
18
22
30
24
25
15
29
36
18
24
30
17
15
15
28
22
21
27
18
26
22
24
21
23
32
37
24
26
38
43
42
34
35
37
24
26
14
20
26
19
17
20
28
17
24
19
23
25
18
23
12
18
22
23
24
14
12
22
19
19
15
14
10
16
18
23
21
26
19
26
18
10
18
22
18
21
19
15
12
15
12
16
18
17
15
20
14
14
15
17
17
15
23
11
9
15
13
14
23
10
21
17
15
22
15
14
12
15
9
9
17
17
23
19
19
12
19
13
20
15
14
14
15
17
14
10
14
13
19
18
11
15
10
19
13
11
18
11
18
15
12
12
23
23
16
18
16
23
23
19
13
23
16
20
19
18
13
17
16
8
14
12
15
20
15
14
14
9
23
12
19
16
14
12
14
14
11
9
10
18
9
19
11
9
14
8
19
16
10
14
18
14
11
14
13
16
15
18
10
17
16
9
13
20
16
17
15
14
7
15
11
15
18
9
13
8
10
17
9
11
9
10
12
16
9
12
8
10
15
17
13
10
16
15
10
8
15
12
7
17
14
7
12
10
13
15
16
12
15
12
13
13
13
11
13
12
13
10
10
12
13
10
11
8
8
17
8
12
5
12
8
12
10
12
22
12
7
13
7
8
6
5
10
11
6
9
14
12
12
11
14
11
4
7
10
7
17
10
11
6
10
14
16
3
6
16
6
6
10
12
10
17
6
15
9
17
9
7
12
10
15
11
12
10
7
12
13
12
7
10
9
12
6
6
8
16
10
8
8
16
11
12
10
12
7
16
8
15
10
8
3
6
10
12
8
15
9
12
9
13
12
5
14
7
10
11
8
11
10
8
16
7
10
7
13
6
10
5
11
14
4
9
8
9
13
9
5
13
6
10
4
6
8
6
6
7
6
8
11
3
10
13
9
10
7
18
9
19
13
19
13
16
14
19
8
10
10
9
6
8
6
11
9
6
7
13
10
8
11
9
14
7
11
8
8
14
7
10
5
6
16
14
8
5
4
10
13
9
13
6
11
10
4
11
13
8
13
10
8
10
10
5
9
7
13
9
10
7
10
9
14
8
13
14
16
8
8
7
12
8
7
14
9
5
7
13
15
9
16
12
14
14
9
15
12
10
12
9
8
10
11
8
14
6
5
5
11
5
6
10
8
6
4
6
4
14
8
8
12
6
8
9
9
9
13
8
7
14
7
11
7
5
7
5
5
9
11
5
9
9
6
7
8
8
10
4
8
5
6
7
5
7
9
7
9
8
6
10
8
9
9
6
6
2
8
3
13
9
6
15
10
8
11
7
7
14
5
10
7
9
8
9
9
6
13
8
7
18
7
9
11
18
10
8
5
13
10
11
4
6
9
13
12
12
11
13
17
11
16
10
5
13
8
11
16
19
20
23
17
22
19
31
34
46
54
54
61
71
82
135
174
226
289
367
387
386
366
284
192
100
56
32
15
2
4
9
6
5
4
5
8
4
2
8
3
5
4
9
3
3
5
4
4
3
4
6
10
6
4
2
4
7
2
2
3
7
9
5
6
2
2
5
5
3
4
2
10
7
4
5
4
1
7
8
4
10
4
7
4
2
5
4
1
3
5
2
5
5
3
2
4
4
7
3
5
11
3
3
5
6
3
2
3
5
6
6
5
6
3
1
9
9
6
5
3
7
5
6
6
5
4
5
1
4
3
6
5
8
3
5
7
1
5
3
4
6
4
6
0
4
7
6
8
9
8
10
12
10
11
9
9
8
4
1
10
6
2
5
4
4
8
2
8
6
5
6
5
5
2
5
6
0
3
6
2
1
3
4
8
4
4
1
3
3
2
5
2
7
2
3
4
4
5
6
8
5
6
8
6
3
9
5
1
6
5
8
4
7
7
3
2
2
5
6
6
5
5
5
2
5
4
4
7
5
4
4
7
4
2
8
7
3
5
8
10
4
4
4
1
9
5
6
3
3
2
4
3
5
6
4
5
8
5
9
5
6
1
4
5
4
3
2
6
6
4
2
1
7
4
3
5
3
6
3
2
3
3
6
3
2
3
3
1
6
4
4
1
2
5
4
4
3
2
4
4
3
2
2
4
4
3
2
2
5
5
6
6
5
0
4
3
6
4
3
3
5
2
5
3
2
0
4
3
7
2
3
7
8
3
1
3
7
6
6
11
1
7
6
4
4
3
4
5
0
4
7
5
9
10
3
7
3
8
5
5
8
5
6
8
8
10
9
10
13
11
3
9
13
9
15
10
11
18
8
11
11
9
4
11
3
7
5
4
6
8
3
4
7
4
5
1
2
2
3
0
4
5
3
4
4
2
2
2
3
5
2
5
6
3
2
3
4
2
2
2
3
1
6
2
2
3
4
4
3
3
4
2
4
4
4
4
6
3
3
6
5
3
4
7
6
3
3
5
4
4
3
7
2
6
3
6
9
6
6
3
4
5
3
2
5
4
5
5
2
5
0
1
3
5
8
2
3
6
4
7
3
9
4
3
5
3
3
0
0
2
1
3
0
5
1
3
1
5
3
1
6
3
4
5
8
2
5
5
2
6
1
2
4
4
1
3
4
2
5
3
4
3
3
1
2
4
3
2
4
3
3
4
6
4
2
1
1
2
1
0
4
4
3
5
7
1
2
5
4
4
10
2
4
4
4
0
4
4
2
7
4
4
6
6
4
9
4
6
5
2
3
5
3
6
6
5
3
3
2
2
7
2
3
4
1
2
1
5
4
0
2
1
2
0
3
3
3
4
3
3
4
1
3
8
4
2
2
1
3
5
4
1
1
4
4
4
4
6
4
3
1
2
3
5
2
5
5
4
3
3
3
1
2
3
3
4
3
3
3
5
1
1
3
6
3
6
1
1
2
3
1
2
3
3
2
2
3
3
3
2
4
3
2
5
2
3
1
0
6
6
3
1
3
4
3
3
1
6
3
5
1
2
3
2
2
3
2
6
3
0
2
5
4
2
1
2
5
5
3
3
3
1
2
1
3
3
2
2
2
5
3
1
3
2
2
6
3
4
1
1
2
0
2
2
1
5
3
1
1
3
4
1
1
4
4
6
6
4
5
5
1
4
2
4
5
5
6
9
7
11
7
5
3
7
3
3
3
3
3
4
2
2
3
2
3
2
2
4
9
4
2
2
3
1
0
3
1
2
0
6
1
7
2
2
2
1
3
5
3
1
3
2
3
3
4
2
3
3
2
2
2
0
1
4
4
2
2
2
2
3
5
1
4
1
0
1
2
1
2
5
2
5
3
3
9
4
2
3
4
4
7
4
6
7
10
8
5
7
11
14
29
27
22
41
35
27
23
29
17
9
12
2
6
0
4
3
3
0
3
3
2
2
6
3
0
0
2
7
2
3
3
4
3
1
5
2
2
0
1
1
3
1
5
4
5
1
1
2
2
0
3
3
2
1
3
3
1
2
1
1
2
2
3
1
1
3
1
1
3
2
2
3
2
4
3
3
4
0
1
1
5
1
1
1
1
2
3
1
1
4
0
10
0
1
1
2
1
2
1
1
2
3
1
3
3
2
5
3
1
2
2
5
0
2
4
1
4
3
3
2
4
5
2
1
2
3
1
5
3
1
2
3
2
3
3
3
2
6
3
3
3
2
3
3
2
1
3
1
5
2
4
1
3
4
1
3
2
2
2
3
2
2
2
0
2
3
2
1
3
2
2
3
4
2
2
6
2
3
1
4
2
1
1
2
1
3
2
1
2
2
1
0
4
2
3
0
3
2
5
3
5
3
1
1
2
1
3
4
4
2
4
4
4
3
5
2
3
6
0
2
7
3
3
1
2
7
10
6
7
8
7
10
9
3
0
4
2
3
4
1
3
2
3
6
2
4
3
2
4
3
1
3
0
4
3
2
5
2
2
2
1
1
1
2
0
1
3
3
3
6
4
2
2
1
6
3
8
2
2
4
2
3
2
5
2
3
2
0
0
2
2
1
3
4
0
4
2
0
4
5
4
5
4
1
1
5
5
3
2
0
3
3
0
6
4
6
0
2
4
1
1
3
1
1
1
2
1
2
2
1
2
3
2
3
3
1
4
6
3
5
3
3
3
1
4
1
3
2
3
1
2
2
0
1
1
2
2
0
3
2
4
4
4
5
2
0
3
2
6
3
3
2
0
5
2
1
3
3
0
2
4
1
1
2
1
2
3
0
3
2
2
2
2
3
6
3
0
1
2
3
2
1
1
0
2
1
5
4
0
3
3
0
1
5
2
2
1
4
2
8
3
3
4
1
2
1
4
0
1
2
4
1
2
3
5
3
3
2
0
4
4
4
2
5
4
0
1
2
3
5
5
6
4
5
1
4
3
3
1
2
2
4
4
5
2
3
5
4
2
2
2
2
1
1
3
5
2
4
3
2
3
3
3
0
7
1
2
2
4
3
3
1
1
5
3
1
0
0
0
0
4
3
1
1
4
1
2
1
0
2
1
1
1
2
2
5
2
3
0
2
2
1
3
1
5
1
2
4
1
1
2
1
3
4
1
2
0
3
4
2
5
0
0
1
4
2
1
1
3
3
3
2
4
1
0
2
1
1
2
1
5
3
0
1
2
0
1
2
2
2
0
2
1
1
1
1
0
4
1
6
1
0
2
2
2
6
4
3
4
0
3
1
3
2
2
3
2
4
1
2
2
0
3
4
2
2
7
0
3
2
2
1
4
3
2
2
4
1
2
2
0
1
1
0
3
4
3
0
1
3
2
0
4
1
0
2
1
3
3
4
2
3
2
0
0
5
2
2
1
1
4
2
1
0
2
3
1
1
3
3
2
1
3
3
4
3
3
2
3
5
2
1
1
2
4
3
3
2
2
3
1
2
8
3
3
0
0
2
6
3
0
1
4
4
1
1
4
2
2
4
1
2
2
1
4
1
0
3
3
2
4
0
5
0
4
4
2
3
1
0
1
3
2
0
1
4
1
1
2
0
0
3
4
0
1
4
4
3
2
0
2
2
1
1
1
3
1
3
2
5
0
2
1
2
1
2
3
1
2
2
2
2
2
1
1
2
0
4
2
2
3
4
0
5
1
4
3
4
1
3
1
3
3
1
1
3
2
2
3
3
2
2
1
3
1
2
4
0
2
1
2
5
2
3
2
1
1
0
1
3
2
4
3
1
0
1
3
3
4
2
3
4
6
4
3
4
4
3
2
3
3
4
2
1
4
1
3
1
2
1
1
2
5
1
3
1
2
1
5
1
1
2
3
1
1
7
1
2
1
5
2
2
4
1
0
1
4
2
0
3
2
2
1
2
1
1
1
1
2
0
1
1
0
0
2
2
3
2
4
0
1
1
1
2
4
1
6
1
3
2
1
1
2
3
1
4
3
0
1
1
7
4
0
5
4
1
4
4
4
10
5
7
7
8
4
2
8
4
6
4
5
2
5
0
1
1
0
2
1
0
2
1
0
2
2
1
2
2
2
2
3
4
2
5
2
4
2
3
2
4
1
6
5
5
6
2
4
4
0
2
2
0
7
1
4
3
1
2
1
3
6
1
1
3
1
0
3
2
2
5
0
4
1
3
0
2
3
2
2
4
2
5
1
2
3
3
3
4
1
1
5
4
3
2
2
3
2
1
0
1
2
1
2
2
4
2
3
2
0
1
1
2
1
3
1
0
3
2
3
2
5
0
1
1
2
4
1
2
1
0
2
3
1
4
6
1
1
2
2
2
3
3
5
2
2
2
3
1
1
3
1
1
2
4
1
0
3
3
1
2
2
1
4
2
0
2
3
1
2
4
0
0
0
1
3
4
3
4
1
1
1
1
1
1
4
6
2
1
2
0
4
1
1
2
1
2
2
2
1
1
3
1
0
0
5
3
2
3
3
2
1
0
2
2
1
2
3
1
4
3
2
2
3
2
4
4
0
3
0
1
0
3
2
2
2
1
4
3
2
2
1
1
1
1
2
2
0
1
4
2
2
2
3
6
0
3
0
2
4
2
3
0
3
8
6
6
1
4
2
11
5
7
5
8
9
8
9
17
6
11
11
4
4
0
3
1
1
0
4
3
3
3
2
3
2
1
1
2
1
0
1
0
3
3
2
2
3
3
2
3
2
0
2
1
2
2
0
2
3
4
2
1
0
6
4
3
3
2
0
0
5
1
3
0
1
2
1
5
2
1
1
1
1
0
2
4
2
1
2
0
4
1
2
8
3
4
1
0
0
2
0
2
2
0
4
2
2
4
4
3
1
3
1
0
3
2
0
1
3
0
1
3
4
0
2
4
1
2
3
1
1
4
3
3
0
3
1
2
2
1
1
2
1
1
1
0
3
2
3
4
3
1
0
2
2
2
3
3
3
0
3
4
0
2
1
4
3
1
0
1
0
3
0
3
1
5
1
2
3
1
1
5
1
2
1
0
1
1
2
4
0
4
3
3
2
3
2
5
1
1
0
3
2
2
4
1
5
3
3
2
2
0
2
2
1
0
2
4
1
2
3
2
2
1
3
1
2
1
2
2
2
0
3
1
3
3
3
1
0
1
3
2
2
5
1
0
2
4
4
2
4
1
2
7
0
3
2
1
1
0
2
1
2
1
1
5
1
1
3
3
3
0
5
0
1
3
3
0
3
1
1
2
2
0
6
2
1
3
3
6
3
1
2
2
3
2
5
0
2
3
2
2
4
1
3
4
1
3
0
2
2
2
3
2
2
2
1
7
2
2
1
2
3
2
1
3
4
3
2
2
0
1
1
2
1
2
3
0
3
5
0
0
2
3
2
2
5
2
1
3
1
0
2
2
1
1
3
4
2
0
3
0
2
0
1
3
2
2
4
1
2
1
1
2
2
2
1
2
2
1
3
2
1
4
2
1
2
4
2
2
2
3
6
1
3
0
0
1
2
4
1
3
1
4
2
2
2
2
3
2
4
0
1
2
3
2
3
0
4
3
2
2
3
4
2
4
5
1
6
1
3
2
2
3
3
1
1
2
1
1
5
1
1
3
5
1
3
1
5
1
4
1
4
2
2
1
2
7
0
5
3
2
0
6
1
5
4
2
1
3
1
2
3
0
2
5
3
2
2
4
1
0
0
5
4
2
3
2
2
3
1
1
3
4
2
3
4
5
4
1
0
0
4
1
3
0
3
2
1
1
2
1
2
0
1
2
1
1
2
1
1
0
2
1
1
2
2
2
3
2
1
1
0
2
2
1
1
3
2
0
1
0
2
0
0
2
0
1
2
1
1
0
0
0
3
3
2
0
3
0
2
2
1
0
1
0
2
1
1
2
3
0
1
2
0
2
2
0
2
1
1
3
1
1
2
2
3
2
0
1
1
4
0
1
2
4
1
3
1
1
2
2
1
1
1
0
1
1
1
2
1
0
0
3
2
1
1
1
4
4
1
0
0
2
0
3
1
2
3
0
1
3
0
2
2
4
1
2
3
1
2
1
0
1
4
1
0
0
3
2
1
0
0
2
0
1
1
0
4
0
1
3
1
0
1
0
1
2
1
3
0
5
2
3
6
3
1
1
3
2
5
3
4
2
0
1
0
0
0
2
3
3
1
2
4
0
1
1
1
0
2
2
1
1
5
0
2
0
0
1
0
3
1
3
1
0
1
1
0
3
1
2
0
2
3
0
0
1
1
2
2
1
2
0
0
0
2
0
0
1
1
0
3
1
2
1
0
2
2
0
0
1
0
1
1
0
0
0
2
2
2
1
1
0
2
1
1
1
1
2
0
0
0
1
0
1
0
0
1
1
0
1
0
1
1
0
1
0
0
2
0
1
1
0
0
2
0
1
0
0
0
0
1
0
1
1
0
0
0
0
0
0
1
2
0
1
0
0
0
0
2
0
1
1
0
0
2
1
1
1
1
1
2
2
4
0
0
0
0
0
1
1
0
0
0
1
0
0
0
2
1
0
1
0
1
0
1
0
1
0
0
1
0
2
1
1
1
1
0
1
0
1
0
0
0
0
1
0
0
0
1
1
2
0
0
0
2
0
2
0
0
0
0
0
0
0
0
0
2
1
0
0
0
0
0
0
0
0
2
0
0
1
1
0
0
0
0
0
1
0
1
1
1
0
0
0
0
0
0
1
0
0
0
0
1
0
1
1
0
0
1
1
1
0
0
2
0
2
1
0
0
0
1
1
0
1
1
0
2
2
1
0
1
0
0
0
0
0
0
0
0
0
0
0
1
0
4
0
0
0
0
1
0
0
0
1
0
1
2
0
1
0
0
0
1
0
1
0
0
0
0
0
0
0
1
1
0
2
0
0
0
0
0
0
3
0
0
0
0
0
1
0
0
0
0
1
1
0
1
0
0
1
0
0
0
1
0
0
0
1
1
1
0
1
0
0
0
0
0
0
0
2
0
0
0
1
0
0
0
0
0
2
0
1
0
1
0
1
0
1
1
2
0
1
1
1
1
0
3
0
1
0
1
0
1
0
0
0
0
1
2
0
0
1
1
1
2
1
4
4
2
0
0
1
2
5
2
5
4
1
3
2
0
2
2
4
4
3
5
5
4
4
13
10
10
18
17
24
25
35
31
42
43
36
33
20
18
9
10
2
1
0
0
1
0
0
0
0
0
0
0
1
1
0
0
0
0
0
0
0
0
0
0
0
0
0
0
0
0
0
0
0
0
0
1
0
0
0
0
0
0
0
0
0
0
0
0
0
0
0
0
0
0
0
0
0
0
0
0
0
0
0
0
0
0
0
0
0
0
0
0
0
0
0
0
0
0
0
1
0
1
0
0
0
1
0
0
0
0
0
0
0
0
0
0
1
0
0
0
0
0
1
0
0
0
1
0
0
0
0
0
0
0
1
0
0
0
0
0
0
0
0
0
0
0
1
0
0
0
0
0
0
1
0
1
0
0
0
0
1
0
0
0
0
0
0
0
0
0
0
0
0
0
0
0
0
0
0
0
0
0
0
1
0
1
0
0
0
0
0
0
0
0
0
0
0
0
0
0
0
0
0
0
1
1
0
0
0
1
0
0
0
0
0
0
0
0
1
0
0
0
0
0
0
0
0
0
0
0
0
0
0
0
0
0
0
1
0
0
0
0
0
0
0
0
0
0
0
0
0
0
0
0
0
0
0
0
0
0
0
0
0
0
0
0
0
1
0
0
0
0
0
0
1
0
0
0
1
0
0
1
0
0
0
0
0
0
0
0
0
0
0
0
0
0
0
0
0
1
0
0
1
0
0
0
0
0
0
0
0
0
0
0
0
0
0
0
0
0
0
0
0
0
0
0
0
0
0
0
0
0
0
0
0
0
0
0
0
0
0
0
0
0
0
0
0
0
0
0
0
0
0
0
0
0
0
1
0
0
0
0
0
0
0
0
1
0
0
0
0
0
0
0
0
0
0
0
0
0
0
2
0
0
0
0
0
1
2
0
1
0
0
0
0
0
1
0
0
0
0
1
0
0
0
0
0
0
0
0
0
1
0
0
0
0
0
0
0
1
0
0
0
3
0
1
0
1
0
0
0
0
0
0
0
0
0
0
1
0
0
0
0
0
0
0
0
0
0
0
0
1
0
0
0
0
0
0
0
1
0
0
0
0
0
0
0
0
0
0
0
0
0
1
0
0
0
0
1
0
0
1
1
0
0
0
0
1
0
0
1
0
0
0
0
0
0
0
0
0
0
0
0
0
0
0
0
0
0
0
1
0
0
0
0
0
0
0
0
0
0
0
1
0
0
0
0
0
0
1
0
0
0
0
0
0
0
0
0
0
0
0
0
0
0
0
0
2
0
0
0
0
1
0
0
0
0
0
0
0
0
0
0
0
0
0
0
0
0
0
1
1
0
0
0
0
0
0
0
0
0
2
0
0
0
1
0
0
1
0
0
0
0
0
0
0
0
0
0
1
1
0
0
0
0
0
0
0
0
0
0
0
0
0
0
0
0
0
0
0
1
0
1
0
0
0
0
0
0
0
0
0
0
0
0
0
0
0
0
0
0
2
0
0
0
1
0
0
2
0
1
0
0
0
0
0
0
1
0
1
0
0
0
0
1
0
0
0
0
0
0
0
0
0
0
0
1
0
0
1
0
0
0
0
0
0
0
0
0
0
3
1
0
0
0
1
0
0
0
1
0
0
0
0
0
0
0
0
0
0
0
0
0
0
0
0
0
0
0
1
0
0
0
0
0
0
0
0
0
0
0
0
0
0
0
0
0
0
1
0
0
0
0
0
0
0
0
0
0
0
0
0
1
0
0
0
1
0
0
1
0
0
0
0
0
1
0
0
0
1
0
0
0
0
0
0
0
0
0
0
1
0
1
0
0
0
0
0
0
0
0
0
0
1
0
0
0
0
0
0
0
0
0
0
0
0
0
0
0
0
0
0
0
1
0
0
0
0
0
0
0
1
0
1
0
0
0
1
0
0
0
0
0
1
0
0
0
1
0
0
0
0
0
0
0
0
0
1
0
0
0
0
0
0
1
0
0
0
0
0
0
0
0
0
1
0
0
0
0
0
0
1
0
0
0
0
0
0
0
0
0
0
0
0
0
0
0
0
0
0
0
0
0
2
0
1
0
0
0
0
1
0
0
0
0
0
0
0
0
0
0
0
0
0
0
0
0
0
0
1
0
0
0
0
1
1
1
0
0
0
0
0
0
0
0
0
0
0
1
0
0
0
0
0
0
0
0
1
0
0
0
0
1
0
0
0
1
0
0
0
0
0
0
0
1
0
0
0
1
0
0
0
1
0
0
0
1
0
0
0
0
0
0
0
0
0
0
0
0
0
0
0
0
0
0
0
0
1
0
0
0
0
0
0
0
0
0
0
0
0
0
0
0
0
0
0
0
0
1
1
0
0
0
0
0
0
1
0
0
0
0
0
0
0
0
0
1
0
2
0
0
0
0
0
0
0
0
0
0
0
0
0
0
0
0
0
0
0
0
1
0
0
0
0
0
1
0
0
0
0
0
0
0
0
1
0
1
1
0
0
0
0
0
0
1
0
0
0
0
0
0
0
0
0
1
0
0
0
0
0
1
0
1
0
0
0
$ENER_FIT:
0.021 0.368895 -2.35989e-007 2.20373e-011 0.00000e+000
$MCA_CAL:
5
0.021 0.368895 -2.35989e-007 2.20373e-011 0.00000e+000
$PEAKLABELS:
330.894, "Co-57"
369.976, "Co-57"
661.100, "Sum Peak"
699.709, "Sum Peak"
1878.053, "Co-57"
1546.188, "Co-57"
1916.084, "Co-57"
7097.964, "Th-232(d),(Bkgd)"
3966.156, "K-40,(Bkgd)"
186.183, "Au XRF,(Detector)"
210.563, "Au XRF,(Detector)"
919.290, "Co-57,+ Bkgd"
954.875, "Co-57,+ Bkgd"
$ENDRECORD:
