$SPEC_ID:
PeakEasy Library File: Co-57 Interceptor (CZT), 111 uCi @ 40 cm
$MEAS_TIM:
8568.00000 8572.10000
$DATE_MEA:
1-Oct-2004 01:54:29
$DATA:
0 1023
0
0
0
0
0
0
0
0
0
0
0
0
0
0
0
0
0
0
0
0
678
1301
1292
1209
1115
1108
973
966
965
954
900
980
992
1041
1109
1144
1239
1389
1518
1717
1911
2059
2239
2468
2621
2835
3082
3273
3446
3765
3933
4268
4713
5070
5858
6587
7076
7537
7587
7656
7696
7754
7471
7487
7375
7448
7197
6949
6909
6822
6695
6971
7355
8024
8903
9860
12334
16015
22093
29901
36928
39010
34688
25068
14881
7428
3844
2680
3083
3756
4366
4207
3383
2289
1225
576
250
116
76
70
54
83
69
49
44
55
58
59
47
59
33
45
54
41
53
40
54
43
29
42
40
50
40
42
42
43
44
34
30
34
36
29
31
35
25
27
25
30
34
22
36
31
23
25
25
19
25
24
24
20
21
24
24
28
16
27
15
19
22
16
23
20
22
14
18
16
18
23
11
15
16
15
10
9
14
11
15
8
17
11
11
11
16
16
13
11
15
9
12
12
9
8
12
8
12
13
14
14
11
7
12
7
12
8
13
7
8
7
10
10
6
8
7
8
3
3
10
6
9
3
11
10
2
7
7
4
9
4
7
8
8
6
7
5
12
6
8
11
7
7
10
5
6
6
1
5
4
8
5
6
4
2
1
6
6
8
1
6
2
5
4
1
7
4
4
3
3
2
2
0
5
3
4
3
4
3
5
6
2
6
3
2
3
2
3
3
6
2
1
8
6
1
1
1
3
1
1
6
5
5
3
3
0
5
4
1
8
3
3
4
5
3
2
1
2
1
1
3
0
0
2
0
1
5
6
2
0
4
5
3
3
0
1
2
3
1
4
3
6
3
2
0
2
5
4
7
3
2
1
0
1
1
4
1
1
1
0
1
1
1
2
3
2
1
2
3
2
2
0
3
2
1
0
6
3
2
0
1
1
1
1
2
1
2
1
1
2
3
0
3
3
1
0
1
3
3
2
2
2
2
2
1
1
1
6
0
2
2
3
1
0
0
0
0
0
2
3
0
1
0
3
1
2
1
0
1
2
1
2
2
1
2
2
3
1
2
1
1
0
1
0
1
0
0
3
1
2
2
1
0
2
2
0
2
0
0
2
4
2
2
4
1
3
1
1
0
1
1
1
1
0
1
1
1
1
2
0
0
0
0
0
2
1
1
0
0
1
0
0
2
1
3
2
1
0
0
1
1
1
0
0
0
1
1
1
2
4
1
1
0
0
0
0
1
2
1
0
0
0
3
0
2
1
0
1
0
0
2
0
0
1
1
0
0
1
0
0
1
0
1
1
0
1
2
0
1
0
0
2
3
0
0
3
0
2
1
1
2
1
0
2
0
2
0
2
0
0
3
0
1
0
0
0
2
0
1
0
1
2
0
2
0
1
2
0
0
0
0
0
2
0
0
2
1
0
1
1
0
0
2
0
0
0
1
2
1
0
1
0
0
0
0
1
1
1
0
0
1
0
1
0
0
0
1
1
0
1
3
0
2
1
1
1
1
2
1
0
1
1
0
0
0
0
2
1
0
1
2
1
0
2
0
2
0
0
1
0
1
0
1
0
1
0
0
2
0
2
0
1
1
0
0
0
1
1
1
1
0
1
1
0
1
0
0
1
0
1
0
1
0
0
1
0
0
2
0
2
0
0
0
0
0
0
0
0
1
1
0
1
0
1
0
0
0
0
0
0
0
0
1
1
0
1
0
1
0
1
0
0
0
0
0
1
1
1
2
2
0
3
1
0
1
0
0
0
1
0
0
0
1
0
0
0
1
1
1
1
0
0
1
1
2
1
0
0
4
0
0
0
0
0
0
0
2
1
0
1
0
0
1
1
0
0
1
1
0
0
0
3
0
0
0
0
2
1
0
0
0
0
0
0
1
0
1
0
0
0
0
0
1
0
2
0
0
1
0
0
0
1
0
0
1
0
0
1
0
0
0
0
0
0
0
0
0
0
0
0
0
1
0
1
0
0
0
0
1
0
0
0
0
2
0
0
0
0
0
0
0
1
1
0
0
0
1
0
0
0
0
0
0
0
0
0
0
1
0
0
1
1
0
0
0
0
0
1
0
0
0
0
0
0
0
0
0
1
1
0
0
0
0
1
1
0
1
0
1
0
1
0
0
0
0
0
0
1
0
1
0
0
0
0
0
0
1
0
0
1
0
0
0
0
0
0
0
0
0
0
0
0
0
0
0
2
0
0
1
0
0
0
0
0
0
1
0
0
0
0
0
0
0
0
0
0
0
0
0
0
1
0
1
0
1
0
2
0
0
0
0
0
1
0
0
0
0
0
1
0
0
0
0
0
0
0
0
0
0
0
0
0
0
0
0
0
0
0
0
1
0
1
0
0
0
0
0
0
0
0
0
0
0
0
1
0
0
$ENER_FIT:
7.013 1.401782 2.87270e-004 -1.98089e-007 0.00000e+000
$MCA_CAL:
5
7.013 1.401782 2.87270e-004 -1.98089e-007 0.00000e+000
$PEAKLABELS:
79.695, "Co-57"
90.883, "Co-57"
459.250, "Co-57"
58.898, "Backscatter"
$ENDRECORD:
