$SPEC_ID:
PeakEasy Library File: Ag-110m, IdentiFINDERr (NaI), 3.1 uCi @ 20 cm
$MEAS_TIM:
60000.00000 60162.00000
$DATE_MEA:
25-May-2011 15:29:39
$DATA:
0 1023
0
0
0
0
8551
48156
48421
55726
62237
67503
72078
77869
83392
87980
92829
96049
99929
103760
108092
113799
120107
127565
137557
150918
164543
174779
178937
179330
181074
182979
184180
184554
187744
191401
195157
199183
205667
215480
224104
226249
222154
214587
214230
214806
215563
216186
216580
216043
216612
216351
216931
216278
214687
212838
215111
216467
218288
222475
226757
234670
241137
250349
257540
263580
267698
270627
271775
270613
269306
265330
261650
258192
253546
246856
241036
236323
229661
223318
217277
210815
203916
197025
190798
186824
182109
177543
173170
169701
166678
162666
158841
154395
151410
147689
144861
142448
139529
137622
135306
133308
131210
128409
125951
123669
122427
121355
120000
118818
117623
116884
116343
114938
114719
113916
113339
112407
110955
110492
109213
109203
107531
107318
106844
106049
105142
104421
104262
103509
102896
102117
101064
101031
100298
101202
100764
101003
100069
100418
100526
100446
101786
101741
101806
102441
103289
103307
103425
102411
101776
100828
98645
95976
94424
90240
86877
84638
81259
78753
76137
74012
72904
70994
69523
68239
67195
65862
64670
63870
62497
62232
60850
60486
59574
59024
58310
58051
57151
56859
56398
55509
54525
54418
53653
53118
52438
52158
51567
50791
50474
49640
49658
49750
49505
49684
49767
50389
50661
51221
52040
52631
53902
56046
57920
61303
64970
69776
75861
83334
91199
100853
112023
124207
136689
149952
162578
174819
183631
192300
197668
200025
200626
197248
192096
183883
174221
163460
150764
139421
127339
115825
105820
97109
88577
81860
75915
70215
65683
62113
58166
55324
52353
49241
48340
46459
45633
45052
44679
44683
45256
45403
45937
46436
46577
46437
45616
44224
43120
42071
40024
38021
35440
33588
31132
29564
27914
26154
25037
23898
22922
22355
22019
21664
21499
21465
21573
22114
22883
23778
24727
26291
28513
31194
33856
38009
41745
46123
50694
55710
60598
65269
70159
73981
77162
79812
80864
81492
81172
79811
78084
75389
72492
69518
65923
63053
60336
57442
54820
52869
50910
48704
47663
45879
44215
42653
40744
38923
36424
34386
31787
29486
27014
24629
22250
20292
18470
16577
15080
13636
12746
11789
11102
10294
9677
9202
8998
8859
8636
8447
8433
8481
8298
8219
8174
8031
8035
8005
8048
8017
8118
8076
7923
7975
8142
8017
7953
8027
8088
8057
8080
8151
8242
8182
8270
8208
8159
8178
8250
8390
8347
8066
8054
8065
7774
7890
7807
7600
7525
7453
7388
7312
7314
7089
6927
6844
6637
6584
6458
6233
5996
5945
5835
5878
5697
5665
5436
5488
5392
5303
5251
5047
4953
5036
5011
4800
4665
4757
4506
4550
4319
4338
4173
4113
3969
3863
3775
3667
3583
3408
3371
3340
3175
3017
2930
2860
2789
2708
2595
2551
2458
2420
2420
2443
2365
2379
2362
2446
2606
2631
2774
2958
3155
3388
3745
4140
4397
4850
5529
6054
6462
6943
7785
8333
8982
9679
10104
10689
11264
11554
11639
11885
11913
11984
11822
11673
11447
11108
10500
10103
9609
9086
8529
7961
7465
7169
6527
6200
5932
5476
5314
5215
5070
5116
5108
5098
5375
5531
5632
5784
6003
6283
6364
6626
6833
6995
7062
7170
7348
7224
7480
7299
7453
7236
7059
6765
6524
6375
6042
5579
5227
5074
4695
4155
4200
3789
3372
3136
2862
2711
2369
2218
1959
1817
1672
1526
1391
1369
1164
1044
992
938
853
766
783
691
624
568
561
505
523
466
438
418
425
368
310
348
318
299
266
303
223
259
241
219
228
233
220
212
218
186
173
201
187
200
205
197
190
173
187
199
185
200
199
195
195
184
222
199
189
194
219
220
183
203
206
229
221
207
216
219
194
193
216
206
176
189
188
159
181
168
166
155
172
170
157
151
145
139
128
161
132
144
117
130
134
142
142
134
115
147
140
144
128
147
119
140
122
141
134
136
126
117
114
116
116
116
103
107
110
96
103
118
106
101
86
102
110
99
109
95
101
102
93
80
102
96
96
99
87
91
90
96
89
88
105
93
78
95
92
72
81
99
86
90
89
87
90
93
91
81
89
93
79
91
99
93
100
98
112
100
103
113
91
112
107
108
106
104
130
129
119
109
108
110
117
112
130
125
105
108
103
114
112
115
115
122
132
131
115
105
100
114
108
115
105
96
107
106
116
104
116
109
112
85
98
101
94
99
102
100
113
100
113
107
96
97
104
85
92
90
116
116
94
110
97
97
92
72
74
79
83
78
89
76
95
73
96
97
92
83
88
86
86
75
77
76
68
68
66
72
90
70
80
71
71
69
67
63
76
66
58
45
60
42
49
56
41
44
42
49
44
51
43
40
46
50
43
52
42
41
39
27
54
37
35
41
49
41
42
33
26
35
33
39
33
40
40
36
29
32
32
32
25
26
26
33
33
30
25
25
36
37
33
30
28
34
45
37
39
52
53
47
51
58
58
60
48
71
69
72
75
78
87
90
95
99
93
104
107
110
100
128
112
116
128
98
103
110
118
108
96
94
101
88
82
95
75
75
85
66
66
61
50
51
41
51
36
46
34
34
39
27
26
27
25
28
24
22
21
21
18
18
12
13
13
18
22
19
23
15
17
15
13
15
17
14
10
17
14
9
10
12
10
20
9
13
7
14
14
10
13
15
9
13
6
13
12
14
9
13
13
7
9
9
14
10
11
17
11
13
10
6
10
14
13
11
7
13
9
9
8
12
12
7
10
11
9
7
8
11
15
9
11
12
7
12
12
7
6
7
8
9
13
13
6
5
9
9
8
6
13
5
10
10
6
12
10
14
8
8
15
14
8
11
11
13
12
8
13
9
12
10
17
9
$ENER_FIT:
-4.377 3.023655 -2.88873e-005
$MCA_CAL:
3
-4.377 3.023655 -2.88873e-005
$PEAKLABELS:
219.407, "Ag-110m"
293.883, "Ag-110m"
313.622, "Ag-110m"
253.122, "Ag-110m"
460.958, "Ag-110m"
873.276, "Th-232(d), (Bkgd)"
493.940, "Ag-110m, K-40 (Bkgd)"
65.234, "Backscatter"
150.551, "Compton Edge"
38.477, "Binning Artifact, (Detector)"
$ENDRECORD:
