$SPEC_ID:
PeakEasy Library File: Ag-110m, Interceptor (CZT), 3.1 uCi @ 20 cm
$MEAS_TIM:
60765.00000 60768.10000
$DATE_MEA:
25-May-2011 16:24:28
$DATA:
0 1023
0
0
0
0
0
0
0
0
0
0
0
0
0
0
0
0
0
0
0
0
697
1443
1302
1331
1345
1367
1316
1285
1266
1222
1362
1300
1250
1311
1292
1357
1326
1365
1272
1393
1352
1372
1427
1468
1555
1565
1552
1604
1666
1710
1780
1737
1740
1740
1751
1731
1822
1813
1776
1833
1794
1867
1818
1889
1848
1825
1897
1869
1789
1885
1800
1896
1775
1867
1834
1991
1921
1997
2017
2068
1980
1929
1949
2023
1992
1936
1985
1949
1937
1908
1810
1858
1858
1814
1834
1739
1710
1717
1731
1631
1742
1690
1631
1602
1641
1565
1627
1614
1538
1537
1542
1588
1574
1581
1538
1559
1515
1552
1575
1594
1591
1603
1594
1700
1635
1741
1695
1744
1697
1758
1613
1607
1692
1669
1652
1683
1632
1620
1558
1486
1464
1453
1397
1477
1353
1386
1404
1287
1210
1214
1183
1205
1153
1113
1084
1119
1114
1035
1045
1069
986
1008
980
989
932
951
910
911
871
879
819
818
786
811
798
775
788
760
762
741
817
801
727
734
708
740
718
700
710
662
625
686
625
647
642
630
595
634
621
644
625
618
629
570
631
578
571
590
567
600
549
589
576
575
535
576
561
613
556
547
528
515
545
592
536
523
503
541
527
490
525
538
534
524
511
503
545
528
550
531
495
529
481
493
510
490
517
498
479
470
509
457
501
447
488
497
453
496
460
482
477
492
496
475
490
466
476
467
498
463
469
488
448
441
464
453
414
465
467
480
475
519
438
453
467
470
501
498
467
489
483
480
513
512
485
541
506
521
507
509
498
479
489
478
417
435
419
419
439
418
442
416
425
399
377
364
349
360
339
333
329
323
346
332
270
321
313
284
312
280
281
277
295
292
280
286
249
252
291
285
282
274
272
284
290
273
257
260
264
253
266
206
252
236
240
251
270
194
245
278
235
241
273
238
253
229
227
235
223
223
222
234
234
220
210
251
234
224
240
240
211
209
217
245
212
202
219
210
236
208
242
195
207
229
234
221
221
236
240
207
230
185
250
240
224
268
209
250
243
270
264
276
223
269
264
262
257
266
257
297
306
308
290
300
330
348
313
350
343
362
406
411
466
512
578
648
711
756
762
800
751
641
556
441
378
275
254
228
208
207
226
236
244
235
218
243
198
206
210
159
174
141
142
136
127
159
171
141
154
189
167
162
176
151
155
145
127
111
105
90
92
99
101
93
80
89
100
93
83
96
100
68
85
85
91
95
89
121
102
89
98
109
95
109
101
136
119
139
126
134
133
127
121
105
90
74
53
60
47
44
39
44
60
46
37
57
41
36
62
39
54
59
46
42
55
65
60
46
45
55
66
84
70
69
62
75
62
79
56
70
74
48
56
63
53
45
40
55
46
73
55
69
46
74
58
58
58
67
70
77
63
77
77
61
85
93
86
100
114
100
129
134
133
169
155
189
178
223
262
279
242
230
213
197
141
124
93
75
65
45
39
43
45
42
46
49
42
59
47
70
55
51
62
58
64
64
68
68
82
74
93
89
104
103
134
115
107
109
87
79
61
56
41
39
31
31
27
27
24
26
24
33
22
19
29
35
20
28
27
34
27
25
23
22
25
35
32
16
35
37
30
25
31
29
20
25
28
28
24
31
22
25
20
31
27
19
11
25
24
24
33
23
27
22
22
30
27
28
32
24
20
25
23
33
31
25
19
39
29
27
26
27
26
22
27
23
28
34
29
23
38
19
31
32
26
32
23
42
28
23
27
31
31
30
30
23
30
31
17
19
29
34
25
27
29
23
25
30
31
35
26
16
28
34
24
29
35
27
24
31
29
32
39
22
30
22
29
28
21
25
24
31
30
28
34
23
20
20
34
26
33
34
15
20
30
27
23
25
16
27
18
27
19
18
12
22
19
14
15
20
18
22
12
13
15
20
13
8
15
18
16
17
14
8
10
15
17
10
16
15
14
20
18
10
13
15
9
11
14
15
17
11
15
13
14
16
10
9
15
12
17
10
12
7
16
8
15
19
15
9
12
7
9
13
13
10
13
12
9
9
9
10
8
7
6
8
9
10
12
8
4
8
6
5
6
7
4
6
2
9
8
4
10
5
3
4
6
7
12
4
7
7
7
8
3
6
6
7
8
9
5
11
3
10
4
9
15
7
6
6
6
11
11
10
12
6
16
13
10
10
11
14
12
14
13
13
22
19
23
21
15
20
23
19
20
20
21
19
11
7
6
8
7
4
1
3
3
3
0
6
2
6
2
3
2
2
2
4
2
5
4
4
2
2
2
3
5
3
1
5
4
1
9
5
1
7
6
1
6
4
2
10
3
4
4
5
5
9
3
8
4
9
8
9
5
6
8
13
13
6
1
6
8
3
10
6
15
9
3
8
6
5
16
15
9
8
11
10
8
7
6
3
3
1
4
1
2
1
1
0
2
0
3
2
$ENER_FIT:
0.000 1.502500 0.00000e+000
$MCA_CAL:
3
0.000 1.502500 0.00000e+000
$PEAKLABELS:
438.568, "Ag-110m"
298.876, "Ag-110m"
589.415, "Ag-110m"
451.279, "Ag-110m"
469.939, "Ag-110m"
507.772, "Ag-110m"
624.789, "Ag-110m"
917.263, "Ag-110m"
999.910, "Ag-110m"
126.337, "Backscatter"
$ENDRECORD:
