$SPEC_ID:
PeakEasy Library File: Ag-110m, Detective, (HPGe), 3.1 uCi @ 30 cm
$MEAS_TIM:
60000.00000 60783.96000
$DATE_MEA:
5/25/2011 4:12:18 PM
$DATA:
0 8191
0
0
0
0
0
0
0
0
0
0
0
0
0
0
0
0
0
0
0
0
0
0
0
0
0
0
0
0
0
0
0
0
0
0
0
0
0
0
0
0
0
0
1
0
0
0
0
0
0
0
0
0
0
0
0
0
0
1
0
1
0
2
0
0
0
3
2
3
3
6
2
2
5
7
9
11
13
8
12
347
7119
15271
16270
16138
15854
15878
15778
15686
15546
15349
15463
15171
15198
15111
15011
14983
14777
14881
14626
14675
14511
14427
14516
14416
14239
13917
14210
14186
13928
13985
13763
13822
13699
13795
13674
13362
13604
13391
13389
13161
13071
13485
13141
12990
13016
13115
12945
12925
12988
12816
12711
12932
12789
12666
12720
12521
12747
12573
12725
12765
12721
12501
12758
12646
12535
12699
12557
12605
12759
12610
12709
12587
12574
12650
12640
12781
12535
12906
12752
12917
12943
12893
12936
12921
13042
12955
13085
13243
13184
13088
13352
13291
13438
13466
13479
13501
13586
13740
13925
14472
14939
15099
15856
16030
16093
16454
16936
16837
16581
16002
14961
14505
14424
14247
14197
14343
14207
14516
14655
14713
14938
14671
15220
15179
15415
15384
15433
15519
15864
15987
16325
16634
16653
16198
15963
15634
15802
15649
15573
15267
15319
15556
15259
15073
15171
15231
15253
15408
15336
15342
15727
15671
15877
15683
15979
15887
15846
16027
15804
16184
15908
15887
16149
15978
16040
16084
16103
16170
16105
16066
16216
16292
16628
16500
16313
16526
16379
16200
16310
16391
16324
16446
16385
16408
16264
16159
16279
16434
16586
16686
16552
16840
16794
16855
16621
16489
16727
16755
16908
16593
16877
16704
16973
16640
16821
16760
17037
17054
17099
17077
16690
16872
17076
17139
17178
17127
17125
16943
17217
17327
17248
16989
17086
17219
17245
16993
17496
17252
17313
17333
17187
17255
17514
17347
17323
17462
17541
17383
17480
17478
17469
17494
17613
17511
17519
17369
17491
17397
17512
17514
17639
17652
17323
17681
17571
17448
17347
17377
17283
17396
17265
17366
17208
17441
17429
17520
17500
17421
17311
17413
17402
17347
17369
17237
17425
17176
17341
16866
16829
17153
17568
17596
17660
17581
17219
17129
17237
17136
16839
16842
16935
16730
16467
16752
16893
16864
16799
16692
16742
16832
16717
16765
16535
16546
16768
16595
16475
16275
16379
16587
16424
16449
16212
16262
16333
16029
16247
16142
16259
16040
16151
16096
15915
16182
16155
15899
16141
15986
15852
15911
15755
16021
16181
15975
15764
15806
15852
15658
15862
15730
15835
15767
15611
15700
15712
15546
15386
15539
15448
15624
15446
15540
15258
15390
15301
15434
15483
15461
15206
15383
15353
15088
15314
15378
15232
15354
15372
15089
15144
15249
15265
14992
15236
15146
15273
15105
15189
15096
14997
14869
15106
14748
14889
15007
14978
14553
15078
14871
14794
14807
14867
14939
14784
14747
14656
14868
14760
14746
14663
14637
14643
14550
14819
14518
14528
14882
14901
14708
14703
14802
14735
14874
14874
14900
14852
14866
15074
15495
15721
15643
15787
16126
16195
16573
16667
16953
16944
16974
16870
16941
16668
16615
16627
16267
16639
16659
16532
16450
16567
16345
16429
16478
16192
16481
16324
16154
16302
16302
16307
16110
16272
16359
16370
16156
16033
16258
16349
16271
16088
16300
16264
16312
16495
16481
16407
16580
16611
16746
16376
16258
16196
16244
16314
15922
15831
15851
15854
15875
15804
15683
15557
15430
15295
15326
15250
15175
15087
15060
15075
15056
14668
14912
14905
14654
14744
14738
14526
14298
14534
14536
14067
14417
13924
14192
14317
14046
14024
13871
13943
14115
13963
13903
13845
14034
13826
14052
14002
13899
13936
13859
13845
13924
13650
13562
13367
13681
13249
13281
13207
13290
13243
13044
12982
12865
12821
12934
12779
12893
12604
12671
12769
12412
12536
12481
12565
12464
12564
12290
12422
12070
12208
12172
12141
12322
12196
12065
12055
11959
12035
11856
11836
11759
11763
11895
11694
11828
12102
12462
12882
13425
13350
13066
12595
12036
11842
11774
11484
11706
11699
11547
11627
11160
11174
11123
10928
11051
10834
10765
10821
10777
10705
10748
10778
10570
10549
10647
10610
10486
10586
10238
10503
10411
10763
10452
10530
10437
10359
10273
10345
10342
10213
10380
10336
10205
10232
10165
9963
10164
10095
10109
10153
10122
9970
9983
9837
9792
10027
10009
9855
9907
9808
9859
9819
9965
9968
9657
9832
9640
9716
9634
9627
9814
9790
9736
9574
9713
9882
9446
9794
9780
9630
9549
9499
9505
9425
9489
9560
9614
9143
9356
9277
9164
9098
9162
9214
9337
9093
9283
9142
9065
9109
9064
9277
9050
9134
9165
9150
9103
9144
8987
8976
9022
8797
9000
8913
8849
8842
8880
8813
8825
8463
8651
8871
8793
8763
8635
8632
8682
8798
8584
8635
8683
8581
8662
8403
8624
8585
8617
8513
8586
8573
8560
8569
8420
8496
8205
8269
8433
8459
8476
8488
8835
9113
9105
9272
9131
8853
8429
8120
8280
8183
8103
8049
8139
8321
8232
8375
8179
8311
8149
8104
7933
8035
7957
8062
8038
7924
7906
8085
8119
8043
7890
8086
7896
7992
8175
8015
7970
8026
7905
7986
7938
7994
7874
7789
7731
7703
7810
7897
7797
7906
7789
7803
7662
7617
7729
7652
7669
7517
7636
7666
7741
7703
7714
7628
7633
7849
7648
7650
7690
7567
7448
7605
7653
7622
7629
7617
7536
7563
7534
7438
7590
7569
7576
7452
7512
7451
7649
7560
7618
7506
7588
7635
7540
7665
7542
7404
7428
7450
7320
7366
7419
7516
7444
7435
7468
7248
7407
7326
7370
7218
7339
7507
7369
7387
7468
7326
7475
7493
7682
7690
7837
7706
7562
7438
7480
7438
7318
7335
7224
7221
7081
7130
7137
7242
7236
7412
7238
7292
7188
7322
7255
7144
7303
7357
7301
7138
7197
7172
7181
7114
7215
7198
7433
7461
7668
8073
8339
8579
8500
8322
7855
7591
7329
7266
7088
7171
7047
7124
7130
7119
7146
7028
7150
7031
7027
7030
6975
7057
7054
7141
7066
7078
7048
7268
7096
7226
7181
7212
7219
7146
7132
7125
7169
7235
7348
7328
7191
6931
7137
6925
7126
7082
7050
6954
6948
6935
6919
7030
6935
6882
7022
6981
7104
6963
7005
6999
6916
6868
6964
6882
6897
7063
6983
6884
6961
6941
7024
7021
7160
7077
7008
6953
6916
7057
7199
6948
7037
7008
7103
6876
7165
7036
6927
6964
7044
7000
7004
6917
6933
6947
7128
6906
7181
7187
7161
7069
7024
7014
6997
6996
7107
6965
6963
7037
6873
6996
6941
7105
7060
7029
6929
7112
7031
6943
7043
7047
7116
7078
7141
7046
6829
7050
6982
7004
7010
7005
6970
7057
7021
7170
7027
6980
6942
6998
7071
7150
7222
6982
7066
7151
7181
7003
7047
7184
7080
7076
6960
6971
7082
7048
7079
7120
7087
7201
7190
7102
7076
7101
7141
7094
7069
7389
7210
7199
7135
6954
7101
6968
6983
7201
7091
7062
7066
6981
7156
7200
7231
7225
6967
7192
7206
7129
7074
7372
7111
7132
7171
7270
7311
7131
7199
7175
7213
7369
7239
7349
7101
7220
7347
7169
7316
7263
7368
7157
7311
7450
7350
7314
7282
7306
7378
7374
7167
7271
7402
7409
7310
7155
7531
7530
7385
7493
7370
7192
7372
7467
7420
7297
7555
7522
7362
7478
7489
7474
7505
7418
7550
7443
7405
7467
7364
7439
7531
7564
7437
7536
7465
7529
7688
7970
8061
8975
10236
11983
13777
15039
15146
14244
12429
10592
9118
8145
7855
7581
7513
7540
7540
7606
7488
7627
7724
7619
7645
7693
7611
7678
7786
7696
7728
7629
7766
7599
7600
7802
7595
7707
7716
7551
7775
7659
7752
7910
7760
7844
7764
7719
7943
7768
8008
7716
7822
7938
7777
7816
7714
7800
7878
7713
7760
7872
7785
7756
7893
7613
7746
7760
7651
7570
7700
7520
7683
7556
7530
7458
7381
7336
7219
7269
7047
7063
6904
6873
6859
6831
6648
6854
6622
6582
6471
6552
6601
6476
6514
6382
6270
6437
6287
6539
6448
6422
6459
6222
6400
6267
6414
6260
6372
6250
6071
6207
6165
6052
6053
6203
6228
6089
6112
5917
6044
6105
6182
6041
6073
6090
6063
6019
5941
5866
5899
5916
5970
5982
5962
5888
5999
5968
5741
5871
5806
5749
5723
5746
5840
5961
5777
5695
5729
5589
5566
5738
5826
5692
5631
5595
5532
5589
5487
5597
5690
5558
5672
5617
5703
5572
5636
5524
5532
5530
5408
5528
5449
5486
5524
5595
5590
5588
5719
5849
5783
5907
6086
5982
5894
5671
5623
5464
5357
5404
5471
5171
5341
5303
5310
5307
5259
5212
5267
5194
5106
5254
5108
5193
5297
5156
5370
5118
4971
4992
5026
5095
4918
5059
5042
4938
4953
5204
4898
4926
4913
4872
4892
4940
4710
4912
4844
4785
4861
4842
4750
4821
4813
4853
4839
4831
4762
4846
4701
4778
4764
4877
4926
4705
4843
4664
4715
4588
4839
4673
4680
4764
4612
4701
4704
4633
4844
4694
4608
4597
4634
4551
4691
4648
4678
4528
4660
4561
4723
4395
4604
4657
4621
4594
4639
4655
4611
4543
4553
4454
4401
4486
4517
4478
4505
4487
4575
4375
4476
4498
4398
4465
4356
4395
4480
4409
4445
4344
4422
4370
4346
4293
4348
4362
4422
4310
4373
4320
4356
4293
4300
4351
4267
4344
4408
4394
4254
4284
4240
4323
4309
4336
4353
4230
4403
4283
4374
4291
4220
4223
4360
4256
4413
4225
4178
4250
4198
4298
4104
4222
4149
4248
4145
4145
4228
4253
4100
4172
4222
4102
4102
4167
4065
4058
4138
4100
4040
4013
3776
3925
3871
3864
3975
4024
3951
3975
3881
3901
3867
3916
3884
4062
3984
3959
3957
4246
4267
4277
4530
4619
4545
4464
4260
4000
3967
3905
3814
3876
3900
3851
3846
3780
3761
3890
3847
3821
3755
3646
3785
3802
3836
3841
3774
3876
3743
3837
3707
3739
3865
3785
3752
3831
3826
3772
3760
3790
3818
3805
3710
3823
3725
3780
3663
3651
3711
3877
3794
3829
3816
3797
3729
3726
3810
3867
3835
3784
3749
3660
3752
3714
3868
3767
3815
3788
3804
3962
4100
4362
4773
4887
5014
5122
4780
4590
4237
3956
3865
3902
3843
3774
3577
3746
3715
3730
3715
3753
3752
3785
3743
3822
3734
3850
3732
3889
4007
4367
4691
5659
6394
7222
7311
7401
6958
5954
5144
4500
4153
3846
3761
3813
3767
3760
3806
3880
3943
3967
4089
3938
4026
3873
3774
3672
3836
3801
3749
3734
3681
3704
3685
3743
3683
3757
3791
3679
3725
3766
3689
3745
3710
3679
3770
3863
3850
3800
3720
3694
3775
3768
3866
3736
3765
3760
3746
3828
3826
3855
3894
3776
3845
3866
3861
3846
3889
3979
3764
3833
3897
3876
3973
3915
3776
3794
3859
3848
3925
3928
3922
3940
3974
3916
3968
4085
4178
3962
4022
4019
4041
4083
4204
4308
4191
4241
4393
4992
6379
9671
15388
26218
42740
65569
91258
113198
122919
117467
97062
70800
44065
25366
13510
7475
4955
4171
3912
3690
3777
3738
3746
3663
3529
3572
3530
3706
3584
3647
3555
3636
3598
3677
3560
3609
3655
3539
3555
3549
3634
3565
3608
3606
3540
3574
3653
3590
3761
3638
3667
3592
3661
3875
4056
4239
4848
6199
7862
10172
13003
15228
16242
15763
13844
10909
8220
6001
4738
4085
3825
3683
3681
3489
3593
3536
3493
3427
3493
3468
3702
3803
4266
5227
6459
7868
9503
10575
10878
10077
8675
6684
5156
4141
3352
2995
2862
2773
2900
2791
2737
2823
2713
2744
2683
2745
2739
2789
2759
2696
2581
2775
2814
2659
2668
2684
2752
2687
2707
2619
2597
2647
2694
2654
2705
2678
2663
2606
2657
2608
2674
2699
2728
3005
3418
4505
6014
8685
12192
16170
19619
21480
20831
17971
14371
10008
6716
4581
3437
2910
2546
2564
2430
2446
2355
2416
2430
2443
2453
2445
2396
2323
2380
2434
2469
2484
2527
2456
2446
2410
2372
2438
2413
2378
2341
2402
2374
2403
2384
2393
2366
2406
2421
2358
2389
2392
2458
2428
2356
2378
2352
2354
2392
2441
2402
2421
2524
2542
2441
2392
2416
2325
2364
2334
2333
2285
2221
2249
2248
2235
2299
2230
2170
2207
2193
2201
2121
2112
2090
2108
2055
2020
2096
2037
2041
1929
1985
1933
1969
1931
1856
1942
1930
1937
1903
2005
2132
2290
2673
3164
4063
5081
6093
6507
6611
6205
5022
4102
3045
2401
1933
1900
1694
1641
1730
1791
1709
1666
1680
1659
1559
1684
1635
1652
1632
1627
1626
1588
1606
1649
1611
1560
1635
1629
1551
1644
1552
1614
1569
1566
1561
1579
1517
1571
1524
1538
1704
1641
1868
2200
2845
4441
6708
9794
14364
18834
22549
24400
23273
19902
14863
10022
6097
3719
2362
1730
1545
1490
1427
1400
1419
1410
1353
1322
1281
1257
1254
1266
1314
1264
1323
1281
1268
1221
1200
1224
1242
1213
1205
1222
1183
1174
1187
1131
1178
1240
1212
1130
1100
1205
1186
1208
1177
1140
1113
1217
1112
1098
1145
1134
1135
1126
1202
1169
1152
1140
1092
1157
1170
1137
1130
1133
1110
1093
1117
1113
1067
1072
1071
1050
1057
1088
1027
1073
1033
1041
1034
1098
1122
1132
1176
1125
1127
1115
1131
1058
1042
1022
1021
1011
979
1005
1040
1077
967
975
973
1035
1002
985
982
991
992
942
1021
959
990
965
937
961
953
971
1013
1038
981
992
992
1009
1008
1004
935
971
963
953
935
920
919
923
955
893
911
925
996
995
991
1041
1132
1346
1821
2425
3374
4612
6079
7061
7763
7655
6814
5395
3864
2712
1685
1213
1012
921
896
846
864
778
837
848
834
813
837
888
828
814
855
833
842
855
822
804
769
867
889
800
849
753
845
868
860
837
805
817
830
799
822
801
851
821
836
845
817
844
807
840
829
812
776
881
840
812
806
818
799
779
833
832
789
824
806
782
804
743
803
844
845
824
802
800
804
735
834
764
783
771
771
797
836
778
772
859
780
772
824
802
789
797
790
827
851
794
809
744
787
815
785
772
809
808
790
788
777
835
820
762
834
861
792
864
869
885
855
838
841
818
809
791
799
773
739
814
781
782
811
811
829
852
838
807
816
828
800
838
873
804
824
836
785
891
864
899
852
894
924
926
906
944
865
963
908
914
959
915
915
945
901
946
939
935
947
972
962
1033
1114
1308
1699
2708
4462
7849
12996
20871
31099
42271
53245
60924
61876
57731
46785
33763
21228
11949
6111
2825
1478
958
683
634
598
654
598
587
586
617
592
598
638
592
625
618
601
625
612
643
591
638
626
619
600
608
588
556
624
631
580
571
623
603
639
623
592
578
631
591
647
645
613
617
639
588
602
573
634
587
662
597
624
620
649
634
636
621
685
716
813
902
972
1055
1105
1063
977
865
832
724
695
615
612
590
582
581
552
611
627
601
565
613
685
605
589
603
610
577
592
638
626
615
631
625
617
636
601
671
630
616
611
577
652
674
638
607
625
657
672
643
637
670
661
683
617
650
685
630
662
713
716
668
762
770
878
1007
1300
1871
2891
4820
7418
11012
15521
20490
24487
27099
27120
24079
19106
13623
8703
4978
2644
1423
860
645
588
526
558
536
517
550
502
516
539
540
538
545
562
526
535
508
542
553
542
559
552
616
568
515
571
547
549
529
598
558
562
521
499
541
544
558
535
540
565
502
488
585
535
554
556
538
544
569
526
588
507
544
605
568
574
589
610
581
558
590
593
577
570
650
658
661
626
651
611
686
659
697
677
757
813
857
800
778
715
689
585
613
583
552
526
522
525
570
514
524
531
571
518
593
548
513
567
534
537
553
560
558
574
519
557
527
561
513
556
581
523
529
562
534
587
549
541
552
560
515
555
525
555
560
535
533
584
570
547
576
585
580
544
568
586
584
505
587
559
567
611
622
612
599
649
615
622
618
639
608
696
651
655
686
629
606
585
590
553
594
594
573
572
647
543
596
556
558
529
567
561
569
558
551
594
547
557
583
598
582
583
565
532
529
596
572
584
574
571
579
557
539
541
600
556
600
527
572
566
583
559
554
581
608
552
582
558
546
570
619
568
579
594
580
624
591
643
559
567
601
601
560
607
599
576
585
605
594
595
595
533
587
589
589
601
560
650
532
586
607
581
544
614
599
606
615
587
555
598
602
607
607
603
529
628
572
624
597
614
559
580
593
560
593
632
608
584
609
556
580
605
565
596
627
648
615
629
619
606
626
591
611
570
598
594
639
578
577
631
648
633
598
634
623
643
595
599
571
583
591
639
652
663
623
608
627
668
626
588
625
565
652
591
622
647
574
637
620
577
625
619
576
647
617
628
616
612
627
638
653
648
642
635
685
621
642
594
662
651
634
649
630
626
661
658
604
685
642
643
634
652
640
658
625
617
641
667
620
655
623
659
643
629
636
648
644
683
664
643
651
638
616
681
639
638
621
681
647
626
663
736
633
663
632
680
650
631
648
658
716
691
681
694
632
682
677
712
709
705
696
664
679
656
707
646
661
647
625
698
653
638
614
709
717
642
658
712
649
669
663
685
635
675
697
679
736
681
696
664
703
663
751
661
705
666
691
741
688
690
735
714
659
701
722
714
661
670
731
779
720
714
724
725
699
711
708
677
713
683
704
691
738
659
703
708
707
698
719
696
657
714
727
724
700
739
688
733
765
719
752
799
862
833
889
939
852
981
1049
1074
938
863
907
838
775
805
715
666
739
740
723
671
750
736
754
720
727
718
711
712
711
728
753
729
734
777
777
785
774
786
737
779
785
780
800
771
791
754
767
777
787
749
778
760
757
720
720
804
790
769
795
759
809
799
757
806
808
776
776
783
764
794
786
838
807
805
771
803
808
782
780
842
802
788
785
825
767
783
799
802
817
851
823
771
836
795
799
836
796
783
869
789
815
844
800
803
787
833
866
730
783
845
803
795
860
824
782
772
833
774
789
801
858
864
842
825
874
784
811
809
813
774
775
791
721
768
766
729
731
683
787
652
663
693
706
705
696
661
669
674
641
649
690
662
648
660
673
624
641
651
689
600
630
586
608
601
671
632
619
639
622
620
621
647
586
665
635
573
611
618
635
629
636
586
611
613
583
635
642
634
579
597
615
623
630
617
658
564
587
636
656
605
620
631
556
603
606
604
621
590
577
611
619
618
618
627
602
618
610
627
594
588
591
615
604
640
628
580
607
617
619
595
590
597
610
578
618
551
615
604
585
552
607
585
599
613
623
619
593
650
563
610
595
598
568
579
565
613
570
630
605
590
580
590
583
601
597
597
615
593
623
586
582
567
626
562
622
619
603
611
615
604
579
625
623
573
646
583
579
577
606
576
609
595
563
611
626
566
595
592
600
574
575
547
592
562
548
569
574
577
526
635
536
559
575
570
593
597
547
564
592
581
594
604
588
602
644
682
666
663
675
650
656
642
614
602
574
575
574
594
552
612
530
547
570
505
567
560
569
544
573
579
515
490
539
539
543
565
535
498
531
495
494
536
547
475
531
504
536
469
536
552
523
520
488
490
503
509
507
478
520
468
495
480
456
505
500
463
439
460
490
494
454
468
443
475
470
438
477
469
455
484
469
456
491
489
467
480
452
497
444
438
472
457
474
499
413
480
469
431
465
438
459
466
478
446
426
449
460
440
463
448
448
444
472
444
441
415
463
445
419
453
435
462
430
445
418
429
414
437
410
425
406
437
402
417
401
371
371
382
400
365
353
396
374
383
357
328
356
310
323
351
332
367
326
322
352
342
308
317
303
326
330
329
326
325
337
316
335
299
312
314
299
291
317
307
289
305
294
286
309
294
310
283
329
285
295
321
246
289
295
267
290
287
284
279
310
302
314
250
296
318
277
265
285
280
273
295
291
271
254
275
258
256
266
270
266
259
228
256
281
267
257
286
264
275
305
288
248
254
263
280
257
248
259
290
247
253
238
257
260
249
254
249
205
247
264
273
270
240
268
258
257
251
245
216
242
247
278
254
234
252
249
245
252
275
301
281
277
308
307
297
292
283
303
266
259
213
243
218
235
209
213
246
230
224
232
229
217
220
223
207
196
218
227
184
218
190
213
216
212
213
246
217
209
183
205
208
219
221
198
234
210
216
214
201
194
195
189
197
210
178
193
205
227
167
178
186
190
192
194
213
201
180
203
214
194
189
159
196
150
180
194
185
181
196
173
194
166
210
188
196
172
189
170
174
164
193
197
189
185
178
180
154
170
173
176
165
174
196
178
168
167
195
176
192
174
166
191
158
169
215
201
225
190
238
232
228
241
235
274
269
264
280
308
460
636
963
1405
2081
2832
4134
5174
6775
8255
9783
10801
10962
10625
9291
7513
5673
3947
2342
1363
739
337
215
147
113
112
123
106
83
118
111
102
114
116
97
106
89
88
101
87
95
93
102
104
94
104
87
124
102
100
100
111
91
114
121
117
86
115
108
115
111
124
114
115
100
104
81
95
91
84
96
113
111
100
110
124
143
123
118
109
94
90
90
100
69
111
78
98
91
74
67
99
79
69
66
79
88
97
70
80
77
78
85
92
95
96
75
80
68
98
98
100
97
89
74
86
88
80
82
89
70
93
92
76
85
73
98
72
96
82
71
83
88
66
78
71
85
62
77
85
74
64
76
72
72
78
87
75
66
68
81
60
73
65
80
79
86
69
78
72
67
70
84
61
84
69
92
85
75
88
79
73
74
83
63
78
80
81
73
74
81
75
64
78
74
76
81
78
71
77
79
63
69
84
65
92
76
72
84
72
84
97
79
67
92
89
91
119
120
171
248
373
486
668
866
1168
1475
1731
2141
2308
2645
2523
2322
1886
1484
1080
718
457
243
160
104
73
48
55
63
62
57
65
66
72
53
68
45
60
63
64
75
65
90
104
137
194
254
368
532
640
894
1093
1202
1471
1603
1736
1604
1439
1203
978
683
407
247
187
106
81
57
65
51
52
65
57
49
54
47
48
35
66
54
40
44
48
41
58
54
57
62
57
60
49
52
49
53
64
56
59
64
60
51
43
59
50
60
74
71
64
72
62
70
63
75
78
77
77
60
79
79
76
77
95
114
145
181
304
439
605
949
1168
1717
2210
2855
3585
4235
4730
5091
5218
4825
4072
3311
2463
1727
1111
598
325
178
113
66
84
51
55
49
53
48
42
34
27
42
33
33
48
36
30
33
33
42
35
40
36
34
22
29
34
32
29
35
32
33
38
40
35
43
36
31
36
31
28
36
37
15
32
29
33
34
36
28
48
26
29
42
28
22
31
38
28
29
45
28
29
32
19
40
31
31
30
41
31
37
36
35
28
40
30
34
31
32
43
40
39
41
39
41
43
42
30
28
36
43
33
39
28
34
28
26
34
32
23
28
23
33
27
23
24
30
30
25
28
35
35
26
24
34
16
30
25
23
27
24
24
30
32
32
26
29
32
31
30
35
38
47
54
55
70
106
136
178
232
284
335
392
380
478
439
452
372
341
265
191
122
74
51
47
36
30
24
22
25
19
18
27
24
10
24
27
29
30
32
30
24
24
33
28
30
26
29
21
21
28
21
33
20
20
25
25
25
27
34
32
35
38
47
31
41
44
41
45
36
36
41
39
37
26
30
31
47
36
34
42
55
51
42
60
65
78
77
72
91
72
79
73
96
105
118
106
113
112
120
99
83
68
66
33
46
30
28
33
24
27
31
26
29
30
27
37
35
32
23
20
30
25
27
27
32
24
25
27
22
28
25
32
32
29
29
33
19
27
29
19
22
18
29
30
22
25
30
19
25
30
22
23
30
22
24
32
28
25
24
16
20
31
25
23
30
20
20
30
42
36
35
41
49
41
38
43
39
36
24
37
22
22
29
25
23
21
25
25
31
32
23
29
28
19
36
50
37
41
55
36
51
34
28
43
29
28
30
34
20
15
27
21
20
18
26
32
29
24
20
29
31
24
13
37
23
24
29
29
24
30
22
16
15
30
21
21
19
19
32
25
12
26
16
21
23
17
23
23
25
31
23
22
23
17
28
25
22
22
21
24
20
12
15
17
22
20
25
24
26
24
16
29
27
21
24
25
23
28
23
23
35
37
33
36
35
38
28
33
29
27
29
21
19
20
21
19
32
19
21
22
23
26
24
16
20
21
20
10
19
29
18
16
14
23
13
21
16
19
16
21
13
25
24
26
18
25
20
22
16
24
17
27
25
24
27
23
28
22
20
18
22
21
17
23
24
17
31
23
23
23
17
18
30
18
26
18
23
24
26
18
16
17
24
17
22
16
22
14
25
26
24
18
22
19
28
14
11
25
10
20
26
14
16
31
15
27
26
25
23
26
25
19
28
23
24
21
20
18
22
22
24
18
24
19
20
22
17
23
16
13
13
18
16
18
22
15
16
22
7
12
17
18
19
25
22
11
16
18
21
23
17
18
19
25
22
26
23
14
19
15
17
19
18
19
12
16
25
23
24
24
21
24
18
22
18
20
21
13
27
27
19
21
29
39
31
41
41
50
36
46
56
32
40
43
33
31
17
24
19
12
24
24
11
16
16
33
24
30
24
15
22
17
19
21
15
14
17
22
22
21
18
17
13
20
18
21
20
20
21
20
20
21
13
5
20
21
11
18
21
23
11
18
18
20
13
18
11
16
20
18
16
18
25
21
22
19
18
23
18
27
27
26
17
21
12
20
23
21
26
22
24
30
24
34
41
46
63
81
90
127
160
141
206
216
206
203
210
170
140
106
79
63
40
23
31
17
8
19
19
14
18
15
14
19
24
17
16
24
11
24
25
23
21
14
20
25
22
22
20
19
21
20
14
18
20
14
18
12
20
13
22
18
16
23
21
18
19
19
20
15
14
15
22
20
21
20
20
12
19
12
13
22
22
16
20
15
16
18
15
14
16
19
20
18
17
19
16
11
10
19
13
19
21
15
14
22
19
23
20
18
16
14
20
21
16
14
12
12
17
14
20
16
18
13
10
27
18
18
13
12
12
13
8
15
14
14
15
18
27
17
15
11
17
16
14
16
19
18
11
12
23
17
16
11
27
24
15
16
15
11
17
12
21
19
10
14
20
13
15
24
17
27
15
23
24
25
8
18
26
20
15
16
20
14
11
14
12
11
19
14
22
21
18
18
20
16
15
15
18
9
14
22
20
21
15
18
21
17
20
24
17
18
21
23
27
30
19
20
22
24
19
10
17
14
11
20
26
10
17
23
15
24
26
34
38
26
27
40
38
29
43
42
27
34
24
14
16
14
25
9
13
18
10
17
13
10
13
19
19
13
18
22
14
20
19
18
17
16
21
11
14
10
26
11
21
19
17
14
14
16
9
15
21
16
20
10
15
13
15
22
12
13
17
17
16
24
15
19
13
16
26
16
14
18
22
26
19
17
21
24
15
21
21
16
17
15
21
21
11
14
19
19
27
15
18
21
19
23
13
23
9
20
18
20
13
12
16
15
15
24
17
20
20
12
18
17
19
22
19
19
16
19
31
20
29
15
19
16
10
19
23
18
14
17
21
18
20
20
21
21
17
25
19
23
17
13
12
15
20
13
14
23
12
13
17
18
19
18
18
22
25
23
14
26
23
23
22
18
27
14
18
20
13
14
16
16
15
14
11
20
19
11
24
20
13
14
16
9
13
15
16
13
18
21
11
14
15
18
16
15
16
12
16
17
16
10
16
14
22
19
20
24
16
17
13
30
15
20
25
16
19
10
17
17
11
20
17
12
11
18
21
17
17
21
20
21
18
19
21
21
19
17
17
13
21
12
18
24
16
17
17
21
27
10
13
24
11
26
11
15
17
17
20
16
16
13
23
15
15
20
15
9
10
15
15
14
18
20
23
14
21
13
22
19
25
22
21
18
14
18
16
14
22
24
24
19
19
17
14
15
16
18
22
22
14
16
16
11
14
18
7
29
13
23
11
18
15
17
22
13
14
22
18
11
21
14
12
21
16
18
14
18
20
21
17
17
14
9
13
13
15
12
21
10
22
15
18
11
18
9
17
16
20
14
13
15
13
19
25
11
21
12
12
21
14
17
13
16
16
11
6
16
14
16
11
8
16
16
13
20
14
16
14
14
19
23
11
14
17
18
11
11
6
14
12
11
15
18
8
18
20
15
17
15
12
13
7
11
13
15
19
11
11
16
22
21
11
9
13
10
17
16
11
14
10
12
16
14
20
16
18
12
22
15
19
21
11
18
16
18
18
24
13
20
19
15
10
17
19
16
19
14
10
20
13
12
17
16
10
12
15
20
21
18
16
14
12
11
15
15
6
10
8
18
20
16
14
14
11
15
16
18
18
15
17
14
16
11
12
14
14
17
15
18
12
16
17
13
14
29
16
17
10
11
12
14
16
9
12
11
18
22
19
14
10
10
12
11
15
11
17
21
16
15
13
15
11
10
16
17
12
19
25
19
18
15
19
18
20
16
13
15
15
16
10
15
11
15
11
14
16
12
18
17
20
13
20
10
16
17
20
15
9
18
11
19
8
13
21
10
12
12
16
22
23
19
15
11
9
18
12
18
16
14
11
12
14
12
26
21
16
6
8
16
10
13
13
20
16
9
15
23
14
11
16
19
11
21
16
15
11
11
14
8
18
8
11
15
18
18
18
14
9
14
14
16
18
15
5
13
15
12
5
13
17
13
20
17
15
17
16
7
11
11
11
16
20
17
11
11
16
17
10
12
11
15
14
10
12
18
17
10
13
12
13
14
14
14
18
15
9
12
15
15
20
11
14
7
21
14
12
14
11
18
16
23
14
8
24
12
12
24
16
17
18
19
23
17
33
36
35
33
47
53
50
42
42
55
55
39
49
39
27
27
29
23
22
20
21
20
15
19
19
16
25
20
21
18
16
10
16
10
13
19
13
19
10
21
20
14
30
20
20
29
20
24
28
20
17
15
22
26
18
17
10
14
14
10
16
15
16
15
19
15
23
15
13
14
15
10
10
11
8
12
11
13
12
17
14
9
8
15
16
13
16
13
12
10
13
15
12
12
14
12
9
11
13
17
16
13
12
12
17
12
17
14
11
12
15
12
11
15
10
15
8
14
10
10
18
13
19
10
19
11
16
19
17
11
18
6
16
21
19
18
10
11
9
21
11
18
20
13
15
18
14
7
17
12
17
12
11
13
14
9
13
12
13
10
15
15
10
13
17
24
14
10
9
11
18
18
15
18
18
10
8
14
12
11
11
15
18
18
14
10
13
13
16
9
11
15
21
11
16
14
19
16
16
11
11
20
13
12
19
16
16
12
17
12
15
15
17
14
16
13
16
16
16
16
16
16
13
12
18
11
12
17
14
14
9
20
6
8
4
14
14
20
13
19
18
12
15
13
20
11
19
10
14
18
18
15
12
12
18
20
18
15
13
14
12
13
5
13
11
17
17
19
10
14
15
18
23
26
29
32
36
45
43
50
63
58
58
77
52
56
32
48
25
28
20
18
19
15
14
18
14
18
13
10
22
12
14
22
13
15
14
12
16
7
10
22
14
15
12
18
15
18
19
12
18
20
7
13
11
11
18
22
12
18
22
14
19
22
11
17
19
10
10
15
13
10
12
20
9
9
8
18
9
18
17
12
15
16
14
15
10
12
17
15
15
14
10
8
12
15
13
19
17
14
15
16
13
18
22
10
11
17
12
16
20
16
9
18
12
9
18
11
14
18
19
18
15
10
16
16
13
7
16
12
11
15
11
18
14
14
20
16
15
13
17
20
16
9
12
11
13
14
10
14
17
23
13
15
13
13
15
18
16
21
13
16
15
12
14
13
18
12
10
15
19
12
16
10
17
13
16
17
17
10
7
14
13
18
11
23
15
17
12
14
17
13
18
20
13
14
13
13
18
12
20
14
18
16
20
11
23
16
15
10
14
19
12
12
17
27
14
17
18
14
17
18
12
7
18
15
25
19
14
14
12
20
11
18
17
11
16
17
18
16
11
7
11
20
15
17
14
19
19
20
22
11
15
26
22
17
23
13
23
12
14
18
16
15
12
13
24
16
16
17
15
23
18
15
14
18
8
11
18
21
22
15
14
16
16
20
15
27
14
13
22
23
21
9
12
16
14
21
16
18
20
11
19
18
15
10
16
14
14
11
21
19
17
17
12
15
23
17
13
20
14
14
9
19
20
30
13
18
16
10
5
15
25
23
12
21
16
15
17
17
15
8
10
21
12
12
13
10
11
22
19
18
26
8
14
16
18
17
11
20
21
17
16
15
15
23
12
20
16
21
16
24
26
13
14
15
7
24
21
11
12
21
16
15
19
18
16
16
9
14
17
15
21
21
14
23
24
9
17
20
16
16
19
19
12
24
18
20
19
22
19
19
21
16
14
21
9
14
10
15
16
19
15
20
24
23
20
24
15
16
13
15
20
28
18
12
9
16
21
13
14
23
26
22
26
18
19
20
17
13
15
19
18
22
18
16
15
13
13
24
21
14
21
25
17
21
21
14
17
25
17
18
23
20
17
17
15
19
14
18
14
22
21
12
18
10
20
15
15
16
14
14
8
13
13
15
16
10
13
11
18
16
13
7
13
18
11
9
12
16
15
12
15
12
12
14
14
9
17
11
8
12
6
10
16
8
13
6
7
9
15
10
13
8
8
13
10
11
9
10
12
14
7
10
12
3
17
8
17
16
7
7
14
10
7
4
14
17
8
7
12
10
6
12
16
10
9
11
11
10
21
17
11
11
13
7
18
17
11
8
3
11
13
10
13
13
5
18
12
7
9
7
6
6
5
10
11
7
5
5
9
8
12
8
10
13
5
10
14
13
12
9
8
9
13
9
11
17
13
9
7
13
11
11
8
14
8
10
13
14
11
6
9
9
10
9
10
3
13
9
7
13
8
13
10
6
6
6
7
3
12
12
14
8
10
8
11
5
9
11
11
5
15
7
9
23
12
12
18
16
16
14
19
27
14
22
22
17
18
22
14
10
8
13
12
7
6
13
7
5
2
12
11
6
6
8
5
6
9
8
9
10
9
9
4
6
5
10
9
9
7
6
7
10
8
4
5
8
9
7
11
9
8
3
6
6
8
9
10
8
5
4
12
5
9
7
7
8
9
11
5
5
8
14
9
7
8
6
10
11
5
6
13
7
3
3
14
7
5
5
7
3
9
8
5
7
3
7
4
7
2
11
3
4
4
9
7
5
4
1
6
9
8
4
5
3
5
6
6
4
6
9
5
3
3
3
6
4
3
4
8
4
3
7
3
4
4
7
3
1
4
3
4
2
4
6
7
4
4
7
3
0
10
6
3
8
6
6
8
5
4
3
6
4
3
5
4
4
2
7
3
5
6
6
5
3
2
0
2
2
4
9
4
4
4
4
4
2
4
3
4
7
3
5
2
7
3
4
0
2
3
3
2
3
3
4
2
2
4
3
6
11
1
4
2
8
6
4
12
6
2
6
3
1
3
4
3
4
1
4
3
4
0
2
3
4
1
7
3
8
3
1
6
5
4
3
4
3
2
9
4
5
3
3
5
6
2
6
4
7
3
5
4
5
4
1
1
5
0
2
2
4
1
4
3
2
3
6
3
5
2
5
1
1
2
2
3
0
1
3
3
2
1
2
3
2
3
2
2
1
2
6
4
2
5
1
5
5
2
4
2
2
3
6
3
1
1
2
1
3
1
2
4
4
2
3
0
2
3
3
5
5
2
1
3
3
3
3
2
6
3
5
1
5
1
2
4
2
4
2
1
6
4
2
4
2
4
0
7
2
4
1
3
3
2
1
4
3
2
3
0
1
9
2
3
2
3
1
2
0
1
4
3
7
1
0
6
3
4
7
1
2
1
5
0
1
8
4
1
6
7
1
5
4
2
4
2
0
5
6
4
3
4
1
2
0
1
7
3
2
4
6
2
9
5
5
6
4
2
3
3
4
4
2
1
3
8
3
5
8
11
21
16
19
35
31
39
74
62
76
86
107
128
151
167
220
208
211
266
233
223
215
198
172
144
107
72
52
47
22
16
8
6
1
1
2
2
1
1
0
0
2
0
1
1
1
3
4
0
1
1
0
0
1
1
1
0
1
2
1
1
0
2
2
1
0
1
1
1
0
0
3
5
0
0
1
1
0
1
1
2
2
1
0
0
1
2
0
1
0
2
4
2
0
3
0
1
0
0
0
2
3
0
1
2
1
0
0
3
1
0
1
2
3
0
1
3
0
1
1
1
1
2
4
1
1
0
1
3
0
2
0
2
1
1
3
2
2
2
3
0
1
1
2
1
0
0
2
0
2
2
1
4
2
1
1
3
2
1
2
2
0
3
0
0
1
1
2
2
1
2
1
1
0
3
1
1
1
0
0
3
0
0
0
1
1
2
1
2
2
2
1
1
1
0
2
1
0
2
0
1
2
0
0
0
2
2
1
2
0
1
3
1
1
0
1
1
0
3
1
1
1
0
1
1
1
0
0
1
2
0
0
1
1
1
2
3
2
0
1
1
1
1
1
1
0
1
0
3
2
1
2
0
0
0
0
0
0
1
2
1
1
0
1
1
2
0
4
0
1
1
1
2
2
0
1
3
0
1
2
0
0
1
2
0
1
0
2
1
1
2
1
0
0
2
3
2
1
5
1
4
1
2
1
0
1
2
0
0
4
0
1
0
0
2
1
1
2
0
1
0
1
1
0
3
1
4
2
1
5
2
2
1
2
0
1
1
1
2
1
2
1
3
0
2
1
3
0
0
0
0
0
4
2
1
2
0
2
0
1
2
2
1
0
1
2
2
0
3
1
3
2
1
3
0
2
1
0
1
1
1
1
2
2
2
1
3
3
1
0
1
2
0
0
1
0
3
1
1
0
1
1
0
2
1
2
0
0
2
0
2
2
3
0
1
2
2
1
1
0
0
1
1
5
2
2
1
1
1
2
0
1
0
0
1
2
3
1
1
1
1
3
0
0
3
3
0
1
0
0
2
4
2
0
0
1
1
1
0
2
0
0
0
0
1
1
0
1
0
0
0
1
2
0
1
1
2
1
1
0
0
0
0
0
0
1
0
2
1
2
0
1
1
1
1
1
0
0
0
0
1
2
0
1
3
1
2
0
1
0
1
1
1
0
1
0
2
2
0
0
2
2
1
0
0
0
0
0
0
1
0
0
1
2
1
4
1
2
3
1
2
0
1
2
1
0
0
3
0
0
0
1
1
2
0
1
1
1
2
2
1
2
0
0
1
2
1
4
2
3
1
2
1
1
0
0
0
0
0
5
0
1
1
2
4
2
2
3
0
1
0
0
1
2
1
0
0
2
0
3
1
2
1
1
3
0
0
1
0
4
1
2
1
3
3
1
1
1
0
0
0
2
1
1
3
0
0
3
2
1
3
1
0
0
0
0
2
0
1
0
0
1
0
0
1
3
1
1
2
2
1
1
1
2
1
1
1
1
2
4
2
0
0
3
2
0
1
0
1
0
1
1
3
0
0
0
1
0
1
0
2
0
2
2
0
3
2
0
0
2
1
1
0
2
2
1
0
0
2
1
4
1
0
0
2
0
1
1
0
1
2
0
1
0
0
1
2
2
1
0
0
0
2
1
0
2
1
3
0
2
2
1
2
1
0
0
0
0
2
2
0
2
1
0
0
1
0
1
2
0
2
1
0
0
0
2
1
3
0
2
1
0
2
1
2
1
1
0
3
0
1
0
1
0
2
0
2
2
0
0
1
2
1
0
1
2
1
0
0
0
1
5
1
2
2
1
1
0
1
0
1
2
1
0
4
2
2
2
1
0
3
2
1
1
0
2
1
3
0
1
0
0
1
0
0
1
1
0
1
1
2
2
2
1
0
1
0
1
2
1
0
1
1
1
1
0
2
0
0
1
1
0
1
1
2
0
0
1
2
3
3
2
0
5
1
0
2
2
0
2
2
2
0
2
0
1
0
1
1
0
1
2
0
1
2
0
3
0
1
2
0
1
0
1
1
1
3
0
0
0
2
0
0
1
1
1
0
0
2
1
0
0
1
0
1
1
1
4
1
1
1
1
0
2
1
2
3
1
2
1
2
0
1
1
0
2
1
1
1
2
2
0
2
1
1
2
0
5
2
3
1
1
0
2
1
0
1
0
0
0
1
1
2
0
0
1
1
0
0
2
0
0
0
2
0
2
0
1
2
1
2
1
1
1
0
2
0
4
0
1
2
2
2
2
1
0
2
2
1
0
0
2
1
2
1
1
1
1
1
0
0
1
0
2
2
1
2
0
0
1
3
2
0
0
0
0
2
1
1
1
1
1
0
0
0
0
1
0
2
0
4
1
1
2
1
3
2
2
1
1
1
1
1
1
0
1
1
1
2
2
0
1
1
1
1
2
1
1
3
0
0
1
3
2
1
0
0
0
0
1
0
2
1
1
1
0
1
1
1
2
0
2
1
1
$ENER_FIT:
-0.101 0.367321 5.99962e-009
$MCA_CAL:
3
-0.101 0.367321 5.99962e-009
$PEAKLABELS:
1791.075, "Ag-110m"
2408.607, "Ag-110m"
2552.301, "Ag-110m"
2080.049, "Ag-110m"
1924.230, "Ag-110m"
1845.107, "Ag-110m"
1216.599, "Ag-110m"
3768.598, "Ag-110m"
1870.718, "Ag-110m"
2227.245, "Ag-110m"
1689.263, "Ag-110m"
2026.521, "Ag-110m"
4097.205, "Ag-110m"
1705.101, "Ag-110m"
4017.727, "Ag-110m"
2714.905, "Ag-110m"
4253.302, "Ag-110m"
3632.298, "Ag-110m"
186.908, "Au XRF, (Detector)"
211.145, "Au XRF, (Detector)"
3977.013, "K-40, (Bkgd)"
7115.996, "Th-232(d), (Bkgd)"
526.820, "Backscatter"
$ENDRECORD:
