$SPEC_ID:
PeakEasy Library File: Ag-110m, IdentiFINDER (LaBr3), 3.1 uCi @ 20 cm
$MEAS_TIM:
60000.00000 60179.00000
$DATE_MEA:
23-May-2011 16:33:29
$DATA:
0 1023
0
0
0
0
0
5922
50179
65379
71509
77060
101311
181987
239848
171510
116747
108263
111164
115386
119850
125712
131832
137265
142547
151335
159574
162504
162566
163692
167537
169108
169111
170154
170930
172348
175224
177360
181441
185337
189701
192182
193236
193552
192419
194044
193885
193077
191717
191980
191382
192142
193145
194164
193834
194745
195492
195924
196663
199081
203893
211586
223371
235860
247430
255675
262495
267635
269812
267877
262674
255610
249978
243884
237012
229513
221601
213647
206869
200539
194388
190431
183732
179135
174604
170506
167378
164279
161791
159223
157483
155064
152820
150168
148412
146169
143092
138143
136135
134325
134645
134331
133209
133147
131557
130814
129986
128077
128219
126742
127118
126393
126397
126459
126656
126303
125385
125141
125125
124809
125223
124697
124362
123935
123935
122509
122387
121618
121971
121469
121127
121115
121634
122505
122392
122783
122925
123277
123365
123452
123078
123407
124140
124495
125625
128000
132806
139619
146348
152765
155031
152579
146865
138073
130972
124515
119395
115525
112243
108093
103564
99369
96372
94108
91544
89998
87992
85753
84323
83604
82325
80350
78982
78648
76807
74834
73759
72848
71696
71079
70133
69657
69108
68440
67723
67415
66468
66182
65838
64529
63754
62999
62026
61042
60267
59982
59569
58795
58758
58470
58468
58741
60133
62114
64882
66967
69575
70762
71287
70546
70038
71127
76440
90131
116651
159818
218160
289066
359234
414253
439233
429423
388343
329503
267537
212837
172283
144267
125995
112506
103639
96590
92356
92374
94147
96354
96574
93213
86200
76214
65030
54291
45929
39642
36611
35491
36188
38339
41321
45143
50174
56992
64536
73219
80877
85746
85878
81540
72978
61870
49700
38122
29703
23276
19364
17198
16508
16858
18167
20469
23087
25979
28990
30880
31602
31139
29274
26581
23520
20119
17497
15396
14313
13646
13600
14115
15988
19744
25554
35561
50304
70096
94518
121605
147109
167836
179946
181058
170776
150988
124929
98196
73661
54028
39366
31118
27513
28310
33093
40590
50418
61121
71061
79124
82561
81892
76609
67811
56961
45832
35663
27164
20773
16419
13696
11926
10895
10228
9876
9859
9521
9823
9716
9929
9857
9896
9971
9910
9885
9745
9826
9499
9482
9717
9566
9471
9537
9550
9638
9840
9774
9498
9756
9922
9907
9841
10010
10160
10109
10166
10189
10376
10595
10702
10717
10706
10857
10718
10985
11074
11075
11131
11377
11497
11411
11505
11749
11619
11548
11581
11573
11509
11348
11353
11359
11220
11084
10974
10691
10509
9987
9764
9366
9182
8697
8493
8164
8080
7884
7757
7642
7626
7595
7447
7419
7312
7344
7258
7121
7095
6979
7014
6944
6926
6715
6649
6518
6442
6212
6028
5953
5748
5644
5360
5311
5043
4940
4747
4549
4289
4030
3873
3664
3534
3195
3054
2955
2771
2747
2514
2526
2443
2295
2404
2339
2311
2199
2245
2281
2350
2544
2929
3564
4595
5878
7637
9856
12615
15406
18654
21590
24222
26431
27664
27366
26506
24389
21744
18435
15236
12100
9429
7085
5312
4249
3272
2798
2520
2459
2428
2617
2883
3206
3590
3957
4516
5062
5722
6546
7146
7857
8515
9201
9604
10187
10653
10949
11543
12232
12585
12955
13617
13730
13829
13566
12718
11705
10203
8921
7303
5907
4623
3601
2829
2218
1736
1543
1448
1384
1287
1373
1415
1292
1255
1156
1107
1029
967
847
682
586
513
465
426
355
291
293
237
234
194
202
194
185
162
152
148
136
145
148
128
124
120
125
106
123
120
114
117
115
98
114
93
110
116
96
100
111
100
112
108
108
112
118
109
121
127
115
122
118
157
135
119
149
161
153
184
176
193
207
208
204
193
196
176
180
148
128
147
154
117
110
120
126
125
125
100
115
129
121
132
116
127
118
113
108
130
114
113
116
106
122
119
96
117
106
115
120
120
123
117
125
128
118
128
111
131
124
129
110
139
131
146
127
124
123
128
139
147
135
124
121
123
119
111
125
117
138
123
134
141
117
119
127
159
133
133
130
148
132
154
148
153
149
159
165
174
165
173
172
178
166
173
158
179
192
177
174
147
149
144
140
141
144
129
138
154
130
135
168
120
143
143
140
126
130
139
142
143
134
124
130
134
130
124
107
107
118
137
112
115
122
114
117
118
123
107
124
119
130
130
147
150
141
159
151
150
171
147
143
144
122
137
151
139
129
138
140
119
133
141
127
128
144
107
146
163
136
155
148
170
166
155
157
160
173
148
151
156
134
157
150
154
140
141
128
152
128
130
108
113
119
117
124
117
111
119
116
119
118
98
125
113
125
113
120
125
102
112
110
92
97
96
91
78
77
74
76
71
76
62
60
58
55
57
53
60
48
53
61
39
47
48
50
47
48
46
41
41
47
39
36
53
39
46
54
55
47
37
49
44
48
39
52
46
48
53
31
52
40
41
44
34
54
66
49
64
70
70
68
67
87
93
98
107
110
139
143
148
160
146
160
160
162
164
155
151
155
124
123
149
103
101
105
106
113
92
95
87
67
56
91
89
71
71
66
58
51
41
47
42
47
46
37
36
36
20
25
22
25
21
21
17
13
14
16
10
10
8
10
13
5
5
5
9
7
6
9
9
6
5
11
9
6
6
8
6
5
6
7
10
7
5
4
3
5
7
8
9
4
6
6
11
5
7
4
5
5
6
8
6
3
5
12
12
8
3
9
7
4
5
8
8
3
4
4
5
7
6
2
5
3
9
7
6
6
5
5
5
5
4
4
4
3
5
5
4
6
3
4
5
3
6
3
3
7
3
6
5
7
7
4
8
13
3
7
3
5
5
8
0
0
0
0
0
0
0
$ENER_FIT:
0.667 3.057604 -3.48775e-004 6.40169e-007 -3.51918e-010
$MCA_CAL:
5
0.667 3.057604 -3.48775e-004 6.40169e-007 -3.51918e-010
$PEAKLABELS:
218.089, "Ag-110m"
294.646, "Ag-110m"
234.865, "Ag-110m"
254.247, "Ag-110m"
312.036, "Ag-110m"
272.058, "Ag-110m"
461.474, "Ag-110m"
502.512, "Ag-110m"
521.010, "Ag-110m"
489.603, "Ag-110m, K-40 (Bkgd)"
871.024, "Th-232(d), (Bkgd)"
64.993, "Backscatter"
148.197, "Compton Edge"
11.899, "La-138, X-Rays"
$ENDRECORD:
