$SPEC_ID:
PeakEasy Library File: Zn-65, IdentiFINDER (NaI with Cs-137 seed), 2.9 uCi @ 25 cm
$MEAS_TIM:
7887.00000 7887.00000
$DATE_MEA:
6-Jan-2000 21:34:12
$DATA:
0 1023
0
0
0
0
511
3316
3440
3711
4453
8866
22394
28369
18470
9594
6253
5549
5596
5779
6116
6386
6751
7141
7749
8221
9034
9603
10077
10389
10566
10884
11290
11551
11696
11941
11952
12282
12511
13312
13915
13382
12842
12008
11894
12023
11892
11845
11735
11655
11437
11245
10876
10804
10704
10681
10832
10576
10610
10553
10630
10673
10512
10583
10694
10377
10425
10592
10353
10454
10150
10121
9911
9624
9680
9296
9269
9260
8963
8867
8769
8553
8265
8023
7769
7523
7165
6975
6964
6745
6641
6472
6341
6273
6269
5974
5919
5779
5676
5672
5643
5512
5403
5406
5240
5224
5032
4966
4909
4975
4776
4908
4782
4755
4668
4625
4519
4449
4437
4408
4295
4313
4165
4204
4115
4007
4001
3960
3830
3815
3831
3761
3773
3862
3731
3734
3848
3793
3809
3675
3697
3615
3669
3687
3689
3641
3540
3517
3490
3563
3398
3418
3310
3233
3130
2977
3025
2806
2697
2568
2413
2390
2417
2295
2206
2320
2204
2227
2264
2290
2250
2240
2139
2092
2086
2023
1876
1890
1850
1754
1691
1662
1477
1447
1455
1429
1438
1288
1377
1330
1297
1310
1332
1337
1346
1298
1354
1326
1381
1354
1430
1438
1502
1480
1515
1690
1879
2075
2275
2695
3102
3673
4347
5068
5904
6747
7631
8552
9385
10121
10695
11198
11244
11430
10944
10569
9999
9162
8320
7400
6365
5480
4748
3999
3292
2561
2286
1940
1578
1364
1298
1205
1058
1034
1001
950
906
946
971
971
934
900
964
973
951
1002
997
1010
995
1008
978
929
984
950
953
935
1013
933
1021
943
1036
966
1002
975
975
960
986
942
988
959
962
939
965
956
929
916
873
905
927
878
862
820
823
788
745
736
696
700
676
642
605
617
580
536
513
510
490
484
458
442
428
421
406
374
353
358
379
367
331
326
335
347
339
305
326
279
297
277
267
317
263
261
265
246
231
246
241
242
216
220
206
245
218
234
219
244
245
271
280
289
310
350
392
465
481
585
637
713
863
943
1062
1301
1347
1535
1658
1794
1992
2072
2064
2245
2329
2350
2324
2373
2353
2197
2191
2069
1943
1861
1705
1499
1359
1286
1139
1002
874
752
631
566
507
381
380
302
263
245
221
186
163
158
154
127
127
137
107
110
111
104
98
98
100
88
110
80
79
86
101
91
85
93
86
77
82
85
85
64
65
80
67
74
73
81
66
60
72
70
65
59
63
57
70
62
50
59
77
62
58
53
57
52
68
71
50
46
56
54
57
59
69
67
57
60
60
88
63
74
91
86
74
88
92
106
112
123
129
146
128
148
166
166
161
174
187
176
166
169
205
201
210
184
181
164
165
149
153
133
127
126
119
113
109
84
91
71
52
64
59
47
49
47
51
33
44
33
37
30
37
40
28
34
28
30
32
25
32
27
32
35
37
35
46
25
32
19
25
25
34
32
36
24
23
31
28
21
18
21
17
20
26
27
23
17
24
26
16
21
21
18
26
18
19
26
21
20
29
21
20
18
23
20
24
23
22
22
18
21
22
29
26
28
23
30
30
27
27
38
26
36
31
24
28
30
27
30
25
26
24
36
21
20
26
23
20
22
18
18
15
18
15
21
16
19
17
19
10
12
13
20
18
16
18
14
15
13
8
12
11
12
15
18
20
20
16
17
21
13
15
14
17
14
12
11
17
14
16
14
15
18
13
17
11
12
18
18
14
13
13
14
5
8
13
7
14
7
16
10
7
10
9
10
11
10
3
9
9
15
9
8
6
10
11
10
14
12
10
13
10
10
12
18
13
16
17
8
14
18
9
11
13
13
21
20
12
14
7
19
14
11
20
15
12
16
14
20
12
16
14
12
20
17
12
18
11
11
17
13
10
7
24
14
14
15
24
14
20
13
7
12
17
11
14
10
20
14
14
15
7
11
14
20
13
11
15
12
11
9
12
22
6
8
11
12
18
11
14
13
9
12
11
18
9
8
6
11
15
16
12
14
17
10
10
10
12
10
6
8
10
8
6
9
11
8
2
7
11
7
10
5
2
6
5
2
6
5
5
3
6
4
6
4
6
9
5
3
6
5
5
8
4
7
5
3
8
6
6
2
4
4
3
4
1
3
5
3
0
4
2
4
4
4
5
4
7
2
5
5
6
6
10
9
9
5
5
11
14
12
6
14
11
11
7
11
9
8
16
22
8
11
18
21
24
13
16
16
15
14
17
16
13
9
12
12
8
10
11
8
7
10
9
13
7
5
6
6
7
3
2
4
1
2
1
4
2
3
1
6
3
3
1
2
0
1
2
0
1
2
2
3
0
1
1
0
0
0
1
0
2
1
0
0
1
0
2
0
1
0
0
0
0
1
1
0
1
0
0
0
1
0
1
0
1
1
1
2
0
4
0
1
1
1
1
1
0
0
0
0
0
1
3
1
1
0
0
2
2
1
2
0
0
0
1
3
2
0
1
0
1
0
0
0
1
0
0
2
3
0
3
1
0
2
1
0
0
2
1
3
0
1
0
1
2
0
0
0
0
0
1
0
0
0
1
1
0
0
1
0
$ENER_FIT:
0.598 2.967529 1.78075e-004 -1.52449e-007 0.00000e+000
$MCA_CAL:
5
0.598 2.967529 1.78075e-004 -1.52449e-007 0.00000e+000
$PEAKLABELS:
370.297, "Zn-65"
171.766, "Pos. Ann."
10.867, "Cs-137 X-rays,(Detector)"
220.435, "Cs-137,(Detector)"
868.787, "Th-232(d),(Bkgd)"
483.918, "K-40,(Bkgd)"
38.153, "Rebinning Artifact,(Detector)"
$ENDRECORD:
