$SPEC_ID:
PeakEasy Library File: Zn-65, IdentiFINDER (LaBr3), 2.8 uCi @ 15 cm
$MEAS_TIM:
8851.00000 8856.00000
$DATE_MEA:
16-Apr-2015 10:33:39
$DATA:
0 1023
0
0
0
0
0
55
1382
2045
2280
2788
6359
16632
24154
16203
6559
3689
3489
3593
3761
3881
4064
4354
4643
5132
5580
5815
6130
6049
6342
6437
6604
6499
6730
6826
6920
7026
7118
7070
7197
7417
7368
7198
7268
7352
7311
7372
7423
7320
7101
7017
6861
6791
6706
6670
6544
6592
6415
6241
6185
6270
6229
6160
5897
5997
5922
5920
5962
5946
6210
6267
6463
6485
6511
6274
6056
6046
5774
5620
5447
5276
5180
4920
4834
4712
4503
4341
4155
4078
3936
3810
3743
3654
3635
3512
3423
3371
3267
3287
3236
3246
3066
3105
3032
2907
2954
2944
2837
2707
2680
2738
2763
2760
2648
2572
2510
2580
2459
2341
2417
2321
2093
2206
2108
2024
1980
1977
1965
2009
1973
1988
1959
1968
1961
1910
1880
1843
1805
1821
1841
1785
1845
1934
1848
1881
1881
1812
1759
1795
1790
1786
1776
1774
1734
1674
1752
1776
1791
1726
1711
1815
1773
1709
1786
1786
1837
2017
2191
2413
2694
3028
3202
3196
3046
2762
2482
2189
1893
1764
1713
1600
1641
1526
1563
1595
1562
1556
1497
1571
1504
1524
1512
1552
1481
1538
1512
1549
1569
1596
1505
1486
1550
1609
1570
1581
1597
1567
1513
1520
1531
1471
1487
1473
1497
1493
1431
1462
1451
1503
1509
1490
1409
1570
1425
1481
1476
1499
1480
1492
1484
1460
1558
1478
1530
1433
1463
1445
1508
1557
1468
1476
1550
1539
1539
1546
1511
1517
1482
1569
1539
1490
1581
1574
1573
1562
1618
1594
1591
1571
1587
1610
1688
1716
1736
1698
1695
1780
1719
1808
1812
1869
1779
1863
1827
1823
1845
1845
1827
1778
1883
1889
1887
1861
1922
1847
1866
1910
1987
1908
1969
1921
1894
1914
1917
1972
1923
2013
1914
1847
1903
1842
1774
1698
1662
1583
1428
1364
1233
1204
1149
1043
989
990
947
830
803
746
791
706
681
677
659
675
632
555
558
527
489
526
517
482
450
419
382
377
373
391
346
358
346
326
313
332
344
307
276
286
294
300
307
295
340
340
306
351
367
365
416
451
489
590
671
847
1039
1306
1639
2218
2668
3346
3941
4843
5674
6296
6888
7115
7211
7048
6508
5770
4931
4175
3290
2543
1781
1400
950
703
538
385
302
252
212
210
190
171
192
204
182
196
171
169
172
173
168
180
185
177
149
164
164
126
162
138
147
143
130
115
113
127
132
97
92
103
99
87
83
79
88
73
77
76
80
77
63
63
57
69
51
47
57
50
59
44
47
53
44
48
50
47
43
40
41
38
46
37
29
40
36
44
33
34
36
36
40
38
37
66
44
61
63
80
92
100
103
132
134
184
190
219
234
308
312
331
346
385
417
418
438
469
464
485
465
453
449
404
386
354
320
267
239
194
131
118
105
59
63
63
42
33
30
15
20
28
12
12
19
12
18
14
9
13
17
13
17
9
12
20
17
20
15
20
17
18
22
10
16
15
14
16
14
9
12
14
10
11
7
16
14
12
15
9
9
13
9
15
17
8
9
7
15
13
6
12
10
15
19
21
14
11
5
14
13
21
10
19
22
15
17
15
24
19
20
23
21
22
26
23
24
27
21
21
29
16
21
19
16
29
23
36
20
20
21
23
17
19
18
22
29
34
27
31
32
21
28
28
37
30
30
18
33
27
27
28
38
41
44
35
38
38
48
28
38
44
50
51
44
39
43
48
42
46
43
65
52
69
58
59
56
46
68
68
61
72
54
56
58
56
58
63
60
75
69
64
65
74
78
72
69
75
74
66
94
91
103
81
88
99
99
100
88
80
89
83
84
91
86
83
86
91
66
63
62
93
73
59
59
68
54
60
57
56
61
57
66
51
58
54
48
50
56
52
51
47
66
53
46
54
49
54
68
60
45
52
60
57
61
64
56
65
62
60
58
62
65
59
65
56
60
67
70
72
66
62
66
69
75
74
68
64
64
71
58
64
73
76
75
85
67
74
73
71
73
76
77
94
82
88
72
100
89
68
82
86
80
59
70
62
65
58
67
57
58
64
47
71
56
54
54
50
48
49
55
59
57
60
48
45
63
41
50
50
55
48
50
45
48
46
42
48
40
33
33
39
31
28
36
34
37
24
24
26
27
34
32
31
22
21
31
24
18
34
24
26
20
28
29
30
30
34
35
32
35
32
25
33
35
32
25
23
37
33
31
33
27
31
28
31
28
26
35
30
38
40
42
36
42
45
35
56
51
47
47
44
53
45
39
39
43
45
49
48
52
64
49
46
55
43
56
46
47
58
54
59
45
47
28
39
41
36
37
29
38
34
25
20
28
28
24
13
15
12
12
16
19
10
12
14
7
3
5
7
4
3
3
2
4
1
3
3
1
1
4
2
0
1
1
2
2
1
1
1
1
1
2
3
1
3
3
0
1
1
0
0
0
1
0
1
0
2
1
0
1
1
0
0
2
1
3
0
0
2
1
3
0
0
0
2
0
0
1
1
0
0
0
3
1
1
0
1
0
1
1
0
1
0
0
0
0
0
0
0
0
0
0
0
0
0
0
0
0
0
0
0
0
0
0
0
0
0
0
0
0
0
0
0
$ENER_FIT:
1.165 2.980000 0.00000e+000
$MCA_CAL:
3
1.165 2.980000 0.00000e+000
$PEAKLABELS:
373.534, "Zn-65"
170.640, "Pos. Ann."
884.510, "Th-232(d),(Bkgd)"
488.241, "K-40 (Bkgd),La-138"
11.964, "La-138,X-ray"
$ENDRECORD:
