$SPEC_ID:
PeakEasy Library File: Zn-65, Detective EX-100 (HPGe), 2.8 uCi @ 15 cm
$MEAS_TIM:
8697.20000 8858.74000
$DATE_MEA:
16-Apr-2006 12:50:07 AM
$DATA:
0 8191
0
0
0
0
0
0
0
1
0
0
0
0
0
1
0
1
0
0
0
0
0
0
0
0
0
0
0
1
1
1
1
2
0
2
0
1
2
2
2
38
1033
2259
2297
2229
2259
2172
2255
2253
2196
2182
2160
2145
2101
2088
2112
2087
2127
2060
2112
2014
2052
1915
2157
2008
2004
1991
2041
1994
1901
1965
1958
1860
1990
1926
1985
1990
1839
1907
1969
1820
1927
1978
1932
1903
1964
1877
1894
1843
1808
1774
1753
1850
1793
1793
1805
1843
1815
1747
1751
1733
1839
1728
1787
1756
1816
1752
1799
1764
1767
1775
1711
1704
1750
1738
1737
1673
1712
1735
1728
1703
1686
1744
1746
1838
1734
1683
1726
1673
1653
1722
1695
1721
1691
1663
1749
1670
1642
1768
1692
1714
1748
1675
1721
1694
1710
1699
1687
1639
1771
1695
1681
1717
1715
1660
1681
1772
1703
1778
1741
1672
1711
1770
1663
1796
1772
1774
1723
1798
1782
1820
1792
1834
1751
1902
1782
1923
1826
1850
1871
1921
1959
1995
2154
2167
2189
2170
2226
2368
2456
2424
2128
1956
2001
1943
2002
1943
1969
2043
2031
1993
1964
2024
2122
2103
2030
2082
2093
2073
2141
2195
2229
2364
2466
2348
2389
2339
2148
2189
2260
2279
2219
2186
2226
2218
2174
2164
2238
2240
2117
2266
2208
2157
2208
2294
2229
2293
2348
2352
2344
2310
2239
2357
2279
2362
2275
2393
2455
2380
2418
2380
2384
2453
2511
2528
2536
2449
2535
2368
2481
2478
2538
2472
2460
2410
2509
2570
2506
2494
2541
2517
2526
2495
2597
2589
2593
2506
2640
2641
2627
2697
2574
2668
2649
2575
2636
2664
2634
2543
2755
2652
2625
2547
2648
2563
2637
2639
2651
2745
2635
2625
2662
2654
2754
2647
2694
2717
2627
2793
2739
2738
2702
2808
2779
2712
2816
2712
2718
2731
2668
2711
2758
2841
2791
2880
2855
2787
2780
2808
2707
2812
2778
2851
2742
2842
2933
2829
2734
2852
2905
2855
2833
2862
2830
2855
2824
2897
2805
2842
2819
2855
2838
2891
2964
2857
2953
2773
2804
2828
2779
2818
2877
2849
2813
2888
2782
2982
2747
2839
2840
2827
2869
2723
2908
2789
2871
2831
2832
2742
2814
2946
2767
2792
2774
2815
2749
2761
2817
2758
2803
2843
2830
2839
2842
2817
2844
2792
2791
2784
2752
2717
2763
2685
2758
2727
2726
2729
2684
2725
2746
2800
2681
2699
2697
2695
2701
2713
2725
2649
2689
2678
2688
2632
2715
2680
2745
2593
2648
2653
2733
2647
2645
2637
2524
2680
2550
2524
2631
2623
2639
2692
2606
2625
2630
2717
2520
2706
2598
2587
2605
2584
2494
2623
2622
2668
2484
2533
2576
2610
2472
2651
2501
2571
2507
2664
2543
2610
2551
2495
2508
2562
2601
2506
2526
2515
2476
2610
2475
2504
2547
2568
2583
2581
2563
2530
2507
2555
2446
2468
2553
2446
2435
2461
2405
2521
2555
2491
2541
2396
2463
2426
2416
2525
2464
2506
2511
2475
2461
2520
2478
2469
2351
2469
2431
2436
2402
2343
2355
2454
2363
2400
2405
2381
2325
2323
2474
2405
2405
2394
2380
2346
2337
2396
2302
2336
2262
2350
2335
2377
2269
2376
2274
2304
2311
2305
2252
2415
2302
2339
2304
2310
2334
2359
2240
2316
2341
2300
2313
2343
2275
2347
2355
2397
2367
2450
2418
2433
2465
2483
2473
2628
2723
2654
2669
2644
2586
2721
2555
2571
2701
2577
2576
2610
2580
2632
2597
2540
2560
2540
2476
2590
2598
2490
2526
2577
2533
2416
2477
2491
2407
2517
2548
2455
2397
2433
2442
2448
2483
2488
2433
2384
2401
2493
2404
2386
2357
2407
2398
2346
2372
2401
2461
2383
2262
2331
2272
2316
2264
2319
2304
2341
2338
2303
2362
2376
2282
2298
2296
2345
2347
2272
2290
2256
2231
2298
2265
2221
2330
2175
2212
2342
2509
2653
2686
2627
2511
2297
2250
2243
2246
2200
2296
2342
2275
2178
2256
2134
2106
2032
2046
2057
2106
2060
2016
2109
2027
1991
2085
2084
1994
2035
2088
1981
1934
2009
2118
2079
1983
2034
1940
2025
1934
1977
1948
1938
1965
1979
1971
1925
1919
1926
1901
1934
1909
1879
1848
1987
1878
1898
1792
1889
1906
1815
1787
1764
1834
1882
1775
1758
1746
1781
1804
1842
1851
1843
1776
1777
1776
1781
1697
1713
1794
1784
1734
1713
1832
1751
1750
1846
1750
1776
1810
1804
1740
1667
1690
1697
1632
1658
1690
1631
1740
1608
1703
1691
1578
1711
1691
1700
1744
1661
1632
1654
1573
1634
1619
1656
1606
1582
1568
1656
1595
1598
1680
1632
1557
1551
1511
1600
1610
1557
1555
1552
1591
1562
1639
1565
1599
1594
1584
1556
1506
1602
1514
1559
1503
1578
1518
1517
1515
1545
1557
1522
1532
1605
1598
1669
1814
1887
1768
1659
1559
1464
1452
1503
1515
1475
1573
1516
1448
1469
1518
1462
1471
1574
1451
1386
1482
1440
1474
1477
1466
1410
1458
1482
1396
1418
1476
1466
1412
1417
1454
1415
1367
1423
1483
1420
1418
1437
1371
1402
1401
1432
1411
1428
1377
1365
1360
1344
1335
1332
1426
1367
1420
1383
1345
1435
1510
1325
1416
1349
1396
1307
1363
1354
1350
1463
1385
1360
1328
1424
1308
1317
1433
1334
1397
1361
1297
1411
1362
1415
1340
1358
1329
1382
1381
1382
1375
1329
1406
1348
1372
1294
1314
1314
1267
1286
1335
1375
1352
1313
1290
1346
1340
1281
1319
1329
1293
1297
1318
1343
1301
1357
1326
1365
1443
1413
1382
1352
1271
1314
1254
1272
1215
1247
1188
1288
1248
1202
1216
1221
1217
1244
1223
1183
1249
1226
1215
1202
1277
1247
1200
1234
1148
1215
1172
1151
1232
1176
1295
1390
1583
1715
1695
1591
1391
1262
1171
1121
1209
1143
1132
1167
1151
1153
1155
1126
1169
1150
1083
1135
1112
1184
1077
1127
1169
1155
1091
1124
1123
1085
1141
1135
1128
1132
1111
1083
1121
1074
1120
1119
1110
1131
1162
1078
1124
1091
1124
1109
1045
1054
1044
1117
1033
1073
1095
1072
1083
1118
1061
1102
1089
1060
1126
1053
1083
1039
1085
1089
1056
1021
1052
1064
1030
1075
1026
1114
1061
1084
1076
1008
1017
1093
1040
1026
1062
1039
1072
1074
1004
1004
1072
1027
1032
1060
1097
1089
1033
1058
1034
1082
1077
1079
1031
1056
1035
1049
1099
1033
1039
1062
1036
1003
1027
1019
1046
992
971
970
1007
989
1051
1010
1011
1048
969
945
1039
1002
1045
1007
1030
1075
1005
1017
983
1024
1004
1039
1035
1071
1088
929
1004
957
1001
1032
1028
984
1004
969
992
981
909
957
990
986
1016
955
1038
1049
979
992
1007
973
1008
971
984
954
973
1006
924
1012
1003
1016
950
1026
934
952
951
933
975
980
937
917
929
961
966
951
1026
996
945
955
927
980
918
995
898
952
939
904
976
963
966
984
927
898
932
953
968
960
975
943
952
938
948
925
930
935
920
948
958
887
992
879
939
876
944
934
956
958
953
940
916
944
963
971
923
925
933
935
939
888
905
909
941
937
934
924
918
938
925
921
879
918
932
905
956
898
907
964
912
902
911
913
913
885
914
901
891
958
922
924
959
855
854
905
920
953
864
907
895
917
855
929
856
938
893
873
903
895
908
870
873
911
922
910
875
899
867
911
939
883
949
891
952
914
876
908
875
847
841
929
875
882
897
851
899
890
861
906
895
916
859
974
896
943
885
887
870
877
880
884
882
875
904
905
877
895
782
870
864
895
923
886
819
842
866
854
871
843
926
906
876
843
885
843
812
841
904
878
839
817
845
839
891
826
852
831
845
822
882
892
910
867
840
861
871
862
858
881
875
849
860
869
847
838
877
874
832
905
844
850
860
855
864
831
872
900
843
829
858
880
886
862
859
875
843
835
838
865
882
883
835
876
810
844
862
822
815
815
909
859
872
926
881
963
1028
1112
1348
1702
2216
2940
4091
5137
6258
6908
7287
6813
6154
5057
3985
3016
2208
1610
1264
1057
967
907
873
803
852
783
827
798
787
828
808
811
809
808
864
822
838
782
844
810
893
828
845
811
824
774
779
764
782
770
774
798
840
804
795
813
836
814
825
752
803
829
790
823
840
764
789
782
834
801
838
856
802
846
760
822
761
743
760
814
831
802
834
792
790
777
882
802
795
777
782
796
793
813
779
778
813
783
743
785
769
813
844
749
833
805
784
801
774
816
819
751
784
790
822
829
757
811
777
793
805
810
789
811
806
794
813
821
793
796
786
769
832
789
785
728
785
796
767
786
796
836
800
871
804
754
812
817
778
837
872
761
827
854
773
799
843
798
759
761
827
744
775
791
805
813
795
814
780
825
798
836
842
769
810
805
831
785
783
793
792
761
749
727
786
755
786
755
774
790
806
799
817
810
813
745
784
815
760
786
781
823
773
825
811
930
1032
1067
1082
1027
962
829
812
747
802
740
761
808
779
799
818
821
803
828
803
756
754
803
771
846
780
776
790
820
789
809
788
727
769
863
748
801
766
708
772
741
793
777
849
706
757
754
797
795
756
743
789
762
777
775
734
781
748
805
770
793
749
783
796
823
832
846
797
839
801
927
1047
1236
1300
1298
1305
1125
936
846
853
820
817
757
817
771
749
782
809
803
776
738
769
773
765
747
772
809
797
730
778
771
775
772
775
860
783
787
827
737
769
757
740
791
763
791
754
768
731
778
810
786
787
828
768
824
785
834
783
812
758
780
857
774
763
810
835
783
804
809
769
785
743
780
785
792
781
808
761
777
770
788
780
828
791
796
797
795
800
779
832
795
814
771
840
828
837
806
717
762
819
775
827
772
839
797
765
827
797
763
733
737
762
819
784
768
816
734
766
831
789
788
766
800
835
777
791
804
760
788
788
794
844
804
842
778
828
764
801
822
766
808
821
848
790
801
915
866
889
842
816
861
780
779
802
743
826
797
781
859
822
797
824
757
810
782
786
787
763
812
822
779
812
784
777
770
834
809
822
845
787
788
773
820
805
739
834
767
793
797
848
781
780
791
743
832
738
806
785
783
844
753
836
812
788
763
777
812
804
778
816
770
853
796
834
749
793
786
812
765
775
795
843
857
812
815
813
817
777
824
818
811
805
814
828
783
772
825
799
831
854
878
828
872
799
805
770
777
820
827
811
837
824
808
795
850
802
827
828
810
829
838
886
810
819
860
789
825
826
825
780
774
842
804
824
848
773
810
789
872
799
858
852
798
821
876
796
872
851
840
851
832
845
845
816
815
784
803
764
824
784
860
789
821
838
847
828
870
809
804
818
857
836
848
852
828
777
890
786
777
819
863
876
815
856
880
913
914
908
869
818
836
865
853
857
829
831
872
847
834
877
837
876
811
826
847
847
877
821
862
838
844
823
847
849
809
873
841
832
844
777
829
830
841
893
877
856
844
858
862
837
909
854
938
877
860
894
889
896
855
883
892
825
849
877
899
861
862
882
862
887
911
874
872
888
873
835
934
917
876
844
884
862
924
917
884
883
897
866
859
922
959
926
904
884
856
878
881
884
906
893
905
929
896
915
862
913
937
953
874
946
905
913
940
924
898
947
955
965
938
964
1022
903
958
893
882
894
914
960
949
944
948
931
908
894
929
905
866
892
942
993
916
900
929
942
918
968
950
953
901
886
966
962
960
928
925
960
932
984
964
964
929
974
944
984
954
981
995
961
930
1002
960
937
962
977
936
931
964
963
921
922
945
985
923
989
956
998
954
958
975
1019
964
1080
993
1003
989
962
1002
994
976
1020
1015
964
948
960
1006
922
956
1050
982
985
1057
1003
977
1027
1029
1010
971
978
1050
983
1010
998
1039
966
1064
1033
1037
1021
1023
1046
1038
1049
988
1088
1024
978
999
1013
1046
1012
990
1121
1009
1063
1077
1038
1078
1032
1080
1029
1083
1101
1059
1062
1087
1091
1022
1058
1013
1080
1125
1063
1065
971
1058
1033
1067
1128
1060
1028
1070
1080
1107
1081
1072
1077
1112
1125
1049
1097
1066
1068
1138
1145
1039
1103
1084
1110
1134
1135
1182
1154
1116
1198
1174
1101
1164
1131
1118
1111
1168
1135
1173
1148
1125
1124
1222
1098
1101
1187
1060
1180
1169
1164
1146
1126
1142
1183
1130
1165
1234
1107
1168
1185
1135
1185
1176
1182
1236
1146
1151
1236
1195
1258
1194
1228
1194
1237
1204
1226
1194
1156
1216
1234
1265
1223
1244
1229
1267
1208
1167
1275
1228
1268
1190
1195
1235
1219
1299
1287
1225
1226
1211
1163
1282
1241
1249
1303
1351
1218
1321
1320
1335
1277
1347
1250
1253
1304
1349
1243
1221
1261
1272
1276
1302
1371
1357
1311
1329
1308
1296
1304
1317
1359
1391
1345
1336
1353
1316
1328
1373
1337
1291
1282
1356
1383
1343
1349
1324
1410
1394
1402
1404
1317
1335
1324
1401
1340
1298
1433
1396
1427
1386
1371
1367
1349
1335
1390
1386
1386
1350
1407
1362
1521
1424
1395
1420
1414
1447
1466
1397
1463
1347
1485
1373
1400
1422
1420
1442
1448
1425
1447
1454
1507
1412
1493
1488
1496
1483
1474
1424
1417
1447
1465
1481
1488
1488
1489
1425
1478
1410
1413
1425
1490
1434
1467
1474
1447
1495
1433
1472
1381
1470
1452
1386
1464
1370
1380
1320
1356
1333
1314
1305
1325
1306
1263
1299
1219
1151
1193
1107
1144
1171
1134
1139
1129
1155
1141
1219
1225
1201
1194
1116
966
987
976
981
944
994
982
993
923
887
845
881
888
863
848
915
860
850
893
893
870
849
884
822
880
850
839
857
881
813
883
847
833
801
811
781
786
813
793
842
871
838
795
778
821
760
747
782
724
796
794
767
791
796
767
716
743
754
789
755
739
780
807
825
744
785
739
740
753
762
741
773
767
691
666
721
713
685
693
750
691
709
747
714
706
686
680
729
703
738
662
703
690
745
673
700
668
672
658
666
674
651
693
663
636
655
655
674
690
665
651
634
626
642
620
651
661
600
599
590
640
622
622
645
625
620
588
606
629
625
634
607
613
593
580
559
593
565
580
589
621
593
640
604
646
613
595
548
559
561
543
590
659
662
706
731
651
569
535
506
506
542
528
520
528
518
529
483
525
493
505
497
523
476
508
466
458
469
422
477
475
482
454
494
452
453
435
440
445
428
441
443
436
448
481
441
435
399
398
398
418
433
420
426
432
431
386
427
416
394
384
345
391
373
382
395
408
395
373
347
344
374
372
379
345
395
360
342
330
330
326
335
323
344
352
356
328
297
343
333
355
313
300
316
309
314
301
325
341
308
311
300
292
300
293
272
279
299
275
286
265
271
274
318
273
290
296
309
263
256
261
261
253
259
248
272
296
274
267
300
253
260
269
238
275
246
268
243
247
251
241
223
236
224
246
248
278
238
259
230
210
209
229
226
225
210
188
224
231
260
211
228
228
215
227
222
230
201
195
185
212
202
210
189
196
193
193
204
194
197
230
189
175
189
185
190
221
210
214
200
195
200
211
224
203
203
206
200
216
199
193
217
232
190
197
179
178
221
195
195
196
186
174
224
178
183
195
187
193
209
177
170
185
200
187
180
164
192
170
190
212
192
183
181
219
175
190
203
182
195
190
187
201
184
160
159
188
196
197
183
184
159
173
195
184
164
195
174
188
168
186
173
181
185
195
175
182
192
189
176
170
186
157
173
183
209
180
149
159
172
192
195
192
171
169
194
171
167
192
181
173
189
170
155
169
187
149
215
167
160
172
171
157
196
163
154
182
176
197
151
155
175
191
170
166
196
173
147
177
179
146
170
166
152
171
160
168
171
173
150
168
150
157
181
162
195
145
181
172
160
153
188
177
174
160
185
197
160
189
165
165
186
155
156
182
196
199
184
153
161
182
187
185
181
166
182
196
179
160
176
185
171
191
197
212
186
203
191
208
203
201
239
227
201
213
242
230
276
268
301
274
339
429
511
841
1489
2430
4200
7258
12106
19454
30337
44736
60432
73786
79158
73011
58339
39154
22212
10709
4275
1462
538
217
147
167
217
214
221
182
150
87
73
59
61
57
63
55
44
49
42
49
43
42
44
44
37
54
51
54
45
44
57
48
56
53
53
43
50
56
39
64
60
39
51
49
59
58
43
52
50
56
47
49
41
48
43
54
40
46
54
57
47
54
52
47
56
58
50
59
59
61
47
49
53
49
54
45
47
47
56
53
61
55
61
50
52
52
51
43
67
53
44
61
48
56
56
45
61
66
68
74
64
68
71
53
61
53
48
56
55
48
49
53
70
50
51
57
55
51
41
51
53
57
52
47
44
53
57
48
55
50
49
49
52
50
61
57
48
57
51
46
58
63
61
53
49
64
64
85
80
84
79
79
80
69
57
54
57
55
51
46
56
53
56
51
71
59
40
48
56
47
52
43
72
51
61
57
63
31
50
55
44
50
49
61
57
56
61
51
54
59
41
43
51
55
50
71
59
49
45
45
47
57
64
55
45
56
58
50
50
40
51
50
44
37
56
56
45
53
42
54
53
43
57
48
58
52
54
50
54
63
52
53
59
72
37
39
54
63
61
57
57
52
55
55
57
54
49
50
55
51
51
48
54
61
57
58
64
53
61
59
56
69
63
48
48
54
62
68
56
55
47
50
38
62
45
59
63
53
51
59
54
51
45
56
57
58
40
49
55
54
51
63
48
54
48
51
54
51
57
48
54
63
57
60
53
53
57
62
60
56
70
70
59
49
68
48
66
59
56
61
59
58
68
73
75
100
101
128
93
98
86
72
58
52
58
39
37
58
53
54
55
47
33
29
48
43
46
53
44
45
51
44
50
43
47
54
40
48
46
44
55
48
56
52
44
37
34
39
41
40
39
44
38
37
50
43
33
47
43
35
40
39
37
36
38
45
26
42
34
40
33
36
46
41
33
30
50
38
38
35
45
36
34
45
36
44
36
30
38
33
40
36
42
34
42
28
36
47
42
44
37
35
42
40
37
36
36
31
36
37
39
38
36
37
42
48
44
43
43
46
37
45
51
61
53
44
44
44
51
44
33
32
41
37
49
42
47
37
42
31
28
37
34
29
49
40
35
41
38
31
37
38
28
33
39
43
38
29
34
36
34
38
31
30
27
37
41
48
33
38
39
31
33
40
40
31
26
31
29
27
35
32
47
39
32
30
25
31
42
26
42
20
39
39
33
42
32
36
38
28
29
30
31
42
20
29
36
24
28
36
35
31
42
32
27
28
29
26
25
38
36
25
39
38
26
26
34
31
36
26
37
34
31
29
28
26
32
29
18
23
33
30
31
33
42
25
23
46
25
31
33
36
30
29
26
28
31
31
33
39
34
44
56
50
68
61
54
53
43
39
48
22
39
25
26
21
30
27
19
37
24
24
20
34
31
26
26
19
27
13
33
22
26
24
24
23
31
20
27
28
22
23
29
25
25
25
19
27
24
25
21
25
28
24
27
26
24
26
31
23
33
22
18
32
22
22
30
22
25
22
26
14
20
24
18
26
29
24
25
24
25
24
25
35
14
21
24
33
30
15
21
21
18
21
25
23
26
26
27
22
23
21
21
20
23
22
31
15
21
21
25
16
27
26
21
22
20
29
19
29
22
29
26
29
38
41
46
66
56
63
63
72
42
34
31
17
22
18
27
29
23
30
18
24
24
28
26
27
26
35
20
26
21
25
21
18
17
30
14
24
21
25
21
25
13
19
23
14
22
30
16
22
20
16
27
23
21
29
16
19
19
16
21
21
28
18
22
23
26
28
25
28
32
31
37
37
30
32
28
25
16
15
19
19
33
27
23
23
37
42
37
46
47
47
34
28
28
14
28
22
17
18
24
17
20
15
18
14
19
16
20
14
20
25
21
24
10
20
14
17
18
23
22
18
11
21
26
20
13
12
18
18
12
26
13
18
19
30
16
23
18
20
28
28
21
15
11
22
26
22
19
19
13
20
19
23
20
19
18
14
29
23
25
18
30
27
17
21
19
22
23
13
24
25
19
22
22
20
23
13
12
27
12
25
17
24
21
20
19
15
23
9
21
15
16
17
22
15
22
21
15
18
14
14
18
20
26
12
22
18
18
20
22
25
23
17
17
33
22
30
21
22
24
34
41
54
77
107
151
206
314
466
705
991
1234
1537
1683
1518
1327
934
600
341
148
67
34
17
15
14
13
7
9
9
7
10
16
10
13
13
13
13
16
10
11
12
8
12
10
9
12
12
7
13
16
8
8
9
10
13
7
12
20
8
9
6
11
19
11
12
9
7
10
12
9
8
8
13
15
7
8
10
8
11
16
8
5
8
16
9
10
8
8
13
6
7
5
12
15
4
9
9
13
9
15
17
12
12
9
10
16
18
10
21
16
12
14
16
16
11
14
10
12
12
9
6
18
8
13
15
15
13
11
13
7
13
16
8
11
15
10
20
6
21
14
23
20
20
27
29
31
33
46
23
20
13
9
15
17
8
15
10
11
15
12
18
12
14
12
8
13
11
13
8
9
14
15
18
13
16
14
9
10
15
9
15
16
15
11
9
14
5
7
16
12
13
15
11
13
11
9
12
12
11
8
12
12
8
13
10
16
9
6
10
12
13
4
11
9
11
10
5
11
10
12
13
14
7
12
11
12
10
12
16
8
12
10
16
12
8
22
7
10
18
19
14
16
6
6
14
10
11
13
10
8
8
8
11
10
11
11
7
8
5
11
11
8
14
15
7
8
7
7
5
8
16
9
15
11
15
8
10
10
18
10
9
21
8
5
9
8
14
11
9
20
13
9
6
12
7
5
12
10
8
9
8
11
9
7
14
9
8
12
16
13
15
5
6
8
12
10
8
7
12
13
10
10
9
5
14
9
5
10
8
5
11
8
7
13
5
15
7
15
12
17
11
8
18
11
13
24
16
18
12
16
16
16
9
11
14
13
22
19
18
23
38
36
24
34
21
25
17
16
16
25
29
20
18
29
30
24
17
18
18
22
10
13
10
12
7
10
8
12
14
15
8
10
17
8
10
6
6
5
13
8
8
8
10
10
11
11
8
6
11
9
7
12
11
9
6
7
10
12
8
11
5
8
6
13
12
10
6
12
9
11
7
9
6
8
10
9
10
14
6
9
5
12
9
11
6
11
11
18
15
17
12
21
12
10
17
11
18
9
11
9
9
4
7
10
6
9
6
5
13
7
14
12
18
13
13
19
20
17
18
15
17
14
7
10
8
5
10
5
10
7
7
8
8
10
12
9
11
13
12
12
7
12
14
5
9
5
5
5
12
11
6
9
5
3
12
6
9
6
7
13
7
5
8
11
8
9
7
8
9
10
8
13
5
7
10
7
6
10
4
9
8
5
12
14
7
5
9
6
9
4
11
14
11
5
6
11
9
14
9
18
19
18
9
20
12
10
10
8
8
7
6
9
2
11
10
15
11
11
10
11
7
9
8
3
5
6
11
6
8
7
8
10
4
5
9
9
4
8
3
6
12
9
10
12
9
7
11
2
7
6
6
7
4
6
11
5
10
5
6
6
7
10
12
13
19
8
9
10
4
9
4
9
8
7
5
7
5
5
3
5
6
6
9
11
7
16
9
5
7
10
13
9
4
7
13
4
3
9
4
9
14
3
7
5
9
6
10
9
9
7
6
6
10
6
6
6
7
7
7
8
6
4
8
8
10
11
5
9
6
7
1
5
4
7
4
8
8
5
10
4
7
6
5
9
3
10
6
6
4
9
7
8
7
6
8
5
6
7
9
6
6
4
4
6
7
3
7
8
5
12
9
6
7
2
9
0
9
8
10
4
8
17
14
15
27
14
34
36
24
24
31
26
14
14
15
12
9
5
8
4
6
10
7
7
5
7
5
2
3
10
9
4
9
8
7
3
7
11
8
4
5
5
7
3
6
9
9
7
8
8
5
3
8
10
6
4
7
4
4
3
6
13
6
7
9
4
11
4
5
5
1
7
6
4
8
7
3
6
12
5
5
7
11
8
5
15
11
5
9
10
11
10
15
17
18
23
23
39
54
72
111
125
147
138
131
117
94
71
47
20
18
11
6
4
9
6
13
4
6
7
2
3
4
10
5
4
7
7
7
1
5
6
5
6
5
9
8
4
6
6
4
6
10
9
8
9
7
9
6
5
7
2
6
4
9
5
9
8
3
6
7
7
6
5
7
2
12
6
9
2
2
5
5
6
13
12
5
3
5
5
6
6
6
7
11
3
4
4
8
4
7
6
4
8
7
9
2
3
7
4
4
7
9
5
11
5
11
5
5
9
7
7
4
0
1
8
9
10
6
9
9
0
9
6
3
7
6
5
9
6
6
3
5
2
4
4
5
4
10
7
8
8
2
8
6
8
5
5
12
7
5
5
5
6
6
6
8
4
7
9
7
10
11
7
9
4
5
8
7
6
8
6
6
9
5
5
5
4
6
4
8
5
6
6
6
3
4
6
7
10
8
9
9
5
6
7
3
5
6
7
5
7
7
7
7
9
7
13
6
8
6
12
7
9
5
7
8
7
6
6
7
10
7
13
12
7
17
23
22
27
23
18
26
14
11
8
8
4
6
7
12
2
7
6
9
7
4
6
8
5
5
8
5
10
6
9
4
3
5
5
4
4
3
8
1
5
8
8
3
7
4
8
4
8
7
6
9
2
7
6
5
11
6
8
5
11
2
6
5
6
7
5
4
8
6
4
4
7
9
9
9
5
9
11
8
6
3
8
9
8
5
8
3
6
5
2
6
4
8
6
8
9
4
8
4
8
6
8
9
8
9
8
8
5
6
9
9
7
10
10
2
7
8
10
10
8
10
5
5
5
7
5
9
6
9
4
6
8
7
4
7
7
9
10
5
7
7
2
8
4
2
4
9
8
8
8
6
8
7
7
12
3
5
2
5
7
10
2
10
4
10
11
3
6
6
2
8
7
11
7
7
9
9
5
8
4
2
7
5
4
6
3
8
4
6
6
9
10
7
7
2
4
5
1
3
9
9
8
6
9
7
2
8
4
7
7
14
3
7
3
5
7
4
3
6
8
7
2
4
3
3
6
7
6
4
6
5
8
6
2
12
3
9
3
4
7
4
5
9
8
8
4
10
6
4
11
9
8
5
6
8
9
5
7
7
7
7
6
7
8
7
6
3
4
5
11
7
7
4
4
4
7
6
8
7
6
1
5
9
3
7
7
9
4
4
1
11
7
4
5
5
8
3
6
4
7
3
9
4
8
6
3
1
6
6
7
8
4
4
8
3
4
6
3
4
6
5
7
3
6
11
5
5
5
3
4
4
5
9
10
2
3
5
8
7
4
6
3
3
10
7
9
3
7
4
8
7
9
3
11
2
2
7
3
4
1
3
6
6
3
3
5
4
10
7
7
4
3
4
3
2
8
5
9
6
4
4
3
8
4
6
3
3
5
7
4
1
7
10
6
7
7
5
6
6
5
5
3
2
3
4
5
7
9
7
2
2
6
4
5
6
4
3
7
4
5
7
5
6
10
4
4
10
3
7
7
7
7
7
10
6
6
3
1
3
5
3
8
1
4
8
7
6
12
4
4
2
6
3
4
8
5
3
7
6
6
5
3
6
8
9
8
5
6
4
6
11
4
4
8
2
4
3
9
7
1
10
3
2
7
4
3
7
8
5
7
7
4
3
4
5
7
4
7
6
5
8
4
5
4
2
1
9
6
2
5
2
5
7
3
4
8
3
6
8
6
1
2
4
4
2
8
5
7
6
6
6
3
3
5
5
8
3
6
2
4
10
6
7
5
5
5
3
5
6
4
10
3
8
6
5
2
1
4
11
2
6
8
6
2
6
5
6
5
6
3
4
10
6
5
6
12
8
4
5
6
4
7
4
7
3
5
4
4
5
6
5
8
5
11
4
1
4
9
8
10
4
4
6
6
3
6
8
5
3
6
3
4
3
9
3
7
5
4
6
3
8
6
1
8
7
3
1
5
10
9
5
4
1
4
2
5
6
10
7
6
3
5
2
5
5
4
10
7
6
5
5
5
3
5
5
4
5
6
8
4
5
3
11
2
3
6
7
8
4
5
3
2
7
6
6
3
7
2
4
1
2
2
4
6
6
6
8
4
9
4
4
6
4
5
3
11
8
12
14
17
20
34
26
29
23
34
21
21
14
21
11
6
4
4
6
7
4
4
7
5
6
4
3
8
6
7
4
2
4
4
3
4
5
5
3
3
3
3
9
12
7
10
11
10
18
14
14
13
12
6
8
4
5
5
2
7
5
12
5
3
3
2
3
6
6
6
4
3
2
11
3
6
4
3
4
4
4
4
7
4
6
6
5
5
3
3
9
5
2
1
4
4
3
5
7
4
7
4
4
5
5
3
2
7
2
3
6
4
3
5
7
5
7
2
5
9
3
7
2
3
6
5
5
7
6
3
6
8
1
7
4
8
4
6
4
2
5
5
5
3
4
8
8
5
5
3
2
3
8
3
3
4
3
5
3
9
8
4
2
11
2
6
5
3
3
3
5
5
2
7
4
5
8
6
6
3
4
5
1
6
5
7
7
3
3
6
1
5
5
4
5
5
9
2
2
6
4
4
6
4
1
7
4
2
3
8
1
3
6
3
4
6
5
4
6
4
4
2
3
3
3
5
7
5
7
4
8
7
9
6
3
7
10
3
4
4
3
4
6
6
6
3
10
5
7
4
6
8
1
5
6
6
3
5
4
4
9
10
11
7
7
7
10
3
5
8
5
7
8
7
8
8
18
32
24
24
49
38
45
44
38
30
27
19
11
14
7
3
8
8
11
6
4
6
4
1
5
7
6
9
6
6
8
7
3
5
5
5
6
6
7
6
5
3
5
5
7
4
3
2
9
4
6
6
5
2
4
5
3
8
9
6
8
6
4
8
6
8
5
6
2
4
5
6
6
4
11
5
6
6
7
6
4
7
6
6
6
2
6
4
9
4
6
7
2
8
2
7
2
8
7
2
5
5
4
1
7
10
5
2
6
4
5
3
0
6
4
11
6
5
4
5
3
5
4
6
1
7
9
4
6
9
12
5
2
9
2
4
6
7
5
8
3
2
7
1
3
6
6
3
4
6
5
5
5
4
6
3
6
3
4
2
6
9
6
5
6
4
2
13
5
5
2
6
2
1
9
6
6
4
1
3
1
4
4
5
8
3
3
7
5
4
5
3
3
6
5
7
3
6
7
8
8
8
7
7
8
2
2
2
3
2
6
7
4
10
6
4
11
9
5
5
5
6
12
4
5
8
7
3
4
1
8
7
3
3
7
5
7
4
5
5
4
2
2
3
6
9
11
3
11
6
8
10
12
8
6
9
9
5
9
5
7
9
9
6
7
4
4
6
5
9
5
4
13
7
5
3
3
6
6
6
7
9
3
3
2
10
1
5
2
6
4
4
9
8
4
5
6
6
0
3
8
5
9
7
11
5
10
5
9
3
8
6
7
8
6
5
15
9
6
5
7
6
2
3
2
6
6
6
7
8
5
7
8
7
2
6
4
6
4
5
6
8
6
3
6
7
4
5
3
5
7
5
6
9
6
4
4
7
5
2
3
2
4
5
7
6
5
6
10
7
5
9
4
4
0
5
5
6
3
6
6
8
4
5
10
4
8
3
5
3
5
7
4
2
3
7
7
8
10
11
6
4
10
5
7
9
8
2
8
5
7
8
3
8
9
4
11
4
7
3
4
11
7
5
2
5
9
2
10
4
6
4
9
8
5
4
6
5
5
11
5
10
5
7
4
3
3
8
8
4
8
5
5
5
7
5
6
5
6
6
3
7
9
6
6
7
6
9
4
4
5
7
6
8
2
5
10
4
6
6
8
7
5
7
8
6
6
4
6
5
6
8
4
6
7
2
4
6
9
8
2
5
6
3
6
6
8
2
4
5
3
5
3
4
2
3
3
6
2
6
2
3
5
5
5
5
3
5
5
5
2
5
5
4
5
5
3
8
1
6
5
5
3
3
5
5
6
1
5
3
3
4
5
1
1
3
4
4
4
7
3
3
3
7
0
3
1
5
7
4
3
5
2
4
4
3
2
4
3
8
4
2
1
7
4
2
3
6
4
3
4
5
6
3
4
3
6
6
3
6
3
2
3
2
4
2
4
3
2
2
5
4
3
3
1
3
3
6
4
2
3
5
6
5
8
3
5
3
3
3
2
4
2
8
2
4
2
2
4
5
4
2
4
1
3
6
3
2
2
8
3
2
6
4
4
4
6
4
1
1
3
2
5
1
7
9
10
4
16
10
12
8
13
13
11
6
9
17
7
6
5
7
7
2
5
1
6
3
1
4
2
4
8
2
2
5
0
1
4
4
2
2
2
0
3
5
4
3
1
5
6
0
4
3
4
3
0
3
5
5
3
2
4
0
1
4
5
7
3
0
2
0
3
1
5
4
3
1
3
1
1
1
4
3
4
2
3
4
4
3
1
2
2
1
2
1
3
1
4
1
1
4
4
0
3
2
3
0
1
3
4
2
1
3
2
0
0
1
0
2
0
4
3
2
2
2
2
2
2
3
0
1
1
5
0
2
1
1
2
4
2
2
1
0
2
3
2
1
0
5
6
2
0
1
1
3
1
3
0
2
3
0
2
0
0
2
1
4
6
0
2
3
3
3
0
2
4
1
3
0
5
7
0
1
4
1
4
2
2
0
1
1
0
2
1
3
1
0
0
0
1
1
2
1
1
2
1
2
0
1
0
2
0
0
0
2
3
0
1
2
0
2
0
2
1
0
6
3
0
0
1
2
1
1
3
2
4
1
1
0
1
3
2
2
1
1
1
1
1
2
0
0
0
1
0
1
0
0
2
1
1
1
1
1
2
2
0
1
2
0
0
2
0
0
4
2
2
3
1
2
0
1
0
2
1
1
2
2
2
1
1
0
3
0
1
1
1
0
2
0
1
1
1
1
1
1
0
2
1
3
3
3
1
1
1
0
0
1
2
0
2
3
0
0
2
1
1
2
3
0
1
0
1
3
2
1
2
1
1
3
1
3
0
0
4
1
2
1
1
1
2
1
0
3
0
1
0
3
1
2
1
2
1
1
2
1
0
0
0
0
0
0
0
2
1
0
0
1
1
0
1
0
2
0
3
0
0
2
1
5
1
0
1
0
2
2
1
0
2
2
1
0
1
0
2
2
0
1
3
0
0
0
4
1
0
2
0
3
1
2
1
0
0
1
0
2
1
0
2
1
2
2
4
1
1
2
1
1
0
1
3
2
1
0
1
0
2
4
4
4
5
5
9
12
11
17
15
26
34
42
52
64
78
103
126
157
172
194
197
188
136
114
102
63
45
24
16
10
4
0
2
1
0
0
0
3
0
0
0
1
1
0
0
0
1
0
1
1
0
0
0
0
0
1
0
1
0
0
0
1
0
2
0
2
1
1
0
0
0
0
0
2
1
1
0
1
0
1
0
0
1
1
0
0
1
0
1
0
0
1
0
2
0
0
0
1
0
0
1
0
3
2
2
0
1
0
0
1
2
0
1
2
0
1
1
0
0
0
0
0
1
0
1
0
0
0
0
0
0
0
1
0
0
0
2
0
0
4
0
0
0
0
1
1
0
1
0
1
1
1
2
0
1
1
0
2
1
0
0
2
0
0
0
0
0
1
0
1
1
0
0
0
0
1
0
0
0
0
0
1
0
1
0
1
0
3
0
0
0
0
0
1
0
0
0
1
0
0
1
0
1
1
2
0
0
0
0
0
0
1
0
2
1
0
0
0
0
1
1
0
2
1
0
0
0
0
1
0
0
1
1
0
0
0
0
1
0
3
0
1
0
0
1
0
0
0
1
0
0
0
1
1
0
0
0
0
0
1
1
1
0
0
0
0
0
0
1
0
0
1
0
0
0
1
0
0
0
0
0
0
1
0
1
1
0
0
1
0
1
1
0
0
0
0
0
1
0
0
0
1
0
0
2
1
1
0
0
0
0
1
1
0
0
0
0
0
0
1
0
0
1
1
0
1
1
0
2
1
0
2
1
0
0
1
1
0
0
0
1
0
1
0
0
0
1
0
2
0
1
0
2
0
0
1
0
0
0
2
0
1
0
0
0
0
0
0
0
0
0
0
0
0
0
1
0
0
0
0
0
0
2
0
1
1
2
0
0
1
0
0
0
0
1
0
2
0
0
0
0
0
0
1
0
0
1
0
0
0
0
1
0
0
1
0
1
0
0
0
1
2
0
0
1
0
0
0
0
0
1
0
1
1
2
0
1
0
1
0
0
1
0
0
0
0
0
0
0
1
0
0
0
0
0
0
1
0
1
0
1
0
0
1
1
0
0
0
0
0
1
1
1
0
0
0
2
1
0
0
1
1
0
0
0
0
0
0
0
2
0
0
0
0
0
0
2
2
3
0
0
1
0
0
0
1
0
0
0
0
0
0
0
1
0
0
1
1
1
1
2
0
0
0
0
1
2
1
1
0
0
1
0
0
0
0
0
0
1
1
1
1
2
0
0
0
0
0
2
0
0
0
0
1
0
0
0
0
3
2
0
1
2
0
3
1
0
0
0
0
0
0
0
1
0
0
1
2
1
0
0
0
0
1
0
0
0
1
0
0
0
0
1
1
0
0
0
0
1
0
0
0
1
1
0
0
0
1
0
0
0
0
0
1
0
1
0
2
0
0
1
0
0
0
0
1
0
0
0
0
2
0
0
0
2
0
0
1
0
1
0
1
0
0
0
0
0
0
0
0
0
0
0
0
1
1
0
0
0
0
0
1
0
0
0
0
0
1
0
0
0
0
0
0
0
0
0
1
0
0
1
0
0
0
1
0
1
1
1
0
0
0
0
1
2
0
1
0
0
0
0
0
0
1
0
0
1
0
0
1
1
0
0
0
0
1
1
1
0
1
2
0
0
2
1
1
0
0
0
1
1
0
0
0
0
1
0
0
1
0
0
1
0
0
0
1
0
0
1
0
1
1
2
0
0
0
0
1
0
0
0
0
0
0
0
0
1
2
0
1
0
0
1
1
0
0
1
0
0
0
0
0
0
0
0
1
0
0
0
1
0
0
0
0
1
0
1
0
1
0
0
0
0
0
0
0
1
0
1
1
1
0
0
1
0
0
1
0
0
0
0
0
0
2
2
0
1
0
0
0
0
0
0
0
0
0
0
0
0
1
2
2
0
1
0
0
0
0
1
1
0
0
1
0
0
1
0
0
1
1
0
1
0
0
0
1
1
0
0
2
1
0
0
1
0
1
0
0
0
0
0
0
1
1
0
0
0
0
0
1
0
0
0
0
1
0
0
1
1
1
0
0
1
0
0
1
0
0
0
0
0
0
0
0
0
0
1
0
0
0
0
0
1
0
1
0
1
0
1
0
0
1
1
0
0
0
2
0
0
1
0
0
0
0
0
0
0
0
0
0
0
0
0
0
1
0
0
0
0
1
1
0
1
3
1
1
0
0
0
0
0
0
0
0
1
0
0
0
0
0
0
0
0
0
3
0
0
0
1
0
0
0
1
0
0
2
1
1
2
0
0
1
1
1
0
1
0
0
0
0
0
1
1
1
1
0
0
0
0
0
0
0
0
1
0
0
0
0
0
0
1
0
0
0
0
0
0
0
0
0
0
0
0
1
1
0
0
1
0
0
0
0
2
1
0
0
0
0
0
2
0
0
0
0
0
0
$ENER_FIT:
-0.179 0.366635 -4.06273e-007 7.20801e-011 -4.06807e-015
$MCA_CAL:
5
-0.179 0.366635 -4.06273e-007 7.20801e-011 -4.06807e-015
$PEAKLABELS:
3048.802, "Zn-65"
1395.973, "Pos. Ann."
7145.575, "Th-232(d),(Bkgd)"
3993.153, "K-40,(Bkgd)"
$ENDRECORD:
