$SPEC_ID:
None
$MEAS_TIM:
3536.13 3601.00
$DATE_MEA:
12/8/2008 3:30:20 PM
$DATA:
0 1023
0
0
60
78
143
222
420
740
1103
1470
1709
1914
2145
2241
2581
3170
4065
5630
7088
8254
8446
7598
6380
4867
3608
2965
2570
2442
2439
2622
2652
2805
2955
3041
3271
3323
3370
3428
3546
3805
4100
4252
4537
4906
5104
5440
5865
5997
6526
6789
7376
8098
8562
8676
8872
8321
7777
6665
5814
5069
4360
4146
3800
3674
3681
3794
3646
3668
3674
3783
3801
3794
3821
3878
3793
3760
3822
3854
3771
3793
3721
3834
3794
3852
3723
3743
3797
3710
3838
3656
3735
3717
3846
3836
3742
3793
3778
3828
3719
3709
3781
3789
3645
3686
3639
3608
3554
3564
3451
3456
3410
3392
3094
3047
3071
2920
2913
3015
3001
2894
2999
2972
2976
2916
2784
2821
2637
2611
2584
2646
2628
2490
2411
2446
2412
2400
2224
2166
2179
2134
2059
2180
1975
2032
2055
2041
1986
1931
2000
1908
1892
1843
1796
1740
1726
1743
1793
1737
1673
1584
1665
1625
1621
1532
1475
1503
1565
1460
1415
1485
1489
1476
1475
1470
1454
1498
1424
1467
1472
1524
1487
1530
1529
1522
1532
1552
1509
1477
1503
1561
1492
1526
1482
1549
1562
1632
1630
1699
1635
1657
1647
1518
1560
1529
1488
1414
1403
1400
1272
1315
1194
1129
1082
1133
1101
1054
1066
1039
1087
1158
1148
1140
1226
1280
1453
1454
1572
1620
1790
1859
1858
1989
2035
2132
2120
2120
2081
2119
2135
2185
2031
2026
1871
1777
1643
1689
1568
1483
1325
1222
1227
1077
1034
956
875
905
827
758
744
715
696
712
649
601
619
556
591
524
587
560
514
535
498
545
508
478
475
491
469
475
489
450
448
452
432
460
472
432
459
435
419
496
468
446
464
453
442
461
413
389
423
434
375
420
378
370
393
352
365
379
326
331
331
316
300
291
262
300
239
236
260
256
265
233
248
239
211
226
202
187
202
206
197
179
212
205
203
179
193
189
165
161
158
186
145
168
165
178
170
148
151
153
149
146
149
147
135
146
155
136
159
164
145
147
130
144
159
144
145
175
132
133
124
137
155
158
136
154
131
157
147
155
155
153
154
148
149
149
147
142
160
150
147
157
180
183
164
173
182
168
176
179
183
192
183
210
213
216
220
236
205
218
233
303
275
301
326
359
382
422
442
497
512
540
577
599
679
718
753
830
872
867
928
998
1059
1064
1121
1177
1157
1228
1233
1207
1174
1182
1161
1244
1184
1199
1111
1128
1059
972
948
949
869
799
728
723
667
582
484
475
422
385
319
302
285
212
207
192
152
146
148
124
100
72
94
75
81
75
51
61
53
44
36
43
50
50
39
47
36
45
42
37
38
37
40
43
45
45
45
48
48
40
51
39
35
37
57
46
42
52
48
41
37
44
35
42
51
41
38
29
48
46
33
46
40
32
41
32
31
37
41
29
40
36
34
40
36
32
34
28
30
22
27
33
34
36
31
37
30
25
33
21
38
33
34
36
36
24
34
30
38
32
27
34
43
38
33
30
28
31
26
32
38
40
25
25
33
36
35
25
35
36
32
29
37
30
40
42
30
36
32
29
32
28
36
34
37
28
50
29
39
32
25
39
32
25
37
34
30
34
35
20
36
27
31
50
18
38
24
30
39
30
39
25
30
28
31
33
35
23
30
27
16
24
19
25
22
37
29
32
23
28
30
24
28
38
23
24
21
36
19
34
31
23
25
26
32
24
17
25
22
30
23
24
23
19
20
25
22
23
39
23
19
27
23
15
27
21
42
22
29
18
21
24
25
19
27
26
24
25
20
14
31
23
28
20
34
25
21
22
18
24
29
18
13
22
20
25
19
21
28
20
16
23
23
15
23
26
24
23
35
25
22
25
26
26
20
28
23
17
19
26
20
22
29
28
19
33
22
15
26
15
22
26
18
21
16
28
25
21
20
11
21
33
28
25
22
30
16
32
15
23
20
22
26
18
14
26
27
18
22
27
22
19
19
16
23
21
16
21
23
22
16
21
23
25
18
20
13
14
16
25
18
12
23
29
16
22
18
22
17
17
12
12
12
16
11
21
14
9
18
16
13
12
14
14
16
16
9
16
12
16
11
13
10
16
14
10
17
13
11
12
9
10
13
13
17
19
13
13
18
12
9
13
13
11
17
11
18
5
11
4
12
8
11
6
10
8
7
9
12
18
10
8
16
15
11
9
12
18
10
16
12
8
8
10
12
8
10
11
11
11
10
16
9
6
12
9
7
11
11
15
7
17
16
11
7
7
10
13
13
8
10
14
15
15
13
10
11
12
4
14
10
8
13
11
7
12
14
12
11
11
8
12
9
16
22
11
14
11
8
12
13
14
14
12
23
12
12
19
19
12
18
18
13
19
23
29
18
24
22
20
19
19
22
21
21
24
26
25
19
12
26
25
14
20
23
18
21
16
23
14
11
18
18
18
23
14
21
22
21
21
21
17
20
19
19
16
10
15
17
16
10
15
5
14
11
7
19
4
14
8
11
11
10
5
6
4
5
7
7
6
14
9
8
5
3
4
5
7
8
15
$ENER_FIT:
0.000 1.500000 0.00000e+000
$MCA_CAL:
3
0.000 1.500000 0.00000e+000
END
