$SPEC_ID:
PeakEasy Library File: Rb-86, IdentiFINDER (NaI), 2 mCi @ 1 m
$MEAS_TIM:
60000.00000 60305.00000
$DATE_MEA:
5-Apr-2011 13:36:58
$DATA:
0 1023
0
0
0
0
21795
113088
134893
177631
230745
277519
313284
327222
336818
351920
373407
393850
414472
432544
450820
468630
482495
505241
531531
561584
596763
613010
611180
604642
595984
588487
580142
571297
569387
566183
563979
566656
567312
583002
594296
586634
565787
535833
526394
521794
516046
510602
505872
499503
491454
485286
478761
471233
461285
453634
449121
443003
437952
435420
431295
429025
425934
424181
421190
420775
424201
427687
433653
439833
444520
449926
453095
450974
445723
439555
427707
418238
403696
389743
376939
362536
348451
336366
324902
313906
305414
296701
288472
283249
275107
269011
260990
253017
245093
239994
232637
227746
221595
217140
212463
207887
202123
197611
192424
187773
184256
181080
176908
174548
171845
169774
166763
163805
161274
158643
156040
152961
150663
148645
145972
144188
141778
140390
137417
136345
135069
132819
131322
129896
127934
127173
125097
123550
122652
121778
120491
118915
118327
117502
115804
114811
113712
112333
111599
110491
109874
108918
108143
107246
106435
106084
105625
104348
103316
103359
102531
101792
101422
101238
100294
100765
100561
99712
99653
98803
98201
98195
98368
97731
97201
96777
96818
96051
95635
95351
95090
94751
93666
93572
94156
93449
93410
92961
93144
93284
93174
93090
92516
92307
92435
92506
92879
93368
93811
94842
94574
95553
95984
95668
96693
95911
96566
96347
95594
94997
94426
93331
92711
92284
91123
91389
90374
90148
89060
88583
88404
88303
88520
87959
87835
88032
87871
88215
87624
87777
88563
88150
88742
89382
89599
89413
89611
89652
89835
90346
90114
90151
91119
91553
92090
92154
92446
92637
93149
92742
93804
93583
94385
95168
95320
95900
96219
96478
96776
97974
98716
99394
100238
101473
102468
103091
103219
103772
104157
105365
103695
103698
103630
102553
101967
100600
99092
97332
96146
93481
91321
88068
85492
82839
79774
76611
72941
69632
66188
63282
59727
56437
53748
51281
48210
45984
43344
41281
39194
36961
35795
33857
32297
31256
29801
28526
27014
26003
24597
23775
22721
22021
20903
20038
19298
18531
17632
17036
16605
15932
15417
14679
14278
14062
13584
13191
12916
12491
12298
12168
11858
11939
11856
12185
12388
12778
13487
14672
16083
18151
20790
24173
28699
33776
40179
48285
57876
68124
81297
95233
109815
127850
145522
164612
183325
203237
220783
238628
254227
267587
278498
285437
289326
290032
286524
279286
269522
256272
240541
223858
205521
185041
166034
147358
128319
111527
95991
81999
68665
58013
48540
40300
33400
27731
23131
19620
16410
14048
12085
10494
9163
8182
7421
6825
6097
5620
5144
4846
4325
3973
3582
3356
3114
2935
2516
2332
2158
1934
1744
1637
1452
1394
1252
1171
1100
978
920
884
834
756
718
673
645
681
630
617
607
588
563
556
521
527
553
475
519
504
500
455
483
434
469
465
435
485
471
462
438
437
412
464
461
435
459
452
494
469
503
493
474
432
469
446
483
501
522
505
502
525
555
577
592
565
623
675
668
731
761
784
852
895
976
1008
1070
1097
1166
1183
1297
1217
1289
1338
1298
1256
1254
1210
1172
1147
1145
1115
1013
936
886
780
721
710
652
630
566
519
460
431
412
372
336
329
309
280
319
295
268
277
278
254
291
253
255
246
259
266
271
264
251
243
259
226
223
230
214
234
217
206
203
190
231
180
196
198
185
188
175
177
146
170
174
183
155
147
146
166
162
165
150
160
128
137
148
159
151
136
170
154
170
169
143
169
152
184
166
164
144
190
167
185
198
195
196
200
201
195
201
188
218
228
204
224
195
190
197
200
178
173
161
171
201
163
138
152
159
158
158
139
126
136
125
140
126
113
124
128
129
119
130
126
117
129
126
116
119
121
99
105
104
127
111
114
102
109
101
98
99
124
98
99
82
90
100
104
105
98
98
98
94
84
108
104
70
100
97
86
77
92
93
74
83
90
101
80
90
86
82
90
73
88
84
87
88
88
76
78
98
88
74
85
89
79
87
76
97
81
88
99
102
84
95
94
87
93
114
111
112
108
105
86
84
109
110
118
121
128
100
134
117
116
124
123
104
111
113
113
108
111
119
97
100
114
101
125
106
103
103
116
102
115
111
109
103
114
94
111
105
133
113
85
127
110
110
98
106
110
87
92
112
117
107
98
91
97
99
86
96
92
74
94
89
87
86
85
72
85
85
83
77
86
71
84
84
89
76
61
70
76
77
67
78
79
66
71
56
67
69
60
51
67
58
41
60
51
53
48
51
46
46
50
54
44
46
42
49
48
48
36
38
39
38
36
45
50
46
32
46
44
32
39
44
52
39
34
32
40
39
28
33
34
26
26
20
29
30
25
34
32
28
25
31
27
25
44
41
38
49
53
41
33
44
45
64
51
66
66
58
68
84
65
78
77
66
84
93
117
91
107
100
94
93
82
104
108
118
113
124
117
90
99
114
100
81
76
81
85
85
79
57
57
52
59
63
57
66
39
43
27
37
37
35
33
28
25
29
27
17
12
30
21
21
23
18
20
12
10
15
16
19
16
16
16
10
12
11
12
15
12
12
12
11
14
8
17
5
8
12
12
11
8
9
11
11
8
13
11
12
14
16
13
9
11
8
9
8
11
7
11
10
15
10
14
13
12
12
10
10
9
9
13
12
3
9
11
10
12
12
13
14
8
7
11
14
15
11
7
9
12
7
7
12
13
11
10
5
8
8
9
6
10
17
9
2
10
18
10
5
4
13
5
7
6
7
8
10
9
9
11
8
10
14
7
3
14
12
10
12
10
$ENER_FIT:
8.003 2.993396 0.00000e+000
$MCA_CAL:
3
8.003 2.993396 0.00000e+000
$PEAKLABELS:
357.114, "Rb-86"
199.950, "Cs-134"
486.735, "K-40, (Bkgd)"
872.779, "Th-232(d), (Bkgd)"
71.277, "Backscatter"
38.439, "Binning Artifact,(Detector)"
$ENDRECORD:
