$SPEC_ID:
PeakEasy Library File: Rb-86, Interceptor (CZT), 2 mCi @ 1 m
$MEAS_TIM:
65814.60000 65822.10000
$DATE_MEA:
05.04.2011 13:27:15
$DATA:
0 1023
0
0
0
0
0
0
0
0
0
0
0
0
0
1560
3625
3759
3799
3787
3934
3929
3954
4043
4006
4285
4360
4521
4733
4858
4981
5072
5195
5304
5490
5600
5805
5892
6114
6016
6339
6228
6389
6524
6421
6400
6761
6899
6897
6886
7043
7106
7169
7160
7067
6974
6929
6847
6954
6852
6881
6905
6855
6795
6718
6575
6702
6579
6518
6353
6223
6096
6291
6257
6039
6207
6071
6021
6048
5902
5953
5802
5846
5826
5892
5738
5716
5504
5470
5458
5306
5359
5256
5109
4929
4870
4783
4685
4676
4579
4578
4411
4269
4165
4150
4151
4087
3903
3927
3785
3741
3677
3532
3503
3439
3408
3283
3264
3301
3318
3166
3275
3178
3079
3022
2977
2939
2889
2991
2924
2826
2864
2861
2889
2844
2868
2860
2942
3013
2972
3095
3115
3097
3117
3018
2999
2788
2659
2563
2546
2547
2379
2370
2352
2241
2173
2068
2123
2007
2028
1918
1899
1816
1764
1766
1688
1707
1591
1538
1598
1565
1502
1625
1433
1470
1420
1364
1417
1403
1258
1300
1250
1282
1182
1203
1210
1158
1143
1130
1147
1149
1104
1026
1105
1057
1011
1016
1003
1024
992
940
914
964
975
953
890
879
886
887
902
822
827
874
831
820
802
824
809
809
837
812
803
749
808
732
793
776
781
762
747
763
685
711
683
743
663
675
736
711
686
687
671
638
640
645
609
617
681
605
636
635
664
606
658
612
621
618
600
616
624
625
600
593
587
587
594
599
601
601
535
566
594
525
584
529
551
526
520
550
552
548
547
536
535
529
538
529
588
538
570
514
519
534
556
486
500
497
539
475
509
490
486
474
494
519
487
471
499
469
485
457
472
479
472
498
464
455
535
436
477
476
465
482
443
496
427
435
440
459
468
461
400
472
447
416
459
448
434
451
426
479
405
453
465
437
458
413
425
417
414
399
432
426
403
435
432
403
436
396
412
431
350
410
401
443
409
440
396
402
398
453
439
389
423
430
422
416
402
414
403
424
455
442
390
425
432
396
415
436
396
399
405
410
419
430
419
410
406
410
391
400
375
430
420
406
457
451
401
404
384
401
406
408
351
373
378
380
409
408
359
411
382
364
355
395
366
391
391
368
374
407
370
392
371
371
356
411
327
401
363
353
363
400
368
372
387
388
374
394
417
394
383
405
371
409
349
396
417
371
377
392
405
384
394
403
380
423
381
392
384
424
380
426
403
346
363
390
408
398
394
377
367
410
395
389
370
420
379
366
386
394
405
415
398
395
390
417
383
413
398
423
428
357
397
398
373
413
441
444
429
387
440
381
404
404
427
450
437
427
380
419
425
471
453
375
434
425
455
430
449
476
392
456
423
431
464
461
487
418
476
411
425
410
458
400
432
431
468
439
449
443
451
412
462
441
418
466
443
441
423
437
417
405
400
428
380
411
391
431
402
388
400
371
356
350
325
360
326
284
314
274
237
219
200
202
180
158
174
144
106
122
99
92
109
99
86
89
84
92
72
80
89
69
85
59
74
69
67
69
66
69
71
68
61
75
72
56
68
78
59
71
70
70
62
55
56
60
60
50
54
49
46
53
65
28
43
53
61
53
36
56
47
41
48
45
46
41
47
36
39
44
42
63
49
47
56
47
32
39
50
47
39
47
59
55
47
58
62
65
71
59
55
68
60
62
64
66
86
75
80
68
91
88
89
93
107
105
104
103
138
114
146
153
124
160
181
149
201
204
213
215
218
214
289
293
278
294
352
364
376
366
385
418
480
450
546
611
693
738
800
882
881
723
705
520
358
223
124
59
27
15
5
4
7
2
5
4
1
5
5
3
5
4
1
9
5
6
6
5
4
4
3
6
2
5
5
2
1
4
3
3
4
0
1
2
3
2
2
9
4
3
6
2
3
2
1
3
6
2
1
7
4
3
10
2
2
5
9
4
4
4
3
4
1
3
1
6
1
1
0
2
5
3
6
2
5
5
2
0
3
2
3
6
2
5
2
6
3
1
2
1
4
0
4
1
4
0
2
0
4
2
0
6
3
5
3
4
0
1
4
2
1
4
1
1
0
0
0
2
2
0
2
1
0
2
3
0
2
1
0
0
1
2
2
0
3
1
3
1
2
3
3
0
2
1
2
2
2
0
0
2
0
1
1
3
2
2
1
2
2
1
0
0
2
3
1
0
2
1
4
1
0
3
1
1
0
1
2
0
1
1
1
0
2
5
1
3
2
0
1
3
2
1
1
1
1
0
0
3
0
0
4
2
2
1
1
1
4
2
0
0
3
1
1
4
0
0
2
1
3
1
0
3
1
1
1
1
1
2
1
2
3
2
5
0
6
4
0
4
2
1
2
3
1
2
6
2
3
4
3
2
2
2
1
1
1
1
1
2
1
1
3
0
1
2
2
1
3
1
0
1
0
2
3
1
2
0
1
0
1
0
3
1
0
1
0
0
0
0
1
1
2
0
1
0
2
$ENER_FIT:
0.000 1.500000 0.00000e+000
$MCA_CAL:
3
0.000 1.500000 0.00000e+000
$PEAKLABELS:
719.214, "Rb-86"
971.384, "K-40 , (Bkgd)"
143.104, "Backscatter"
$ENDRECORD:
