$SPEC_ID:
PeakEasy Library File: Rb-86, IdentiFINDER (LaBr3), 2 mCi @ 1 m
$MEAS_TIM:
60000.00000 60201.00000
$DATE_MEA:
05.04.2011 15:44:31
$DATA:
0 1023
0
0
0
0
0
10143
132960
191173
245875
289513
348974
474971
567101
471105
367772
347243
351490
352829
356326
360599
361917
366769
368939
370647
375658
377018
377545
376089
374132
372124
368485
364564
359530
357877
358459
356791
352959
349067
349172
348579
347157
344191
340449
335560
331463
324011
318712
314796
310079
305705
297998
293209
286747
280162
274661
270905
267069
263285
260093
258861
255521
251516
250098
248376
247000
246639
249809
259727
272994
284635
290083
289712
282737
271063
260182
249846
240526
231763
223714
214160
204728
195021
187323
179950
175005
170440
166097
161512
157071
152444
148218
144685
140422
137151
133301
130630
128442
125174
121866
118971
116135
112499
110186
107828
105269
103271
100661
100334
98546
97317
95696
93585
91809
90379
88090
85848
84551
83510
82530
82216
81773
81239
80069
78837
78120
77262
76617
75403
74605
73791
72994
72843
72786
72971
72339
71537
70423
70230
69277
68590
68489
67667
66830
66857
66129
65315
65261
64535
64090
64430
64044
63360
62707
62358
62259
62199
61404
60943
61214
60951
60659
60276
59833
59743
59322
59653
59920
59890
60007
60625
60176
59812
58873
58432
57822
57522
57221
56407
56943
56800
56649
56680
56920
57029
57537
57483
57986
58301
58602
58742
58638
58034
57583
57596
57689
58335
58846
60065
62156
63714
65059
65107
64479
63522
61617
59156
57756
56715
55095
54674
54550
54562
54235
54586
54905
54638
54780
54841
55088
55065
55048
55378
55052
55215
55396
55340
55520
55428
55482
55964
56197
56108
56189
56443
56907
56661
56350
56741
56991
56863
57559
57430
58050
58418
58495
58942
59048
59560
59532
59931
60408
61103
61670
62089
62577
62877
63867
63682
64410
64943
66104
67011
68581
69811
70939
71729
72725
72882
72753
72743
71994
71704
71680
72132
72031
71694
72177
72313
72539
72780
72313
71595
71038
69818
68273
66536
63750
60632
57440
53742
49384
45377
41811
38269
34952
32780
30530
28554
26963
25627
24235
23260
22012
21272
20289
19472
18459
17392
16666
15837
14913
14191
13572
12711
12126
11651
10885
10437
9838
9392
9083
8525
8347
7962
7581
7145
7124
6602
6335
6250
5965
5674
5648
5485
5288
5246
5105
5087
5138
5282
5587
5972
6535
7169
8416
10147
12666
16557
22993
32687
47338
67904
95521
129915
170829
215437
258524
297120
324157
336829
333923
314461
280952
238851
192888
147961
109338
77420
53369
36377
24217
16474
11150
7721
5314
3865
2915
2300
1859
1787
1612
1516
1466
1479
1404
1470
1437
1421
1398
1447
1407
1453
1434
1389
1432
1371
1453
1409
1323
1336
1253
1293
1296
1258
1236
1224
1248
1199
1258
1267
1213
1117
1176
1037
1011
1035
941
914
865
832
779
753
727
699
674
629
605
566
591
572
565
544
535
514
501
453
455
393
442
409
379
374
386
352
375
348
348
341
312
329
369
335
347
377
364
356
331
363
359
365
326
344
312
321
312
326
320
328
358
444
492
543
669
837
1027
1123
1346
1616
1897
2057
2346
2577
2790
3037
3263
3410
3620
3798
3807
4103
3923
3807
3565
3465
3128
2700
2290
1800
1581
1241
1001
777
606
506
381
298
268
258
204
179
165
166
113
126
120
98
118
123
118
135
128
133
133
136
156
133
121
145
148
164
154
150
162
174
153
135
133
138
133
126
122
109
112
96
112
120
134
111
92
92
92
86
99
101
90
86
98
98
94
105
82
98
110
111
90
88
110
101
128
119
114
121
111
121
131
119
134
143
150
136
140
169
174
175
182
190
210
205
200
174
193
209
181
200
193
176
191
214
157
152
149
150
168
157
171
142
169
190
187
181
179
206
197
206
200
207
184
219
215
253
253
234
239
242
268
271
278
261
261
278
284
249
297
325
357
348
351
342
366
368
320
348
355
364
400
420
410
372
468
441
426
443
426
445
454
463
463
453
443
459
479
450
485
511
522
540
530
589
599
582
629
610
662
656
698
717
709
708
745
750
757
713
777
746
775
700
708
735
691
653
658
585
585
563
546
531
493
485
509
457
462
430
483
461
428
440
441
428
425
425
416
405
415
407
457
426
408
401
406
422
410
421
425
431
453
460
481
450
437
422
455
447
475
489
452
457
457
523
515
529
551
522
501
503
483
493
522
543
497
515
522
584
540
562
563
567
598
602
651
626
653
650
654
653
606
678
667
686
656
645
655
645
623
595
581
599
561
514
509
500
426
466
439
448
428
457
436
478
452
442
459
459
453
482
510
509
466
443
459
437
449
443
404
407
406
379
331
322
298
296
300
258
270
217
216
213
223
178
198
203
200
204
212
222
197
196
199
200
223
216
226
196
222
214
192
217
208
193
252
216
240
233
214
247
223
219
229
236
235
228
252
244
242
239
241
267
251
268
259
283
285
300
290
319
342
307
327
368
323
361
374
386
384
416
435
449
391
406
427
448
476
455
470
476
461
467
457
484
455
436
432
460
417
390
402
370
321
320
301
283
248
222
205
199
172
163
123
120
114
89
75
74
83
62
48
42
40
33
36
50
37
26
28
26
20
24
17
16
13
18
14
16
11
19
9
11
13
13
15
6
10
10
7
6
11
10
9
7
6
8
6
7
9
6
9
10
3
10
5
5
5
5
7
1
4
7
6
4
8
7
3
4
8
7
4
5
1
8
7
8
8
9
5
4
6
5
5
10
7
7
6
3
11
6
5
6
0
0
0
0
0
0
0
0
0
0
0
0
0
0
0
0
0
0
0
0
0
0
0
0
0
0
0
0
$ENER_FIT:
0.777 3.092508 -6.36846e-004 1.35912e-006 -9.18873e-010
$MCA_CAL:
5
0.777 3.092508 -6.36846e-004 1.35912e-006 -9.18873e-010
$PEAKLABELS:
359.758, "Rb-86"
267.012, "Cs-134"
201.054, "Cs-134"
488.053, "K-40 (Bkgd), La-138"
11.600, "La-138, X-rays"
880.390, "Th-232(d), (Bkgd)"
71.201, "Backscatter"
$ENDRECORD:
