$SPEC_ID:
PeakEasy Library File: Bi-207, Interceptor (CZT), 15.7 uCi @ 25 cm
$MEAS_TIM:
63301.60000 63312.10000
$DATE_MEA:
14-Jun-2011 17:04:23
$DATA:
0 1023
0
0
0
0
0
0
0
0
0
0
0
0
0
0
0
0
0
0
0
0
2935
5837
5807
5835
5952
5968
6255
6569
7146
7474
8184
8894
9774
10140
10677
11159
11881
12766
13824
14789
15890
16724
17896
19519
22902
27717
35388
44300
51878
54399
52120
43931
34444
26097
21222
19045
18861
17740
15428
11888
8757
6107
4511
3482
2999
2965
2829
2838
2945
2882
2981
3062
3023
3017
3094
3056
3080
3154
3041
3054
3111
3126
3076
3157
3066
3026
3057
2977
2961
2983
2895
2939
2952
2921
2883
2897
2789
2832
2865
2855
2803
2824
2740
2773
2786
2679
2820
2713
2743
2670
2873
2741
2797
2977
3045
3018
3139
3245
3286
3314
3469
3329
3259
3271
3058
3147
3144
3077
2950
2815
2826
2801
2678
2699
2660
2604
2587
2597
2552
2545
2496
2354
2388
2349
2276
2225
2158
2139
2061
2055
2026
1957
1979
1846
1934
1882
1932
1854
1778
1779
1742
1648
1651
1595
1662
1612
1583
1522
1510
1519
1468
1456
1468
1471
1479
1482
1389
1432
1447
1379
1369
1398
1255
1381
1378
1345
1331
1333
1278
1342
1351
1299
1322
1341
1284
1210
1236
1276
1280
1249
1269
1187
1272
1215
1191
1183
1267
1144
1251
1197
1194
1228
1146
1206
1217
1187
1152
1163
1108
1155
1120
1157
1175
1274
1131
1179
1146
1192
1165
1177
1120
1177
1149
1238
1207
1201
1134
1089
1056
1099
1071
1199
1124
1139
1093
1181
1129
1143
1118
1088
1009
1059
987
1040
986
1029
949
963
889
900
820
795
705
697
714
591
637
581
608
518
521
535
552
518
490
479
480
517
486
474
455
472
472
466
460
431
465
428
440
461
447
436
405
442
403
401
442
404
390
408
404
417
427
418
405
406
414
388
399
363
411
411
419
377
399
344
368
375
411
421
386
403
400
374
390
407
423
383
423
403
359
396
411
384
423
409
414
480
407
415
447
421
424
427
472
458
448
440
464
467
479
456
499
545
523
579
581
583
681
630
724
743
755
756
850
924
914
1018
1132
1174
1325
1485
1652
1891
2171
2429
2818
3113
3074
3139
2903
2465
1962
1483
907
604
457
315
269
266
226
263
233
235
238
245
245
246
249
248
235
240
223
228
245
224
208
248
209
247
227
226
231
232
246
222
201
223
271
242
219
212
238
216
242
258
216
245
220
204
228
233
225
250
216
229
228
231
230
230
226
245
228
196
247
251
194
246
234
241
228
246
231
254
211
247
226
249
245
244
252
251
213
244
230
230
260
230
225
218
252
225
247
228
266
230
250
251
255
240
270
239
254
254
269
238
241
244
242
249
255
236
239
270
291
253
254
265
281
258
289
279
287
280
293
260
261
266
266
269
261
226
258
237
264
252
264
279
260
284
256
250
281
266
267
264
239
263
294
284
253
259
270
276
288
269
272
279
235
289
270
245
268
266
246
272
256
251
262
271
254
262
265
231
248
255
244
232
249
214
211
212
208
203
225
174
207
161
173
140
126
137
121
108
121
90
92
83
81
78
72
63
66
74
47
66
59
49
57
57
59
56
47
61
52
63
60
62
58
44
47
53
58
43
52
62
57
36
36
48
57
50
34
41
39
42
32
41
46
39
38
51
39
35
36
31
29
44
42
34
35
34
45
40
36
42
50
30
50
38
36
47
54
49
44
39
49
39
39
41
44
54
35
52
48
48
43
47
51
60
51
37
65
44
55
51
50
65
56
66
69
74
76
78
71
63
91
75
73
80
88
90
97
104
93
126
120
155
128
101
157
152
174
164
175
213
215
213
231
258
283
294
300
406
394
382
441
462
449
430
397
302
270
186
146
103
70
31
33
18
20
18
17
4
16
21
16
12
20
10
6
11
8
14
9
13
11
6
15
13
14
16
10
14
15
14
8
16
16
10
11
12
15
9
13
16
13
16
12
13
7
12
7
9
12
13
10
8
12
8
12
16
11
9
16
11
8
16
16
13
11
11
21
9
12
9
25
12
9
10
14
17
11
15
6
12
11
9
11
12
10
11
11
11
19
11
8
16
13
19
12
16
12
11
13
12
16
13
12
12
13
21
16
13
12
14
15
13
13
15
10
5
8
17
9
12
16
15
12
12
15
13
8
14
13
14
9
11
11
15
9
7
13
9
10
7
9
7
7
10
5
7
12
14
13
7
7
11
11
14
7
10
12
12
14
10
7
13
14
7
10
9
8
10
12
9
17
9
12
15
16
9
13
12
14
14
18
9
10
14
10
12
13
9
19
17
8
7
5
9
14
10
7
13
12
7
14
10
9
14
15
11
13
12
9
22
9
13
13
16
19
15
17
15
10
10
13
13
11
9
13
10
13
14
10
13
20
17
11
11
5
26
6
11
13
8
14
17
12
13
13
10
14
14
15
16
16
17
7
16
13
13
16
18
14
11
13
16
13
12
8
11
7
5
10
10
11
14
13
9
13
13
9
12
11
10
10
9
8
11
11
14
12
9
23
13
9
6
7
9
11
8
5
15
12
6
6
10
9
9
13
7
9
9
$ENER_FIT:
0.945 1.504908 0.00000e+000
$MCA_CAL:
3
0.945 1.504908 0.00000e+000
$PEAKLABELS:
377.934, "Bi-207"
706.167, "Bi-207"
48.938, "Pb X-Rays"
119.689, "Backscatter"
249.763, "Compton, Edge"
552.489, "Compton, Edge"
$ENDRECORD:
