$SPEC_ID:
PeakEasy Library File: Bi-207, IdentiFINDER (LaBr3), 15.7 uCi @ 25 cm
$MEAS_TIM:
60000.00000 60268.00000
$DATE_MEA:
16-Jun-2011 15:42:35
$DATA:
0 1023
0
0
0
0
0
10362
85078
106517
123352
139791
184099
305691
413058
367057
278227
243262
284274
385526
554953
744904
855381
958361
1397516
2610677
3941616
3632293
2117722
1349890
1287819
1005405
540770
277241
204456
195592
197310
201866
205791
210426
214395
213936
213446
212135
210832
210953
211335
211193
210797
211340
213014
214017
215081
216437
217879
221170
225565
233117
248615
270521
295739
312381
317455
310087
300573
288738
280052
274571
271120
269303
268256
264381
256695
246048
236125
226523
219848
213251
205964
200521
194397
189013
183542
178958
173756
168928
165821
162950
159732
157292
154608
152293
150083
148620
146766
144463
141676
138829
137233
135017
136073
136425
135673
136260
135340
135003
133504
133425
133634
133796
133746
134374
134652
135654
136114
136425
136181
137062
137566
137450
137696
138103
138025
136744
136431
136859
136266
134465
132504
128637
123312
116509
108141
100007
92373
85740
80632
76338
73607
71023
68869
67492
65228
64085
62660
61419
59808
59344
58152
57065
56743
55026
54192
53606
52908
52539
51489
51189
50768
50523
50538
49938
49885
49706
49811
49069
48939
48578
48687
48105
48394
48125
48300
47707
47491
47907
48024
48675
48362
48746
49583
51847
58557
75875
111179
177962
284445
431007
597987
751547
846728
851004
766187
617851
448810
297536
185309
111666
70286
49379
39705
36047
34867
34702
34335
34146
33768
33744
33445
33721
33831
33472
33493
33747
33822
34226
33684
33828
34146
33935
34014
33963
33987
34296
34428
34497
34459
34359
34730
34649
34380
34919
34857
34954
35179
35418
35448
35705
36041
35913
35982
36453
36191
36352
36502
36504
36846
37490
37623
38014
38350
38840
39318
39370
39560
39892
39893
39923
40515
40548
41291
41308
41291
42032
42556
42810
43579
43509
43889
44505
44512
44991
45087
45577
45482
45485
45606
45611
45354
45393
44849
43861
42745
41376
39384
37171
34903
32250
29460
26938
24742
23033
21644
20011
19103
18255
17516
17090
16200
16004
15205
14722
14273
13640
13087
12438
11929
11476
11036
10585
10244
9777
9355
8851
8686
8188
8024
7676
7579
7359
7230
7095
6870
6727
6578
6284
6234
6021
5942
5894
5692
5518
5385
5395
5243
5268
5204
5140
5283
5527
5636
5984
6623
7745
9718
13090
18459
26920
39553
57243
79389
106751
136161
166103
190692
208705
216183
211514
195379
171194
141758
111811
83302
59670
40904
27472
18170
12302
8504
6023
4742
3855
3399
3156
2965
2912
2856
2883
2953
2935
2803
2868
2850
2734
2793
2685
2869
2764
2811
2770
2765
2735
2843
2739
2849
2788
2830
2788
2833
2791
2830
2794
2808
2865
2846
2792
2781
2865
2829
2821
2716
2748
2816
2752
2731
2832
2734
2674
2785
2858
2853
2790
2760
2852
2784
2686
2674
2597
2474
2429
2321
2341
2225
2157
2165
2156
2106
2130
2042
2114
2078
2110
2070
2095
2089
2029
2053
2076
2129
1987
2111
2102
2069
2023
2032
2077
2109
2171
2215
2154
2184
2137
2208
2189
2194
2180
2238
2242
2210
2291
2412
2453
2501
2697
2797
3111
3309
3663
3869
4106
4305
4678
4979
5223
5635
5856
6089
6303
6311
6424
6527
6495
6269
6101
5621
5286
5004
4587
4167
3816
3524
3290
3134
2861
2753
2704
2613
2564
2561
2434
2382
2333
2252
2251
2058
1934
1868
1655
1566
1524
1419
1351
1285
1169
1104
1059
1061
1017
954
932
907
902
876
849
807
772
750
701
681
658
599
609
543
546
487
479
489
434
414
400
422
369
322
323
311
257
276
260
253
262
230
227
225
219
221
218
181
198
206
246
235
233
252
312
383
467
625
870
1136
1459
1993
2571
3205
3956
4710
5523
6366
7019
7593
7918
8186
8128
7815
7515
6806
5919
4968
4261
3496
2776
2154
1640
1256
986
664
542
433
337
250
218
167
171
133
149
130
102
116
105
109
110
102
104
99
99
112
106
113
99
105
107
103
111
124
105
100
112
112
125
123
128
118
100
103
129
109
129
108
137
131
146
108
122
121
108
129
143
111
127
134
114
132
125
143
144
127
136
146
139
151
135
151
131
168
172
183
167
191
155
161
143
150
199
164
159
154
178
152
148
136
141
151
144
143
137
139
146
140
150
138
158
153
156
146
141
139
144
141
131
122
125
107
132
118
132
99
122
117
110
99
115
94
111
92
127
129
130
126
139
135
135
145
130
125
121
147
148
126
134
158
135
132
123
117
126
122
118
128
117
129
137
121
140
117
142
146
149
141
119
155
149
142
152
159
148
153
157
131
160
148
150
129
143
144
128
132
142
132
133
122
120
119
113
109
130
130
116
119
111
117
117
112
87
98
85
105
102
103
99
102
86
91
75
76
87
78
92
76
65
66
59
63
59
72
51
64
66
49
50
50
48
49
45
42
43
42
34
41
34
47
43
50
47
46
51
48
36
42
34
41
43
56
40
43
52
54
43
56
40
55
37
46
55
59
53
61
56
81
69
66
75
90
83
110
104
125
121
138
135
148
129
162
159
154
154
159
163
133
150
136
118
118
118
114
105
120
95
104
89
81
85
76
79
66
59
73
56
52
51
57
39
42
31
32
33
26
20
32
23
21
19
14
21
11
16
11
12
7
8
11
13
6
7
7
3
8
10
14
10
8
6
7
7
4
8
5
5
10
10
8
8
6
1
7
6
3
13
6
6
7
6
5
7
10
3
6
10
6
4
8
9
7
8
3
11
8
6
8
7
8
4
8
3
4
10
4
5
3
10
8
8
4
12
4
6
5
8
6
4
4
3
7
5
4
6
7
9
4
1
4
7
2
6
4
5
5
4
2
1
4
6
4
5
4
5
6
5
6
5
9
0
0
0
0
0
0
0
$ENER_FIT:
0.227 3.087884 -5.31115e-004 1.05175e-006 -6.40920e-010
$MCA_CAL:
5
0.227 3.087884 -5.31115e-004 1.05175e-006 -6.40920e-010
$PEAKLABELS:
188.561, "Bi-207"
354.096, "Bi-207"
588.251, "Bi-207"
24.787, "Pb X-rays"
869.091, "Th-232(d),(Bkgd)"
487.208, "K-40 (Bkgd), & Bi-207"
12.097, "La-138, X-rays"
59.924, "Backscatter"
124.438, "Compton, Edge"
420.875, "Compton, Edge"
274.859, "Compton, Edge"
$ENDRECORD:
