$SPEC_ID:
PeakEasy Library File: Bi-207, Detective (HPGe), 15.7 uCi @ 25 cm
$MEAS_TIM:
60000.00000 63838.10000
$DATE_MEA:
6/14/2011 4:49:58 PM
$DATA:
0 8191
0
0
0
0
0
0
0
0
0
0
0
0
0
0
0
0
1
0
0
0
0
0
0
0
0
0
1
0
0
0
0
0
1
1
0
0
0
0
0
0
0
1
0
0
0
4
1
0
1
0
0
0
1
1
1
3
1
0
3
7
6
10
6
16
19
14
22
24
61
94
155
180
228
265
306
401
361
391
479
2032
41811
101950
107674
106041
105045
104366
103281
101592
100528
99249
98347
97120
96103
95539
94200
92984
92000
91439
90167
89503
89052
88260
87275
86882
86140
85804
85127
85251
83706
83286
82708
82695
83144
82913
82418
81649
81482
81392
81885
81378
81600
81334
81202
81218
81272
81630
81940
82511
82678
83228
83455
83446
83965
84824
84324
85034
85720
86550
86727
87783
87702
89265
89399
89848
91352
92383
93567
95407
97119
98530
101382
103544
107590
111204
116282
122310
126992
133086
137639
140447
142753
143602
143548
143302
143397
143030
142906
142722
142677
143285
144407
145892
147421
150097
152470
154670
156517
159451
162896
167016
171117
176830
181436
185361
189593
195511
203108
207866
210735
213472
217558
225288
245291
294051
396471
568324
793899
979501
1038117
980679
941220
1055134
1310156
1530207
1513276
1225473
813864
462262
245805
143820
106868
95290
91522
90582
88265
87674
87816
88395
90069
89747
90443
91233
92578
97191
105748
128033
178026
269839
399969
531613
606394
577632
466574
335746
242106
210096
217775
230991
220379
183001
135980
96774
71833
58787
53907
52012
51045
51024
50738
50748
50441
50587
50399
50373
50397
50338
50449
50311
50521
50189
50121
50320
50417
50354
50787
50170
50256
50058
50457
50651
50404
50807
50315
50767
50714
50153
50705
50937
50662
50674
50968
50783
50649
50757
51168
51164
51507
51418
51320
51436
51322
51023
51974
51977
51959
52051
51606
52130
51916
51826
51849
51862
52392
52326
52548
52790
52300
52350
52405
52757
52228
52424
52732
52166
52652
52504
52274
52536
52839
52552
52714
52799
52450
52937
53086
53360
52663
53004
53053
53032
53249
52922
53096
53188
53070
52771
53061
53230
53206
53031
52948
53059
53170
53411
52985
53411
52866
53024
53332
53414
52951
53715
52980
53235
53128
53128
52901
52515
52587
52573
52767
53400
52692
52640
52714
52824
52773
52657
52444
52574
52414
52744
52465
52571
52221
52427
52287
52469
52065
52268
52382
52460
52135
52222
51919
51960
51833
52299
51763
51795
51966
52274
51802
51656
51920
51881
51633
51824
51568
51525
51537
51734
51514
51644
51777
51877
51702
51537
51715
51701
51414
51596
51631
51416
51316
51590
51368
51046
51613
51355
51401
51282
50827
51411
51023
51644
50631
50765
50935
51212
51114
50690
50950
51085
51407
51384
51000
50798
50666
51016
51072
51172
51361
51513
51121
50733
50879
50969
51061
50609
51268
51433
51314
50969
51299
50997
51501
51438
51150
51318
51781
51795
51635
51992
51869
51856
52232
52663
52789
53129
53742
54064
53703
54636
55421
55986
57217
58025
59287
60717
62455
63228
64357
65376
65707
65803
65943
66388
65667
65727
65090
65082
64658
64186
64199
63860
63299
63575
63305
62567
62390
62579
61860
62537
61943
62141
61549
61492
60971
60985
60382
60262
60004
59644
59835
59728
58840
58325
58058
58544
57792
57797
57782
56937
56455
56917
56766
56477
56315
56051
55962
55536
55515
55483
55111
54921
54963
54152
54443
54651
54400
54457
54144
54025
53538
53446
53357
53289
52889
52677
53169
53319
52852
52716
53320
52920
53089
53559
53837
53925
54448
54830
55281
55449
55465
55485
55475
55544
55426
55076
54673
54779
54668
54120
53687
53765
53520
53296
53199
52772
52883
52458
52413
52607
52261
51816
51759
51699
51460
51262
50998
51109
50651
50781
50589
50165
49931
49848
49848
49456
49263
49173
49116
48817
48951
48921
48747
48593
48086
48288
48009
48322
47920
47749
47826
47161
47022
47160
46877
47211
46571
46558
46474
46716
46276
46116
46227
45309
45522
45772
45364
44902
45068
44925
45172
45041
44389
44736
44722
44293
44524
44084
44313
43804
44088
44060
43772
44249
44767
45078
45065
44618
43912
43373
42985
42752
42370
42567
42509
41917
42394
42020
41766
41697
41573
41529
41006
41268
41098
40755
40813
40712
40608
40569
40464
39701
40090
40118
39834
40219
40027
39726
39818
39346
39584
39412
39303
39409
38671
39145
38883
38791
38563
38686
38828
38587
38443
38543
38538
38357
38556
38221
38028
37844
38036
38006
38312
37519
37776
37942
37832
38056
37910
37521
37471
37464
37302
37563
37018
37436
37344
37270
36826
37336
36907
37126
36892
36797
37107
36868
36500
36429
36619
36474
36878
36887
36604
36346
36624
36625
36565
36363
36217
36313
36183
36068
36296
36229
35999
36517
36175
36253
36020
35945
36091
35618
35782
36168
35603
35816
36045
35810
35801
35621
35547
35665
35860
35628
35437
35657
35568
35509
35901
35798
35607
35688
35699
35679
35431
35560
35269
35252
35259
35347
35332
35305
35577
35339
35653
35348
35014
35153
35058
35073
34965
35282
34887
35193
35144
35183
35037
35514
35563
35743
35768
35887
35546
35675
35363
34966
34896
35206
35069
34691
35175
34874
35129
35632
35020
34971
35069
34960
34800
34757
34885
34707
34977
34488
34728
34796
34697
35029
34948
34902
34935
34939
35110
35090
34983
34814
35060
34809
34841
34758
34803
34681
34791
34770
34821
34713
34731
34820
34685
34421
34877
34908
34780
34572
35034
34728
34447
34855
34896
35140
34713
34866
35206
35060
34804
35093
35013
34959
34851
34614
34754
34955
34894
35295
34650
35018
35100
34755
35299
35056
35387
35325
34906
34901
35234
34906
35557
35243
35315
35271
34974
35101
35253
35517
35206
35099
35436
35505
35472
35313
35087
35890
35745
35415
35200
35580
35591
35488
35481
35865
35856
35524
36185
36008
36038
35963
36366
36283
36099
35994
36097
36216
36193
36038
35960
36112
36122
35929
36277
36461
36236
36296
36445
36387
36386
36122
36576
36979
36766
36854
36623
36675
36859
36755
36879
36833
36725
36761
36794
37099
37446
37496
38501
38450
38695
38835
38201
38259
38077
37481
37479
37632
37345
37846
37948
37796
37865
37846
37803
37848
38102
38237
38081
38136
38170
38439
38154
38187
38419
38681
38840
38651
39122
39007
38810
39138
39177
38908
39323
39057
39330
39165
39511
39345
39697
39778
39781
39804
39907
39750
39300
39941
39996
40030
40290
40470
40401
40109
39949
40545
40640
40384
40556
40813
40872
40734
40633
41109
40463
40968
40833
41137
40791
41213
41067
41496
41338
41196
41185
41412
41449
41116
41728
41302
41712
41912
41155
41356
41350
41540
41200
41606
41481
41375
41181
41543
41343
41326
41347
40857
41125
40860
40443
40580
40334
39824
39810
39460
38744
39022
38305
38347
37263
36767
36286
35619
35082
34245
33332
33051
32161
31899
31182
30483
29697
29397
29241
28999
28316
28477
27769
27768
27214
27123
26751
26260
26470
26282
25964
26011
25570
25347
25366
25344
24917
24892
24742
24619
24858
24123
24343
24532
24089
24037
23855
23758
23649
23629
23290
23247
23266
23284
23276
23121
22896
22818
22732
22450
22262
21954
22253
22548
22146
22043
21942
21622
21853
21808
21756
21456
21617
21491
20903
21070
21236
20991
21077
20900
20897
20737
20895
20679
20595
20391
20531
20292
20086
20421
19798
19964
19864
19952
19649
19811
19600
19603
19415
19799
19143
19310
19354
19351
19315
18911
18859
18870
18869
18812
18661
18812
18432
18401
18423
18443
18349
18200
17974
18147
17989
17985
17906
17774
18019
17660
17529
17557
17546
17554
17321
17486
17335
17149
17311
17362
17140
17086
16858
16831
16894
16599
16678
16416
16428
16531
16422
16244
16126
16267
16269
16100
15998
15991
15798
15901
15557
15674
15601
15799
15640
15581
15438
15408
15508
15123
15182
15224
14902
15171
15043
14987
15035
14880
14805
14797
14708
14654
14808
14653
14550
14342
14330
14161
14366
14082
14106
14089
14015
13788
14018
13845
13685
13722
13856
13606
13862
13509
13690
13539
13564
13410
13449
13221
13036
13132
13233
13126
13189
12847
13083
12842
12909
12853
12752
12901
12493
12680
12463
12657
12510
12581
12564
12055
12633
12549
12621
12421
12440
12463
12470
12390
12068
12500
12093
12192
12203
12181
12078
12094
12119
12356
12085
12089
12120
11943
12174
11999
11631
11801
12128
12165
11857
12073
11937
11907
11920
11903
11876
11832
12013
11921
11806
11831
11819
12008
12023
11836
11772
11919
11767
11822
11611
11801
11808
11749
11850
11823
11563
11633
11714
11777
11593
11744
11672
11652
11752
11512
11751
11658
11725
11565
11496
11402
11599
11612
11560
11740
11387
11374
11615
11653
11550
11579
11367
11339
11377
11658
11608
11517
11291
11421
11346
11415
11564
11433
11423
11389
11609
11496
11486
11308
11528
11703
11687
11778
11794
11978
12052
12066
12156
12088
11960
11610
11347
11528
11308
11505
11237
11242
11029
11333
10944
11150
11239
11225
11081
11283
11294
11286
11322
11286
11126
11046
11080
11229
11082
11035
11083
11213
11327
11105
11232
11270
11099
11150
10982
11139
11174
11078
11218
11274
10991
10967
11250
11119
11129
11101
11039
11305
11102
11024
11140
11052
11202
11025
11082
11158
11301
11127
11176
11055
11029
11113
11164
10980
11007
11089
11134
11096
11019
11016
11167
11091
11090
11091
11205
11037
11157
10915
11118
11222
11058
10945
11165
11237
11163
11194
11188
11268
11248
11222
11260
11268
11286
11391
11348
11231
11398
11503
11237
11479
11466
11779
11352
11492
11720
11716
11688
11818
11837
11878
11881
11829
11965
11719
11677
11767
11963
11955
12071
12025
12108
12321
12309
12320
12527
12516
12596
12948
12613
12913
12620
12873
12991
13118
13071
13321
13590
13098
13805
13689
13884
14212
14430
14795
14846
15456
15676
16842
19324
26841
45131
88537
174774
327093
551738
824858
1075707
1217487
1186446
988784
706696
430856
225527
103807
44184
19748
11556
8892
8084
8040
7859
7795
7947
7800
7701
7756
7773
7687
7694
7736
7580
7552
7650
7681
7802
7564
7618
7553
7632
7620
7838
7947
8208
8443
8199
8369
8116
7899
7771
7705
7480
7623
7397
7495
7503
7378
7558
7653
7614
7473
7715
7596
7726
7563
7704
7561
7751
7513
7619
7582
7474
7529
7409
7785
7525
7423
7708
7682
7531
7598
7546
7517
7585
7513
7576
7678
7486
7522
7580
7540
7452
7535
7504
7506
7573
7528
7575
7496
7586
7617
7683
7569
7692
7672
7623
7655
7599
7467
7573
7788
7795
7967
8252
8384
8796
8797
8830
8720
8400
7927
7989
7642
7722
7546
7712
7610
7572
7589
7661
7748
7598
7585
7740
7446
7674
7841
7708
7613
7676
7629
7754
7748
7457
7709
7645
7692
7727
7720
7748
7784
7621
7563
7860
7662
7634
7674
7626
7860
7587
7658
7719
7645
7729
7696
7625
7622
7769
7662
7741
7672
7761
7678
7761
7864
7790
7685
7784
7755
7871
7724
7857
7659
7867
7801
7855
7908
7815
7753
7825
7793
7809
7902
7980
7933
7903
7801
7972
7945
7920
7993
8015
7866
8055
7869
7877
7964
8202
7911
7953
8018
8132
7960
8169
7911
7910
7819
7826
7825
7764
7753
7929
7874
7958
7871
8028
7886
7957
7969
7723
8011
8076
8029
8051
7919
8001
8097
7954
8035
8217
7965
8034
7899
7993
7994
8011
7990
8014
8143
8035
8044
8172
7994
7938
7998
7963
7958
8052
8167
8034
8219
7944
8066
7884
8025
7880
8123
8025
8033
8056
8012
8223
8086
7958
8176
8320
8185
8039
8035
8125
8049
8117
8133
8111
8160
8211
8109
8204
8150
8227
8136
8319
8218
8189
8231
8124
8335
8301
8284
8447
8274
8406
8266
8251
8203
8267
8298
8254
8240
8382
8277
8361
8285
8208
8248
8536
8447
8332
8460
8247
8355
8528
8276
8589
8521
8413
8400
8432
8453
8208
8456
8537
8464
8425
8481
8522
8517
8457
8419
8501
8518
8582
8504
8437
8492
8477
8575
8347
8538
8602
8633
8589
8402
8518
8495
8566
8637
8826
8581
8658
8801
8727
8594
8777
8420
8597
8584
8798
8741
8698
8635
8758
8735
8798
8728
8791
8858
8742
8687
8812
8902
8848
8627
8724
8820
8771
8782
8860
8675
8954
8765
8743
8758
8865
8985
8943
8939
8981
8866
9126
8810
8857
8990
8833
8725
8926
8905
8923
9002
8842
9071
9024
9129
8833
8920
8888
8978
8946
8994
8957
9208
9210
9114
8991
9046
9132
9137
9126
9151
9056
8941
9124
9305
9270
9335
9343
9282
9479
9270
9391
9307
9249
9248
9418
9344
9225
9270
9217
9335
9301
9229
9343
9291
9289
9331
9498
9453
9515
9430
9351
9431
9320
9202
9567
9530
9414
9615
9478
9505
9648
9428
9389
9470
9605
9547
9541
9629
9701
9645
9639
9758
9655
9739
9703
9759
9731
9716
9685
10065
9979
10333
10301
10494
10852
10886
10935
10623
10456
10154
10100
9967
9711
9979
9898
10018
9964
9941
9792
9939
10066
9925
10073
10079
10034
10244
9960
9929
10205
9995
10055
10111
10007
10188
10289
10275
10236
10318
10069
10265
10117
10370
10053
10065
10306
10158
10415
10342
10251
10413
10316
10396
10459
10360
10240
10455
10367
10606
10518
10551
10659
10723
10701
10457
10446
10501
10394
10467
10802
10572
10692
10535
10797
10882
10594
10670
10700
10897
10847
10848
10722
10915
10765
10905
10841
10839
10850
10836
10703
11040
10804
10945
10800
10905
11147
10954
10989
10889
10847
11063
11020
11297
11120
11129
11246
11268
11232
11274
11261
11472
11345
11409
11102
11278
11296
11233
11355
11491
11312
11520
11595
11462
11677
11591
11417
11420
11452
11585
11607
11690
11808
11583
11705
12010
11958
11686
11689
11920
11795
11662
11633
11988
11843
11952
11983
11946
11785
11911
11999
11997
11828
12200
11900
12051
12135
12016
12314
12266
12075
12220
12098
12329
12219
12334
12358
12264
12225
12394
12506
12393
12517
12877
12523
12686
12644
12647
12724
12652
12709
12829
12588
12746
12636
12691
12655
12936
12758
12808
12951
12939
12826
12969
12910
13211
13118
12932
12990
13143
13292
13319
13164
13153
13131
13238
13502
13328
13331
13163
13527
13377
13598
13523
13472
13447
13503
13616
13440
13721
13701
13567
13882
13710
13749
13816
13944
13709
13839
13905
13907
13977
14209
14043
13832
14028
13973
14304
14144
14221
14152
14393
14176
14106
14116
14351
14298
14270
14387
14470
14410
14546
14244
14470
14241
14552
14572
14708
14507
14644
14407
14507
14554
14543
14726
14806
14730
14937
14543
14772
14744
14462
14802
14572
14755
14616
14636
14961
14576
14667
14593
14567
14565
14597
14674
14364
14565
14311
14238
14171
14238
14066
14238
13838
13744
13449
13624
13283
13119
12809
12867
12598
12515
12182
11682
11522
11108
11008
10731
10501
10525
10360
9899
9941
9792
9703
9626
9155
9167
9106
9122
8871
8828
8678
8542
8849
8613
8571
8577
8196
8281
8200
8226
8299
8237
8000
8012
8051
7942
7937
7805
7803
7809
7861
7857
7706
7685
7721
7711
7444
7570
7461
7253
7460
7519
7510
7434
7473
7377
7311
7178
7345
7245
7140
7192
7166
7094
7068
7051
6872
6956
7152
6962
6929
6913
6808
6945
6889
6935
6769
6750
6725
6777
6668
6766
6761
6751
6567
6658
6558
6526
6582
6588
6384
6496
6518
6449
6323
6579
6395
6331
6288
6319
6247
6281
6344
6204
6197
6217
6395
6428
6666
6897
6844
6964
6877
6629
6597
6585
6458
6047
6001
5873
5896
5877
6013
5840
5837
5826
5659
5915
5697
5689
5709
5549
5550
5584
5724
5485
5400
5522
5532
5374
5357
5324
5440
5460
5618
5682
5624
5683
5751
5626
5598
5350
5464
5129
5090
5108
5060
4919
4885
4980
4972
4979
4897
4907
4794
4915
4834
4957
4692
4756
4770
4665
4732
4760
4678
4582
4767
4580
4511
4608
4594
4509
4543
4403
4440
4350
4365
4387
4369
4185
4281
4195
4295
4103
4004
4119
4078
4057
4045
4082
3969
4065
3958
3926
3975
3934
3856
3935
3893
3865
3807
3768
3756
3593
3812
3596
3600
3524
3527
3509
3592
3438
3393
3475
3503
3337
3309
3296
3372
3213
3246
3372
3260
3223
3175
3204
3107
3198
3138
3024
3006
3070
2878
2985
2872
2912
2877
2991
2865
2829
2745
2806
2838
2723
2712
2824
2675
2742
2613
2564
2615
2536
2556
2550
2411
2469
2473
2453
2584
2454
2456
2451
2421
2309
2287
2385
2258
2365
2284
2340
2223
2286
2274
2266
2218
2181
2201
2230
2271
2185
2215
2240
2148
2274
2112
2180
2148
2131
2119
2114
2187
2126
2120
2291
2265
2256
2334
2200
2140
2123
1978
1977
1878
1876
1964
1931
1865
1881
1910
1828
1847
1838
1809
1840
1783
1750
1774
1800
1749
1800
1714
1691
1750
1741
1712
1758
1752
1725
1648
1738
1624
1674
1664
1635
1653
1731
1591
1645
1620
1726
1618
1692
1629
1658
1613
1677
1648
1606
1656
1691
1681
1616
1592
1564
1632
1554
1614
1645
1479
1571
1547
1612
1646
1559
1587
1570
1539
1520
1603
1605
1560
1557
1584
1521
1583
1593
1548
1571
1559
1606
1495
1598
1603
1516
1562
1567
1539
1535
1519
1547
1499
1461
1537
1564
1561
1541
1531
1548
1550
1491
1524
1543
1561
1523
1587
1532
1500
1475
1467
1574
1522
1601
1569
1458
1534
1523
1507
1478
1557
1551
1526
1485
1466
1473
1541
1459
1546
1518
1513
1525
1601
1455
1549
1520
1536
1521
1484
1550
1535
1499
1501
1558
1518
1512
1545
1535
1555
1472
1495
1481
1525
1445
1559
1549
1532
1470
1499
1535
1483
1495
1543
1538
1603
1581
1489
1529
1522
1601
1541
1572
1556
1522
1495
1487
1565
1501
1549
1526
1591
1573
1568
1549
1576
1621
1626
1560
1651
1573
1614
1685
1648
1661
1667
1640
1670
1632
1656
1738
1770
1718
1737
1758
1839
1753
1807
1771
1806
1833
1848
1860
1849
1843
1844
1971
1984
2035
1889
1938
2099
1900
2069
2117
2060
2226
2185
2207
2255
2295
2305
2336
2507
2456
2652
2555
2591
2657
2827
2912
3127
3268
3633
4806
6984
11325
19781
34320
57925
92705
141752
203368
272492
336190
383885
398727
377000
321668
244742
166120
99650
53240
25082
11042
4387
1904
1032
801
740
679
672
689
563
630
584
594
612
548
566
584
543
565
564
535
569
583
592
567
567
522
566
582
567
598
537
522
557
556
506
558
511
494
514
510
478
546
503
561
550
562
586
493
511
536
540
531
494
503
519
516
486
522
496
517
500
486
522
540
516
493
488
482
530
510
480
539
534
516
510
512
516
485
515
483
471
506
493
504
506
490
493
540
498
504
490
486
532
508
515
515
531
483
482
504
496
471
482
456
521
506
524
511
509
484
518
557
477
486
526
510
516
519
436
532
516
529
532
499
499
462
488
490
513
517
467
511
499
477
475
542
518
536
521
567
584
654
675
756
750
811
836
726
705
667
586
542
558
533
485
535
473
521
520
545
514
514
504
495
487
484
481
494
500
527
525
516
522
533
511
499
523
509
540
575
562
541
538
550
590
562
604
565
566
559
576
594
585
623
648
636
620
606
599
580
554
532
535
530
502
517
490
470
512
498
466
502
511
547
526
560
479
550
538
514
498
550
555
528
514
531
506
540
539
499
560
540
538
506
491
512
526
477
547
491
571
580
527
523
513
551
494
508
482
521
493
530
486
476
549
563
495
485
533
520
507
558
483
562
510
560
540
504
523
526
549
485
526
536
499
498
468
509
530
534
514
542
532
511
550
495
515
522
501
508
525
469
540
505
527
491
540
561
509
521
515
541
509
533
529
527
540
509
514
544
570
504
513
526
547
548
564
551
529
477
542
541
547
535
529
515
540
518
519
531
562
503
539
533
538
508
514
530
524
511
525
531
529
517
503
503
547
535
528
530
538
537
527
559
519
495
528
516
552
537
549
511
488
517
525
505
529
572
558
532
557
567
552
538
504
517
575
555
549
552
556
537
567
576
581
570
587
543
558
572
537
523
564
559
548
538
573
559
546
520
529
542
567
569
503
596
540
544
575
576
562
556
554
551
564
525
540
546
556
556
552
560
587
542
582
550
562
551
537
545
526
537
563
548
550
538
541
562
539
551
534
561
583
550
550
552
530
550
545
524
588
539
603
542
567
599
590
584
592
542
568
544
611
633
664
669
642
666
639
591
590
557
597
539
526
550
557
549
544
499
540
525
513
507
524
558
527
524
507
497
536
489
525
528
526
513
535
489
515
552
478
511
545
529
514
556
515
479
478
564
562
540
544
556
612
628
658
737
785
865
1043
1017
1027
1027
1073
985
950
846
794
700
595
605
587
523
546
482
472
552
497
533
482
536
483
517
486
497
428
538
474
506
527
482
515
506
526
538
539
456
503
510
458
511
545
538
486
517
471
520
538
520
499
524
495
503
528
509
512
532
513
529
538
526
564
552
546
555
521
489
496
505
503
511
556
503
522
489
538
516
485
494
492
542
508
488
521
472
532
523
529
482
557
506
516
473
508
515
496
512
516
493
489
525
503
518
521
488
507
493
491
501
510
514
502
507
497
495
510
503
514
518
514
530
505
513
537
504
553
512
523
497
497
501
551
533
492
498
465
488
521
524
536
511
481
490
503
508
523
545
506
545
505
523
532
531
509
526
513
507
539
517
478
537
556
573
511
529
484
529
492
499
511
506
480
512
511
495
527
504
509
522
488
518
529
513
495
522
495
498
514
517
503
488
506
515
598
492
532
497
539
524
477
513
518
506
478
562
535
528
491
580
522
513
521
537
480
540
493
533
509
504
521
505
517
546
524
489
526
488
506
538
515
524
526
534
533
511
509
527
504
470
509
510
519
518
524
516
481
507
505
535
538
523
537
522
507
517
520
506
522
509
569
490
501
522
507
532
507
544
539
501
561
529
571
514
507
527
492
523
512
514
543
550
518
552
521
499
508
556
542
527
536
554
533
583
527
504
485
544
515
532
469
527
579
529
551
548
582
477
514
557
550
541
508
578
537
467
568
533
557
549
521
567
617
600
586
572
641
612
603
569
586
527
566
564
510
565
534
530
553
532
589
555
522
571
530
514
561
525
631
570
522
560
562
544
545
584
558
543
564
536
512
521
553
569
559
540
574
529
569
567
557
539
534
570
587
573
545
555
557
571
562
561
485
588
607
601
626
571
580
587
552
580
640
573
600
538
563
555
564
533
568
555
593
567
641
595
576
618
608
651
633
610
610
564
563
581
544
609
546
597
627
587
588
619
580
585
566
571
625
576
582
585
571
638
583
569
580
611
604
566
578
559
583
573
546
616
608
609
625
640
630
579
611
607
598
641
609
583
616
614
633
635
613
589
628
624
641
618
586
610
618
635
604
563
625
603
628
570
622
601
605
609
609
588
636
595
645
631
610
609
673
692
665
722
759
723
798
835
935
1038
1080
1119
1076
1044
985
965
788
740
697
682
608
642
647
683
657
615
632
630
618
674
624
648
682
606
631
651
651
651
644
653
612
644
684
662
636
649
706
642
692
667
736
739
846
902
1055
1213
1440
1831
2006
2368
2741
3010
3067
3079
2990
2495
2187
1664
1254
1023
824
800
669
668
645
657
676
661
672
624
639
647
644
639
671
627
672
629
664
654
660
632
680
724
696
675
660
648
700
614
711
689
673
698
662
749
686
691
666
674
707
740
741
680
706
718
686
674
655
665
716
725
714
719
692
783
706
708
728
690
763
694
699
698
643
731
738
710
717
704
783
771
743
732
720
746
738
705
712
723
735
669
745
734
699
748
787
745
721
746
796
757
722
748
758
757
714
730
780
726
731
788
736
769
782
733
835
788
842
743
765
814
732
739
771
782
769
765
780
824
804
798
804
833
868
831
850
802
827
746
778
792
812
783
786
833
778
770
761
831
744
799
786
815
834
845
803
798
830
779
846
846
818
818
817
801
796
794
811
824
829
807
844
829
797
818
788
813
815
834
879
867
833
860
802
832
855
854
843
878
845
853
823
796
840
880
793
809
890
827
838
804
834
795
786
852
816
860
837
852
863
841
833
809
858
856
811
805
803
817
834
817
870
813
781
838
794
790
771
760
762
694
695
735
672
653
618
689
600
590
625
638
560
554
579
566
544
546
495
539
528
563
521
533
527
531
499
504
499
488
549
503
455
507
505
470
477
493
494
506
478
469
500
455
494
451
443
450
459
457
473
437
472
452
450
441
460
487
442
430
419
467
490
430
456
449
432
437
427
450
429
350
421
426
428
441
450
417
427
389
400
459
444
410
424
422
414
421
419
444
417
401
442
432
399
439
395
412
453
417
467
411
450
418
408
404
392
466
420
391
401
419
421
393
399
451
423
432
449
465
412
424
449
413
421
428
411
453
429
454
432
486
434
418
435
426
406
354
415
370
352
366
366
351
333
332
335
356
410
334
347
358
371
379
351
340
368
376
337
366
371
327
364
352
349
357
345
394
332
348
365
338
317
335
321
341
317
342
364
311
315
318
327
320
314
307
332
316
316
303
302
314
298
330
317
291
340
263
278
297
310
314
350
299
290
314
295
318
313
339
284
274
310
328
309
284
282
264
260
292
263
273
254
294
289
269
310
251
267
270
285
286
246
311
327
329
343
394
332
365
371
376
389
365
358
303
276
272
244
254
234
224
232
225
237
231
231
197
226
241
227
203
224
219
212
196
183
227
197
243
214
185
204
206
169
206
199
202
164
190
166
173
186
183
169
151
188
163
160
188
170
155
144
166
167
180
162
164
167
131
150
140
174
174
143
159
144
148
140
158
147
143
143
160
138
159
139
158
145
151
155
156
137
138
134
128
139
117
119
110
121
142
122
125
119
118
115
97
122
128
112
116
100
115
97
103
115
120
103
123
104
103
127
104
102
108
101
89
85
107
101
93
130
71
107
106
93
103
83
109
91
85
102
94
107
109
83
87
87
108
96
99
82
91
96
94
63
77
71
92
69
91
87
76
87
89
78
96
85
96
90
91
97
90
89
70
72
77
87
72
63
61
84
85
70
69
82
65
71
77
66
98
70
77
75
66
77
84
76
79
68
84
83
72
72
61
80
68
79
74
82
84
70
75
87
66
67
81
84
82
84
76
69
85
74
79
76
65
69
80
76
80
69
78
67
79
69
83
76
76
64
77
75
70
73
90
84
81
78
89
55
65
80
78
77
77
69
74
71
55
75
82
89
82
85
84
82
95
93
98
101
114
101
105
106
126
106
97
88
93
70
74
77
72
56
65
78
62
86
67
73
69
71
53
81
80
81
73
74
70
79
78
77
87
89
76
75
69
72
75
81
87
98
94
65
77
71
84
86
93
69
69
86
79
69
86
82
82
85
72
86
80
82
95
93
73
84
84
78
91
77
82
94
84
91
95
87
112
105
101
98
99
93
98
132
116
120
123
126
157
165
172
203
217
267
267
314
362
473
511
658
834
1079
1599
2195
3051
3955
5289
6989
8738
10613
12725
14806
15778
16493
16510
15550
13582
10859
8192
5840
3531
2073
1072
546
271
103
49
32
20
21
22
22
16
29
24
20
28
22
20
31
22
24
21
21
28
28
22
20
27
25
22
22
19
19
17
19
17
23
22
23
14
25
20
21
29
20
17
17
18
20
22
19
23
23
16
30
24
22
17
23
35
22
23
24
24
19
26
16
21
24
16
19
15
23
17
16
16
16
18
28
15
18
27
18
11
15
17
21
28
20
13
11
19
18
14
21
15
24
16
16
22
25
18
14
21
20
15
20
21
18
22
22
18
24
15
15
15
14
20
18
13
19
14
17
21
20
19
18
12
21
28
24
18
31
20
16
20
18
23
18
22
33
17
21
17
23
16
18
21
21
24
12
16
18
26
22
19
15
20
28
19
27
19
19
21
22
12
25
24
12
20
17
28
11
28
21
20
21
17
24
34
25
31
23
23
25
17
30
20
27
27
23
30
30
20
27
34
21
40
43
27
42
40
43
42
54
46
35
29
18
29
21
26
24
18
16
21
22
22
27
22
21
15
19
18
13
22
22
20
17
15
23
14
26
24
20
17
21
21
16
17
21
30
19
20
11
18
13
17
20
23
24
19
15
13
14
23
21
16
24
20
14
25
26
22
25
23
16
24
24
26
16
19
18
25
16
15
23
28
22
21
22
17
18
17
26
14
12
23
18
20
18
15
19
26
13
19
18
18
20
26
16
22
19
15
18
15
15
22
12
13
19
24
21
21
17
23
21
22
31
18
22
16
25
24
16
17
19
18
13
24
20
24
25
29
18
21
24
29
23
16
20
27
19
17
20
20
15
23
17
8
20
13
21
18
20
22
20
18
18
24
17
16
23
23
20
18
17
21
20
24
18
19
12
24
18
24
17
17
27
19
18
14
10
13
24
25
12
19
21
22
19
21
15
20
24
19
8
15
17
17
13
15
15
19
13
21
21
20
21
19
14
18
24
19
20
18
23
17
23
14
16
22
18
12
19
22
11
15
13
27
19
30
16
23
12
13
15
19
21
20
24
27
24
14
24
18
18
25
25
22
23
11
17
24
16
19
25
21
29
12
21
17
14
18
23
19
14
15
20
15
29
27
14
22
17
21
18
25
17
16
19
20
16
22
19
21
30
18
16
20
11
14
26
20
19
15
19
16
21
19
17
18
22
26
21
14
25
13
11
14
20
21
23
21
19
17
17
23
23
15
19
14
24
23
21
21
21
16
21
19
14
13
22
16
14
22
13
15
15
24
20
21
15
20
18
14
13
14
12
27
15
16
13
24
16
25
16
23
15
17
17
19
15
20
19
19
10
11
16
22
22
18
11
17
18
22
19
21
17
18
23
12
14
17
14
20
15
19
15
13
14
15
15
13
14
19
23
12
21
8
10
13
18
15
19
13
17
14
20
16
18
15
15
12
18
19
18
7
18
16
18
20
18
17
15
23
18
16
16
13
15
11
16
21
10
13
16
24
10
15
15
15
18
18
15
14
18
15
12
16
28
10
12
14
16
13
10
10
13
18
13
23
25
13
17
17
12
13
13
18
18
22
9
17
16
13
18
19
15
12
9
17
14
21
20
17
17
19
23
10
28
19
14
18
13
10
11
12
13
21
23
17
13
29
12
18
8
20
17
16
14
13
11
14
17
23
18
8
13
12
16
12
16
17
10
18
12
13
17
14
20
15
21
7
12
14
16
16
15
13
10
24
19
12
17
11
12
13
22
14
17
20
16
12
17
24
11
14
16
19
15
20
13
12
11
11
17
16
13
15
17
8
19
22
15
13
15
16
16
13
19
20
15
16
14
21
16
27
10
13
15
13
16
23
14
16
8
13
19
18
11
16
17
14
18
8
10
8
9
19
16
13
13
21
18
14
10
8
14
16
15
22
11
9
12
9
15
20
15
21
14
14
8
11
17
19
16
8
13
16
6
17
13
11
20
11
16
9
13
17
16
13
13
15
4
18
13
17
21
10
13
16
21
25
21
18
13
15
24
11
14
12
14
10
19
19
22
16
18
13
20
21
13
18
14
17
24
15
25
26
34
34
31
42
47
40
61
47
52
55
56
47
66
36
48
30
21
24
28
21
25
16
17
14
11
15
12
20
18
15
18
14
15
15
19
19
24
19
17
20
11
16
16
21
17
22
26
30
15
34
26
26
33
21
36
25
21
25
18
17
26
21
12
16
19
19
20
21
22
23
17
16
27
20
21
26
22
14
15
14
12
10
13
11
9
15
16
14
12
17
17
12
14
14
18
21
14
11
15
13
16
8
20
15
14
16
15
11
11
16
22
14
12
16
16
16
17
13
13
21
15
7
16
21
15
17
18
20
19
16
14
10
19
20
10
9
13
14
19
19
16
11
11
27
19
18
19
22
5
18
18
10
22
13
11
9
24
15
15
13
9
10
12
13
12
16
15
16
12
13
16
19
13
12
13
19
13
14
7
14
18
14
17
10
29
13
20
15
14
13
17
17
14
12
7
12
16
12
20
8
14
18
9
15
11
20
15
9
13
10
11
17
20
11
13
13
12
13
16
22
18
14
17
14
18
12
15
15
16
10
17
14
16
19
13
12
13
11
20
13
23
18
19
18
20
13
16
15
18
16
16
20
18
18
14
15
14
19
19
15
21
13
10
7
24
23
12
15
23
14
21
20
14
25
32
41
33
46
36
59
57
65
69
45
66
63
50
48
47
36
34
23
20
27
19
16
7
14
19
5
17
18
8
16
17
13
12
14
10
25
9
18
14
8
13
16
16
20
19
13
14
9
11
16
11
13
10
12
16
17
13
12
16
17
12
15
12
16
13
11
16
15
13
7
16
10
9
8
10
13
16
16
10
15
17
11
17
22
22
15
13
12
19
16
18
15
12
13
11
14
18
11
14
6
9
16
13
11
12
16
12
15
15
18
10
17
11
7
17
22
19
13
14
13
9
12
14
14
10
16
16
15
12
12
16
15
12
11
15
15
13
20
14
19
14
18
18
9
12
11
17
21
14
14
19
9
12
16
14
19
12
16
15
17
14
18
10
11
15
7
14
15
21
22
11
24
13
17
13
18
12
13
21
13
16
16
13
18
19
10
19
16
14
14
12
6
16
17
22
17
18
14
15
18
17
23
22
15
18
11
19
18
9
19
14
14
20
15
18
17
13
12
14
16
16
20
8
10
17
17
10
20
12
9
14
15
18
13
20
23
13
14
15
17
15
15
20
11
14
21
16
22
14
22
22
13
13
11
22
23
21
22
12
15
15
9
16
18
19
16
13
12
10
22
19
16
11
22
18
15
16
14
11
24
13
17
19
21
17
12
26
26
15
23
17
14
21
14
21
17
15
18
24
17
24
27
16
6
26
14
22
10
14
19
16
23
14
16
12
14
16
17
17
24
16
18
16
14
20
18
19
16
22
20
20
16
17
17
20
22
13
13
16
12
11
22
13
10
18
14
14
18
20
20
22
15
23
22
18
16
17
22
15
19
17
23
13
19
19
12
28
23
17
19
20
12
21
24
21
15
22
23
18
17
26
15
17
20
13
13
21
22
26
22
19
18
19
14
27
18
22
18
14
18
13
25
15
17
16
18
16
14
28
13
23
21
22
15
20
10
16
19
18
18
20
15
19
15
24
14
33
21
19
21
15
17
17
24
15
16
20
20
23
16
20
17
23
14
21
14
11
27
20
16
12
19
24
23
24
16
13
13
18
19
28
25
15
13
15
21
16
17
18
16
21
10
16
17
18
21
20
12
15
18
22
13
17
15
14
13
18
11
13
20
17
8
14
14
21
17
13
18
15
20
13
10
14
9
11
8
14
12
12
15
7
17
10
14
12
9
9
0
14
13
10
9
7
10
10
6
9
10
10
12
9
10
12
15
12
10
14
11
10
13
13
8
8
16
2
14
8
10
12
9
9
9
11
11
12
14
10
11
11
13
13
15
7
10
9
8
9
16
8
9
8
9
16
12
13
8
12
11
5
8
7
8
13
15
10
18
11
11
16
15
10
10
6
17
17
11
10
8
5
8
13
14
10
4
10
10
7
12
12
12
21
7
11
6
4
10
11
5
11
6
9
7
11
9
9
6
10
9
8
12
7
5
12
9
9
10
9
12
6
10
11
15
9
12
11
12
7
7
9
4
7
10
8
12
6
11
10
12
11
11
7
13
11
15
16
15
25
16
20
15
23
19
24
24
22
28
22
20
24
8
14
7
8
10
10
5
9
7
18
8
10
9
11
10
3
14
10
9
8
7
7
9
8
7
5
2
6
4
7
7
8
4
10
9
12
5
6
7
6
12
7
4
12
7
7
7
7
4
9
8
6
4
8
9
6
8
5
8
7
4
5
4
6
8
9
5
2
5
5
5
6
4
13
10
4
4
3
3
6
10
4
7
7
3
6
7
6
4
8
2
5
8
5
4
6
1
9
7
8
4
7
5
5
4
4
5
2
5
5
7
7
6
3
2
3
3
2
4
5
6
8
3
4
12
1
3
3
4
9
3
5
6
5
2
2
4
4
7
1
8
3
3
4
2
2
6
4
8
6
4
7
2
5
3
4
3
5
5
1
3
3
7
4
4
2
2
4
2
4
5
4
5
4
6
9
3
7
2
2
9
3
1
6
3
4
2
4
7
5
4
2
3
2
5
3
5
5
6
4
2
4
3
4
4
1
4
4
1
5
1
1
2
5
2
2
2
2
0
4
1
1
5
4
1
1
2
1
6
3
4
1
4
2
6
2
2
1
4
2
4
4
5
4
3
4
3
4
1
3
2
2
4
6
4
4
4
2
3
1
0
0
1
2
4
1
1
4
2
8
3
1
3
5
2
1
3
2
5
3
6
3
3
3
6
4
5
2
5
4
7
5
3
3
1
3
4
0
4
6
7
2
2
3
4
1
4
1
2
4
5
0
4
2
2
3
3
1
1
0
1
6
1
0
4
4
4
4
3
6
5
3
4
2
1
2
5
3
1
2
1
4
4
1
5
1
3
1
3
3
1
3
3
4
5
0
2
1
3
3
2
4
5
2
5
4
1
7
2
3
3
4
4
5
4
3
1
4
1
4
5
3
4
5
7
3
6
1
2
4
4
4
4
4
1
2
2
4
5
4
2
3
3
2
4
2
4
4
1
5
5
6
5
1
4
3
5
4
5
4
2
3
1
3
5
4
11
10
6
13
19
16
36
43
43
51
72
84
91
110
135
158
170
193
224
221
260
234
219
237
225
168
134
114
78
43
31
15
9
7
4
1
5
0
1
0
2
1
2
0
2
1
5
0
0
1
1
0
2
0
1
1
3
1
1
2
2
3
1
3
0
2
2
2
1
0
1
0
1
2
0
4
0
1
0
2
0
1
1
1
0
1
0
1
0
3
1
2
1
1
2
1
0
1
1
1
0
2
1
1
2
2
1
1
1
1
3
0
0
0
2
1
2
2
2
0
3
2
0
1
0
1
1
0
0
3
2
0
2
0
0
1
1
1
0
0
1
2
2
1
2
4
3
0
2
0
1
1
1
1
5
3
2
0
3
1
2
4
0
2
4
2
1
0
3
1
1
1
4
1
2
4
1
1
0
0
0
1
0
0
2
0
2
3
2
1
1
3
0
1
0
2
0
1
0
2
2
1
1
3
1
1
1
0
2
2
0
4
1
4
0
1
2
3
0
0
1
0
1
2
0
0
1
2
2
0
2
2
1
1
0
3
1
2
1
2
1
4
0
3
1
2
1
1
1
1
1
1
2
1
2
0
1
0
1
2
2
2
1
3
1
2
2
0
1
2
1
0
3
3
1
2
0
0
1
2
1
1
0
0
3
0
3
2
0
0
1
2
0
2
1
0
3
2
2
1
1
1
0
1
0
0
0
0
2
1
2
5
0
2
1
1
1
3
2
1
1
1
0
3
2
0
1
2
2
0
0
1
1
2
2
1
1
3
1
0
1
0
3
2
1
1
1
0
2
1
3
0
0
0
1
2
1
1
1
1
0
2
1
1
2
1
1
1
1
0
0
0
5
1
1
3
1
1
1
0
0
3
1
1
1
0
4
1
3
1
1
2
2
0
2
0
0
1
3
0
0
0
2
1
2
2
0
2
2
0
0
1
1
0
2
0
0
2
0
0
2
3
1
1
2
0
1
1
1
2
1
0
1
0
1
1
0
0
1
1
0
1
2
3
2
0
0
1
0
2
1
0
0
0
1
0
1
0
1
0
1
0
0
0
3
1
1
1
3
1
4
2
1
1
1
3
0
1
0
1
5
2
0
3
0
1
4
5
2
2
0
5
1
1
2
1
1
0
1
1
2
1
1
2
1
1
0
2
3
1
0
2
1
2
1
1
2
2
0
1
2
2
0
4
1
0
0
1
2
3
1
1
2
2
2
0
2
1
2
2
1
0
0
2
0
1
2
4
2
3
1
2
0
1
3
0
1
0
0
2
3
2
0
2
1
3
1
3
3
0
0
1
1
0
1
3
4
1
0
0
0
1
1
0
1
2
3
1
1
0
1
1
4
1
1
3
1
0
1
2
6
1
3
1
1
0
1
3
1
0
1
2
4
1
2
2
3
0
1
2
2
0
1
2
0
0
1
0
0
1
0
0
1
2
1
0
1
0
1
2
1
1
2
1
3
0
0
1
0
0
0
0
1
1
3
1
1
2
1
1
3
1
1
3
0
1
3
2
1
2
0
2
0
0
1
3
0
2
0
1
1
1
4
2
2
1
1
2
1
1
0
0
2
1
2
2
2
3
1
0
1
0
1
0
2
2
2
1
0
1
1
0
0
2
2
2
1
0
0
2
0
2
2
1
0
2
1
3
1
2
2
1
1
1
0
1
0
2
1
0
1
2
0
2
1
4
1
0
1
0
0
0
4
0
1
1
3
3
1
1
2
2
2
2
0
1
1
0
1
0
0
3
1
0
1
1
0
0
1
2
1
1
1
1
0
1
0
1
1
0
1
4
1
3
2
1
3
0
0
1
2
4
0
0
1
0
1
0
1
1
1
1
2
2
1
1
1
1
1
1
1
1
0
2
0
0
0
0
0
1
0
2
1
1
3
1
2
0
0
1
2
2
3
1
2
3
0
1
0
1
0
0
3
3
2
0
1
3
1
1
1
1
1
0
1
0
3
1
0
2
2
1
1
2
0
0
2
1
1
2
3
1
4
0
1
2
0
1
0
0
0
0
1
0
1
0
2
2
0
0
0
3
1
2
1
0
1
1
0
0
2
1
3
0
2
0
2
2
2
3
2
1
0
0
0
1
1
1
1
3
1
0
2
2
0
4
1
2
2
0
1
2
2
1
1
1
1
0
0
1
2
0
3
0
0
1
0
0
0
1
1
1
1
0
1
0
1
1
2
1
0
1
1
1
3
3
0
1
0
0
1
3
2
1
1
1
1
1
0
1
1
0
0
0
1
1
0
1
1
2
2
1
0
0
2
0
1
1
2
3
2
1
2
3
1
1
1
2
1
1
0
2
0
1
2
0
3
0
2
0
2
1
0
3
0
1
1
1
1
1
1
0
0
2
0
1
1
2
0
0
0
0
2
1
0
2
2
1
0
1
1
2
2
0
0
1
1
1
0
0
2
0
0
0
2
3
3
1
0
1
0
0
0
1
0
2
0
1
0
2
1
0
1
1
0
2
$ENER_FIT:
0.194 0.367043 5.07640e-008
$MCA_CAL:
3
0.194 0.367043 5.07640e-008
$PEAKLABELS:
1551.275, "Bi-207"
2895.765, "Bi-207"
4818.857, "Bi-207"
2444.284, "Bi-207"
2764.113, "Bi-207"
3926.137, "Bi-207"
3100.168, "Sum Peak"
4445.299, "Sum Peak"
204.303, "Pb X-Rays"
230.512, "Pb X-Rays"
197.420, "Pb X-Rays"
238.007, "Pb X-Rays"
3977.027, "K-40, (Bkgd)"
7115.992, "Th-232(d),(Bkgd)"
3427.778, "Single,Escape"
2036.978, "Double,Escape"
487.357, "Backscatter"
1049.086, "Compton, Edge"
2307.356, "Compton, Edge"
4191.047, "Compton, Edge"
565.880, "Backscatter"
159.039, "Backscatter"
$ENDRECORD:
