$SPEC_ID:
PeakEasy Library File: Bi-207, IdentiFINDER (NaI), 15.7 uCi @ 25 cm
$MEAS_TIM:
60000.00000 60396.00000
$DATE_MEA:
14-Jun-2011 16:10:30
$DATA:
0 1023
0
0
0
0
30100
130580
150074
192135
243033
289131
322882
343971
393085
487937
587718
604057
581510
638932
813248
1043199
1252202
1448261
1818177
2604803
3609151
4099016
3545737
2535483
1810178
1388772
1005026
653321
438198
354499
334359
337448
345774
361918
376707
380666
370401
359393
357334
358482
361522
363379
366486
367648
367068
370652
371824
372641
376112
379271
387824
402288
418544
435593
455921
469309
479109
484820
485372
484448
481196
474894
468725
462254
455880
451508
442618
432962
425597
416917
405377
395839
385186
373444
362334
351583
339919
329992
319268
310072
302483
295361
288609
283991
277015
271331
264311
258075
252915
247971
243728
239831
236397
233642
230283
227236
223260
220080
217156
215077
213177
211576
209972
208170
208579
208594
206480
205193
204211
203190
200408
199161
196116
193279
189626
185671
181959
176161
170928
165639
158592
151838
144925
137992
130782
125470
119922
114862
110526
107206
103772
101955
99630
97540
95905
93843
91317
89969
88514
87719
86224
84967
84321
83248
82465
81626
80383
79353
79479
78593
78082
78262
76985
76744
76266
77091
76655
76371
75799
76018
76189
76272
76764
76973
78251
80450
83862
89229
96943
107477
122891
142993
168670
201568
241181
287234
337657
395365
451733
507928
561217
604366
637473
657916
666880
659668
639498
606411
560101
505953
447384
389582
330703
276980
230184
189432
154639
127630
106409
90805
79317
71034
65660
61952
59084
57138
55391
54035
53786
52492
51817
51519
51260
50676
50438
51006
50714
50840
50857
51286
50677
51111
51364
51597
51659
51716
52286
52293
52465
52405
52622
53353
53548
53841
54376
54677
54938
55016
55975
55695
55743
56439
56594
56328
56812
57068
57007
57207
57391
57558
57841
58168
57657
57984
58343
58228
57988
57709
57785
57195
56567
56157
55109
54120
53093
52382
51446
49985
47981
46250
44575
42660
41007
38978
37500
35528
33587
31894
30376
28169
27448
26245
24809
23775
22643
21676
20936
19935
19234
18447
17827
17222
16545
16236
15517
14960
14403
14136
13605
13033
12616
12255
11703
11612
11102
10724
10483
10286
10137
9808
9710
9661
9423
9242
9181
9062
9154
9227
9239
9533
10094
10609
11345
12368
13662
15622
17735
20508
24283
28123
33039
39499
46288
53947
62837
71798
82556
92955
104236
114771
125990
136290
145705
154171
160741
165509
168466
168803
168080
164087
159120
152412
144499
135218
124538
113113
102003
90416
80347
69548
60630
51629
44359
37665
31857
26883
22311
19130
16377
14276
11949
10719
9378
8442
7891
7076
6653
6335
5903
5786
5358
5102
4995
4684
4605
4416
4126
4144
3995
3854
3758
3678
3653
3632
3478
3364
3383
3288
3258
3264
3157
3219
3241
3211
3278
3246
3204
3106
3264
3373
3449
3343
3479
3446
3388
3415
3486
3477
3404
3389
3483
3343
3360
3388
3361
3292
3291
3327
3147
3119
3141
3135
3064
3165
3100
3145
3158
3039
3135
3146
3115
3150
3142
3226
3104
3127
3164
3191
3171
3217
3254
3254
3291
3263
3418
3458
3363
3518
3553
3666
3699
3686
3671
3778
3903
3931
4055
4032
4200
4087
4336
4361
4412
4404
4535
4493
4536
4592
4539
4562
4576
4543
4433
4366
4218
4164
4083
4004
3942
3699
3639
3559
3349
3265
3177
2988
2860
2733
2660
2626
2452
2317
2264
2127
2105
2005
1929
1817
1764
1760
1689
1601
1524
1477
1442
1433
1326
1229
1204
1148
1113
1126
1032
1025
1002
1000
968
899
879
856
822
780
753
714
773
679
678
642
645
648
612
602
591
572
560
608
571
614
630
610
708
705
738
790
894
946
985
1182
1377
1491
1695
1885
2162
2391
2552
2866
3173
3378
3781
4119
4311
4829
5006
5363
5700
5992
6233
6395
6545
6508
6711
6603
6580
6498
6434
6240
6049
5813
5548
5270
4925
4691
4374
4067
3761
3566
3125
2764
2597
2290
2071
1853
1595
1466
1338
1207
996
902
774
701
605
560
505
467
419
434
358
329
334
313
278
289
273
250
248
225
212
219
216
198
213
214
208
200
176
152
156
158
156
141
150
144
153
137
138
142
113
119
118
113
104
106
120
106
96
106
103
105
102
114
101
88
84
98
102
84
109
80
86
95
102
96
84
92
85
101
109
96
104
103
94
91
111
107
96
124
122
123
107
121
111
105
117
117
128
107
126
134
135
131
116
117
127
120
118
121
131
109
124
123
109
104
113
116
100
113
100
114
113
97
113
104
101
119
117
114
116
86
86
99
101
95
92
93
100
94
105
121
100
105
101
82
84
91
88
86
92
81
95
99
93
95
84
77
84
82
81
89
87
88
87
80
76
77
78
85
78
82
86
66
64
61
70
69
74
51
51
63
64
61
54
53
56
44
76
62
53
47
46
54
44
55
62
45
55
49
41
49
42
52
53
46
40
51
44
40
39
44
45
36
34
39
34
28
34
35
37
21
27
33
31
36
31
31
38
31
30
32
29
30
34
35
39
38
39
41
44
42
42
42
58
35
66
65
70
79
57
69
92
84
69
80
93
94
90
94
100
112
108
127
104
105
108
105
112
107
102
98
98
96
97
98
82
73
98
75
74
69
66
59
57
55
69
53
45
56
47
54
32
41
33
27
30
30
24
29
27
23
16
18
21
17
13
15
13
14
16
20
16
15
15
12
11
7
14
10
13
12
8
15
9
17
19
6
14
13
15
11
13
10
13
10
12
12
14
14
15
11
11
7
10
8
9
7
9
6
13
5
6
8
9
7
13
11
6
11
12
12
11
16
6
8
12
8
8
11
12
8
5
12
11
7
11
11
10
8
12
8
12
8
4
12
8
11
8
10
9
14
11
14
11
4
9
8
6
6
10
9
7
17
9
5
5
8
7
7
7
12
14
11
10
4
11
12
18
10
12
10
9
9
$ENER_FIT:
-2.281 3.049514 -3.44105e-005
$MCA_CAL:
3
-2.281 3.049514 -3.44105e-005
$PEAKLABELS:
188.013, "Bi-207"
350.923, "Bi-207"
585.088, "Bi-207"
24.996, "Pb X-rays"
483.416, "K-40, (Bkgd)"
866.565, "Th-232(d), (Bkgd)"
63.410, "Backscatter"
115.976, "Compton, Edge"
267.281, "Compton, Edge"
$ENDRECORD:
