$SPEC_ID:
PeakEasy Library File: Gd-153, IdentiFINDER (NaI with Cs-137 seed), 201 uCi @ 111 cm
$MEAS_TIM:
66686.00000 66944.00000
$DATE_MEA:
8-Jan-2000 04:10:56
$DATA:
0 1023
0
0
0
0
92597
428068
306697
206881
156396
260558
593434
1064256
1917516
3799070
5457987
4548080
2679191
1511015
744781
455621
493138
638750
837808
1064071
1264281
1344859
1289339
1180048
1103216
1141832
1383279
1941308
2648480
3056000
2832480
2102133
1260159
617588
252216
126345
91078
81510
79766
78566
77950
76942
76083
74506
73427
72414
71272
69852
68055
68104
67437
66659
66182
66062
64940
65252
65907
65824
66197
66275
65578
65133
63936
62661
61704
59953
58974
57610
56546
55498
54631
54456
52870
52502
51391
50268
48760
47285
46012
44113
42929
42271
40785
39796
38895
38349
37600
37099
36452
35732
35178
34497
34205
33912
33346
32973
32439
31816
31221
30739
29958
29802
29406
29277
29413
28907
28732
28990
28454
28513
28408
28112
27940
27877
27439
27054
26700
26108
25778
25008
24557
24271
23911
23777
23732
23159
23750
23548
23381
23291
23514
23784
23458
23419
23113
23490
23263
23026
23162
23132
23000
22726
22623
22392
22198
21697
21030
20318
19559
18423
17659
16613
15809
14635
13796
12934
12189
11498
10935
10414
10112
9724
9347
9265
8814
8562
8247
8056
7727
7533
7231
6807
6868
6529
6448
6173
5931
5805
5734
5683
5603
5656
5628
5507
5492
5462
5506
5738
5602
5587
5751
5902
5849
6069
6096
6268
6593
7137
7807
8764
10355
12136
14621
17992
21978
26705
32160
38538
45188
52808
59919
67370
74552
80960
85440
88610
90667
90458
87832
83802
78400
71831
64446
56654
48383
40279
33495
27045
21174
16473
12831
9824
7603
6015
4657
3831
3274
2829
2545
2366
2298
2210
2114
2083
2068
2117
2121
2072
1968
2030
2104
2040
1926
1993
1960
1984
1908
1855
1881
1928
1755
1892
1716
1813
1810
1761
1771
1700
1711
1735
1717
1701
1668
1626
1633
1692
1626
1587
1631
1655
1683
1627
1643
1574
1628
1595
1598
1627
1678
1654
1700
1698
1651
1720
1710
1747
1743
1737
1737
1717
1744
1690
1639
1652
1683
1668
1667
1622
1649
1604
1582
1521
1565
1537
1536
1585
1529
1475
1493
1528
1452
1459
1456
1383
1333
1413
1304
1287
1318
1337
1257
1225
1181
1178
1186
1245
1219
1227
1217
1193
1131
1125
1166
1157
1137
1157
1152
1137
1139
1186
1210
1207
1197
1162
1199
1140
1196
1240
1254
1237
1214
1266
1261
1243
1306
1252
1299
1263
1265
1351
1226
1311
1233
1257
1227
1221
1174
1174
1165
1170
1181
1188
1147
1208
1108
1125
1071
1114
1104
1047
1039
1032
1028
1018
1030
1014
987
937
912
955
899
907
858
843
834
826
786
751
788
733
706
694
721
663
682
682
637
669
645
622
602
588
576
600
553
541
536
534
525
518
497
484
512
484
534
508
480
474
456
482
409
461
492
460
457
489
457
462
470
486
499
486
520
538
528
535
530
581
591
575
635
713
763
796
860
910
926
1030
1126
1183
1241
1265
1355
1436
1464
1533
1562
1672
1666
1719
1693
1700
1639
1558
1582
1542
1449
1422
1344
1222
1171
1088
966
940
841
824
720
678
566
583
530
454
410
411
396
323
326
319
290
300
296
308
282
317
281
261
265
271
260
272
277
252
283
257
287
267
276
253
251
261
288
236
225
206
216
217
196
198
207
207
176
199
183
169
192
166
181
190
176
167
182
191
167
194
174
187
164
185
183
173
182
177
196
202
206
202
194
227
231
205
216
229
238
236
246
238
262
243
248
235
244
253
248
251
251
250
235
218
213
244
207
186
199
201
187
171
169
153
193
190
153
163
168
162
150
164
153
151
148
150
158
146
136
143
138
131
141
124
136
127
133
152
130
117
140
120
129
116
117
137
119
128
138
108
118
112
118
125
121
123
103
113
115
113
130
110
118
112
109
106
107
102
95
101
93
106
103
100
101
106
99
102
92
95
107
93
117
82
90
119
93
107
93
106
106
80
97
102
98
101
105
115
103
123
117
111
115
115
126
126
143
150
135
136
152
130
158
148
145
142
144
152
154
135
151
138
140
137
147
141
160
147
140
147
145
163
127
132
114
134
149
131
132
135
127
132
134
141
135
126
137
134
138
126
113
107
125
127
125
117
125
111
110
119
119
116
110
104
121
109
102
106
107
105
105
93
111
97
86
109
91
106
92
103
91
86
85
95
86
96
91
76
80
84
90
82
94
85
72
68
83
85
73
75
64
65
65
65
62
53
75
59
52
48
61
47
58
43
56
66
41
47
45
50
41
52
38
49
44
43
49
50
36
39
35
38
41
36
36
32
33
34
42
38
28
31
40
30
31
28
32
30
31
34
35
35
59
37
40
60
42
55
49
62
66
75
73
93
85
78
88
98
99
112
136
117
134
135
146
142
137
116
144
152
130
135
152
133
127
130
120
120
108
114
113
105
127
96
96
88
88
76
73
64
63
72
41
51
50
42
47
43
40
23
35
29
34
25
21
23
17
23
18
21
15
14
18
13
10
19
13
22
16
12
11
12
11
10
15
10
8
11
11
17
14
11
9
9
7
10
9
5
14
13
9
12
15
10
6
9
8
8
12
11
10
14
8
11
11
6
7
8
18
10
8
7
5
12
14
15
10
16
13
8
12
13
9
7
10
6
12
5
15
15
9
5
4
10
11
12
6
8
2
11
6
7
11
10
12
9
8
5
10
8
12
4
15
7
11
5
10
8
12
13
9
10
8
15
11
8
12
8
8
10
15
8
13
11
4
7
$ENER_FIT:
-1.292 3.025469 -1.53217e-005
$MCA_CAL:
3
-1.292 3.025469 -1.53217e-005
$PEAKLABELS:
33.242, "Gd-153"
24.077, "Gd-153"
14.189, "Gd X-ray"
220.262, "Cs-137, (detector)"
483.818, "K-40, (bkgd)"
868.297, "Th-232 (d), (bkgd)"
$ENDRECORD:
