$SPEC_ID:
PeakEasy Library File: Gd-153, Detective EX-200 (HPGe), 201 uCi @ 94 cm
$MEAS_TIM:
53718.18000 61629.00000
$DATE_MEA:
18-May-2015 22:42:18+00:00
$DATA:
0 8191
0
0
0
0
0
0
0
0
0
0
0
0
0
0
0
0
0
0
1
0
0
0
0
0
6
8
9
14
18
26
17
29
38
67
82
157
241
576
23160
388148
719003
722599
709462
695001
683524
673618
660763
649076
636645
627518
618756
610067
600420
592507
585307
577111
570716
563198
558377
550953
545630
539992
535151
531306
524649
519123
514520
509781
506176
499857
495552
492071
486338
478479
470330
463352
458741
454350
448733
443099
439765
433473
430243
427549
428345
436031
451000
460932
457614
445378
435242
436528
445144
458985
481854
514840
560549
618295
674272
710362
729864
740998
759238
780597
812292
861148
925844
1054178
1413730
2438166
4504181
7115642
8756953
7866161
4699501
1808212
591764
333411
302911
305294
313943
325970
343494
376564
498669
945294
1978663
3124263
3122984
2047868
1288236
1056360
730528
336654
132646
80037
71596
70797
70278
69554
70208
70615
71435
72151
73105
75083
77249
80623
83909
87778
91201
94546
96908
98985
101479
103199
106040
108211
111075
114051
116205
118497
120891
124507
126590
128676
131268
133967
136839
140130
143869
147637
150845
154055
157035
160223
164618
167761
173230
182834
203731
233944
248019
237024
231033
263909
351589
538781
850832
1064614
886351
537549
354755
324122
332713
341530
349786
358529
367860
381377
391708
401281
408991
417665
427770
425722
410207
391306
382410
385764
394062
403010
396920
375418
358278
350021
349701
352044
349856
341037
331347
326260
324747
326742
336626
363193
393817
393927
362502
338788
331716
332962
334161
337353
339955
343466
344377
347120
349937
352373
355259
363613
378458
391449
388373
376845
367620
368055
372400
373074
377438
380300
384183
389886
393255
398625
403194
408586
415869
425003
442525
563238
1371668
4315409
9303335
11476679
7803524
2947458
723865
248336
197283
194610
196278
199865
202490
206991
228514
403967
1394980
4286112
7857864
8000918
4440624
1347771
243704
48562
29199
26288
24605
23329
22187
21629
20704
19885
19505
18913
18376
18088
17712
17503
17018
17011
16986
16476
15909
15752
15534
15379
15115
14782
14800
14958
14414
14541
14383
14340
14225
14193
13884
13893
13674
13705
13665
13657
13724
13775
13402
13375
13668
13457
13279
13271
13179
13218
13049
12986
13305
13179
13057
13067
13133
13209
13268
13234
12935
13073
12968
13029
12885
13044
13197
12968
13156
12925
13004
13200
12646
12931
12876
12987
12944
12754
12980
12852
13002
12778
12961
12871
12932
13139
13013
12919
13116
13269
14052
15568
17323
19010
18805
16801
14201
12725
12335
12168
12174
12337
12333
12144
12549
13012
13765
15738
17751
19128
17901
15542
13219
12222
11713
11352
11136
11400
11063
11354
11137
11091
11431
11886
12743
12724
12252
11978
12337
12226
11699
11064
10731
10736
10631
10921
10796
11024
10572
10577
10583
10418
10364
10362
10523
10439
10497
10205
10347
10175
10234
10066
10124
10104
10420
10246
10286
10158
10066
10054
10219
9897
10049
9964
10057
10060
9882
10144
10088
10241
10595
10626
10310
10045
9924
9940
9755
9869
9908
9635
9754
9875
9821
9908
10684
13594
19294
22642
19734
13916
10429
9707
9375
9349
9418
9353
9385
9332
9489
9231
9132
9206
9263
9278
9201
9210
9210
9260
9073
8969
8995
8981
8990
9062
8926
9016
8772
8930
8641
8824
8992
9408
9728
9812
9580
9131
8876
8496
8433
8480
8424
8382
8494
8484
8505
8176
8393
8483
8353
8289
8446
8346
8299
8622
9392
10117
11321
11898
11214
9349
8173
8100
7961
7554
7929
7758
7943
7934
8248
8684
9580
11316
13067
13419
11477
8876
7800
7315
7181
7312
7235
7231
7278
7283
7246
7562
7831
8555
9033
9087
8158
7310
6894
6847
6837
6896
7147
7080
7074
6727
6626
6616
6533
6451
6551
6577
6432
6505
6522
6569
6566
6560
6384
6439
6486
6488
6382
6391
6409
6391
6397
6413
6328
6353
6349
6209
6173
6248
6250
6324
6204
6176
6274
6162
6201
6079
6198
5918
6079
6033
6028
6116
6004
6091
6114
6012
5923
5860
5906
5941
5842
5864
5819
5824
5769
5696
5631
5822
5699
5762
5638
5732
5603
5565
5637
5533
5500
5662
5504
5496
5514
5572
5562
5616
5908
7136
9464
11217
10207
7673
6016
5409
5456
5695
5900
6334
6498
6414
5777
5354
4899
4915
4957
5047
4829
4804
4863
4807
4903
4867
4867
4800
4784
4781
4729
4734
4632
4823
4693
4674
4712
4744
4515
4573
4700
4648
4677
4577
4509
4599
4355
4681
4512
4615
4483
4505
4407
4416
4477
4295
4461
4599
4525
4355
4498
4306
4340
4222
4341
4336
4237
4308
4334
4226
4245
4248
4202
4113
4122
4108
4082
4183
4126
4208
4189
4171
4074
4090
3947
4089
4044
4189
4264
4452
4504
4442
4252
4124
4062
3808
3914
3919
3885
4048
3981
3937
3941
3907
3853
3869
3865
3962
3961
4040
4134
3938
3765
3756
3774
3830
3836
3739
3703
3742
3674
3633
3795
3589
3642
3719
3679
3516
3743
3702
3599
3568
3625
3540
3597
3506
3515
3643
3652
3562
3626
3582
3558
3487
3558
3587
3365
3499
3553
3349
3374
3347
3421
3481
3401
3740
4495
5737
6531
6011
4824
3766
3391
3304
3294
3217
3165
3290
3249
3231
3520
3608
3594
3406
3292
3315
3191
3186
3116
3058
3167
3272
3245
2992
3088
3120
3031
3122
3049
2958
3011
3052
2996
3043
3005
2950
3024
3004
2922
2884
2956
3054
3063
2922
2942
2990
2961
2938
2892
2964
2904
2884
2978
2813
2880
2919
2884
2788
2839
2929
2802
2768
2891
2832
2792
2785
2812
2836
2780
2838
2880
2836
2842
2711
2672
2805
2803
2734
2832
2759
2830
2736
2709
2626
2711
2688
2860
3061
3043
2992
2807
2638
2676
2696
2622
2679
2680
2621
2598
2665
2662
2671
2568
2655
2719
2529
2579
2662
2496
2610
2578
2524
2539
2651
3160
3669
3861
3604
3080
2704
2549
2496
2542
2521
2505
2530
2412
2449
2508
2432
2486
2457
2388
2421
2346
2440
2427
2381
2464
2333
2386
2373
2353
2373
2410
2434
2348
2510
2413
2583
3141
4487
6487
8055
7334
5066
3276
2399
2260
2298
2297
2170
2178
2234
2192
2158
2088
2235
2168
2252
2177
2173
2164
2138
2200
2102
2160
2087
2162
2105
2161
2270
2058
2159
2134
2057
2158
2072
2109
2079
2151
2093
2148
2038
2150
2054
2037
2055
2056
2086
2005
2108
2083
1938
2098
2079
2017
2118
2052
2000
1972
1979
1916
1977
2006
1991
1981
1984
1991
1925
2038
2053
2020
1927
2012
1939
1955
1981
1965
1953
1950
1921
1925
1941
1968
1967
1988
1885
1933
1980
1930
1879
2016
1931
1852
1972
1898
1986
1941
1942
1963
1928
1859
1946
2028
1989
1873
1914
1909
1858
1859
1861
1909
1861
1912
1870
1843
1876
1847
1954
1853
1881
1863
1807
1842
1829
1732
1839
1779
1925
1834
1838
1806
1774
1834
1806
1762
1810
1854
1749
1756
1816
1751
1705
1749
1814
1800
1796
1816
1842
1802
1768
1744
1809
1684
1713
1842
1804
1825
1960
1957
2003
1935
1840
1689
1712
1838
1795
1703
1683
1725
1695
1742
1744
1646
1684
1685
1758
1617
1650
1643
1686
1697
1628
1649
1647
1652
1645
1608
1660
1654
1599
1676
1574
1556
1628
1616
1615
1694
1615
1629
1582
1623
1591
1574
1539
1592
1611
1603
1639
1573
1487
1594
1508
1516
1567
1542
1511
1528
1613
1580
1470
1530
1472
1571
1559
1543
1519
1545
1497
1565
1465
1509
1514
1526
1502
1474
1534
1512
1629
1655
1637
1600
1570
1553
1587
1554
1467
1469
1499
1465
1482
1417
1550
1517
1461
1463
1476
1434
1435
1438
1472
1451
1466
1440
1475
1394
1449
1468
1454
1464
1462
1475
1446
1489
1386
1487
1414
1405
1451
1568
1406
1489
1446
1502
1417
1426
1387
1453
1366
1352
1379
1374
1393
1456
1397
1343
1394
1331
1377
1377
1375
1439
1537
1575
1588
1873
1869
1700
1527
1409
1358
1415
1378
1272
1354
1382
1305
1336
1305
1401
1280
1313
1443
1432
1345
1359
1358
1333
1326
1291
1313
1281
1322
1304
1240
1359
1306
1329
1290
1267
1245
1295
1306
1325
1291
1309
1328
1325
1392
1284
1323
1336
1266
1369
1318
1306
1239
1351
1265
1312
1229
1260
1271
1229
1232
1219
1223
1257
1264
1275
1290
1360
1308
1317
1269
1232
1225
1215
1249
1208
1299
1205
1208
1248
1273
1223
1226
1232
1189
1204
1213
1190
1271
1155
1127
1166
1245
1178
1287
1203
1215
1174
1189
1181
1118
1172
1164
1151
1225
1161
1225
1203
1172
1183
1199
1229
1238
1188
1172
1151
1173
1227
1246
1201
1214
1174
1214
1213
1239
1290
1384
1512
1737
2039
2363
2853
3061
2698
2468
2009
1823
1599
1471
1377
1185
1230
1160
1148
1155
1169
1155
1107
1097
1098
1133
1096
1070
1115
1116
1129
1119
1115
1138
1038
1071
1089
1061
1086
1069
1128
1094
1130
1093
1076
1040
1103
1113
1043
1052
1074
1071
1074
1096
1046
1078
1084
1112
1045
1114
1122
1074
1051
1106
1075
1037
1055
1085
1054
1069
1069
1040
1116
1078
1068
1034
1041
1007
1070
1049
1094
1046
1099
1050
1068
1046
1103
1087
1083
1048
1037
1062
1059
1046
1077
1065
976
1057
1033
995
1046
1053
1035
1064
1077
1045
1063
1002
1012
1019
948
1021
1073
995
1034
1022
1034
936
1008
1029
1004
967
960
1015
1006
993
1006
1008
998
987
948
994
1026
989
988
995
958
1036
998
965
1010
986
988
965
993
1005
1026
1057
1069
1056
1005
1012
945
1013
1000
964
958
976
906
984
987
954
961
918
976
992
1033
966
967
941
952
957
900
983
1005
1009
975
923
987
964
926
952
909
906
946
925
973
941
920
991
941
911
918
980
979
983
951
1077
956
967
1037
1259
1811
2629
3656
3893
3237
2143
1485
1009
881
927
936
915
932
896
914
914
897
936
911
868
910
858
901
926
888
852
880
865
928
897
903
883
869
900
905
922
892
943
818
824
892
896
881
887
906
858
877
863
912
876
859
828
913
830
880
877
870
884
851
897
941
914
849
900
896
883
854
866
918
971
1263
2075
3620
5460
6657
5835
3984
2305
1262
982
855
820
777
803
799
849
767
881
803
798
880
802
800
796
861
762
796
781
802
778
766
825
762
812
746
809
755
787
789
785
809
753
801
825
824
806
774
764
800
782
779
783
753
791
789
787
764
774
766
737
788
778
829
799
811
774
787
823
759
748
758
720
791
753
719
776
780
780
820
747
791
728
793
755
769
795
693
743
773
780
818
758
715
757
783
756
741
789
755
689
752
773
741
732
716
664
734
758
721
711
757
802
779
803
741
743
709
732
723
725
718
727
749
720
762
708
747
738
788
745
716
787
743
769
714
685
721
731
725
708
754
706
706
737
764
784
783
801
780
747
738
754
740
677
783
818
852
916
887
870
802
771
708
730
753
710
695
730
719
713
690
712
759
707
728
720
728
681
697
710
761
721
726
745
668
706
695
715
709
711
726
659
719
667
705
718
670
732
667
727
707
702
693
703
696
719
735
671
687
694
640
705
706
715
672
689
692
664
749
669
707
719
665
700
683
702
678
633
665
732
711
663
674
672
679
670
727
683
728
704
726
652
717
688
693
665
735
703
703
695
695
682
638
680
651
732
679
689
655
741
746
689
755
687
740
657
733
687
704
651
657
675
704
704
706
631
651
679
674
700
727
712
665
645
715
685
723
708
667
644
664
674
679
677
633
663
638
647
646
674
639
678
595
667
660
641
698
709
639
665
693
648
640
705
615
623
695
649
625
643
680
653
683
739
961
1156
1283
1263
1102
819
698
625
631
617
643
631
627
624
605
631
641
623
628
636
640
622
615
662
620
635
639
625
631
583
610
645
576
597
610
617
613
611
655
622
627
626
675
593
620
613
671
626
605
618
642
624
629
637
618
564
618
622
654
557
598
592
588
627
617
639
592
581
578
642
578
578
602
573
619
605
646
647
674
661
705
666
618
621
581
541
587
631
617
633
626
579
592
639
577
600
571
583
593
623
612
652
640
656
616
631
577
590
642
675
651
709
802
1004
1081
1109
1018
818
710
614
583
564
610
618
687
750
716
686
615
589
581
579
571
600
587
568
578
572
559
530
570
545
559
580
592
626
555
604
575
549
585
636
558
583
564
543
576
579
577
611
708
730
755
754
669
664
576
522
520
571
551
541
576
557
559
527
535
534
561
532
595
554
529
567
610
710
857
890
881
717
685
601
542
579
519
532
474
527
544
522
563
482
541
511
495
521
527
506
566
543
594
472
508
525
560
562
610
670
610
626
579
583
512
500
535
559
511
543
507
551
528
525
560
525
509
502
562
478
542
549
569
563
515
533
525
558
488
507
523
467
534
539
508
506
489
517
490
487
535
586
497
527
526
528
487
487
505
503
511
534
505
518
504
487
536
499
516
522
507
502
492
523
528
555
511
537
538
505
491
528
561
490
469
496
521
566
582
626
662
618
630
578
505
511
479
545
562
522
590
630
608
520
559
577
513
475
515
500
500
457
487
510
480
457
481
507
494
496
508
541
532
528
496
488
517
510
476
485
486
502
476
522
483
508
478
461
494
471
501
482
494
538
492
489
472
484
506
489
490
474
486
480
540
582
700
752
844
828
761
678
549
483
495
518
486
482
493
501
469
481
476
499
497
526
487
463
488
493
498
525
467
492
515
515
505
496
493
472
495
440
469
479
483
465
501
488
435
504
495
471
486
505
452
501
493
447
471
486
475
471
487
507
532
456
468
490
479
487
479
504
476
441
453
438
453
474
479
474
474
475
519
496
486
405
475
490
482
473
466
481
469
477
476
457
504
476
482
475
494
463
467
483
461
474
493
496
467
480
448
457
441
474
495
464
430
462
452
466
470
423
484
467
510
517
509
525
552
479
499
498
481
467
483
456
498
480
435
458
496
515
592
784
1248
1747
2250
2527
2200
1606
1064
694
529
444
441
429
456
453
440
460
423
413
410
459
400
433
437
450
439
427
504
429
420
432
449
438
465
438
476
452
457
452
424
428
448
411
422
416
425
457
421
457
406
452
430
462
406
419
459
389
436
456
449
451
449
510
520
656
696
779
745
709
549
498
461
484
478
431
454
418
379
415
496
422
417
411
428
403
402
431
456
392
438
415
421
452
454
462
441
429
432
468
448
447
464
429
435
465
492
436
512
503
524
485
477
474
497
427
413
448
401
401
458
402
440
421
446
425
416
418
381
441
395
443
431
445
428
437
434
445
420
423
407
446
446
425
363
401
437
509
552
657
755
813
761
694
506
464
438
480
547
654
957
1333
1605
1668
1420
1079
703
577
425
421
378
399
420
379
440
393
384
403
371
384
428
418
392
407
423
449
386
425
421
436
388
379
408
407
399
415
412
394
385
438
434
403
422
411
410
438
405
401
421
401
377
391
425
430
403
462
427
398
405
415
373
396
385
395
408
411
417
453
378
416
393
378
389
382
389
361
381
400
390
417
417
405
379
443
390
419
411
409
433
464
474
495
460
435
400
418
384
403
372
373
349
399
374
381
396
394
363
415
419
373
409
412
393
367
399
413
385
354
386
412
375
391
370
408
433
406
413
389
384
398
385
403
402
402
370
391
373
390
392
400
414
411
368
406
401
404
385
428
426
396
401
407
386
393
400
446
387
406
374
394
416
349
365
395
399
404
392
409
424
369
458
393
412
443
428
393
380
410
411
407
376
404
397
387
404
376
425
406
383
400
422
359
378
363
360
398
388
403
424
378
408
405
415
368
403
367
372
363
381
407
396
379
428
404
382
359
435
403
358
425
404
406
364
383
439
380
366
391
405
444
403
414
402
383
399
403
352
403
358
370
399
401
351
360
390
375
363
390
378
391
384
394
427
405
395
398
369
374
395
386
375
366
420
394
422
359
422
406
367
372
386
385
401
416
415
423
370
412
428
393
386
393
395
379
374
390
401
390
348
348
378
371
373
372
341
370
388
368
410
381
434
389
380
420
418
406
395
399
370
362
365
377
370
382
376
355
402
375
388
352
385
384
393
374
383
401
414
338
402
357
376
371
367
377
380
390
359
402
401
362
382
352
376
394
386
372
395
390
398
411
397
352
382
391
348
410
390
399
385
400
414
369
402
404
409
360
379
427
403
363
382
404
368
409
391
391
402
366
412
348
368
389
385
364
378
358
394
369
380
396
367
345
391
421
361
357
365
411
445
403
380
348
358
390
395
410
403
348
371
417
472
506
632
856
1190
1603
1873
1685
1436
998
703
515
414
419
413
375
390
411
369
387
389
366
393
373
398
395
395
333
354
357
391
376
355
359
431
363
356
382
358
363
388
391
378
403
429
409
381
395
395
389
385
385
372
390
364
390
338
387
401
351
348
444
375
378
402
420
351
388
379
383
391
382
367
397
414
407
402
382
371
388
389
386
393
398
381
418
390
390
364
347
369
405
401
383
384
388
391
378
402
490
560
554
511
525
447
434
396
404
368
363
400
373
363
395
393
393
413
411
397
376
405
383
401
423
392
379
413
381
390
353
380
390
386
392
393
403
393
402
380
384
365
345
405
403
403
390
356
388
445
422
403
423
402
389
380
401
357
407
357
423
417
388
375
398
409
402
396
375
380
378
417
393
393
414
461
430
456
387
417
419
398
386
375
370
374
385
388
389
377
390
381
378
384
410
397
405
444
391
408
430
443
393
345
402
413
413
432
391
382
424
359
456
404
413
414
355
396
400
388
412
428
386
425
404
410
429
426
400
391
398
402
379
437
423
386
425
404
424
428
413
413
406
420
457
419
472
417
445
449
432
411
416
409
406
432
393
412
405
371
421
384
435
398
406
447
446
373
432
420
438
436
428
421
415
406
447
417
373
440
415
385
392
438
428
381
424
413
431
418
404
384
428
468
417
384
436
426
411
442
419
421
432
398
417
411
416
387
398
387
406
403
453
417
417
413
385
425
397
367
427
443
397
458
465
506
586
797
896
1008
923
771
593
547
467
415
438
394
398
400
376
402
367
379
363
342
350
361
395
352
362
375
373
358
368
335
335
356
353
361
343
345
331
323
310
311
308
317
321
359
342
336
369
314
312
297
317
317
333
289
331
279
324
295
283
302
303
292
286
301
299
307
321
329
313
296
314
297
303
319
308
266
313
290
282
292
279
299
314
281
321
282
314
287
276
319
296
290
307
255
266
284
306
280
265
274
308
293
296
290
307
296
298
285
287
273
312
257
261
300
288
289
332
324
331
358
409
411
385
297
312
256
281
279
276
255
288
248
288
282
285
288
270
247
269
299
302
263
276
308
251
254
287
271
233
282
265
297
222
241
273
266
269
256
241
252
290
253
237
284
271
231
254
252
269
281
246
232
231
240
258
248
257
252
223
259
227
246
245
254
232
265
239
251
225
284
249
246
227
245
228
233
228
241
238
215
236
218
238
241
216
255
238
233
252
258
216
251
250
213
208
242
228
221
208
237
218
258
230
216
213
238
240
216
226
250
201
219
234
234
224
220
218
209
214
207
208
229
196
215
237
223
224
193
216
231
222
197
207
199
210
211
183
204
240
260
235
215
217
219
244
174
180
200
191
195
190
175
223
196
196
209
211
195
173
176
197
178
209
184
204
199
182
201
198
189
187
180
181
195
181
194
181
168
204
222
218
188
167
174
206
194
190
191
199
183
184
187
177
197
193
184
201
185
167
188
177
194
174
168
183
151
160
167
178
163
187
178
153
169
168
163
191
179
159
152
186
162
157
182
162
196
158
164
135
161
171
165
169
168
154
152
166
163
165
153
171
194
169
146
177
152
165
183
156
168
178
140
163
141
157
142
149
145
167
184
247
320
387
436
480
478
412
308
232
192
193
170
157
148
170
160
142
157
154
182
139
222
193
192
207
219
206
198
173
158
140
147
151
158
135
146
168
152
148
147
139
169
146
138
126
140
139
147
161
160
136
149
168
175
161
149
174
145
152
172
153
164
127
162
149
170
196
234
232
280
269
243
227
196
168
151
165
154
161
155
151
156
199
198
246
307
316
344
326
284
247
229
170
156
144
127
155
133
132
144
150
155
148
121
153
146
141
139
148
141
161
130
112
130
137
132
129
159
145
117
143
138
144
140
178
126
157
145
125
125
140
150
141
158
159
159
163
148
155
150
136
139
154
133
145
115
134
124
157
146
134
151
132
122
135
159
132
154
147
161
144
141
135
155
167
133
114
152
139
141
124
134
140
133
128
132
144
145
136
125
140
146
124
138
125
143
151
167
138
124
142
147
121
149
131
138
137
142
150
147
126
142
126
108
130
142
142
150
131
130
146
138
165
146
159
157
167
159
162
207
219
217
256
344
511
951
1911
3731
6406
9652
12726
13734
12983
10668
6981
4027
1994
909
389
166
155
98
105
109
95
120
93
103
93
111
103
82
84
91
94
99
111
86
89
73
85
91
98
94
71
82
95
92
64
93
89
88
75
73
75
75
87
91
99
86
118
105
97
91
98
86
87
90
96
75
87
101
84
81
82
88
108
77
93
101
86
86
83
93
87
83
80
71
86
84
80
80
71
79
91
98
88
83
79
84
85
92
85
111
91
130
142
136
135
109
106
102
96
93
93
99
78
86
91
91
103
111
118
127
109
109
107
83
77
101
73
76
81
87
87
95
92
96
103
135
201
201
243
257
230
223
170
133
106
104
102
85
103
93
109
91
108
95
85
77
90
88
68
85
83
85
73
79
90
73
83
79
98
75
77
98
91
75
66
74
73
77
84
81
73
79
68
82
76
90
92
74
94
73
98
87
90
101
77
90
82
81
87
81
85
61
75
77
73
70
59
64
78
79
74
71
81
63
74
91
91
121
117
117
100
109
94
99
95
95
81
97
96
93
83
101
100
103
79
112
90
72
95
75
51
44
87
77
91
80
78
81
75
78
81
74
61
68
71
73
82
80
91
62
77
77
73
67
72
69
72
74
87
84
65
83
84
86
73
88
73
72
65
63
72
68
81
63
67
68
74
84
65
75
79
71
83
81
66
60
70
58
68
56
55
67
68
65
75
68
66
58
58
70
62
65
65
73
66
68
67
56
68
81
59
67
55
72
59
61
68
72
64
68
76
103
81
99
92
110
85
104
95
116
129
119
126
130
98
65
85
72
69
100
121
122
177
240
254
244
242
201
160
112
110
103
126
166
227
255
233
237
232
193
160
124
93
94
82
77
72
73
73
72
69
82
84
82
97
96
101
86
81
76
81
63
58
75
69
69
63
57
75
42
62
52
76
63
63
63
77
70
75
76
63
70
59
70
69
66
73
67
57
59
72
60
68
50
70
59
61
62
58
76
50
60
71
63
68
58
52
62
66
81
84
130
139
154
160
165
122
81
88
75
71
57
70
57
75
70
79
74
73
70
59
54
66
72
72
47
75
96
107
142
153
145
139
119
113
78
64
57
70
67
64
41
43
62
55
64
63
61
51
73
93
67
89
81
78
63
68
54
59
57
58
52
49
56
46
46
56
55
53
52
44
49
52
50
48
51
49
39
52
51
66
58
59
58
49
41
46
44
63
69
57
52
43
47
66
54
39
42
53
53
70
45
73
60
59
42
65
55
52
62
79
92
102
113
144
110
130
111
87
62
65
58
61
44
58
70
60
78
57
66
76
60
60
53
54
39
47
55
64
53
42
54
54
49
49
45
46
53
44
49
55
58
59
45
60
44
46
58
57
54
68
51
65
57
55
62
67
52
55
47
52
60
56
66
59
73
66
69
72
50
65
66
53
43
53
66
69
39
51
64
62
52
49
47
54
60
67
50
61
65
71
69
46
78
58
48
63
53
50
56
49
60
45
58
46
49
54
54
40
62
63
45
50
57
64
47
59
49
48
40
46
53
43
52
48
42
55
51
43
45
51
44
57
40
53
49
73
47
42
48
62
49
59
49
56
65
55
54
51
43
42
55
36
50
44
64
52
57
55
42
42
42
34
68
47
42
42
51
49
47
47
48
62
55
51
50
45
51
59
52
48
50
47
40
55
74
88
125
185
218
234
261
239
224
173
121
77
58
48
46
43
50
49
49
52
51
60
47
35
42
44
42
48
48
52
50
55
51
57
43
48
44
47
43
47
61
60
41
54
41
40
47
34
44
61
52
51
38
48
48
37
50
44
31
42
50
51
62
49
46
58
49
53
47
39
48
50
43
37
51
62
51
58
52
47
44
50
49
53
49
50
43
55
43
59
45
65
57
75
93
157
281
383
618
837
1083
1181
1158
970
717
447
278
155
81
80
41
48
50
35
56
50
40
43
51
55
44
60
46
50
37
45
37
49
44
39
42
34
38
44
39
47
52
36
56
40
51
49
47
50
37
35
46
41
44
45
33
42
45
51
44
57
37
46
37
49
36
44
44
41
43
48
38
49
63
43
37
45
44
45
50
44
45
45
40
57
35
41
55
43
49
39
44
49
47
58
38
28
36
51
62
38
53
39
42
47
49
55
49
33
48
50
40
40
36
43
38
55
55
50
53
43
47
46
38
43
38
36
48
39
47
47
50
45
43
60
40
49
45
43
47
47
42
39
34
55
36
49
30
40
59
38
46
47
46
36
60
53
44
39
39
42
48
38
47
50
53
48
51
48
45
50
44
42
39
50
37
40
38
48
43
47
40
49
38
40
42
42
53
38
61
45
48
35
42
58
43
47
60
44
46
41
60
46
36
58
55
73
78
69
70
60
43
47
60
40
38
59
45
38
51
47
40
39
43
44
48
55
64
86
112
136
170
190
199
166
143
118
88
75
48
56
43
44
41
49
47
44
43
40
59
52
35
39
44
37
44
45
46
37
43
40
40
42
43
47
46
40
26
39
42
45
35
41
39
50
47
36
42
39
51
42
45
40
47
39
26
50
44
42
34
35
49
44
54
48
38
54
45
43
56
44
55
50
60
67
59
44
63
45
44
48
45
36
34
35
39
41
26
34
57
45
54
43
48
41
50
52
48
39
46
45
41
47
42
33
49
42
45
44
46
48
55
53
40
44
56
35
52
58
62
46
45
49
49
49
59
50
45
39
56
44
46
45
52
43
61
64
50
48
52
45
49
65
44
41
41
49
41
48
33
46
54
43
51
43
39
37
41
35
46
45
45
37
43
49
54
37
50
42
53
41
47
43
41
41
51
44
39
33
51
46
45
47
49
41
52
34
39
56
51
40
41
41
37
50
48
43
53
40
41
49
44
36
43
43
38
51
36
38
47
48
46
53
52
41
38
39
44
44
43
48
39
40
42
46
50
32
40
54
43
37
43
32
48
40
53
36
47
41
37
45
43
66
59
68
55
54
57
45
55
42
34
48
44
35
45
36
40
39
50
43
47
50
44
32
44
41
45
62
35
45
40
45
45
51
44
41
39
43
39
48
43
37
59
42
40
33
47
48
44
36
44
52
38
48
35
48
50
35
43
55
50
41
49
44
40
41
34
43
38
46
33
46
35
45
40
50
49
41
35
34
52
38
54
41
37
46
44
32
33
41
42
43
58
36
38
42
47
44
46
39
40
38
41
36
44
38
47
41
39
34
37
42
33
37
44
44
33
46
39
43
38
52
29
45
40
42
40
51
37
31
41
41
41
37
37
26
40
39
42
29
41
38
26
42
32
47
35
43
42
42
46
33
42
43
45
31
41
34
45
42
31
41
45
38
36
36
36
39
36
33
50
28
38
39
40
35
40
50
34
44
33
40
41
26
42
31
41
41
37
41
41
50
40
42
36
37
41
37
34
41
39
41
41
37
30
45
40
40
32
42
48
37
33
33
23
29
41
43
30
50
35
39
36
45
52
26
38
49
40
39
48
41
48
33
44
50
44
40
44
50
45
31
42
35
45
40
34
28
40
32
35
40
33
39
49
49
46
39
31
32
45
36
42
32
29
38
39
42
38
38
38
38
38
42
43
40
47
36
34
46
25
48
25
45
29
41
38
28
39
27
34
33
33
45
36
41
35
38
30
40
27
38
48
38
34
34
37
39
30
41
33
47
21
34
38
40
45
37
45
43
49
42
47
34
38
33
47
33
39
32
40
31
37
43
28
38
42
38
39
39
43
34
43
30
33
32
31
49
46
38
43
34
31
42
33
32
33
34
33
37
38
37
36
46
38
36
28
31
33
34
35
45
31
41
38
32
26
29
38
29
40
37
40
34
39
31
36
30
34
34
38
32
47
36
45
40
35
34
38
55
33
28
42
30
38
26
33
27
47
43
44
25
34
42
41
37
40
39
38
28
33
30
35
30
35
41
48
36
45
27
37
28
33
32
37
42
45
36
42
40
34
38
36
38
39
33
43
43
46
45
37
56
54
71
72
97
108
175
178
214
207
186
184
187
138
139
107
91
68
65
59
38
37
37
35
47
34
60
48
42
46
39
40
43
38
33
34
49
45
48
44
32
32
45
29
37
62
45
59
89
89
99
108
100
103
98
66
55
49
39
26
33
33
43
43
33
36
38
50
52
35
43
37
41
41
41
36
35
31
42
45
42
35
33
37
32
32
24
36
33
42
43
34
43
46
43
31
32
35
29
32
39
36
38
34
39
39
49
45
37
44
32
27
38
35
30
32
32
33
32
32
34
38
44
47
42
34
49
39
41
41
40
32
37
33
46
32
52
29
37
39
29
29
38
49
27
35
37
39
44
32
41
40
36
34
40
33
41
34
32
33
38
30
29
38
37
31
43
42
33
32
33
25
43
29
33
45
35
36
27
39
57
36
31
41
51
29
39
37
36
39
22
38
32
43
31
50
47
44
37
43
38
31
34
43
43
39
41
40
53
31
43
30
34
38
30
32
37
41
35
35
37
43
35
30
34
45
30
42
45
30
36
33
36
33
34
38
37
31
44
41
38
38
39
37
41
44
37
38
32
54
37
47
25
34
30
29
40
42
34
31
41
36
31
41
44
46
35
46
43
44
44
47
34
41
30
50
59
74
68
84
164
202
266
293
330
332
323
261
186
130
88
66
61
43
33
35
38
31
43
34
37
38
29
37
35
31
35
44
41
44
45
34
31
44
47
47
39
43
42
31
35
32
29
38
31
33
37
44
33
32
31
35
25
45
35
46
46
38
51
39
36
42
51
34
36
39
31
27
43
47
42
27
37
37
43
38
39
37
43
40
33
36
38
48
33
21
51
24
39
38
44
43
37
22
33
39
38
30
36
33
42
26
34
39
33
46
50
39
43
35
38
40
34
35
40
44
36
31
42
35
48
43
38
33
42
45
32
33
30
50
44
45
38
37
43
35
31
35
37
29
35
46
31
48
28
39
31
49
38
46
37
28
36
36
33
28
33
41
30
30
30
31
35
38
43
35
36
36
34
46
35
48
48
35
46
32
45
42
34
43
51
38
39
41
34
43
47
36
34
36
50
42
37
39
33
53
36
48
32
43
37
48
36
31
43
38
45
35
43
38
31
49
41
46
35
39
42
45
27
40
36
38
44
33
40
40
44
28
41
36
46
32
33
41
36
47
44
49
43
51
38
49
47
40
58
44
57
46
65
52
60
61
50
48
38
35
31
46
48
41
37
48
42
47
35
39
39
31
45
42
48
36
36
47
26
38
35
33
46
42
40
46
43
43
40
53
39
43
50
43
40
41
37
40
43
46
38
37
30
32
42
40
44
39
47
42
41
51
41
52
44
45
34
38
51
41
44
27
48
37
49
34
46
48
34
50
44
51
38
37
38
43
41
32
42
31
25
45
52
45
49
42
44
46
44
37
37
50
51
52
43
39
44
44
49
46
40
45
35
42
38
38
45
36
47
40
38
35
41
34
40
36
44
48
49
58
38
52
42
39
43
43
53
33
55
38
44
42
50
37
47
41
44
51
53
29
48
42
49
47
48
31
36
45
30
64
43
50
55
44
42
39
45
47
41
48
43
44
51
50
29
61
50
29
45
52
46
35
49
49
53
45
46
56
56
57
50
52
39
39
44
49
49
44
42
54
42
38
50
50
41
63
52
44
47
38
41
49
54
48
42
45
37
53
56
44
54
35
38
40
44
46
47
50
39
61
37
43
46
50
39
29
43
40
51
49
36
42
42
32
47
43
39
38
42
28
33
35
28
41
33
44
34
31
42
32
26
37
33
23
33
37
42
43
34
24
34
32
42
34
25
37
37
30
41
33
33
32
23
41
38
26
44
32
35
34
28
41
34
37
35
40
27
27
32
27
27
19
33
31
33
33
19
36
33
29
37
25
33
28
24
31
29
36
30
28
40
26
36
26
34
28
30
27
27
26
27
28
37
20
23
23
26
37
40
28
25
29
28
31
31
34
24
34
30
22
31
22
28
35
31
33
37
30
28
28
28
33
29
27
24
27
22
20
40
28
30
29
14
33
28
32
18
28
26
22
21
28
24
19
31
31
18
23
21
22
29
27
23
30
24
15
27
20
31
28
33
23
20
25
23
19
28
15
27
23
22
31
32
30
22
26
32
42
41
58
82
89
87
84
117
134
115
83
63
50
39
36
25
24
17
21
14
27
16
24
22
21
21
28
30
33
30
22
22
18
20
33
37
29
17
27
28
31
31
21
21
17
18
17
14
18
22
26
22
26
19
21
24
23
19
26
20
22
20
23
15
18
24
30
24
19
25
24
27
29
18
17
12
19
18
16
28
18
16
18
20
24
21
17
20
19
26
19
18
11
17
22
20
19
23
15
18
14
19
20
22
17
14
20
16
29
14
10
16
16
16
18
8
16
11
14
18
20
19
15
17
13
15
24
16
12
16
19
13
11
10
9
24
13
17
22
13
11
16
7
14
10
16
5
20
15
13
13
11
13
15
20
21
11
6
7
16
18
17
14
15
13
13
11
18
16
10
20
17
16
10
14
6
7
12
14
10
13
8
20
14
11
23
10
12
14
13
16
10
13
9
10
14
11
16
11
11
11
11
13
12
13
7
12
6
7
8
11
12
11
8
17
7
17
11
6
10
9
6
9
14
9
7
19
12
13
10
7
14
8
11
8
10
13
15
11
7
20
10
16
9
12
8
9
5
6
12
18
8
7
7
13
11
8
11
8
7
9
8
9
10
10
5
12
13
8
11
8
8
10
10
13
7
9
8
9
9
6
15
7
4
11
12
11
8
9
8
7
8
7
11
11
9
5
7
9
7
12
8
9
6
7
11
7
6
9
7
7
7
7
10
12
14
12
8
11
10
8
8
7
9
6
12
5
7
7
6
7
5
8
2
7
18
5
9
10
6
2
9
11
5
9
10
6
9
6
7
11
2
5
5
6
9
6
8
6
7
10
6
6
10
8
12
5
8
9
8
6
13
3
10
8
8
4
6
13
8
8
4
4
7
7
6
8
11
2
9
8
7
6
15
2
9
10
8
5
10
8
7
9
5
6
10
11
4
7
6
9
9
5
8
11
12
9
6
6
6
9
7
9
11
10
5
8
12
12
16
6
12
8
3
10
7
8
8
7
7
8
13
19
7
16
8
15
17
20
21
23
36
30
70
89
174
331
465
671
958
1180
1445
1574
1530
1322
1162
944
573
379
252
116
63
31
25
8
7
7
4
8
5
2
4
4
5
3
5
2
8
2
3
3
2
3
2
4
3
5
1
7
3
3
2
3
2
7
4
2
1
3
3
7
3
4
2
2
2
2
3
2
3
5
1
4
1
3
3
3
3
3
4
5
3
6
2
3
0
0
3
4
5
0
2
1
2
1
1
2
3
6
5
3
7
6
3
2
2
1
0
4
2
3
4
2
2
3
1
1
4
1
11
1
4
4
3
3
1
2
4
6
2
3
1
2
3
2
4
2
2
3
2
5
3
3
7
5
3
2
3
0
0
2
2
3
5
6
3
3
1
2
0
3
1
2
2
5
3
2
7
5
4
4
2
3
7
0
5
3
3
2
3
2
3
1
2
2
7
0
1
5
5
1
3
3
1
5
8
5
2
1
4
6
3
3
4
3
1
1
7
1
5
4
1
3
2
2
3
3
3
2
4
2
2
4
4
5
5
5
3
2
2
4
2
2
4
2
2
1
6
5
2
4
5
3
6
7
1
5
5
2
3
1
3
5
4
5
3
4
3
1
2
3
2
5
8
3
5
8
3
2
0
2
6
3
1
4
5
5
4
0
5
5
3
5
4
2
2
4
7
4
6
3
6
9
7
3
3
3
4
6
3
3
6
4
1
6
3
5
2
2
4
3
3
4
1
1
1
7
4
3
2
3
5
5
3
2
5
2
2
2
5
1
2
2
1
5
3
2
0
1
5
5
1
5
0
2
1
6
2
4
3
2
1
2
3
2
1
5
5
5
3
4
3
3
2
5
3
3
3
4
3
2
3
2
3
4
3
0
5
3
1
1
6
2
7
5
1
1
5
2
1
4
4
2
2
1
3
4
0
5
2
2
4
4
4
3
2
1
2
5
0
1
1
8
3
2
3
2
3
4
4
0
2
5
1
3
1
1
1
5
6
6
4
2
4
1
6
5
5
3
3
6
3
10
3
1
0
2
1
4
3
5
5
2
5
3
1
0
2
2
0
5
3
3
2
0
1
5
1
2
1
2
5
2
2
0
2
5
3
2
3
1
4
1
3
2
6
0
1
2
2
2
3
4
0
7
0
2
6
2
8
1
5
3
3
2
1
2
1
2
4
2
4
2
3
4
5
2
4
2
2
2
2
4
6
6
2
3
1
4
2
2
3
2
3
0
4
5
3
1
6
2
4
3
1
3
3
1
3
4
5
3
0
4
2
1
1
4
4
4
1
0
6
2
2
3
2
0
1
2
2
7
4
1
1
2
2
4
2
2
3
2
4
4
2
3
2
3
5
3
7
3
4
1
0
2
5
3
3
0
3
1
2
1
2
4
2
2
3
4
3
2
3
6
3
5
4
4
1
2
5
1
2
3
2
3
2
6
1
3
3
4
3
4
2
2
2
1
0
3
1
2
3
3
4
4
3
3
2
2
1
3
1
7
3
2
1
1
2
3
6
3
1
0
1
1
8
1
4
4
2
0
2
5
1
4
1
2
3
6
1
2
4
1
4
0
3
7
3
1
2
4
3
3
3
2
1
1
1
3
2
3
1
1
1
2
3
4
4
3
2
2
1
5
1
5
2
3
3
6
5
2
0
5
0
3
1
3
2
2
3
0
0
1
2
1
4
3
1
4
4
1
6
1
1
6
0
2
3
3
0
5
3
2
3
0
3
6
9
1
2
6
3
2
5
3
1
5
8
1
2
1
0
0
2
7
2
4
2
1
2
2
1
1
1
3
2
5
2
3
1
1
1
3
2
3
3
3
2
4
2
1
2
1
3
2
0
2
4
1
3
1
1
1
4
5
2
0
1
1
0
3
3
0
1
1
1
2
2
4
2
4
5
2
2
4
2
1
3
1
3
1
2
2
1
5
1
3
2
3
2
2
3
4
2
5
2
3
1
3
1
2
5
2
2
2
1
1
1
1
2
4
3
2
3
2
1
0
2
2
5
6
2
3
3
7
4
3
1
2
2
3
4
2
4
6
2
2
4
1
5
0
2
4
2
2
3
1
3
2
1
3
5
1
4
3
1
2
2
2
3
3
1
1
2
5
1
2
4
3
5
3
3
1
2
2
2
3
2
1
4
4
2
5
2
1
1
2
1
4
1
4
2
3
2
4
4
2
5
5
3
2
1
4
2
5
2
2
1
2
3
0
1
2
3
4
2
4
1
2
1
3
3
4
3
2
4
2
3
3
3
3
1
2
3
1
3
1
3
7
1
3
2
4
4
4
4
2
3
4
2
3
3
5
3
2
2
5
4
2
3
1
6
0
2
2
4
0
1
3
1
2
1
1
2
3
2
1
2
3
1
1
4
3
1
5
2
2
1
1
3
1
2
1
2
2
1
0
3
2
1
2
5
4
0
$ENER_FIT:
0.457 0.365894 2.75819e-008
$MCA_CAL:
3
0.457 0.365894 2.75819e-008
$ICD_TYPE:
20
$PEAKLABELS:
264.842, "Gd-153"
280.522, "Gd-153"
188.973, "Gd-153"
226.465, "Gd-153"
243.225, "Gd-153"
471.042, "Gd-153"
3990.096, "K-40, (bkgd)"
7140.352, "Th-232 (d), (bkgd)"
112.022, "Gd X-ray"
127.465, "Gd X-ray"
131.057, "Gd X-ray"
393.102, "Gd-153, sum peak"
377.318, "Gd-153, sum peak"
408.570, "Gd-153, sum peak"
546.668, "Gd-153, sum peak"
562.318, "Gd-153, sum peak"
531.065, "Gd-153, sum peak"
412.622, "Gd-153, sum peak"
181.690, "Au XRF, detector"
217.690, "Au XRF, detector"
211.360, "Au XRF, detector"
87.186, "Gd X-ray, (Ge escape)"
$ENDRECORD:
