$SPEC_ID:
PeakEasy Library File: Gd-153, Detective EX-100 (HPGe), 201 uCi @ 91 cm
$MEAS_TIM:
57872.76000 61152.80000
$DATE_MEA:
19-May-2015 3:57:40 PM
$DATA:
0 8191
0
0
0
0
0
0
0
0
0
0
0
0
0
1
0
0
0
0
0
0
0
0
1
0
2
3
4
12
13
15
15
18
29
33
31
27
44
77
113
3328
93506
193562
195587
192088
187432
184421
180464
177608
174452
172103
168811
166198
163738
160989
159534
156200
155525
152540
151072
148731
147058
145741
144512
142785
141577
139749
137634
136924
134552
134183
131009
129323
127234
125086
122026
119940
117443
115991
113555
111225
109184
107215
105244
102058
101312
100660
98707
97575
97078
95780
94798
94471
93657
93804
94199
94745
95357
97063
98538
101089
101863
104443
106074
108099
110491
115108
119900
128467
148205
195581
296155
445002
588816
635221
530425
337822
179642
102508
79528
75928
76993
79407
81955
87148
99985
134640
218184
341969
431180
407416
314718
233369
182361
132234
86832
58560
47274
45203
45250
45222
45272
46084
46881
47770
48656
48854
50302
51384
53182
54761
56703
58063
60149
61803
63052
64974
66910
68231
70538
72015
73649
76224
77835
79773
82252
83753
85561
88092
89628
92321
94844
97076
99580
102817
104683
107744
110682
113658
117386
121910
130067
144153
160226
169347
169063
171926
193229
241097
315224
395503
436269
400094
316507
247638
220974
217261
222404
230271
238188
247723
257467
265416
273074
281146
287553
293463
292047
289156
283112
281493
283482
289353
293731
290068
278427
264238
255613
250972
249953
246661
238005
229360
221547
218023
216045
219744
227229
234091
233898
225789
215615
210607
208240
208558
209261
210371
211645
213426
215010
215862
217955
220941
224837
232121
237136
238971
237314
235989
235591
237823
240687
245563
248232
251598
255697
258309
262165
266204
270904
276136
284463
318415
477354
1033495
2287015
3946105
4841696
4120224
2433869
1036588
370601
173273
136399
132785
134384
136964
144083
185088
369832
935331
2046371
3263611
3636677
2783373
1465928
533748
144706
39770
20650
18088
17607
17277
16804
17008
16815
16666
16646
16614
16426
16527
16212
16366
16226
16160
16136
16079
16103
15876
16166
15963
16165
16133
15999
16098
15810
15843
15667
15900
15798
15696
15799
15560
15964
15813
15708
15899
15580
15700
15802
15815
15636
15626
15610
15876
15503
15860
15505
15705
15520
15754
15581
15495
15553
15379
15231
15449
15348
15418
15116
15347
15490
15766
15701
15289
15424
15157
15003
15093
15045
15173
15075
15022
14848
14885
14912
15148
14971
14812
14930
14611
14803
14785
14708
14722
14846
14572
14773
14951
14921
14613
14396
14450
14439
14551
14506
14308
14322
14409
14351
14314
14093
14237
14320
14303
14262
14239
14277
14076
13870
13892
13743
13583
13612
13622
13711
13683
13715
13670
13631
13452
13562
13576
13398
13774
13810
13697
13544
13289
13041
13250
13374
13281
12894
13130
12707
13011
13014
13028
12758
12838
12641
12728
12849
12727
12619
12454
12336
12355
12452
12329
12565
12353
12181
12131
12430
12198
12193
12152
12235
11989
12034
12036
12067
12010
12193
12094
11906
11807
11914
11929
11528
11882
11688
11558
11717
11485
11716
11656
11803
12645
14313
16593
17955
17322
14912
12769
11767
11152
11156
10990
10992
11089
10845
10857
11115
10835
10781
10860
10956
10747
10963
10872
10658
10586
10544
10762
10697
10572
10553
10382
10507
10376
10490
10374
10243
10484
11024
11508
11533
11511
11025
10398
10356
10009
10186
10051
9999
9926
9778
9763
9935
9885
9745
10016
9941
9924
9626
9859
10175
10012
10127
10300
10143
9907
9642
9400
9284
9358
9353
9288
9368
9430
9636
9337
9616
9756
10053
10360
10154
9632
9243
8902
8798
8779
8954
8882
9022
8776
8778
8888
8815
8980
9069
9214
8798
8660
8473
8397
8377
8498
8809
8954
8650
8767
8553
8336
8219
8235
8203
8158
8058
8046
8123
8166
7987
7967
7970
8061
7973
7865
7843
7820
7782
7803
7790
7949
7740
7562
7729
7678
7711
7795
7620
7682
7508
7593
7515
7662
7566
7475
7564
7359
7490
7524
7302
7333
7467
7345
7480
7354
7080
7299
7377
7194
7136
7205
7129
7062
7043
7136
7071
7065
7021
7119
6913
6951
7035
7085
6904
6837
6774
6965
6943
6791
6915
6926
6817
6916
7346
8311
10281
12575
13669
12279
10183
8200
7109
6917
7165
7566
7908
8033
7535
7015
6452
6086
6066
6118
6020
6095
6051
6021
5901
5885
5988
5842
5863
6017
5805
5970
5789
5724
5839
5826
5715
5801
5758
5734
5794
5875
5601
5736
5575
5630
5485
5610
5577
5565
5471
5596
5375
5499
5411
5450
5489
5373
5449
5397
5350
5322
5230
5283
5281
5272
5280
5429
5204
5148
5245
5138
5161
5182
5117
4953
5148
5082
5047
5085
5110
5046
4917
5027
4953
4945
4929
5115
5181
5462
5422
5640
5291
5122
5056
4904
4824
4894
4839
4845
4739
4918
4851
4831
4864
4872
4748
4765
4812
4933
4938
4797
4739
4541
4602
4624
4561
4613
4572
4490
4629
4387
4380
4477
4513
4591
4470
4414
4636
4355
4435
4420
4359
4221
4447
4372
4373
4366
4341
4341
4320
4330
4375
4266
4211
4245
4303
4129
4239
4218
4172
4244
4151
4193
4358
4664
5368
6565
7739
7801
7032
5752
4603
4268
3940
3990
3953
3902
4006
4100
4157
4307
4462
4260
4165
4012
3867
3811
3912
3829
3904
3728
3788
3789
3727
3706
3739
3808
3766
3709
3740
3783
3794
3658
3608
3648
3652
3647
3697
3670
3622
3522
3568
3678
3677
3559
3643
3632
3562
3594
3539
3637
3660
3520
3635
3621
3499
3473
3579
3518
3527
3493
3424
3485
3449
3491
3394
3465
3366
3448
3408
3508
3479
3369
3372
3404
3465
3423
3401
3346
3247
3297
3168
3385
3393
3505
3605
3700
3773
3602
3627
3534
3302
3400
3361
3291
3293
3356
3220
3202
3314
3262
3222
3211
3169
3209
3133
3154
3113
3189
3201
3249
3305
3563
3969
4486
4672
4772
4253
3675
3351
3109
3027
2994
3014
3004
3108
3103
2969
3124
2926
2975
2996
3035
2986
2980
2832
2958
2908
2950
3004
2841
2893
2961
2990
2943
3045
3015
3185
3392
4324
5845
7739
9546
9666
8072
5715
3952
3111
2731
2624
2701
2705
2666
2673
2623
2786
2718
2659
2577
2657
2596
2709
2634
2597
2597
2583
2607
2646
2716
2541
2504
2599
2533
2627
2557
2564
2513
2555
2596
2633
2538
2538
2500
2582
2509
2503
2484
2633
2531
2542
2491
2527
2480
2519
2492
2518
2507
2517
2460
2441
2563
2518
2497
2538
2463
2470
2358
2434
2430
2383
2504
2434
2485
2458
2348
2352
2389
2431
2391
2406
2370
2394
2413
2379
2375
2365
2421
2408
2376
2308
2411
2292
2372
2389
2382
2359
2304
2382
2403
2393
2315
2421
2424
2352
2343
2349
2267
2301
2328
2401
2143
2287
2262
2234
2309
2233
2304
2221
2227
2195
2207
2325
2255
2200
2291
2135
2231
2167
2240
2205
2218
2210
2236
2191
2285
2290
2158
2150
2265
2251
2189
2173
2232
2163
2249
2204
2197
2221
2192
2217
2077
2152
2188
2106
2063
2165
2186
2209
2269
2265
2404
2323
2232
2156
2145
2098
2118
2050
2138
2081
2003
2111
2075
2034
2043
2083
2069
2074
2029
2118
2004
2099
2103
2026
2086
2089
2054
2063
2005
2074
2092
1971
1918
2014
2006
2001
1921
1936
1937
2028
1959
1975
1907
1926
2024
2004
2038
2001
1923
1976
1977
1973
2032
2017
1968
1929
1921
1840
1930
1883
1883
1908
1794
1894
1901
1898
1840
1855
1851
1826
1867
1849
1944
1887
1901
1842
1944
1938
1893
1941
1955
1978
1822
1877
1829
1797
1875
1865
1811
1812
1747
1806
1798
1771
1864
1768
1830
1810
1806
1787
1768
1801
1784
1759
1768
1706
1720
1755
1774
1738
1698
1651
1730
1715
1748
1741
1808
1737
1737
1722
1705
1791
1814
1768
1721
1732
1761
1763
1709
1706
1686
1699
1690
1661
1714
1720
1670
1733
1661
1733
1648
1756
1820
1903
2087
2207
2241
2187
1982
1825
1716
1666
1632
1704
1652
1617
1639
1629
1630
1665
1604
1638
1649
1636
1582
1616
1679
1582
1701
1615
1628
1621
1585
1693
1603
1646
1564
1576
1552
1629
1589
1589
1562
1589
1673
1634
1581
1610
1609
1628
1611
1617
1679
1647
1668
1568
1619
1546
1590
1552
1505
1572
1513
1564
1617
1543
1565
1466
1559
1550
1571
1609
1518
1581
1497
1484
1548
1496
1520
1508
1481
1503
1471
1568
1552
1536
1484
1463
1489
1405
1474
1422
1544
1440
1444
1517
1477
1503
1425
1504
1494
1454
1404
1453
1480
1449
1435
1465
1521
1558
1409
1437
1529
1429
1484
1521
1429
1461
1410
1438
1508
1432
1410
1430
1407
1486
1397
1540
1545
1654
1803
1869
2002
2427
2807
3270
3653
3702
3379
2896
2528
2182
1958
1704
1628
1565
1495
1444
1407
1318
1439
1364
1418
1398
1386
1394
1359
1366
1445
1367
1374
1351
1390
1347
1305
1361
1372
1399
1377
1417
1371
1356
1386
1323
1352
1267
1339
1318
1411
1298
1346
1350
1354
1355
1353
1273
1280
1303
1292
1341
1335
1345
1340
1321
1256
1282
1323
1368
1247
1368
1340
1317
1219
1323
1293
1260
1280
1318
1245
1298
1242
1345
1327
1244
1240
1275
1347
1317
1298
1312
1300
1323
1288
1254
1241
1287
1207
1268
1253
1230
1303
1288
1275
1284
1307
1319
1272
1247
1270
1286
1267
1235
1262
1262
1264
1241
1304
1229
1180
1277
1203
1280
1251
1331
1196
1286
1254
1223
1250
1202
1245
1231
1186
1264
1210
1208
1221
1181
1207
1223
1252
1198
1253
1271
1211
1213
1203
1303
1286
1338
1331
1219
1252
1257
1144
1174
1201
1203
1230
1174
1236
1238
1247
1256
1237
1198
1196
1183
1269
1210
1191
1211
1196
1131
1178
1218
1266
1235
1199
1246
1229
1171
1174
1189
1191
1210
1192
1210
1163
1154
1135
1172
1185
1221
1189
1312
1229
1228
1310
1402
1649
2305
3120
4203
4883
4779
4068
2894
1951
1453
1168
1075
1147
1122
1109
1142
1066
1160
1060
1168
1070
1056
1065
1070
1076
1111
1116
1133
1118
1127
1130
1128
1072
1114
1118
1004
1027
1114
1138
1089
1045
1067
1054
1097
1084
1069
1031
1078
1121
1103
1052
1037
1070
1101
1085
1103
1060
1056
1071
1133
1084
1067
1074
1109
1102
1048
1102
1091
1186
1277
1357
1899
2740
4146
5871
7598
8075
7044
5078
3222
1924
1350
1051
978
995
1013
941
1002
1009
976
1006
1011
955
1006
997
946
951
989
951
979
996
980
990
978
961
1054
999
924
938
920
969
982
936
999
960
997
966
1018
1012
924
948
907
940
957
917
979
953
1003
972
973
918
1020
954
973
959
950
974
882
955
962
951
926
1003
894
915
965
985
1009
950
973
952
916
884
894
901
909
984
933
922
905
988
923
974
903
958
905
955
954
896
944
883
881
953
970
982
988
868
914
930
908
925
966
874
955
932
900
920
860
930
948
956
949
916
901
918
915
884
886
919
937
882
915
936
920
913
885
921
901
918
912
892
943
891
904
880
885
920
909
995
979
925
921
921
922
934
875
939
1059
1063
1137
1141
1081
988
921
939
951
892
922
871
862
909
886
897
883
857
910
875
926
800
872
868
908
894
876
933
856
883
897
933
890
864
842
865
849
866
881
880
859
882
872
859
884
839
855
876
827
871
883
878
861
881
854
830
862
861
826
836
802
839
865
851
845
903
853
860
839
889
859
878
869
812
797
857
860
806
851
867
866
855
813
865
880
850
840
873
867
832
831
822
794
823
849
857
867
836
870
859
862
918
900
892
925
891
870
887
839
830
856
847
892
819
900
836
837
890
826
831
824
805
829
831
816
805
793
817
820
824
855
753
822
799
816
763
872
733
844
829
793
753
772
788
813
780
768
843
855
843
801
877
874
860
805
810
822
801
832
804
821
829
787
777
766
849
885
1006
1073
1271
1507
1545
1574
1364
1122
928
857
807
766
815
773
800
761
799
778
820
761
790
773
776
750
777
770
759
751
803
793
744
732
735
762
829
777
758
783
782
732
787
800
784
801
787
782
777
870
807
797
787
750
810
846
797
781
766
713
764
748
764
742
739
794
773
738
764
721
777
755
754
766
788
759
793
748
747
744
841
943
887
858
851
838
787
766
763
720
782
710
756
756
714
712
694
758
755
743
735
769
802
850
785
822
760
750
811
725
730
746
833
834
890
936
1134
1211
1321
1388
1277
1071
1002
891
759
719
822
826
886
873
826
837
825
770
783
717
702
652
740
718
692
694
710
748
691
721
701
665
674
651
665
700
723
714
755
756
769
760
740
784
697
718
738
776
885
930
950
942
902
814
730
695
685
685
720
699
690
680
680
707
692
685
698
655
706
735
738
824
870
993
1045
1166
1174
1052
861
773
739
674
659
685
646
658
717
656
614
668
667
639
678
671
616
629
670
678
660
624
671
691
669
730
805
834
837
805
800
721
707
689
691
670
694
649
653
645
639
680
655
616
637
655
626
681
660
632
657
649
705
692
626
639
651
617
698
657
639
645
643
633
648
694
660
711
669
704
674
663
676
633
662
648
649
594
705
645
665
656
638
640
630
637
604
639
656
630
651
647
696
663
636
677
693
701
682
690
642
612
675
641
702
724
736
766
768
801
747
735
688
670
642
676
703
711
731
787
743
769
736
757
681
688
622
613
654
628
651
671
627
604
637
585
607
586
646
632
637
657
644
613
586
630
631
609
616
668
653
648
638
582
611
593
597
634
634
595
622
635
648
608
616
609
638
668
635
598
585
733
666
747
815
965
1105
1113
1035
935
776
733
630
637
592
620
639
631
636
609
623
609
588
642
597
604
586
614
619
543
620
654
586
586
583
614
600
573
599
594
629
606
585
626
595
616
607
613
596
615
628
615
591
613
579
607
568
610
601
588
641
597
596
598
607
582
589
634
633
574
582
561
586
555
575
592
629
551
585
551
621
629
586
574
611
585
605
566
600
574
561
604
622
620
648
634
650
646
619
596
616
591
599
584
591
597
579
537
613
613
620
599
568
567
560
590
553
622
593
545
618
556
648
571
594
622
659
651
642
625
606
571
582
637
613
602
596
646
687
810
994
1321
1728
2364
2949
3287
3150
2630
1912
1331
896
687
595
548
576
536
532
582
536
550
556
553
559
538
570
538
561
586
557
497
564
563
595
592
570
544
564
542
532
528
556
556
568
511
544
565
522
556
554
557
551
558
555
604
556
573
551
529
552
561
558
587
585
586
693
743
813
914
907
903
834
706
651
553
544
516
544
554
556
535
552
541
536
560
537
522
503
527
512
549
514
525
507
552
545
580
531
567
542
520
555
536
569
580
553
601
569
601
614
638
684
636
601
623
590
568
577
563
581
600
506
539
569
505
525
520
585
546
514
569
530
516
540
585
573
515
584
563
535
556
514
557
531
545
589
585
585
693
720
886
974
1025
1061
987
884
805
711
697
833
1018
1239
1701
1968
2158
2019
1806
1377
930
718
575
554
515
549
527
513
509
521
483
481
577
504
530
508
505
509
525
493
500
487
497
520
490
514
508
504
502
493
504
511
477
519
552
506
538
545
524
507
498
483
513
503
501
529
510
505
496
553
548
550
541
538
502
483
559
491
455
493
488
446
477
519
487
518
544
489
499
508
456
520
495
538
533
504
483
504
507
525
548
553
607
625
599
622
601
554
514
530
537
557
481
503
502
507
521
466
493
475
504
546
535
512
493
473
463
482
494
488
533
475
496
510
454
497
518
514
501
469
494
472
523
492
525
509
497
435
485
497
517
474
503
464
443
510
497
503
488
559
527
497
510
541
536
469
474
501
473
475
461
484
459
507
488
486
499
488
495
461
476
499
453
470
465
475
477
487
520
490
500
519
500
476
505
530
497
454
491
508
508
461
485
515
480
464
490
516
496
512
502
510
483
513
538
519
496
475
477
515
487
481
498
505
539
497
469
510
501
494
474
497
496
571
447
486
496
493
491
520
517
538
511
489
505
541
484
445
512
502
486
503
477
468
486
488
493
486
484
428
459
456
479
468
455
483
475
499
495
518
447
514
475
467
470
517
464
451
503
512
516
493
511
515
457
478
464
460
509
482
492
512
544
486
522
514
447
516
503
472
448
437
474
516
453
463
470
479
492
452
491
509
483
544
505
510
531
527
533
511
547
497
482
521
457
481
500
538
484
484
513
497
487
508
511
511
492
485
499
470
465
475
511
477
477
499
487
462
487
481
519
473
490
501
463
524
485
539
474
505
525
492
520
476
500
477
513
482
497
501
502
505
484
480
461
492
514
488
501
530
467
505
514
490
487
521
485
480
472
467
516
481
465
491
509
494
471
491
513
506
501
515
489
507
539
502
516
469
493
490
451
499
468
517
499
488
494
509
494
531
516
527
613
632
723
859
1172
1542
1805
2192
2163
2128
1792
1401
1013
731
564
511
467
486
425
490
462
479
514
499
501
468
461
495
511
500
466
506
466
474
463
489
494
472
514
471
471
499
490
488
495
531
522
503
501
512
480
518
494
515
470
460
498
475
475
487
489
478
482
456
476
521
481
491
515
502
486
497
506
461
463
499
493
460
491
482
494
476
524
492
473
500
522
536
496
495
494
476
502
478
493
561
530
560
520
531
589
650
685
653
691
623
553
516
538
483
534
493
475
503
483
476
514
510
482
485
505
474
474
471
480
448
548
515
520
470
535
499
486
500
523
513
478
464
486
523
540
504
447
481
496
510
549
490
497
536
517
471
514
482
522
533
493
495
549
520
518
523
480
516
513
499
495
532
516
516
509
515
479
541
520
529
514
534
486
529
520
546
524
527
506
471
486
475
479
491
482
538
501
472
484
479
496
469
529
519
521
465
487
546
493
524
503
484
511
551
475
497
520
525
487
529
523
555
527
486
477
521
511
535
551
525
507
599
503
519
499
557
515
536
519
540
505
538
578
552
503
524
529
545
536
563
568
586
578
565
523
561
535
531
521
520
568
515
492
512
519
536
572
534
514
502
552
524
549
523
501
539
557
515
535
544
524
534
549
540
535
533
559
523
524
551
538
481
533
540
566
544
581
531
513
534
548
579
545
520
541
534
543
565
525
561
553
532
517
541
521
547
525
534
491
488
525
558
517
545
549
557
580
594
602
692
777
815
964
1110
1218
1151
981
804
761
623
551
495
498
455
468
501
487
463
449
485
505
480
458
462
480
461
488
523
495
433
441
433
453
455
413
410
392
444
403
400
421
389
441
424
429
456
417
451
402
407
408
406
405
369
390
367
366
381
396
419
394
367
385
376
390
363
412
374
384
384
376
378
361
349
345
369
369
393
357
354
379
369
339
357
347
360
369
359
336
383
392
357
377
389
372
395
398
322
385
373
399
363
332
399
348
386
380
363
364
340
355
366
389
349
381
404
370
391
437
477
516
487
501
521
442
434
393
350
385
353
355
338
371
337
336
341
342
337
356
334
357
335
351
345
337
355
297
317
314
360
321
316
333
334
334
281
306
337
315
291
339
319
343
328
349
351
326
348
316
354
307
353
300
325
320
327
273
340
326
315
304
314
344
334
301
337
302
299
315
274
291
351
294
328
290
294
306
307
313
299
323
329
290
277
299
293
280
323
331
297
305
309
297
280
282
316
301
289
318
301
270
302
281
290
273
320
264
244
251
274
261
290
283
322
250
245
283
277
278
287
252
260
280
249
303
249
265
302
237
270
246
278
241
264
283
278
249
266
257
294
283
300
265
310
269
263
289
292
255
257
274
254
278
253
262
255
266
236
233
258
249
257
235
243
240
231
246
213
240
224
230
240
209
240
215
246
216
234
209
243
207
228
227
256
223
251
227
205
234
221
225
219
215
211
253
240
244
218
214
220
207
214
214
254
198
230
223
252
208
250
205
246
213
237
218
223
215
214
201
220
204
174
206
216
207
203
232
201
221
198
192
201
203
203
203
208
235
188
229
225
219
230
205
212
222
210
178
209
185
227
207
233
210
200
238
213
227
208
264
253
321
352
438
534
565
599
621
569
493
408
279
265
212
220
190
200
207
187
208
176
192
197
226
226
232
282
271
268
261
235
249
222
191
171
220
204
207
184
200
188
185
199
203
185
199
194
188
223
195
194
186
184
183
179
191
200
187
188
170
199
160
194
221
206
201
245
228
283
293
293
309
296
304
284
282
244
225
190
187
162
219
216
226
254
254
307
371
379
447
438
395
337
301
270
206
194
194
195
189
200
184
199
164
182
209
173
191
157
185
164
149
197
173
190
176
186
191
173
196
168
184
177
196
174
199
164
179
192
171
174
186
201
205
181
179
201
173
177
177
183
179
170
183
170
165
198
176
182
195
164
177
180
166
179
188
199
181
183
175
176
174
170
183
191
187
198
172
193
192
177
171
157
169
182
165
165
160
202
183
168
189
171
182
200
176
182
169
182
184
174
177
154
191
170
187
194
178
176
185
171
177
181
187
191
199
204
169
225
185
220
193
197
227
212
194
245
256
239
271
339
450
519
693
965
1348
1889
2740
3888
5737
8003
11020
13884
15926
16986
15548
13006
9493
5891
3314
1591
711
349
177
134
119
116
93
108
111
129
119
104
107
115
103
128
96
104
120
104
112
93
105
106
120
102
88
119
94
125
107
99
97
111
97
91
101
109
122
93
95
121
115
94
120
109
109
103
102
114
102
112
90
100
122
106
90
112
115
101
104
91
114
101
99
95
109
94
128
114
114
124
103
99
82
87
107
104
97
104
118
102
137
115
120
150
137
180
186
163
181
163
147
126
124
111
115
114
131
107
140
138
139
142
148
169
127
146
109
116
115
109
117
110
101
107
107
116
130
149
153
196
251
247
325
319
306
299
260
204
167
154
126
139
135
129
126
127
104
99
99
97
87
110
100
82
112
103
108
77
101
99
108
86
104
113
100
122
98
101
114
97
93
95
109
115
112
107
108
105
77
108
110
115
128
110
121
121
91
102
103
114
89
102
111
102
89
108
88
96
93
94
103
93
120
95
99
95
106
105
111
139
120
120
133
138
139
139
121
121
115
102
116
125
103
117
138
129
134
118
124
111
114
101
104
84
93
113
84
72
107
97
96
98
75
109
94
107
90
87
81
83
82
84
99
90
81
78
101
78
95
87
96
95
102
102
109
93
112
89
108
104
80
89
86
95
84
91
83
80
93
99
76
76
103
98
58
81
86
95
73
72
89
67
84
83
81
80
85
70
69
80
76
98
96
98
89
88
77
70
94
74
90
76
84
77
82
72
78
78
84
75
94
79
114
95
100
111
124
134
136
142
134
147
140
131
155
158
140
160
111
135
118
98
128
152
194
226
239
291
307
353
358
320
248
243
186
171
184
205
214
224
236
251
242
218
211
181
156
109
126
106
109
98
102
87
85
101
96
100
126
115
104
117
107
94
83
92
77
84
91
86
90
83
84
76
76
73
81
69
80
76
72
75
86
82
83
79
82
76
78
74
74
64
91
81
68
96
76
82
90
88
76
80
70
66
86
83
89
88
71
98
96
110
91
129
132
171
165
190
177
152
181
166
123
99
86
85
78
94
93
86
117
87
75
87
74
102
83
98
84
114
125
119
141
180
179
203
173
181
141
126
102
78
78
89
91
71
56
77
74
84
100
92
86
96
115
100
112
106
83
87
84
80
76
66
69
67
62
72
69
70
59
67
74
66
68
55
58
70
60
70
75
74
66
65
72
68
67
63
60
77
68
60
59
64
70
70
56
71
60
74
57
71
61
76
76
71
69
84
90
76
69
71
79
89
95
117
128
153
144
168
144
154
123
104
84
79
75
68
63
76
69
77
93
70
69
64
68
66
77
75
59
69
74
60
66
71
62
48
69
68
58
66
55
68
66
63
72
76
66
66
64
68
73
67
67
78
73
69
68
75
50
74
62
64
77
67
58
69
65
83
93
84
89
87
70
81
66
72
77
63
73
60
63
82
71
63
55
85
73
76
71
71
74
84
84
87
82
95
85
91
68
74
66
54
59
61
50
54
66
59
51
80
69
73
68
61
58
75
64
57
55
56
58
59
61
61
59
62
68
60
64
58
57
61
57
63
61
54
56
56
63
65
63
55
52
63
62
47
53
54
57
59
63
59
58
49
55
63
67
66
69
54
58
56
69
56
79
77
64
49
52
59
65
63
46
63
73
68
90
58
67
72
74
79
73
82
73
91
111
113
156
184
203
252
283
314
300
272
260
183
176
111
95
71
73
57
60
54
58
58
55
56
60
69
67
70
59
55
56
61
58
67
70
70
52
64
67
61
78
62
50
64
67
55
56
59
74
66
66
54
58
46
69
52
59
58
56
77
48
64
55
57
59
63
63
63
63
59
63
75
62
60
67
59
68
64
55
41
54
59
59
60
57
63
82
73
69
83
106
103
123
138
191
244
339
433
562
800
933
1260
1338
1407
1323
1235
917
589
437
224
161
92
69
55
60
66
60
48
49
67
47
56
53
66
58
56
62
57
57
53
50
61
47
55
56
55
67
52
60
49
61
54
58
69
66
51
68
50
58
51
61
70
59
63
57
62
54
53
59
71
61
46
49
40
46
61
47
53
45
67
51
44
52
49
57
46
56
42
54
51
58
54
59
68
49
42
40
63
41
59
59
50
63
44
55
68
46
54
65
54
55
66
64
53
55
45
45
47
56
62
56
59
67
53
53
62
54
77
68
44
56
48
61
59
58
60
50
53
65
49
53
57
53
49
48
45
43
54
66
55
58
60
53
51
61
59
52
49
64
58
54
52
59
53
48
55
47
51
59
52
43
61
68
63
61
62
55
50
54
51
66
57
49
46
56
56
65
39
64
54
49
43
47
49
51
46
46
70
47
63
58
50
70
62
58
61
51
63
56
75
76
64
86
77
94
75
74
71
81
72
64
65
63
43
59
63
63
76
79
65
50
75
77
92
114
127
167
158
192
187
232
240
208
183
112
93
86
53
55
50
44
69
50
50
55
56
54
65
46
50
51
49
48
49
54
65
50
60
59
67
40
54
62
62
42
52
58
51
66
57
60
56
54
58
47
60
45
52
52
52
54
44
61
56
51
50
54
44
42
60
61
59
55
66
64
65
72
73
76
65
80
68
58
73
57
54
54
47
57
51
43
65
51
47
46
56
39
61
60
55
54
65
48
43
71
59
69
73
65
66
67
57
51
60
54
53
54
67
58
57
74
75
65
54
79
82
75
66
65
64
52
69
53
52
49
50
57
71
60
61
62
70
68
60
57
75
58
67
66
62
59
64
55
65
57
62
49
59
46
61
63
41
47
44
55
48
54
46
46
55
58
53
51
55
49
49
56
51
60
67
45
55
58
42
55
55
60
44
53
47
45
52
51
48
57
64
52
52
61
62
54
55
71
65
59
59
56
59
57
47
62
52
59
49
48
42
54
54
56
51
50
57
43
43
58
59
62
63
42
46
75
46
57
50
57
56
54
58
68
65
66
54
75
69
54
47
62
49
70
68
64
70
70
74
79
62
59
56
65
71
55
63
51
43
64
55
43
54
61
62
64
59
64
53
57
58
54
52
54
45
46
43
50
43
48
50
64
60
48
56
45
46
63
55
57
48
53
44
58
53
61
46
58
61
56
58
60
55
52
49
52
49
61
55
53
54
63
53
59
58
52
52
63
63
57
66
62
51
48
42
55
45
55
61
58
44
55
54
54
40
50
57
48
69
52
44
43
72
59
51
51
57
60
53
41
42
46
37
48
54
41
50
50
34
43
52
45
41
59
56
40
59
52
53
55
57
56
53
44
52
45
59
56
61
55
48
46
55
40
46
38
40
44
45
49
48
43
56
54
45
47
53
53
50
47
53
53
48
45
39
58
63
47
48
53
45
51
49
60
52
47
52
57
48
38
54
53
35
44
48
37
45
55
45
48
50
45
58
55
50
55
50
43
52
33
47
53
47
58
43
46
49
61
51
51
47
47
42
62
39
43
55
45
45
43
44
50
31
41
44
34
49
41
53
43
52
40
53
41
51
43
43
43
51
55
38
47
41
46
46
48
40
42
48
47
53
46
38
51
39
58
57
57
51
37
50
41
54
49
42
44
42
56
52
46
42
48
55
41
46
51
54
54
52
42
57
50
33
40
57
45
66
53
37
47
44
47
48
41
50
42
56
40
43
41
39
54
48
50
53
51
47
41
50
46
38
46
54
39
60
48
55
42
43
48
54
43
44
49
55
53
48
53
47
37
50
51
56
40
47
42
46
48
47
54
30
47
36
46
63
57
52
41
44
36
51
50
54
44
49
48
40
36
46
40
56
51
48
39
38
49
54
52
47
53
54
55
31
55
40
49
52
48
40
39
47
55
48
42
41
66
44
54
40
56
41
56
40
48
34
40
49
46
29
43
48
48
43
34
54
41
59
48
61
55
34
54
40
36
47
42
43
49
45
44
54
52
49
47
51
46
59
36
53
47
46
50
49
46
45
43
47
64
58
42
43
40
63
51
45
48
56
41
71
61
69
58
69
86
103
110
109
119
160
177
216
228
255
265
265
283
263
246
207
148
128
126
97
70
68
56
64
47
63
59
71
54
57
55
47
58
48
43
57
45
58
41
58
43
43
52
65
55
65
64
85
104
119
125
116
139
133
135
117
93
96
64
63
51
58
39
52
40
67
47
45
39
37
37
55
45
55
45
39
48
51
44
35
45
46
46
44
52
42
45
48
56
50
49
51
51
38
41
53
42
41
48
50
33
42
56
44
46
45
56
50
36
40
38
49
57
45
43
60
47
53
50
54
43
46
49
51
50
44
37
40
40
55
36
36
50
44
52
51
53
45
49
52
61
40
48
39
44
49
43
43
38
35
39
42
48
51
44
44
40
45
35
42
45
34
39
51
47
44
41
44
38
46
55
37
55
48
59
43
47
39
46
53
35
53
49
55
50
46
41
57
53
55
52
44
50
41
47
41
49
50
43
54
54
48
46
42
45
41
45
44
60
52
54
53
44
46
46
50
52
57
53
60
43
64
43
50
56
39
48
55
47
41
65
46
46
39
53
50
67
45
39
39
61
54
54
43
44
49
40
48
50
50
47
42
45
48
42
55
54
42
58
51
51
62
62
59
50
54
47
51
43
50
73
54
60
80
79
87
85
107
109
155
188
208
255
328
353
359
446
368
330
317
270
186
123
98
79
60
45
56
47
58
40
57
47
54
51
51
38
53
62
49
57
46
40
38
44
38
46
48
51
51
46
42
42
48
47
46
37
61
32
44
46
48
50
38
50
48
51
51
55
59
74
63
46
58
45
44
49
51
51
40
64
47
37
41
54
57
45
42
38
42
33
49
46
52
48
43
43
51
51
49
59
43
53
39
45
54
63
49
58
52
49
41
47
44
31
50
44
55
45
46
55
49
62
46
53
57
53
52
48
50
42
51
67
37
50
35
45
51
61
38
53
46
57
44
45
59
51
49
49
49
55
45
40
42
60
50
49
40
62
39
69
54
44
48
42
49
49
54
49
55
46
63
36
39
48
49
48
61
58
44
56
45
45
36
33
41
63
53
45
55
36
52
53
52
34
58
46
50
44
57
38
48
51
48
61
43
53
56
54
48
52
46
40
57
62
57
53
51
49
57
59
52
52
48
42
54
46
64
64
57
61
59
39
56
46
53
52
48
42
60
44
44
58
57
57
72
59
42
49
52
58
66
52
53
59
63
71
73
74
63
85
74
70
58
59
69
54
63
54
34
51
51
62
53
62
62
54
48
49
46
44
53
62
58
51
58
56
51
52
58
62
45
47
59
56
48
39
68
57
66
57
57
58
43
55
47
52
41
63
34
48
48
52
56
61
57
57
70
59
53
54
48
50
56
61
65
46
51
58
44
60
59
63
49
58
49
61
59
57
54
59
53
41
46
58
51
41
56
61
44
71
51
49
45
48
55
54
52
57
45
54
46
54
65
53
48
62
50
53
71
48
53
58
62
65
69
69
65
41
62
61
56
56
53
53
54
58
60
56
56
46
64
75
53
51
45
62
57
66
43
50
59
60
65
55
48
49
60
65
49
59
55
56
72
55
64
62
60
56
54
76
53
51
51
58
63
68
59
73
54
58
71
56
71
50
53
61
59
57
60
63
54
60
58
47
59
53
48
53
53
53
62
68
62
48
54
68
57
66
55
69
56
53
46
62
66
47
51
63
72
60
55
64
62
48
64
45
67
43
66
63
59
61
60
63
73
70
61
54
54
61
50
62
60
59
64
54
50
59
52
52
56
36
55
55
49
48
45
51
37
46
36
51
49
43
37
47
48
35
53
50
54
41
45
48
34
44
44
40
55
32
29
46
49
53
43
54
41
46
42
45
44
54
45
43
36
41
36
45
40
45
44
43
36
54
41
32
40
42
42
36
49
26
30
40
42
28
41
35
32
39
45
33
33
45
40
45
47
33
41
34
49
43
39
44
38
42
42
42
38
40
31
39
28
44
42
41
36
43
31
42
38
26
42
41
39
43
33
42
37
38
33
43
49
37
37
44
35
37
36
27
22
36
34
47
30
36
37
33
33
43
41
40
35
39
31
39
39
34
31
33
40
28
37
49
40
34
20
32
35
40
40
31
32
38
40
45
36
30
25
38
30
35
37
34
45
33
42
36
42
49
42
52
50
66
67
92
91
110
128
130
127
146
139
108
92
74
83
49
44
40
37
22
47
27
33
20
34
30
26
31
37
26
29
37
30
28
22
38
25
21
28
24
29
32
28
26
29
31
18
30
15
36
21
34
20
31
26
29
22
28
24
24
30
23
34
25
24
32
20
22
24
37
32
33
24
31
18
26
16
29
28
21
27
31
19
28
26
19
30
27
25
21
24
25
24
21
26
20
14
16
23
19
22
17
14
20
16
21
23
25
27
23
24
18
25
17
20
20
27
13
27
21
16
25
29
19
23
24
22
16
17
16
18
32
14
15
21
16
27
19
13
25
14
14
11
5
20
16
19
18
23
16
16
18
15
14
19
21
26
18
21
14
13
14
11
19
18
17
20
22
20
16
16
10
10
12
17
15
16
13
13
14
16
18
18
14
16
16
22
14
15
11
8
7
15
11
19
14
15
5
10
15
16
11
10
19
11
13
17
21
13
12
18
14
10
11
14
17
14
16
13
18
12
13
12
17
10
7
6
14
12
11
9
15
11
22
13
14
16
14
11
12
10
11
18
12
14
15
9
13
11
6
15
9
14
9
9
10
5
13
14
19
14
15
13
7
13
14
11
9
9
14
12
11
12
7
9
9
10
12
7
8
10
18
12
6
11
11
14
5
12
7
10
6
11
5
10
12
8
12
10
7
15
9
8
11
19
8
5
6
14
9
10
11
6
10
12
8
9
12
13
10
7
9
8
16
7
13
13
6
10
11
12
6
19
11
13
15
6
8
8
6
6
9
9
14
10
9
9
12
9
11
12
9
5
4
14
6
9
11
11
8
7
10
8
10
7
14
9
10
11
10
9
9
12
14
10
6
8
9
8
11
8
7
12
10
8
9
12
6
13
12
8
8
9
12
6
7
8
10
5
8
12
15
4
10
16
10
8
10
10
10
12
9
15
15
11
11
5
9
7
13
9
13
7
4
8
12
11
11
13
8
10
12
7
12
13
13
16
13
19
15
20
15
26
30
36
42
48
57
91
88
137
143
179
216
278
372
487
584
708
936
1162
1425
1642
1918
1866
1865
1723
1538
1211
875
614
393
208
113
48
33
18
6
3
5
8
5
4
1
3
1
2
6
2
3
3
4
8
6
0
4
2
3
4
1
2
5
3
2
5
1
6
2
1
2
2
5
2
4
2
2
2
4
5
4
2
3
4
5
2
4
5
2
4
2
3
1
2
2
3
3
5
1
2
5
2
6
3
2
1
2
1
4
3
6
6
2
2
1
0
3
5
2
4
6
3
4
5
5
6
4
0
5
3
7
5
3
4
3
3
2
3
1
6
4
1
3
2
1
3
3
1
2
3
3
4
3
1
0
1
4
1
4
5
5
6
3
4
2
3
1
3
0
4
2
2
5
1
4
2
2
4
4
1
7
2
6
2
5
3
1
8
1
5
8
3
1
2
4
4
2
2
3
6
1
1
3
3
1
1
2
3
2
4
4
2
2
8
6
6
4
1
4
2
5
0
0
2
3
3
4
9
3
0
4
5
5
0
2
4
1
2
3
4
5
2
3
4
2
3
1
5
2
6
4
2
7
5
6
6
6
1
5
3
3
2
6
4
3
7
2
1
5
4
4
2
3
3
0
6
3
2
4
6
5
1
4
4
2
6
2
4
3
2
4
6
5
6
1
2
3
7
2
2
4
6
3
3
4
2
8
4
0
5
1
3
8
2
3
2
4
2
4
6
6
5
4
2
6
0
2
5
2
1
2
5
3
5
0
5
4
1
1
4
7
5
3
2
2
3
1
2
5
3
6
3
2
0
4
2
4
9
5
3
1
4
3
2
5
1
2
3
0
5
4
2
2
4
3
0
3
3
1
4
2
4
3
4
1
3
7
2
3
6
5
4
3
4
3
3
5
4
4
4
3
3
4
2
5
3
2
8
3
4
5
3
5
1
5
3
3
1
2
2
4
1
0
4
5
2
1
2
3
3
5
4
3
2
1
2
5
2
5
0
4
4
3
2
6
3
4
4
2
6
3
4
4
2
7
3
1
1
1
2
3
2
2
3
4
2
3
1
2
4
4
3
3
2
1
2
1
4
3
5
2
4
0
0
3
3
0
4
4
2
4
2
4
4
4
2
6
4
5
5
3
2
3
1
3
2
2
2
1
2
2
1
0
4
2
2
2
6
2
6
3
5
1
3
3
1
1
3
4
6
3
2
7
4
1
1
5
3
2
1
5
3
2
4
4
5
3
1
1
1
1
2
4
2
2
4
4
5
6
4
5
2
4
5
3
2
4
3
4
2
3
3
5
1
2
3
1
1
2
7
1
3
3
4
3
7
5
2
6
3
3
7
2
0
7
1
2
3
1
4
4
0
1
4
1
2
5
3
2
1
2
3
1
0
1
3
4
0
1
7
1
3
3
6
2
2
2
5
3
3
3
2
4
3
2
0
3
1
3
1
4
3
3
5
5
3
3
0
2
3
8
6
3
1
4
3
7
3
1
0
4
3
4
3
2
4
0
4
3
1
2
2
0
2
4
4
2
4
3
2
2
3
3
4
2
1
1
2
5
5
6
2
3
1
2
4
1
1
6
8
4
3
1
1
1
4
0
4
2
7
3
4
5
0
4
3
1
7
2
3
3
4
3
6
2
1
1
4
2
2
2
2
2
4
0
3
7
3
3
1
3
4
4
2
6
3
2
6
2
5
6
2
3
6
1
4
3
2
2
3
3
3
3
0
1
3
5
1
2
5
3
6
2
3
3
2
3
3
2
1
2
3
4
1
2
4
1
3
4
4
1
3
2
3
2
1
4
0
1
3
5
3
0
2
4
4
5
2
2
5
2
4
1
2
1
2
3
2
5
0
3
1
1
2
0
1
5
1
2
1
1
4
1
2
2
4
8
2
5
3
1
5
9
1
2
2
3
1
2
1
4
1
1
2
2
9
2
4
2
8
4
4
5
3
2
4
7
2
2
4
4
8
2
1
1
0
1
3
2
3
3
5
2
4
1
4
3
2
4
3
1
2
1
3
2
7
1
3
5
2
1
4
4
1
5
1
3
2
3
2
4
3
4
2
5
4
4
1
3
2
1
1
4
1
3
1
1
0
7
1
1
5
2
1
3
1
5
2
2
2
4
4
2
2
2
2
0
2
3
2
1
1
2
2
2
3
4
4
3
3
3
0
4
3
3
2
5
3
3
8
3
1
0
2
1
0
6
2
3
3
3
3
2
4
2
5
2
1
2
4
3
4
2
3
2
1
7
2
0
0
2
4
4
6
3
0
3
3
0
2
3
2
4
4
2
4
1
4
3
4
4
1
4
0
5
4
5
1
1
5
5
2
2
6
0
3
3
3
1
4
4
1
5
2
6
7
6
3
2
3
2
0
5
3
6
2
3
0
3
4
4
4
2
3
1
2
3
3
2
7
6
3
$ENER_FIT:
0.068 0.366064 -8.74873e-008 9.24715e-012 0.00000e+000
$MCA_CAL:
5
0.068 0.366064 -8.74873e-008 9.24715e-012 0.00000e+000
$PEAKLABELS:
266.045, "Gd-153"
281.781, "Gd-153"
189.939, "Gd-153"
244.684, "Gd-153"
227.102, "Gd-153"
472.168, "Gd-153"
7144.866, "Th-232 (d), (bkgd)"
3992.672, "K-40, (bkgd)"
128.185, "Gd X-ray"
131.654, "Gd X-ray"
112.844, "Gd X-ray"
183.207, "Au XRF, detector"
212.603, "Au XRF, detector"
218.698, "Au XRF, detector"
530.809, "Gd-153, sum peak"
546.976, "Gd-153, sum peak"
562.418, "Gd-153, sum peak"
$ENDRECORD:
