$SPEC_ID:
PeakEasy Library File: Gd-153, Falcon 5000 (HPGe), 201 uCi @ 85 cm
$MEAS_TIM:
64201.09000 66810.11000
$DATE_MEA:
11-May-2015 3:21:55 PM
$DATA:
0 8191
0
0
0
0
0
0
1
1
2
0
159
32723
64186
78843
92868
104748
113028
118149
120465
121456
121633
119600
117829
114320
112547
111622
112036
116085
118689
118027
118931
122655
128600
144706
159659
149495
125213
111547
107124
106169
106812
109080
112183
110589
106782
104067
102409
101229
101083
101760
101514
102315
103408
105168
108697
114818
123562
138495
167356
232942
391089
663223
799697
588387
328567
207981
168420
163320
189095
244873
277778
242659
201100
184577
169473
144970
126962
118108
115320
115624
118357
124991
138733
158346
178263
207606
251014
304371
361160
385277
341046
269310
223170
214756
225899
250447
287964
346549
429307
537571
657934
762300
833273
877676
911935
939470
987991
1077077
1207379
1402298
1705476
2239537
3383966
5873554
9382396
12157242
12373138
8528792
4173139
1990396
1145695
782568
609013
520523
481951
482736
520173
612545
835122
1417261
2644296
3716168
3178795
1999118
1521583
1280335
816178
419534
228035
146939
107118
85093
72476
64684
59668
57400
56580
56594
56684
58275
60176
62778
66072
69214
72652
76299
78548
80860
83497
85378
88711
91515
94032
96782
99330
102906
106100
109089
110386
111798
114079
116464
118656
121556
123848
126839
129954
133378
136165
138241
140990
144791
147601
151483
155441
160162
166500
172522
181484
193570
212454
246876
331183
523883
763711
767133
545021
382741
326787
313861
315154
320148
332151
342699
349712
355465
362285
372550
390593
406428
409699
394767
373048
359911
352114
348202
342203
337949
331884
327012
321216
316198
311660
307695
302611
300014
298479
294701
294102
294131
298834
311513
330233
331916
312560
299623
293398
292016
286517
280989
280622
282715
285903
290943
295652
293388
288440
288068
293102
301535
303715
296109
288843
287208
286016
289086
291993
295592
299847
304582
312174
319781
331233
348306
375717
420545
494278
629148
907066
1612138
3418883
6411532
7679233
5369045
2571007
1180843
651695
433343
327572
277235
259280
267653
306205
395647
595291
1116638
2457159
4652106
5582144
3905737
1834794
795885
397172
230168
145201
96960
67183
47609
36045
28005
23084
19951
17737
16694
15867
15174
14789
14492
14362
14514
14018
13917
13614
13356
13235
13179
13281
12950
12995
13106
13092
13267
12948
12792
13123
12811
12432
12425
12451
12568
12276
12223
12405
12371
12128
11966
11969
11708
11432
11618
11616
11600
11643
11479
11776
11612
11544
11422
11534
11594
11356
11390
11090
11289
11077
11257
11108
11185
11335
11500
11493
11218
11262
11179
10751
10805
10903
10749
10921
10868
11022
10919
10945
11152
11140
11216
11051
10875
10891
11119
11293
11526
11664
12273
13632
15559
16777
16914
15116
13130
11561
10890
10691
10554
10474
10498
10509
10685
11216
11648
13056
15167
16611
16126
14311
12297
11030
10164
9827
9591
9506
9407
9407
9484
9323
9475
9603
10331
10504
10157
10084
10049
9851
9831
9377
9131
9011
8856
8864
8924
8745
9002
8827
8708
8573
8673
8633
8547
8499
8487
8535
8432
8587
8543
8509
8362
8321
8200
8209
8227
8165
8240
8317
8243
8210
8331
8152
8206
8160
8101
8183
8095
8023
8074
8179
8270
8273
8180
7938
8075
7935
8049
7908
7890
7861
7873
7973
8270
8486
9586
11769
14586
14937
12956
10060
8616
8069
7809
7696
7671
7437
7448
7390
7402
7281
7223
7237
7364
7311
7147
7377
7173
7174
7165
7080
7274
7072
7159
7020
7145
7030
6988
6871
7034
6975
7064
7256
7638
7669
7690
7477
6961
6770
6588
6766
6643
6653
6498
6518
6647
6714
6622
6485
6520
6549
6571
6563
6499
6760
6916
7382
7839
8096
7822
7218
6682
6567
6320
6183
6116
6228
6177
6183
6269
6388
6774
7362
8295
8497
8294
7281
6538
6182
5796
5804
5671
5703
5746
5644
5638
5845
5845
6115
6238
6542
6335
6172
5690
5525
5398
5365
5637
5817
5731
5650
5396
5476
5214
5248
5164
5264
5204
5204
5328
5141
5185
5079
5081
5118
5037
5136
5001
5039
5032
5130
4898
5000
5036
4917
4994
5095
4978
5028
4885
4991
4924
4913
4820
4800
4895
4952
4769
4835
4756
4876
4684
4788
4637
4768
4658
4773
4826
4735
4589
4680
4612
4739
4609
4589
4445
4588
4568
4516
4497
4454
4380
4498
4511
4346
4595
4522
4437
4478
4384
4315
4295
4355
4401
4328
4444
4490
4694
5254
6199
7999
8671
7619
6087
4952
4588
4565
4645
4734
5021
5233
5030
4479
4137
3950
3813
3909
3816
3806
3771
3787
3740
3705
3766
3626
3761
3716
3634
3587
3591
3605
3676
3696
3615
3590
3615
3614
3499
3590
3644
3604
3576
3618
3452
3509
3436
3401
3522
3478
3505
3553
3414
3460
3444
3358
3432
3452
3411
3304
3415
3406
3272
3324
3367
3128
3308
3109
3274
3310
3244
3339
3150
3314
3196
3090
3148
3231
3158
3081
3063
3101
3138
3160
3139
3131
3111
3123
3341
3419
3572
3426
3323
3090
3169
3100
3123
3034
3079
2951
2989
3012
2947
2920
2986
2946
3021
2980
3079
3110
3241
3075
2956
2843
2897
2904
2895
2900
2883
2839
2731
2853
2949
2873
2792
2836
2790
2733
2812
2729
2763
2709
2686
2612
2668
2648
2712
2600
2766
2734
2656
2756
2563
2766
2684
2631
2604
2691
2649
2582
2625
2592
2603
2658
2610
2710
3020
3275
4014
4972
4678
4018
3189
2809
2726
2567
2444
2543
2531
2430
2555
2681
2670
2706
2766
2428
2443
2441
2338
2394
2377
2344
2378
2284
2305
2385
2323
2319
2309
2259
2346
2320
2288
2304
2350
2349
2235
2286
2222
2227
2187
2248
2217
2210
2217
2275
2359
2317
2266
2180
2177
2230
2219
2222
2172
2163
2196
2169
2111
2175
2189
2183
2212
2136
2203
2156
2155
2229
2066
2130
2204
2146
2175
2147
2060
2128
2023
2041
2081
2112
2042
2089
2056
2088
2003
1955
2069
2102
2091
2258
2319
2400
2239
2101
2041
2093
2019
2052
1975
1981
1984
2009
2024
2023
1948
1972
1978
1972
1995
1957
2013
1914
1990
1984
2034
1967
2148
2268
2643
2833
2893
2611
2231
2049
1981
1944
1915
1900
1865
1913
1861
1812
1876
1882
1773
1830
1802
1826
1851
1792
1844
1826
1820
1872
1865
1920
1810
1833
1827
1878
1871
1909
2037
2136
2543
3493
4735
5793
5464
4279
3049
2345
1941
1852
1790
1754
1677
1703
1674
1710
1730
1665
1661
1563
1560
1591
1533
1627
1596
1552
1604
1689
1685
1609
1567
1597
1646
1621
1596
1636
1564
1648
1567
1571
1561
1625
1560
1567
1579
1566
1533
1591
1539
1639
1570
1562
1451
1529
1513
1551
1543
1583
1505
1561
1552
1569
1496
1579
1517
1448
1552
1458
1465
1525
1512
1461
1543
1435
1481
1517
1479
1403
1484
1502
1441
1504
1489
1418
1439
1472
1470
1394
1456
1489
1435
1457
1382
1415
1469
1461
1439
1425
1435
1535
1481
1421
1509
1477
1521
1396
1503
1491
1410
1473
1399
1419
1428
1393
1478
1410
1461
1442
1383
1416
1342
1409
1288
1348
1365
1397
1441
1383
1365
1397
1419
1365
1277
1409
1354
1392
1361
1378
1306
1393
1381
1325
1338
1415
1404
1291
1305
1277
1318
1311
1332
1355
1372
1295
1276
1271
1364
1294
1295
1348
1364
1380
1410
1446
1437
1458
1361
1296
1331
1332
1275
1324
1304
1241
1225
1289
1267
1256
1191
1219
1206
1300
1261
1232
1280
1242
1285
1247
1284
1169
1247
1211
1288
1269
1268
1216
1278
1221
1238
1237
1223
1175
1262
1230
1216
1219
1208
1152
1218
1183
1271
1197
1204
1164
1249
1217
1227
1180
1220
1105
1145
1152
1165
1157
1141
1129
1065
1126
1077
1190
1088
1185
1124
1178
1148
1138
1095
1101
1090
1106
1176
1094
1116
1231
1234
1181
1259
1153
1142
1180
1093
1169
1148
1138
1099
1134
1057
1186
1116
1091
1114
1120
1004
1085
1065
1127
1087
1115
1103
1141
1084
1032
1067
1158
1122
1093
1068
1079
1040
1048
1021
1047
987
1066
1104
1042
1073
1058
1018
1086
1064
1079
1095
1022
1011
1011
1034
1026
1037
1005
1023
1053
971
979
999
1020
997
1061
1078
1090
1178
1237
1326
1282
1263
1124
1087
966
1014
997
932
1006
1000
1048
992
1004
1012
1004
949
965
937
995
994
1030
963
934
990
935
966
968
1062
957
945
1023
996
966
963
994
963
951
961
982
954
958
961
1000
914
931
944
954
952
934
1024
968
947
935
945
900
980
953
933
967
932
867
884
962
974
885
934
980
927
903
906
934
850
927
906
935
912
898
894
932
892
933
903
892
838
895
905
903
855
915
929
928
851
893
903
932
869
930
885
853
871
856
893
879
883
911
865
921
898
914
861
868
883
871
918
856
896
837
847
844
865
905
878
879
885
949
951
1010
1128
1205
1304
1576
1831
1948
2029
1805
1573
1384
1318
1104
1030
939
987
900
889
885
890
867
814
868
822
827
802
834
887
802
836
843
826
786
775
870
848
796
837
836
814
796
776
836
791
750
873
810
878
814
852
797
801
843
820
854
782
849
815
820
821
822
801
761
740
799
784
821
767
742
863
819
798
790
783
790
757
753
763
795
719
755
798
776
776
751
776
756
780
782
762
787
770
778
759
750
731
757
740
739
814
759
818
794
789
803
758
730
767
754
795
706
701
752
766
774
755
767
775
799
722
738
727
711
758
730
732
714
736
755
704
793
747
761
756
736
733
711
746
746
723
713
750
778
781
780
754
760
762
788
758
730
804
759
787
782
715
742
681
785
719
711
705
738
694
753
697
742
683
737
703
720
751
736
693
709
740
670
713
697
717
716
689
673
791
706
698
689
684
700
625
714
725
727
699
705
744
691
721
767
807
776
801
826
898
1009
1251
1905
2376
2674
2410
1893
1374
1037
832
756
732
702
690
717
664
659
688
695
671
694
674
687
676
695
651
637
613
694
647
689
667
606
625
632
653
645
629
670
657
716
690
625
638
618
658
687
642
658
682
625
601
607
642
685
639
654
689
582
616
669
648
641
646
647
648
609
643
715
708
782
816
1053
1407
2085
3152
4172
4307
3704
2731
1773
1178
912
782
647
691
649
614
597
589
608
668
532
554
596
604
603
594
582
633
618
614
611
563
635
587
601
562
547
569
557
596
605
577
546
595
554
627
541
587
598
568
572
591
590
561
611
605
592
643
565
590
607
582
589
583
601
567
595
539
548
551
611
611
579
594
549
524
609
569
606
559
559
555
573
578
559
573
526
516
568
619
611
569
581
570
566
586
603
562
594
561
584
547
590
549
581
547
529
542
584
564
547
577
539
570
545
578
621
533
568
630
600
557
521
556
552
579
538
547
548
565
544
548
561
547
532
579
521
555
575
550
530
535
544
550
572
562
578
548
546
549
578
552
525
530
592
523
562
550
558
596
642
608
703
599
572
592
527
544
541
539
538
572
535
563
537
531
553
569
515
549
570
534
514
530
513
521
577
550
520
576
535
535
524
528
501
531
547
518
551
509
526
533
541
540
526
544
530
526
471
530
529
525
523
512
513
505
501
520
505
562
494
551
567
510
521
530
519
530
474
532
483
549
500
516
461
535
529
519
498
510
536
526
537
528
516
483
503
532
510
521
549
507
513
493
535
512
487
504
521
494
514
522
518
530
486
520
528
544
585
503
495
497
516
537
498
513
500
521
552
481
567
535
532
512
512
505
538
496
456
489
464
476
482
505
496
482
501
465
471
469
455
507
534
490
489
521
470
506
496
511
550
537
512
551
487
469
494
509
509
462
512
497
465
500
469
467
508
520
504
568
610
726
812
884
825
772
624
575
476
487
491
478
458
466
458
433
441
492
465
457
470
474
481
448
452
441
492
459
466
472
462
484
489
472
458
478
453
434
486
433
457
506
445
486
468
536
512
543
494
505
451
467
436
458
477
465
456
449
445
435
466
458
456
475
474
442
479
456
453
493
425
454
463
461
449
491
480
463
466
532
481
511
522
511
456
462
442
425
426
445
466
472
431
443
467
422
432
468
427
417
454
484
452
489
462
482
492
440
460
485
431
468
478
505
557
659
741
790
807
754
632
515
531
470
445
439
457
511
499
489
503
463
438
459
432
423
447
424
412
397
491
438
424
422
423
415
435
429
439
396
445
398
434
435
457
461
449
448
408
442
414
434
482
462
517
581
545
529
472
506
481
430
427
419
459
419
409
389
455
411
400
436
377
444
412
410
433
478
470
551
599
617
629
605
510
493
436
435
414
426
394
426
395
410
432
427
409
411
403
389
386
367
388
382
403
370
409
430
374
425
453
431
458
512
437
444
430
452
430
405
364
397
425
427
374
397
388
399
421
359
415
350
402
390
414
393
388
406
400
397
382
361
372
361
381
374
373
364
355
416
370
385
369
396
394
369
380
382
378
365
379
390
378
416
370
378
379
399
393
380
430
361
373
407
355
375
391
397
374
383
408
407
405
390
420
442
372
388
430
390
403
423
417
451
462
460
449
460
428
437
371
427
423
395
458
407
458
422
413
443
409
379
424
376
388
350
358
320
371
378
374
390
397
396
369
396
393
391
344
375
379
384
378
351
377
364
388
415
361
361
379
346
353
357
352
373
393
359
367
381
371
376
346
376
372
374
356
373
415
374
439
423
506
569
599
591
591
514
413
391
370
363
348
375
345
379
401
348
346
389
400
368
380
372
342
380
359
351
344
340
371
386
370
398
349
346
351
376
344
356
363
371
310
358
369
375
378
340
352
361
379
368
361
338
360
367
368
359
337
399
330
364
314
360
351
352
346
369
346
379
386
354
319
360
375
351
348
361
392
342
334
335
335
350
331
364
354
379
357
376
345
318
330
382
336
360
391
360
353
409
396
315
326
370
388
345
320
369
332
378
342
342
367
338
356
340
338
363
360
351
368
374
376
373
411
410
384
345
366
361
382
363
369
355
382
305
329
375
393
436
513
601
878
1206
1469
1586
1525
1344
986
744
564
453
422
379
355
345
349
316
342
376
340
338
302
354
332
338
337
341
349
339
358
363
313
330
335
286
314
316
335
332
365
308
306
313
315
320
372
328
335
333
342
355
341
347
332
330
364
318
343
342
314
324
365
366
328
414
429
432
543
532
525
469
421
398
377
363
338
337
312
356
335
349
331
305
329
340
323
319
337
334
327
319
305
356
346
344
328
304
354
324
352
317
320
328
323
353
332
330
364
380
404
385
408
396
381
385
378
344
364
286
339
341
301
342
323
350
347
315
322
297
315
310
323
304
327
302
360
332
353
347
342
328
295
316
313
327
309
310
303
350
395
445
449
528
548
535
501
465
423
374
434
445
571
663
870
1058
1099
1034
862
688
517
477
376
405
360
310
337
297
310
315
337
284
299
353
301
299
325
309
314
297
327
326
316
323
315
323
316
330
289
325
316
306
284
310
309
295
342
291
323
306
313
321
333
292
292
317
314
330
286
337
339
324
321
330
331
283
302
271
330
299
297
295
342
323
290
295
295
306
292
290
338
346
312
336
288
329
283
293
313
276
261
313
312
368
360
343
360
339
321
306
319
321
299
298
326
325
280
290
305
311
329
293
323
290
306
320
298
298
290
295
297
286
304
297
317
302
302
312
285
299
280
273
309
303
314
279
299
334
303
294
316
329
284
294
353
329
293
289
309
303
299
298
268
336
286
314
272
277
274
269
303
293
299
285
318
296
283
309
276
320
286
281
271
285
276
300
300
317
318
280
295
277
290
299
344
306
291
307
284
266
301
321
280
299
296
297
274
297
272
276
282
282
292
309
279
300
323
338
274
308
286
275
277
296
308
272
301
320
294
281
290
294
270
278
296
307
253
297
286
280
310
290
304
307
295
340
315
314
334
333
303
333
291
321
305
287
311
287
299
270
261
291
300
291
326
287
287
311
278
295
315
290
292
293
314
310
292
296
307
280
268
303
303
283
331
300
302
295
300
276
313
304
297
312
301
274
326
326
314
313
296
306
300
316
293
292
246
299
297
307
268
282
292
301
314
290
293
299
305
325
328
347
315
315
345
312
279
332
278
278
296
321
260
294
301
294
294
274
285
291
285
284
288
314
287
304
254
269
285
282
292
296
304
270
320
295
306
289
264
272
284
324
278
309
275
325
290
288
286
279
270
312
296
295
277
289
301
302
316
308
313
302
308
288
292
298
282
287
281
312
293
321
277
292
317
290
289
291
314
311
278
268
270
287
318
254
300
272
316
295
304
321
321
304
311
319
297
291
312
327
281
316
322
318
297
299
317
307
318
287
334
333
422
488
627
781
999
1118
1036
1007
838
610
534
432
362
334
309
311
305
338
318
289
312
272
304
272
290
295
305
278
312
320
311
310
307
290
313
290
305
288
279
294
307
275
297
300
312
314
295
296
269
304
321
302
307
319
271
280
292
310
306
292
293
308
307
297
278
286
298
298
299
308
306
281
291
316
337
312
281
311
307
298
308
284
294
280
301
311
272
301
277
317
290
244
293
301
289
298
329
321
345
342
314
389
385
360
352
335
305
335
302
311
348
302
296
298
298
302
318
287
297
295
273
293
281
303
282
307
299
298
331
300
281
325
270
336
339
301
332
317
300
349
336
283
323
307
335
290
299
298
295
271
353
286
307
283
353
307
309
328
302
325
272
295
311
312
267
292
318
322
298
308
308
278
333
284
351
298
338
309
360
330
321
329
325
284
326
316
322
304
314
311
306
284
355
294
283
313
292
324
296
302
313
297
307
288
311
316
351
316
347
316
314
325
323
294
299
336
322
322
318
278
331
323
312
313
304
319
334
363
303
292
354
302
341
307
313
304
319
301
333
349
302
313
298
339
332
313
289
347
328
356
370
372
342
343
304
345
346
309
346
302
341
350
329
343
347
313
336
318
310
324
335
327
321
326
333
322
320
326
316
328
345
339
327
320
331
318
336
286
329
317
321
326
335
361
326
285
332
317
327
302
310
327
364
338
314
324
318
361
352
341
318
316
331
319
339
323
344
322
299
310
325
348
316
352
345
355
314
361
336
394
463
545
554
623
633
596
484
452
396
373
337
325
320
320
334
280
284
295
278
310
291
271
284
279
281
270
294
287
302
274
271
272
259
263
259
295
240
262
258
223
253
243
252
240
248
267
284
238
246
261
249
247
258
252
242
239
198
237
209
212
206
238
219
227
212
224
207
201
220
229
217
207
225
215
214
196
221
216
239
206
210
228
235
236
211
232
221
211
208
214
199
208
208
216
223
212
197
214
215
222
190
200
198
239
223
193
201
251
189
214
195
180
216
232
216
215
185
213
226
236
240
255
256
284
308
222
249
230
218
214
200
226
226
205
184
232
188
220
202
192
157
214
192
217
189
210
184
193
187
198
162
211
210
199
197
201
194
195
211
202
186
180
184
206
170
201
192
192
176
183
192
198
176
176
161
182
168
191
173
175
176
176
197
171
191
165
182
204
166
190
178
181
171
170
166
163
186
173
167
156
177
176
185
188
181
180
154
166
163
170
165
170
168
177
153
158
158
169
174
176
167
165
164
154
184
155
170
142
163
171
151
162
142
133
172
177
149
173
147
150
159
143
155
149
165
146
142
159
166
163
139
141
141
134
126
147
156
149
149
147
150
165
147
182
173
179
172
168
175
144
128
152
157
162
145
145
141
125
148
144
129
141
134
148
139
121
137
143
124
131
124
122
130
153
138
147
135
162
141
137
129
152
129
112
124
123
124
95
138
140
126
125
106
124
123
116
147
144
133
107
103
133
122
124
132
130
120
122
124
128
120
129
117
134
117
121
114
130
111
123
104
117
125
140
110
119
109
130
122
136
100
134
108
107
94
95
112
110
130
122
118
100
115
117
122
118
107
116
114
110
123
103
103
105
128
126
115
110
109
114
124
111
108
131
119
96
130
131
167
192
243
293
301
293
279
241
214
173
161
132
119
117
118
127
118
109
122
116
96
127
117
130
141
156
127
149
140
133
112
95
107
103
110
110
106
96
108
92
102
97
115
95
86
104
90
131
90
119
101
98
99
112
110
105
104
119
97
115
115
112
100
119
108
117
121
118
165
150
157
189
169
134
128
112
114
108
86
107
102
89
106
110
132
150
193
196
205
219
232
216
179
129
129
115
115
110
93
84
109
102
91
88
103
104
110
102
94
119
98
119
94
114
98
91
101
114
85
112
96
82
113
89
87
93
107
92
95
109
86
89
98
90
103
89
90
113
85
109
100
86
97
92
92
91
90
80
95
86
93
90
99
86
100
88
85
92
96
90
98
89
103
88
116
102
83
105
97
89
113
87
99
99
82
94
114
79
85
96
88
100
98
110
108
95
100
106
92
84
93
95
78
92
94
83
91
96
109
95
92
82
94
92
101
87
95
119
118
117
82
105
96
95
81
96
100
105
103
101
95
126
116
134
166
163
212
288
391
689
1096
1944
3175
4661
6406
7341
7744
7310
6133
4811
3406
2404
1610
979
638
420
280
174
154
100
102
90
78
76
58
65
59
61
70
68
73
62
68
68
78
80
54
71
61
70
69
70
70
62
67
60
90
69
55
62
63
63
72
65
59
53
59
75
61
61
68
47
60
74
64
72
66
67
59
54
68
59
84
67
61
72
79
47
57
63
68
72
58
66
66
73
52
72
69
72
59
64
69
52
54
62
55
74
63
74
78
70
103
90
92
95
90
78
75
74
77
70
75
87
82
80
85
84
89
85
102
65
72
68
68
79
76
55
75
73
49
64
78
58
69
81
82
101
105
148
150
153
170
133
116
91
96
94
85
63
74
81
74
73
71
66
76
57
71
52
70
64
69
54
56
57
45
47
55
73
49
62
63
61
72
58
72
52
81
59
59
58
63
65
55
50
64
61
60
69
53
59
79
56
70
55
70
66
68
52
58
57
61
37
57
59
63
68
52
52
70
64
59
59
70
54
56
69
72
58
71
66
65
69
74
80
80
57
67
62
68
62
52
72
62
54
70
61
63
64
65
72
50
55
56
58
53
53
56
51
57
52
51
59
62
65
57
61
47
58
56
51
57
55
57
65
55
54
56
55
49
60
60
66
72
61
64
48
52
71
49
53
55
38
37
52
44
52
47
63
52
43
48
56
56
38
52
38
44
47
51
44
54
55
49
50
54
52
53
44
68
35
45
61
39
45
47
45
49
43
48
47
44
61
41
66
54
54
56
60
54
58
56
56
55
61
63
50
68
66
62
72
66
82
72
81
70
72
79
57
67
75
80
74
58
72
78
101
111
148
162
151
151
151
88
106
82
107
131
151
176
204
217
210
239
179
147
120
106
92
66
76
67
62
59
53
42
50
52
72
54
61
65
65
62
66
48
58
49
56
51
38
45
42
65
38
43
47
51
53
50
49
52
36
53
45
47
37
54
49
55
52
52
50
54
45
48
44
51
52
59
44
45
45
44
45
47
55
69
43
38
35
45
48
49
58
45
65
75
90
99
77
91
101
104
72
49
63
50
54
59
58
52
39
54
49
43
49
50
39
55
48
44
43
50
72
87
78
103
111
79
79
64
63
43
65
61
39
43
50
38
42
40
41
45
55
52
54
54
56
55
71
67
45
49
60
50
27
46
48
46
35
41
35
33
35
41
29
44
45
40
30
36
36
48
50
42
41
36
49
44
46
27
48
34
37
39
39
35
49
27
34
37
37
46
36
33
38
43
37
58
39
40
49
38
39
34
43
47
47
54
52
58
85
106
66
74
81
72
58
67
36
42
58
36
44
36
40
52
38
40
36
41
37
48
41
43
43
33
36
32
42
35
43
30
42
31
25
34
29
32
35
43
40
34
31
37
32
47
42
51
26
32
42
43
33
48
47
43
36
33
33
43
43
34
47
49
49
39
45
36
44
44
52
31
41
31
43
40
45
33
39
43
26
43
46
28
42
39
47
58
43
55
44
39
53
53
37
40
41
42
34
49
34
39
34
43
41
27
34
32
42
47
29
39
38
25
45
45
49
51
43
26
49
31
40
28
38
27
34
46
37
39
37
35
44
38
43
29
28
32
38
28
36
37
37
31
43
33
38
41
40
38
38
30
25
29
34
22
32
26
32
35
26
39
35
31
29
31
28
31
28
44
35
30
34
31
38
29
35
29
40
43
44
38
47
48
40
52
53
56
86
107
142
141
132
147
129
115
81
76
73
65
53
58
43
31
41
37
46
36
34
43
31
28
27
35
26
42
31
37
41
34
33
31
44
35
38
36
30
26
32
29
33
29
43
28
45
34
35
37
47
42
23
32
40
31
36
34
39
34
41
34
42
24
36
35
33
36
41
38
27
43
40
31
29
36
22
33
35
28
23
42
41
38
36
37
35
31
30
35
39
40
58
64
98
134
197
277
416
496
566
627
602
567
483
357
261
208
145
107
89
59
54
39
35
38
40
31
31
21
22
44
28
38
37
27
36
22
35
36
34
42
26
25
36
38
29
37
30
29
34
28
40
39
35
37
40
30
46
25
26
32
35
48
39
34
35
28
29
28
37
35
36
40
29
40
31
29
36
41
20
33
29
31
34
36
23
27
30
28
34
32
29
26
42
31
30
42
25
38
36
28
36
30
32
31
39
39
33
33
36
25
36
27
29
26
27
45
26
39
40
50
39
30
40
40
41
44
30
38
26
34
35
41
32
26
35
42
30
34
32
34
31
35
32
31
27
28
42
28
36
35
31
28
31
31
32
28
37
37
46
29
29
27
29
40
28
34
33
41
38
27
42
34
37
35
18
40
24
48
40
20
36
37
29
28
39
26
32
27
28
31
36
34
40
30
23
31
29
41
28
29
26
31
30
22
42
31
35
34
38
47
37
46
38
40
43
56
35
42
43
41
39
34
44
27
35
32
30
35
30
39
35
37
32
37
39
48
60
88
89
111
96
121
97
95
86
89
65
56
56
42
43
29
27
32
33
27
31
27
36
37
45
30
36
35
38
32
28
34
34
30
34
30
32
28
34
32
21
35
35
39
26
38
21
30
27
35
30
36
32
25
29
33
39
22
40
31
31
38
24
27
23
31
37
31
38
40
30
30
37
31
37
37
27
41
29
27
39
48
27
42
28
39
27
29
46
32
43
25
26
39
38
33
34
38
28
25
33
36
34
42
24
25
22
29
35
34
33
43
39
36
40
42
36
31
43
40
38
46
29
32
45
27
38
37
30
35
35
30
41
36
31
36
27
36
34
40
41
43
26
30
51
37
43
43
31
35
32
29
39
26
35
37
36
32
28
40
36
37
42
28
47
39
39
32
28
29
40
32
39
33
41
31
29
26
36
21
32
45
20
38
24
28
34
37
37
40
36
31
34
35
35
44
30
46
34
39
20
34
30
46
36
32
37
33
28
41
31
40
39
32
31
27
33
26
32
28
21
25
25
39
29
24
39
34
20
29
33
34
31
40
42
42
28
39
29
39
34
36
30
30
38
31
30
31
34
39
44
36
38
46
43
35
52
32
34
28
38
37
36
28
28
26
45
31
31
28
28
26
36
33
29
30
35
24
27
28
35
34
31
30
39
36
36
42
28
36
29
32
34
33
33
26
22
32
31
29
37
42
26
33
29
29
31
25
40
35
34
47
35
30
30
32
30
30
38
33
38
32
30
31
31
38
41
24
32
32
32
27
37
42
30
28
31
41
29
38
25
37
43
33
31
43
30
32
30
31
25
17
30
25
31
18
29
43
28
33
33
41
24
33
24
29
35
29
27
27
30
25
24
23
24
26
26
32
33
28
27
25
23
27
21
32
19
35
28
25
33
22
27
25
30
29
33
26
25
35
30
39
36
28
37
27
28
33
23
21
25
35
24
27
28
27
34
21
26
36
33
29
25
31
24
27
32
37
28
32
40
35
30
40
32
25
27
34
31
27
25
19
31
20
38
36
31
21
25
26
27
22
40
30
29
29
25
28
34
24
24
36
27
17
30
23
27
32
31
28
36
30
20
29
25
25
24
34
26
25
38
24
28
29
26
29
27
26
25
32
25
29
31
30
20
26
34
30
23
26
30
30
34
29
29
35
42
31
30
33
30
25
30
32
29
23
34
24
24
27
19
18
31
24
21
34
27
33
36
29
23
22
21
40
26
32
21
22
35
22
28
26
25
30
29
28
32
33
28
25
30
30
27
38
30
26
19
36
18
26
25
29
27
28
28
31
26
25
34
20
43
24
35
22
25
42
24
28
31
32
37
18
29
22
20
21
29
29
36
32
27
18
23
23
30
34
23
31
30
27
28
29
24
30
28
35
24
33
26
27
38
28
28
26
31
25
23
31
33
25
23
30
25
21
15
26
29
35
29
27
33
34
28
26
32
30
22
25
25
28
19
28
38
22
29
33
29
23
22
28
30
41
37
27
25
26
36
29
24
22
17
29
22
29
34
17
30
28
26
24
18
34
27
22
20
24
21
22
33
25
28
27
24
25
23
27
31
22
37
29
28
33
31
24
32
26
31
25
27
25
33
28
23
27
28
34
36
38
30
40
54
59
59
85
101
114
126
144
139
134
109
107
119
82
76
50
58
50
43
49
27
27
30
30
29
35
28
24
33
27
22
26
29
33
22
23
22
31
32
21
35
30
23
31
41
35
53
48
64
70
78
80
66
51
46
42
51
37
26
22
30
26
27
20
21
27
23
22
24
25
28
22
26
42
30
40
28
25
32
35
30
37
28
31
27
30
28
23
26
26
29
24
23
32
40
23
34
22
21
25
23
26
21
24
21
37
31
33
20
19
28
28
29
22
27
24
20
37
33
15
22
28
30
34
29
24
23
30
28
30
23
21
23
23
33
28
27
31
27
24
31
27
23
20
26
27
17
28
23
17
26
37
34
29
29
39
22
28
23
20
28
27
40
25
31
22
35
29
25
29
32
34
22
26
21
25
26
27
19
29
34
20
31
24
20
20
28
27
28
24
30
28
20
29
22
24
32
42
23
28
30
30
17
24
45
20
34
29
24
26
20
33
21
27
25
18
23
33
39
30
33
26
46
21
25
28
26
28
32
24
32
39
29
41
34
21
28
13
43
21
28
28
25
29
25
36
28
29
31
25
23
28
30
23
32
34
28
39
26
35
19
26
27
27
23
24
34
22
34
26
38
20
25
21
22
24
30
25
38
31
40
45
63
70
102
129
161
156
200
196
163
178
130
130
82
83
48
53
47
45
41
26
31
19
27
25
23
29
27
29
21
39
35
27
21
31
39
31
26
25
34
22
33
32
26
25
33
27
19
27
22
31
28
24
26
27
26
36
34
26
41
38
26
43
30
41
35
40
28
28
20
28
27
34
29
29
34
32
33
27
19
32
25
26
36
24
43
20
23
16
27
28
24
29
30
29
36
25
35
22
34
27
25
32
29
25
30
35
26
21
32
33
29
23
22
24
30
27
29
22
28
27
23
22
44
35
35
27
26
24
25
31
34
47
38
30
30
25
34
34
33
25
38
28
34
24
34
31
25
27
22
31
32
44
28
28
25
25
29
32
20
34
23
41
32
26
25
26
27
28
23
19
19
22
22
18
29
22
38
27
23
28
20
19
27
23
31
30
33
27
31
20
21
27
27
23
45
27
33
31
22
25
32
33
31
24
28
38
33
29
28
29
33
29
32
26
34
21
21
19
32
31
25
39
24
31
25
31
23
37
37
37
31
29
43
34
31
37
27
28
28
28
30
40
23
41
24
25
28
21
41
32
30
34
38
40
26
37
33
45
43
33
40
37
35
40
29
33
19
30
35
23
29
25
30
37
34
34
30
42
22
29
30
22
32
28
29
31
41
30
16
32
23
30
24
31
30
20
45
31
29
31
36
24
46
42
25
41
27
32
28
26
29
19
33
25
43
24
32
31
24
25
27
33
32
34
33
31
28
28
28
42
39
34
22
21
36
26
25
31
35
43
32
23
28
21
34
32
19
27
31
41
37
31
29
34
42
34
27
30
43
43
31
33
24
19
25
42
30
32
36
28
32
30
28
24
33
31
29
39
28
23
31
29
37
23
25
33
37
27
37
34
31
31
39
29
25
26
38
46
32
27
37
28
22
31
37
26
21
43
33
29
34
35
31
30
37
35
33
34
30
37
34
40
44
34
31
32
33
29
28
39
34
31
31
23
40
28
36
39
36
38
42
42
25
31
41
33
41
42
52
27
37
40
26
31
42
36
33
42
30
36
27
33
35
36
44
35
35
46
40
34
21
37
36
31
37
29
31
38
33
33
23
31
39
26
40
23
25
39
22
34
35
33
34
42
28
30
47
26
34
34
24
28
18
33
24
34
32
24
25
19
26
21
33
26
19
19
22
15
24
16
20
24
18
25
25
26
24
20
27
25
23
27
29
23
23
16
13
26
20
27
24
24
24
23
19
20
19
28
28
17
25
22
21
26
19
30
20
27
22
21
17
14
23
15
18
23
20
22
23
16
21
15
26
24
19
27
27
19
28
27
24
15
22
21
15
28
20
20
16
18
23
21
28
12
25
30
17
22
25
19
26
20
25
23
17
14
11
20
13
19
15
22
19
23
19
23
15
34
20
21
25
24
23
20
21
20
27
15
24
20
21
23
13
23
16
19
19
33
18
24
28
26
11
14
14
24
12
28
26
30
21
16
16
17
25
21
28
21
18
14
22
25
21
19
17
18
14
20
14
12
21
21
18
22
12
20
13
25
23
31
30
52
33
74
53
68
52
43
46
64
38
39
30
43
20
16
23
21
16
16
16
23
15
16
16
18
23
14
20
19
15
21
12
14
11
13
16
14
14
15
16
11
16
17
11
18
16
20
9
12
16
12
6
22
14
18
12
16
9
15
9
15
19
15
11
12
13
12
9
19
9
21
19
17
17
18
15
12
14
14
12
15
17
9
12
13
11
4
12
7
14
12
20
12
11
14
8
14
6
13
7
11
10
12
12
7
16
13
12
7
7
12
12
9
10
6
12
11
4
9
12
15
9
12
8
4
7
9
9
8
15
10
3
10
7
7
9
12
9
8
12
10
11
9
10
11
11
12
10
10
7
7
11
5
12
8
11
5
7
7
13
4
9
6
16
12
8
3
16
13
13
8
8
7
8
12
12
13
5
7
9
8
6
7
6
9
2
8
8
6
10
6
7
11
6
10
3
6
3
5
9
6
4
8
9
7
7
7
7
6
5
3
4
10
9
8
4
7
9
4
5
7
7
4
9
9
6
9
7
9
3
3
8
4
7
9
13
4
5
6
9
12
10
8
3
7
5
6
5
2
3
5
7
12
9
5
4
3
10
4
5
6
5
5
2
10
3
8
6
7
3
6
7
8
2
6
8
7
5
6
9
4
5
8
4
2
6
7
3
4
4
4
5
8
7
7
6
4
6
4
5
8
9
8
3
6
9
2
8
6
5
4
0
6
9
7
1
10
4
5
1
4
8
4
4
6
5
4
6
8
8
2
5
3
1
2
8
4
2
6
6
9
5
4
5
4
2
6
3
6
4
2
8
1
3
4
5
5
3
9
3
10
5
6
1
10
7
3
5
3
7
5
4
4
7
4
8
1
4
0
6
1
10
6
4
6
2
5
7
3
2
3
5
2
5
7
3
6
4
10
8
4
4
5
2
4
4
4
5
4
7
2
3
2
3
5
4
2
5
4
4
6
2
7
5
1
5
6
4
2
4
3
5
0
7
1
6
4
7
4
7
2
5
2
3
6
4
6
5
2
10
2
7
7
4
8
13
7
20
17
30
40
75
137
191
265
351
483
608
719
784
840
762
704
557
486
407
367
231
182
150
103
71
51
36
28
17
11
6
6
3
2
1
1
3
3
0
2
3
1
2
1
3
2
3
3
2
2
1
1
2
3
6
3
1
3
1
6
3
2
4
0
1
1
5
3
1
3
2
0
6
5
3
1
2
8
1
3
2
2
8
2
0
0
2
6
2
0
3
1
0
3
3
3
6
3
1
2
0
1
2
3
4
0
7
1
2
5
2
2
3
3
2
2
0
5
4
0
4
3
1
1
2
5
3
2
4
1
5
2
3
2
2
5
3
2
0
1
1
8
4
3
4
3
2
2
3
3
4
4
0
1
0
0
4
1
0
4
3
0
2
0
2
1
2
5
2
1
2
1
3
3
1
1
0
2
4
2
1
3
2
3
3
1
3
6
4
3
4
1
3
1
3
2
1
0
2
0
4
1
2
2
0
0
2
5
3
2
0
2
5
3
2
4
3
1
2
2
3
3
6
3
2
1
4
8
3
2
2
3
1
5
3
1
5
2
1
2
4
6
1
5
1
1
2
5
2
3
1
3
3
4
5
1
2
1
0
2
3
1
4
2
0
5
3
4
2
4
1
2
0
3
6
3
1
4
4
4
7
3
2
4
4
2
4
3
0
2
5
1
0
1
4
0
1
2
3
4
2
0
2
0
2
3
1
1
1
1
3
0
1
3
0
3
1
0
1
1
1
3
1
0
4
4
0
1
1
3
0
1
1
2
5
3
2
1
2
1
1
3
1
3
1
1
1
2
0
2
0
1
3
1
1
4
4
3
1
2
4
1
4
3
2
3
3
7
2
2
5
2
2
3
0
5
4
2
4
1
2
1
1
1
2
2
0
3
1
1
4
3
0
1
2
1
3
3
2
4
5
1
3
6
4
2
2
2
0
1
4
3
2
0
3
1
2
3
3
0
5
1
4
0
3
5
2
1
3
2
3
1
2
3
2
0
2
3
1
4
2
2
1
5
3
3
0
3
3
1
1
3
3
2
1
4
1
0
2
2
1
1
0
4
1
0
2
4
2
4
3
0
3
2
2
1
1
2
0
0
2
2
1
4
1
5
2
2
3
1
0
1
3
4
3
0
2
4
2
3
1
2
2
1
1
8
3
2
0
0
5
1
2
4
3
1
3
1
0
1
0
2
3
2
1
0
0
0
1
6
1
2
1
2
0
3
1
2
3
1
1
2
2
3
3
1
3
2
0
2
3
5
3
2
0
4
1
3
2
3
3
4
1
1
4
1
2
2
2
1
3
0
2
4
3
0
5
3
1
2
3
3
2
4
4
1
1
1
4
3
0
1
1
2
0
1
3
1
2
2
1
0
1
3
2
1
1
4
5
3
1
2
1
0
0
5
1
2
3
1
2
1
3
3
1
3
0
1
3
0
0
2
3
4
3
1
1
2
2
3
2
3
2
1
4
3
2
0
2
0
3
0
1
0
4
4
3
1
2
0
2
1
3
2
0
0
0
1
5
0
3
0
3
0
1
3
3
3
2
4
0
2
2
1
1
2
2
3
4
4
1
1
2
2
2
0
1
1
2
2
1
0
1
3
1
1
2
6
1
2
0
1
5
2
1
4
0
3
1
3
4
1
1
3
2
2
3
4
1
3
2
2
4
1
0
2
2
2
2
0
1
2
2
2
0
1
2
4
2
2
1
1
1
0
0
2
1
4
3
4
2
3
2
2
6
2
3
2
2
0
2
0
4
1
3
4
1
4
0
2
1
0
1
0
2
3
3
3
2
1
1
0
3
1
2
2
1
1
2
2
1
0
0
5
4
3
2
3
1
3
1
1
0
0
0
0
3
1
0
1
0
2
1
1
4
3
3
1
1
3
1
1
1
2
4
2
0
3
1
1
3
2
4
1
1
1
4
4
0
4
2
1
2
2
1
3
2
4
2
2
2
4
2
2
2
2
0
1
2
3
4
2
1
1
4
6
1
2
4
1
3
4
3
1
1
0
0
0
1
1
2
2
0
2
0
5
0
1
5
0
0
0
4
1
2
2
2
1
1
1
2
2
2
2
4
1
0
1
4
0
4
$ENER_FIT:
-0.244 0.359359 -5.32651e-008
$MCA_CAL:
3
-0.244 0.359359 -5.32651e-008
$PEAKLABELS:
271.817, "Gd-153"
287.841, "Gd-153"
194.473, "Gd-153"
209.666, "Gd-153"
232.652, "Gd-153"
249.608, "Gd-153"
481.685, "Gd-153"
131.192, "Gd X-ray"
134.633, "Gd X-ray"
115.377, "Gd X-ray"
4068.076, "K-40, (bkgd)"
7284.161, "Th-232 (d), (bkgd)"
69.838, "Ag XRF, detector"
61.869, "Ag XRF, detector"
34.042, "Ag XRF, (Ge escape)"
42.351, "Ag XRF, (Ge escape)"
574.172, "Gd-153, sum peak"
557.993, "Gd-153, sum peak"
541.968, "Gd-153, sum peak"
386.408, "Gd-153, sum peak"
402.315, "Gd-153, sum peak"
418.402, "Gd-153, sum peak"
88.506, "Gd X-ray, (Ge escape)"
$ENDRECORD:
