$SPEC_ID:
PeakEasy Library File: Gd-153, Interceptor (CZT), 201 uCi @ 88 cm
$MEAS_TIM:
66750.50000 66821.10000
$DATE_MEA:
11-May-2015 15:20:09
$DATA:
0 1023
0
0
0
0
0
0
0
0
0
0
0
0
0
4272
7546
6703
6525
6567
6741
7864
9370
12494
16569
21504
27354
32429
35404
35235
32058
27703
22699
18075
14023
11055
8828
7716
7364
7956
8639
9589
10517
12025
13128
14543
16292
18075
19782
20776
21967
22495
22284
22099
21433
20908
20282
19887
19449
19890
20911
22594
25951
29978
34905
39525
42353
42797
40196
36134
30597
23813
17517
11378
6671
3618
2001
1125
870
790
724
716
699
688
729
705
712
692
696
641
604
624
602
592
553
583
601
534
563
523
577
456
534
485
472
470
457
402
453
389
403
419
428
396
368
420
384
351
369
368
379
303
296
328
355
318
329
288
283
262
266
262
267
243
246
232
218
231
222
215
222
228
203
195
202
185
195
189
198
173
192
155
159
184
145
171
173
205
151
165
164
174
167
129
137
126
130
110
119
115
130
110
87
102
101
115
82
81
103
92
100
93
100
83
96
78
74
82
100
71
80
91
79
69
85
80
69
85
83
72
75
63
75
79
55
67
65
58
66
68
55
43
45
43
55
45
56
54
50
58
61
42
44
53
51
45
49
44
43
45
39
51
44
50
42
57
49
56
50
46
51
36
32
36
43
35
22
39
35
40
30
40
33
33
29
34
29
26
26
36
19
26
32
28
21
19
39
25
25
32
22
27
33
29
23
27
25
20
24
29
27
22
18
23
20
20
22
24
26
18
33
22
21
28
28
24
18
22
17
29
18
21
27
13
23
18
16
25
16
22
19
22
16
16
26
23
17
22
14
26
18
15
15
15
16
21
16
14
13
13
17
7
18
15
15
22
20
13
17
14
17
19
21
12
25
25
23
14
18
17
14
10
16
15
17
12
15
13
15
9
21
10
20
13
15
13
11
18
11
14
13
16
8
22
7
13
10
6
10
13
13
16
11
13
9
15
9
20
10
19
15
18
14
12
6
11
13
14
13
14
11
13
20
6
15
10
16
20
14
14
5
19
17
14
7
8
12
9
10
7
19
8
13
10
11
12
8
7
7
7
7
9
8
8
8
7
4
6
8
7
9
10
6
12
3
9
8
8
8
8
8
4
3
2
10
9
9
7
8
8
12
10
6
9
10
7
4
8
7
9
5
5
8
8
11
5
6
5
8
9
9
9
9
8
8
9
8
6
11
7
4
10
8
6
6
7
8
8
8
6
7
11
10
7
6
7
4
5
5
6
6
8
6
14
2
8
7
9
8
5
8
10
4
4
6
6
8
6
6
9
9
6
6
8
3
5
10
13
9
6
6
3
2
10
4
6
5
6
2
6
6
11
13
7
8
5
2
11
7
5
5
7
4
7
6
8
5
15
7
10
6
12
6
6
8
2
4
4
6
2
2
8
5
7
7
4
6
3
3
4
6
4
10
6
5
3
4
7
3
4
7
3
5
4
3
6
2
9
4
5
2
6
1
8
5
5
7
6
5
7
2
3
3
5
5
3
8
7
3
4
6
2
8
8
7
5
7
2
10
3
3
4
3
4
6
6
4
5
3
7
6
5
5
3
6
5
4
2
5
1
7
2
3
2
5
3
1
2
5
3
4
6
4
3
5
7
7
10
4
5
6
3
0
1
5
1
4
5
4
2
3
9
2
3
6
4
5
3
4
4
5
1
4
4
6
3
3
4
4
5
3
6
4
7
9
2
4
3
6
2
3
4
8
4
3
3
5
3
4
3
4
0
6
8
6
4
6
1
3
4
3
3
6
6
4
6
5
7
4
10
1
3
3
4
0
4
5
4
11
4
5
2
6
6
3
6
5
6
5
5
8
7
4
3
2
6
6
6
4
5
3
5
5
4
6
3
3
10
1
2
5
5
2
2
1
6
3
1
7
2
4
4
5
4
6
4
1
2
4
1
1
3
4
7
1
7
7
3
2
2
2
3
6
4
4
3
3
3
4
1
3
6
1
2
4
1
2
1
0
1
2
5
2
4
4
6
2
4
1
0
3
2
2
0
1
0
2
0
2
1
1
4
2
2
2
3
3
2
2
1
1
2
2
0
0
1
3
1
3
0
2
1
0
4
0
2
2
2
1
1
2
2
1
1
2
0
1
3
2
2
1
2
2
1
3
0
2
0
2
1
3
7
3
0
1
2
3
0
2
3
1
1
1
1
1
3
1
1
1
0
2
1
2
0
1
0
1
2
1
3
0
2
2
0
2
3
3
1
1
3
0
0
2
3
1
3
1
0
2
1
3
1
4
0
3
2
0
2
0
2
1
0
3
5
2
5
2
5
4
4
5
2
2
6
3
3
1
5
3
1
6
0
0
2
0
0
1
2
0
0
1
0
3
0
1
2
3
0
0
2
2
4
2
4
2
1
1
1
0
2
2
2
0
1
1
0
$ENER_FIT:
3.325 1.494332 -3.72707e-006
$MCA_CAL:
3
3.325 1.494332 -3.72707e-006
$PEAKLABELS:
64.908, "Gd-153"
47.740, "Gd-153"
26.552, "Gd X-ray"
977.740, "K-40, (bkgd)"
$ENDRECORD:
