$SPEC_ID:
PeakEasy Library File: Gd-153, IdentiFINDER (LaBr3), 201 uCi @ 123 cm
$MEAS_TIM:
66783.00000 66924.00000
$DATE_MEA:
11-May-2015 16:29:40
$DATA:
0 1023
0
0
0
0
0
2726
47588
73697
107644
190483
422500
1104732
2479719
3556510
3010821
1791189
926459
400150
200242
196663
249352
326549
437914
565151
647406
651183
600186
533729
490227
521128
731662
1198393
1705086
1860790
1572544
1029683
501008
187512
75537
51203
48024
47138
46832
46385
46107
45487
44044
42412
41697
40842
40083
38425
37640
36626
35841
35179
34365
33415
32615
32199
31564
30492
29913
28598
27760
27039
26374
25749
25271
24363
23722
22877
22337
21868
21222
20787
20536
20824
20548
20264
19373
18123
16714
15758
14965
14220
13891
13794
13193
12780
12635
12404
12061
11870
11527
11443
11615
11522
11237
11032
10566
9978
9693
9260
9058
8735
8606
8534
8619
8699
8484
8652
8712
8655
8705
8899
8834
8489
8084
7376
6832
6497
6147
5946
5935
5902
5840
5816
5723
5698
5712
5637
5482
5372
5332
5131
5267
5216
5096
5128
5095
5080
4910
5085
4938
4920
4801
4686
4680
4632
4608
4757
4560
4449
4433
4369
4432
4248
4218
4136
4162
4273
4196
4068
4167
4180
4123
4190
4316
4220
4249
4306
4184
4025
3883
3763
3769
3682
3614
3538
3601
3563
3552
3532
3445
3569
3494
3512
3607
3554
3679
3804
3866
3956
3993
3965
4083
3950
3793
4026
3969
4071
4139
4043
3977
3806
3621
3372
3153
3037
2922
2862
2861
2848
2756
2761
2763
2833
2884
2806
2854
2780
2675
2701
2668
2639
2606
2446
2474
2462
2491
2338
2406
2369
2305
2410
2303
2347
2271
2328
2339
2320
2262
2238
2195
2183
2167
2118
2143
2116
2086
2152
2133
2190
2170
2199
2121
2292
2256
2252
2348
2624
2639
2717
2848
2852
2943
3006
2903
2959
2862
2960
2890
2917
2925
2915
2789
2809
2784
2857
2838
2805
2790
2822
2773
2719
2663
2722
2670
2736
2752
2692
2644
2670
2609
2595
2649
2645
2606
2653
2702
2757
2701
2609
2590
2657
2634
2560
2546
2485
2389
2427
2374
2325
2306
2329
2310
2299
2368
2280
2279
2349
2287
2235
2237
2241
2097
2074
1949
1950
1950
1906
1898
1796
1816
1776
1724
1737
1719
1606
1688
1606
1579
1648
1614
1633
1511
1506
1533
1473
1481
1539
1515
1478
1510
1500
1506
1479
1430
1438
1477
1527
1479
1559
1519
1572
1632
1547
1577
1649
1665
1639
1666
1674
1684
1688
1612
1681
1670
1612
1663
1560
1556
1595
1634
1627
1563
1528
1541
1510
1561
1529
1608
1605
1545
1556
1602
1527
1575
1509
1506
1540
1567
1539
1488
1438
1445
1426
1444
1361
1395
1272
1247
1230
1180
1189
1068
1043
981
908
917
833
830
808
744
727
726
722
672
655
636
576
579
586
509
506
524
470
471
448
452
441
491
419
436
412
422
379
363
399
431
383
379
335
377
363
374
387
432
443
425
447
438
465
526
494
527
591
679
803
856
998
1165
1346
1502
1763
1978
2114
2473
2766
3065
3360
3553
3707
4018
4056
4209
4339
4329
4248
4037
3875
3505
3171
2788
2484
2123
1686
1379
1097
913
734
594
437
375
310
262
238
223
220
175
177
178
152
168
167
150
140
136
162
154
177
164
177
186
157
190
184
206
201
184
201
189
209
189
164
185
167
157
153
149
130
144
152
142
119
112
118
126
120
122
110
126
113
112
119
143
154
117
122
122
139
140
137
136
132
128
152
121
148
135
168
145
160
165
187
175
183
197
207
205
211
229
245
215
245
238
228
246
228
240
262
238
197
213
216
225
194
204
190
209
202
223
212
198
205
219
221
209
222
262
236
252
267
252
247
241
273
273
269
266
312
259
285
297
300
318
322
325
315
362
344
369
378
362
361
381
374
395
382
409
388
411
430
441
463
459
439
478
443
435
436
454
502
507
494
521
454
495
510
559
526
559
569
615
578
605
652
655
662
675
636
650
668
704
731
727
679
725
683
720
678
678
679
636
591
593
577
580
567
568
551
472
454
488
474
461
480
443
447
454
464
452
422
421
438
445
436
418
418
404
378
468
425
424
428
423
434
437
432
454
439
447
438
482
431
490
485
455
520
492
501
489
547
541
499
525
531
518
502
474
473
525
504
530
540
511
539
569
538
532
544
557
588
622
592
596
611
619
630
601
611
634
640
628
632
603
601
592
570
557
513
507
501
537
479
487
477
454
459
451
424
473
434
423
408
448
424
433
415
406
434
403
431
426
424
401
411
372
380
350
351
298
335
331
289
247
262
269
249
255
234
216
202
199
187
202
200
205
203
188
194
196
184
176
207
209
197
204
246
210
216
204
235
206
240
227
224
210
229
209
223
216
212
213
203
253
236
239
228
224
246
253
246
273
251
274
283
255
282
300
325
343
338
340
321
372
361
406
408
377
360
417
441
428
392
436
444
434
380
440
394
397
385
395
416
384
412
372
354
313
318
344
322
316
292
263
269
232
196
198
190
162
171
150
121
103
107
98
97
80
73
58
53
51
50
37
43
36
33
25
26
19
19
27
18
15
11
18
18
19
15
8
8
9
8
12
9
10
6
6
7
6
7
9
9
9
7
6
9
9
8
7
5
9
6
7
3
8
3
5
3
8
6
4
5
4
6
7
5
5
9
7
7
6
6
5
4
10
4
6
6
5
6
4
3
6
4
6
10
6
3
6
0
0
0
0
0
0
0
0
0
0
0
0
0
0
0
0
0
0
0
0
0
0
0
0
0
0
0
0
0
0
0
$ENER_FIT:
1.629 3.027689 -6.02218e-005
$MCA_CAL:
3
1.629 3.027689 -6.02218e-005
$PEAKLABELS:
32.938, "Gd-153"
24.034, "Gd-153"
877.116, "Th-232 (d), (bkgd)"
486.637, "K-40 (bkgd), La-138"
13.242, "Gd X-rays"
$ENDRECORD:
