$SPEC_ID:
PeakEasy Library File: Ho-166m, Interceptor (CZT), 9.9 uCi @ 25 cm
$MEAS_TIM:
72305.10000 72318.10000
$DATE_MEA:
15-Jun-2011 16:43:00
$DATA:
0 1023
0
0
0
0
0
0
0
0
0
0
0
0
0
0
0
0
0
0
0
0
3995
7735
7680
7636
7720
8130
8859
9668
11376
13368
15812
18039
19179
18423
17073
15026
13167
11179
10122
9110
8258
7517
7156
7108
7143
7073
7458
7712
8401
9307
10501
12120
13327
14259
14245
12931
10936
9136
7870
6935
6924
6813
6955
6946
7072
7325
7537
7929
8249
8730
9389
9956
10040
10630
10660
10487
10499
10206
10085
9624
9327
9181
8885
8649
8461
8325
8252
8364
8286
8225
8267
8219
8413
8152
8140
7927
7978
7917
7807
7743
7757
7842
7936
8162
8163
8259
8507
8593
8496
8432
8563
8488
8840
9414
9963
10918
12771
14787
18308
22900
28502
33151
35427
34231
29695
22319
15476
10170
6789
4923
4105
3835
3675
3647
3557
3379
3411
3484
3444
3634
3654
3839
3834
3705
3600
3435
3260
2933
2783
2627
2508
2493
2451
2436
2400
2306
2375
2237
2292
2219
2221
2206
2114
2093
2160
2131
2148
2130
2211
2233
2383
2434
2470
2396
2469
2430
2388
2542
2659
2909
3140
3649
4238
5007
5750
6410
6489
6250
5472
4051
3127
2347
1837
1582
1402
1476
1504
1609
1600
1572
1719
1615
1499
1379
1276
1226
1099
1110
1074
1083
1059
1049
1042
1059
1015
1048
1039
1006
1070
1035
992
992
1050
1015
1057
1024
1084
1086
1006
957
1026
1037
1008
992
1049
977
998
976
1071
1039
1079
1050
1076
1107
1117
1095
1026
922
930
867
932
859
909
876
897
892
884
917
913
937
936
916
973
942
1014
951
1032
1116
1154
1224
1270
1438
1496
1505
1495
1366
1159
1010
975
805
837
734
750
762
739
735
769
749
749
795
774
816
783
766
892
810
849
865
886
867
921
904
843
852
772
793
820
777
772
793
782
753
715
793
741
701
734
765
741
713
712
754
755
742
731
725
735
755
724
676
775
779
754
743
725
715
736
776
713
790
708
732
743
741
721
753
773
793
815
799
783
878
842
811
748
704
606
563
523
523
497
478
500
495
482
517
529
479
467
498
481
478
485
497
521
519
512
543
544
563
549
561
509
516
481
463
413
422
421
395
363
401
423
353
371
383
416
395
369
365
385
378
388
364
352
340
331
323
295
282
303
272
240
230
204
220
201
205
173
194
161
172
165
184
174
169
162
170
153
148
165
174
167
181
161
188
162
173
212
204
231
212
243
237
260
279
224
284
271
253
240
222
245
213
240
224
304
307
338
304
362
372
402
400
421
452
497
573
620
671
746
845
832
905
843
845
640
531
425
295
223
154
128
114
80
129
133
105
112
139
131
141
138
166
172
203
196
215
194
245
243
223
218
211
158
166
144
125
124
119
103
129
117
120
164
151
135
164
171
163
194
191
207
185
200
223
229
242
242
281
302
331
406
447
460
571
586
634
667
661
634
579
495
363
289
229
157
110
105
115
95
115
113
116
110
89
73
52
50
30
27
16
11
9
13
8
15
13
8
9
12
17
22
10
10
12
22
12
18
13
21
24
17
25
17
16
9
15
15
16
8
14
10
8
15
15
11
16
13
15
15
11
14
15
16
12
6
9
17
11
7
8
10
17
8
7
17
16
20
16
18
14
20
16
20
26
34
17
20
17
27
34
28
43
34
27
27
29
12
10
10
7
11
12
7
10
18
11
6
12
8
12
6
7
7
11
5
11
7
11
6
8
8
14
9
4
8
10
11
12
9
7
11
12
15
8
9
8
8
6
6
6
6
6
9
15
8
6
5
6
9
5
6
6
10
7
5
8
5
5
7
4
12
6
4
3
8
12
4
12
3
4
9
5
6
5
5
7
5
9
3
6
8
8
8
13
7
6
4
5
7
8
5
5
9
6
9
12
11
8
11
9
5
4
8
7
6
8
9
4
6
3
4
5
3
9
6
4
6
6
5
3
6
6
8
11
7
7
2
4
6
3
5
2
2
3
6
3
4
5
4
5
4
2
7
2
6
4
7
3
6
8
4
6
7
6
3
7
3
9
6
3
10
8
6
7
4
6
5
5
5
5
10
2
2
4
3
5
1
3
3
6
4
5
5
4
8
6
13
2
7
3
7
3
5
1
3
1
3
1
5
5
3
4
1
6
4
3
5
3
5
6
1
0
0
3
0
1
6
2
3
2
4
3
2
0
2
2
2
3
0
1
4
1
2
4
3
2
0
3
1
4
2
2
3
1
1
3
4
1
2
2
0
0
2
2
1
1
2
3
2
1
2
1
1
1
1
4
3
1
3
2
1
1
0
2
1
2
1
1
4
5
1
2
3
1
4
7
5
3
0
3
3
2
3
2
1
5
1
6
2
6
3
2
2
5
6
1
3
4
3
4
2
4
5
1
2
6
2
6
4
1
0
1
3
2
1
1
3
1
5
1
6
1
2
3
4
2
2
1
1
2
0
1
2
1
1
3
1
1
0
2
1
0
1
0
1
1
1
0
0
0
1
1
0
0
0
0
3
2
0
1
0
1
1
3
2
0
0
0
2
2
1
1
$ENER_FIT:
0.252 1.512735 -6.77876e-005 1.03134e-007 0.00000e+000
$MCA_CAL:
5
0.252 1.512735 -6.77876e-005 1.03134e-007 0.00000e+000
$PEAKLABELS:
122.633, "Ho-166m"
53.867, "Ho-166m"
107.078, "Ho-166m"
186.254, "Ho-166m"
142.614, "Ho-166m"
200.012, "Ho-166m"
273.410, "Ho-166m"
243.016, "Ho-166m"
300.203, "Ho-166m"
472.602, "Ho-166m"
351.807, "Ho-166m"
537.500, "Ho-166m"
379.889, "Ho-166m"
445.672, "Ho-166m"
499.359, "Ho-166m"
553.141, "Ho-166m"
626.406, "Ho-166m"
32.181, "Er X-rays"
945.367, "K-40,(Bkgd)"
73.000, "Backscatter"
$ENDRECORD:
