$SPEC_ID:
PeakEasy Library File: Ho-166m, IdentiFINDER (LaBr3), 9.9 uCi @ 25 cm
$MEAS_TIM:
60000.00000 60303.00000
$DATE_MEA:
15-Jun-2011 16:37:52
$DATA:
0 1023
0
0
0
0
0
12815
101521
119918
128432
142446
186329
306676
433952
484190
739445
1297599
1447335
978893
644488
484722
364549
326519
330953
357244
433842
610492
833329
821101
561625
369241
317981
320363
334894
364692
419530
493007
555888
575129
562618
531297
495058
459291
438177
432906
439702
445823
447305
443804
442259
441724
435032
426883
420685
418183
416233
418598
448194
586101
1003327
1813650
2705966
2961964
2328375
1361960
687321
401714
318301
299808
300164
315407
337050
343497
320418
282379
248503
226912
215565
207940
201329
194994
189559
185708
183987
183717
188014
190054
189734
192805
220640
306374
466421
660056
790278
767540
602349
406005
264371
200508
187264
187827
181492
162157
139622
121815
110562
106329
104239
103961
104036
104122
104720
105271
105791
105727
104989
104525
105621
108585
114345
122406
129064
131422
127680
119087
109453
101405
96363
93666
92508
93473
97326
106204
125193
153641
187750
215571
226576
213617
183578
149597
120018
101497
92338
88633
89016
92224
98252
105692
112834
117965
119236
116751
112831
107896
103573
99557
95761
92458
89751
88494
87371
87936
87957
87618
87939
87746
87763
88190
88640
91734
95948
104900
116833
129445
140566
145529
141355
128412
112687
94971
82001
73787
69011
67888
69890
74513
80838
87701
92436
93983
91610
85455
78647
71565
65875
62166
60162
58645
58214
57561
57228
55976
54924
51667
47748
43502
39248
34906
31742
29266
27542
25984
25022
24078
23613
23818
24928
27193
30575
35249
39792
42990
44915
44240
41455
38284
35740
35410
40096
51472
70949
100919
139951
183420
223127
250510
259605
246846
216121
174177
129970
91948
63511
45833
37737
36675
40704
46514
52245
55987
56732
54291
48768
41848
34757
29523
25611
23623
22995
23684
26144
31906
41616
58003
81556
110606
143610
175519
200981
214959
214882
201671
178765
150818
122408
97506
76538
59804
46785
35678
26565
19408
13866
10049
7469
6063
5372
5070
5092
5440
5511
5486
5354
5404
4984
4665
4235
3971
3707
3639
3495
3425
3408
3340
3263
3298
3434
3512
3763
4227
4823
5828
6890
7840
8713
9660
10128
10192
9736
8863
7779
6694
5513
4782
3979
3553
3064
2881
2805
2679
2641
2639
2564
2700
2590
2656
2562
2455
2418
2287
2243
2177
2072
1919
1913
1871
1791
1789
1770
1757
1692
1824
1739
1797
1732
1712
1710
1671
1675
1671
1702
1734
1744
1768
1808
1846
1859
1937
1997
2098
2203
2183
2270
2354
2344
2330
2328
2340
2267
2182
2233
2300
2071
2110
2181
2074
2023
1876
1909
1752
1769
1726
1711
1669
1641
1673
1702
1631
1604
1614
1593
1536
1567
1615
1718
1743
1820
1978
2115
2244
2390
2553
2569
2625
2547
2507
2360
2190
1967
1773
1675
1471
1349
1325
1247
1193
1174
1174
1056
938
980
810
786
686
656
608
572
556
433
460
453
432
429
375
368
371
371
378
344
337
315
334
330
327
324
362
411
428
499
557
652
714
766
957
1011
1064
1115
1286
1313
1404
1498
1583
1709
1907
2059
2270
2418
2555
2751
2970
3033
3285
3464
3571
3799
3943
3984
4192
4173
4042
3948
3624
3417
2904
2501
2089
1756
1387
1075
821
649
463
388
326
269
243
229
191
187
185
150
154
143
148
133
132
121
127
143
121
131
146
138
149
169
177
165
173
189
164
192
176
188
181
175
147
132
149
130
135
118
123
94
114
111
103
96
91
101
100
85
89
88
98
88
76
80
86
90
83
104
86
80
94
80
79
86
86
100
96
72
89
90
100
104
119
110
113
126
143
148
152
145
157
181
144
154
158
174
148
159
158
141
129
117
123
122
79
95
91
90
87
98
79
87
94
100
102
97
97
90
102
114
93
122
92
101
99
109
96
111
107
103
97
106
107
97
106
116
99
87
114
110
102
109
106
123
132
112
132
126
115
118
118
123
97
106
113
126
104
121
117
128
106
124
108
127
131
127
116
121
114
126
131
126
147
137
141
154
140
152
160
145
155
142
178
170
157
150
149
170
163
151
151
134
129
147
141
128
117
118
132
126
125
124
123
134
133
152
147
141
143
147
157
143
145
119
126
127
118
116
120
118
130
96
90
111
118
119
104
107
117
126
114
120
129
110
124
149
126
156
147
155
125
136
150
119
134
145
125
132
145
126
126
136
113
137
126
108
129
136
126
145
145
145
129
162
143
160
154
157
140
155
143
148
149
128
139
148
149
126
121
125
128
110
109
127
128
118
124
115
98
109
109
95
105
113
119
101
105
107
104
114
107
102
109
94
94
86
87
76
96
82
87
65
78
73
75
61
57
52
60
56
44
46
54
40
54
47
49
45
53
58
41
35
39
43
46
41
43
37
50
40
50
44
39
41
45
42
40
47
45
41
37
37
51
50
47
45
57
58
64
52
63
71
66
94
80
90
104
100
115
123
123
119
144
144
162
137
170
158
152
139
153
140
133
125
134
126
115
94
99
95
91
100
92
83
80
72
62
62
71
72
51
52
60
44
42
41
37
33
27
22
24
30
21
17
16
20
17
9
13
13
4
7
11
6
7
8
6
6
10
12
7
11
4
9
3
6
10
7
5
5
6
5
7
6
6
6
10
7
8
6
5
4
7
8
6
10
4
4
3
8
5
5
4
5
9
9
1
5
5
7
5
9
8
10
6
7
3
2
7
7
4
4
7
7
6
5
6
6
6
4
3
5
8
3
7
8
7
2
7
7
3
3
5
6
10
8
7
1
6
7
8
4
5
4
7
6
5
7
8
8
9
5
5
4
0
0
0
0
0
0
0
$ENER_FIT:
1.374 3.003163 5.24288e-006
$MCA_CAL:
3
1.374 3.003163 5.24288e-006
$PEAKLABELS:
60.777, "Ho-166m"
26.416, "Ho-166m"
92.866, "Ho-166m"
71.152, "Ho-166m"
100.618, "Ho-166m"
235.850, "Ho-166m"
136.381, "Ho-166m"
269.794, "Ho-166m"
174.618, "Ho-166m"
121.130, "Ho-166m"
150.669, "Ho-166m"
189.669, "Ho-166m"
202.556, "Ho-166m"
250.405, "Ho-166m"
222.728, "Ho-166m"
316.575, "Ho-166m"
291.379, "Ho-166m"
335.130, "Ho-166m"
413.638, "Ho-166m"
465.474, "Ho-166m"
374.558, "Ho-166m,Bi-214 (Bkgd)"
15.570, "Er X-rays"
485.978, "K-40 (Bkgd), Ho-166m"
868.975, "Th-232(d),(Bkgd)"
36.969, "Backscatter"
$ENDRECORD:
