$SPEC_ID:
PeakEasy Library File: Ho-166m, Detective (HPGe), 9.9 uCi @ 25 cm
$MEAS_TIM:
60000.00000 64665.28000
$DATE_MEA:
6/15/2011 4:29:22 PM
$DATA:
0 8191
0
0
0
0
0
0
0
0
0
0
0
0
0
0
0
0
0
0
0
0
0
0
0
0
0
0
0
0
0
0
0
0
0
0
0
0
0
0
1
0
0
0
0
0
0
0
0
0
0
1
0
0
0
1
0
0
0
1
0
0
2
0
6
5
11
8
20
26
35
47
76
78
124
189
202
286
343
421
489
3402
57974
128350
134764
134098
132864
131707
130652
129481
129068
128025
127167
127508
126400
124937
123866
123666
122294
122070
121556
120906
120618
120256
119421
119095
118540
118836
118139
118428
118743
119418
118904
119137
119560
120323
119585
120966
120599
121542
121748
122364
123312
125349
126524
129876
133838
139200
146716
160377
179796
209192
243415
277905
299453
297496
266837
216673
167856
130943
111721
104454
102223
101480
103109
105034
107588
110804
114637
122931
136935
155118
173497
179710
172014
155470
139832
128142
119141
110735
104147
98738
97028
95816
96785
96893
97872
99375
100901
101844
103066
103833
104730
105214
105260
105752
105361
105329
105963
106980
108995
111048
114687
118662
121554
122086
123999
127115
130429
131025
127752
121483
115111
111248
109304
108607
109134
110606
110764
111596
112563
112621
113656
114922
115411
116925
117081
117371
116888
118561
120300
122832
125374
127267
128969
133506
150806
195865
284029
401244
503636
529213
458287
333422
216753
140702
104796
89818
86094
84854
84696
85439
85875
85499
85998
85904
86173
86020
86228
86535
86519
85776
85963
86258
85984
86235
86595
86732
86630
86854
87480
87576
87594
87551
88285
89490
91151
92589
93770
95404
94583
93994
92340
90744
90367
90010
90749
90837
91781
91326
92216
92829
92500
93274
93792
93990
94750
94988
95097
96381
96624
97019
98102
99006
100282
100696
102574
103438
106590
109140
112454
115625
120011
124582
128209
131403
133293
135582
135000
136448
136665
135855
135387
135182
135030
134101
133391
133313
131493
131700
130559
129619
128738
128336
127724
126655
125979
126624
125586
124414
125401
125172
126097
127616
129424
130478
130166
128832
128453
128934
131726
132507
131439
129293
126372
124864
123808
121894
120701
118760
116731
115883
114918
114703
114668
113451
113963
112946
112908
113357
112827
112748
112267
111824
111424
111150
110550
110291
110918
110894
109866
110372
111647
112025
111847
113472
115568
116677
118403
119601
119732
119303
117998
116424
115024
115263
114049
114355
114645
115082
114988
115124
114851
114718
115401
115835
114272
113373
112799
111982
110844
110833
111187
110142
109869
109523
109844
108927
108665
108381
107900
106830
105595
105564
105760
105525
104834
104615
103829
104006
103836
103817
103016
103174
102963
102485
102704
102462
102583
102522
102005
101944
102006
102520
101515
102306
101908
101542
101679
101612
101644
101752
103117
103741
103755
104234
105369
106690
107306
106193
106904
106739
107276
105914
105058
103233
101927
101546
100787
101401
101032
100986
101399
101081
100631
99870
99922
100552
100610
99963
100279
100422
100336
100297
100530
100483
100676
101150
100978
100322
100835
101538
101132
101081
100843
101512
101518
102169
101872
101890
101468
102374
102296
102778
102980
103563
103711
104058
103874
105123
105258
105545
106591
107339
108234
110442
116824
137184
200070
368854
736202
1364716
2166389
2834668
3015756
2601358
1828100
1052623
515738
234290
116679
77941
66795
65024
64760
64939
65311
67021
68371
71392
73256
74087
73598
71578
69092
67428
66817
66123
66539
66703
66516
67042
67931
67363
67027
67458
67483
67671
67170
67442
67032
66961
66030
66188
66115
65775
65425
65199
64824
65079
64360
64179
63854
63578
63558
63545
63288
63169
62323
62433
61565
62027
61532
61319
61164
60923
60322
60406
59979
60285
60311
60058
59388
59372
58932
58796
58678
58339
58096
57864
57994
58225
59968
62244
67914
77804
93727
114535
135987
150479
149474
131757
105768
82488
66806
58585
55058
53805
53129
53285
53043
52296
52780
51889
51976
51913
52031
51903
51693
51514
51532
50817
51353
50710
50836
50902
50872
50244
49934
49996
50019
50200
49872
49770
49474
49744
49863
49940
50903
52395
53854
55397
55992
54133
52682
50603
48973
48621
48251
48021
47805
47427
47728
47455
47561
47592
47348
47357
47372
48186
48904
48645
48457
48532
47316
47261
46123
46588
46134
46680
46823
46328
46328
45740
45833
46081
45297
45541
45605
45458
45145
44364
44936
45107
44975
45098
44982
44939
44949
44785
44615
44169
43961
43841
43939
43942
43891
43402
43671
43072
42563
42937
42950
42897
42326
42351
42422
42176
41725
42055
41729
41676
41999
42203
43385
46490
52010
60548
67567
71402
68869
62445
53713
46818
42927
40982
40156
39951
39766
39885
39942
39931
40071
39699
39590
39572
39393
39314
39292
39213
39365
39262
39353
39157
39114
39055
38953
39094
38911
39166
39216
39452
38791
38890
39152
38797
39132
39017
38718
39375
39298
39638
39463
39427
39431
40086
40113
41020
44012
53309
79436
139535
256095
433751
634768
776756
790809
664224
463955
274717
143762
74981
45639
35360
32608
31620
31289
31416
31093
31189
31171
30866
30750
30594
30879
30620
30541
30480
30075
30726
30150
30260
30214
30242
30331
30045
29949
29845
30029
29865
29858
30191
30415
30370
30144
30541
30703
30601
30299
30234
29736
29495
29734
30127
30849
33453
39294
51127
70385
93282
111841
116772
105799
83327
61339
44459
34696
30095
28497
28473
28980
28310
28296
28549
28428
27741
27746
27678
28280
27938
27840
27799
27800
27820
27446
27929
27641
27467
27789
27598
27862
27371
27459
27679
27249
27332
27467
27448
27341
27480
27538
27147
27436
27525
27147
27104
27433
27368
27386
27443
27301
27161
27031
27457
27291
27090
27007
27165
27225
26980
26841
26946
27061
26975
27339
26979
27225
27099
27028
27053
26794
27266
26849
27202
27049
27120
27005
26963
26838
27181
27066
26829
26764
26867
26543
26866
26805
26714
26863
26704
26737
26901
26744
26693
26780
26925
26774
26981
26579
26729
26816
27215
27536
27907
28568
28951
29864
29951
30071
29153
28346
27370
27162
26812
26751
26654
26683
26804
26821
26866
26739
27042
26742
26741
26561
26532
26448
26380
26597
26735
26586
26704
26683
26694
26225
26700
27017
27208
27392
27996
28088
27573
27563
27090
27157
26564
26395
26577
26337
26007
26347
25927
26001
25958
25841
25932
25719
25608
25671
25526
25625
25601
25666
25704
25703
25257
25293
25501
25528
25576
25689
25836
27400
30844
36815
46917
57987
68016
70709
65684
54982
43399
34817
29019
26311
25292
25186
24942
24967
24915
24518
24902
24457
24734
24593
24413
24598
24200
24456
24447
24568
24562
24394
24742
24898
24398
24358
24632
24317
24572
24258
24399
24755
24477
24268
24616
24464
24628
24542
24459
24323
24633
24519
24484
24443
24572
24611
24505
24362
24554
24573
24580
24352
24887
24634
24644
24450
24578
24538
24198
24362
24538
24561
24298
24295
24144
24475
24081
24404
24147
24461
24160
24245
24398
24294
23882
24204
24080
23866
24066
23916
24028
23749
24064
24082
23977
23736
23964
23697
23973
24263
23832
24268
23933
24002
23880
23849
24132
24127
24406
23908
23875
23817
23979
24302
23867
24116
23858
24203
24134
24262
24398
24694
25377
27657
33284
46259
70401
107722
152316
190092
205934
191055
150718
104637
66457
42424
30323
25396
23718
23053
22840
22725
22711
22859
22880
23079
22769
22772
23004
22932
22806
22605
22766
22869
22899
22841
23068
22688
22886
22886
22982
22825
22714
22780
22718
22711
22910
22570
22779
22548
22562
22728
22702
22646
22770
22522
22640
22763
22876
22912
22877
22624
22983
22799
22658
22850
22992
22775
22647
22892
22886
22891
22822
22874
22937
23042
22609
22906
22813
22751
22757
22954
23062
23041
23077
22909
23101
22876
23065
22770
22939
22981
22974
23198
23077
23301
22939
23377
23084
23264
23142
23328
23379
23437
23136
23438
23427
23177
23432
23506
23747
23601
23733
24151
25446
27295
32039
38984
47797
58014
64332
64632
57843
47642
38076
30739
26362
24482
23828
23547
23479
23462
23550
23121
23415
23502
23515
23532
23338
23445
23633
23585
23590
23743
24079
23771
23860
24051
23789
23980
24386
25484
26492
29437
33406
36890
39503
40233
38062
34500
30154
27228
25238
24495
24015
23980
24073
24328
24102
24163
23965
24305
24033
24181
24267
24161
24218
24132
24255
24338
24551
24375
24286
24652
24627
24822
25104
25238
24874
24837
24993
25068
24910
24690
24553
24795
24985
24878
24968
24756
24602
24878
24723
24905
25029
24832
25181
25251
25012
25214
25064
25032
24938
24954
25324
25026
25086
25136
25097
24842
25010
25042
25263
25402
25217
25544
25378
25113
25337
25307
25532
25378
25113
25186
25319
25365
25780
25612
25632
25512
25946
26065
26716
27147
26959
27256
26742
26394
26305
25868
26015
26127
25810
26135
26053
26322
25978
26177
25831
26371
26074
25828
26012
26410
26256
26226
26201
26437
26142
26366
26561
26438
26357
26570
26423
26453
26634
26845
26968
26926
27127
27164
27147
26938
27234
27072
27033
26731
26952
26759
26757
26786
27020
26828
26754
26818
26600
26669
26642
26410
26798
26924
26499
26473
26582
26356
27331
27289
27190
27838
27387
27041
26710
25914
25360
25051
24838
24476
24565
24080
23732
23464
23731
23561
23467
23660
24570
27222
32368
43071
60834
84317
109521
127814
131127
117850
93795
67660
46169
32617
25621
22852
21813
21271
21136
20908
20885
20857
20903
21062
21193
20786
20646
20761
21026
20979
20615
20760
20528
20558
20508
20624
20846
20683
20487
20877
20505
20242
20186
20585
20509
20594
20601
20520
20491
20613
20405
20605
20257
20642
20376
20557
20497
20384
20363
20516
20471
20511
20398
20371
20351
20430
20670
20178
20494
20158
19946
20360
20436
20121
20453
20080
20290
20128
19926
20243
20135
20392
19973
20021
19896
19961
19912
19724
20054
19842
19787
19865
19652
19765
19782
19445
19691
19468
19515
19311
19301
19434
18974
19176
19136
19503
19376
19120
19137
18973
19411
19361
19783
20927
23983
29456
38276
49479
62440
72443
76098
71370
59470
45786
34007
26178
21784
19675
18791
18516
18589
18778
18442
18380
18556
18513
18430
18449
18594
18532
18526
18436
18570
18616
18460
18481
18554
18361
18603
18559
18638
19045
19059
19274
18908
18826
18743
18519
18331
18284
18191
18149
18445
18079
18209
18337
17936
18026
18259
18523
18598
18211
18368
18404
18262
18663
18859
18547
18785
19614
20269
21202
22835
23598
23809
22931
21548
20336
19515
18563
18229
18151
18249
18077
17878
17987
18014
18166
18148
17944
17981
17987
17948
17957
17762
17681
17827
17846
17782
17903
17660
17906
17987
17976
17831
17751
17559
17830
17905
17994
17916
18477
18565
19321
19574
20611
21863
23720
26394
28574
30417
29517
27850
24666
21653
18983
17402
16599
16343
15888
16337
16021
15943
15732
15338
14816
14371
14270
13521
13446
13175
13036
13033
12952
12490
12670
12625
12506
12268
12033
12067
12192
11908
12105
11809
11577
11782
11549
11629
11631
11342
11407
11376
11494
11173
11338
11278
11109
11182
11177
11000
10736
10847
10859
10796
10635
10648
10529
10512
10454
10418
10495
10196
10253
10299
9993
9852
9874
9896
9750
9695
9598
9670
9896
9813
9979
10217
10284
10055
10037
9733
9639
9329
9278
9218
9359
9533
9486
9930
10045
9971
10013
9806
9285
9134
8913
8713
8694
8551
8530
8505
8529
8511
8550
8594
8281
8404
8259
8362
8251
8354
8188
8189
8132
8210
8024
8006
8017
8061
8030
7900
7955
7720
7776
7776
7794
7829
7668
7579
7828
7710
7815
7687
7577
7677
7568
7432
7496
7420
7613
7455
7586
7544
7495
7288
7549
7473
7488
7502
7339
7297
7472
7732
8009
9507
12244
16802
24034
33224
42709
49695
52338
48494
39877
29201
19935
13286
9483
7527
6825
6598
6559
6471
6447
6546
6480
6387
6432
6336
6235
6281
6057
6282
6177
6115
6159
6150
6091
5982
6080
5924
6146
5962
5818
5762
5916
5931
5976
5824
5709
5830
5751
5789
5778
5687
5739
5701
5657
5738
5900
6202
6483
7340
8692
10921
12963
15028
16054
16052
14369
11915
9431
7567
6565
5764
5497
5421
5406
5171
5437
5377
5246
5235
5293
5310
5179
5376
5102
5106
5231
5165
5100
5239
5288
5353
5302
5339
5399
5340
5424
5362
5472
5355
5530
5555
5680
5824
5825
5769
5812
6012
6062
6653
7946
10510
17012
29944
55404
98145
162813
246626
333989
401782
427817
400105
323458
228753
140406
75241
36750
16567
8113
4690
3595
3296
3127
3090
3068
3110
3060
3011
2950
3067
3018
2970
2914
2997
2995
2934
3056
3046
3146
3207
3237
3243
3272
3336
3211
3050
2973
2925
2907
2928
2921
2892
2874
2920
2961
2853
2837
2826
2772
2853
2753
2762
2816
2697
2726
2720
2825
2714
2719
2744
2862
2864
3069
3411
3906
4603
5055
5329
5376
5234
4772
4101
3563
3278
2880
2807
2712
2651
2755
2683
2697
2651
2699
2661
2779
2593
2717
2739
2680
2698
2674
2729
2628
2696
2732
2740
2706
2773
2754
2872
3124
3423
4416
6745
10828
18302
30038
45763
63589
79656
89394
87958
76421
58442
38927
23173
12236
6437
3749
2713
2325
2162
2160
2167
2205
2099
2084
2043
1993
2084
2021
2025
1928
2029
1955
2052
1994
2086
2019
1949
2057
2027
2041
1991
1976
2035
2016
2043
1991
2047
1998
2097
2095
2179
2056
2107
2029
2141
2021
2044
1975
1977
1978
1966
1908
2056
2008
2068
1996
2001
1995
2106
2107
2092
2376
2755
3730
5551
8070
11649
15833
19881
22334
22776
20613
16638
11947
7902
4838
3272
2485
2079
1985
1891
1939
1873
1903
1910
1990
2054
2081
2114
2094
2089
1982
2050
1955
1916
1965
1970
1835
1907
1905
2031
2020
2033
1980
1986
2044
2053
2081
2074
2059
2166
2142
2164
2140
2220
2191
2165
2198
2164
2214
2252
2190
2239
2233
2234
2323
2375
2372
2509
2527
2465
2490
2620
2500
2667
2632
2688
2766
2784
2822
2855
2998
3152
3428
3853
4931
7529
13227
24778
46835
82218
135690
203056
277894
341312
374688
364754
312955
235235
154467
89224
44702
19793
8205
3374
1624
1087
1094
948
930
984
937
897
882
916
893
938
907
912
868
914
853
837
934
970
897
935
878
912
955
943
878
970
995
939
937
1009
985
981
1093
1248
1591
2608
4249
7480
12900
21176
32030
43649
54722
61358
61087
54039
42233
28795
17300
9171
4521
2208
1108
806
632
592
588
617
574
596
620
596
589
576
555
615
511
539
574
548
556
608
563
510
561
546
533
545
565
566
543
516
518
569
501
537
504
540
554
564
543
525
542
535
541
528
523
543
519
517
545
565
561
544
518
513
555
532
581
536
506
545
494
526
546
529
548
506
597
578
569
554
546
604
559
563
591
596
543
566
546
513
521
508
489
528
518
508
513
506
515
542
534
537
517
524
515
528
557
512
564
517
532
530
563
610
637
754
893
992
1384
1745
2381
2919
3827
4451
4774
4419
3933
3241
2132
1497
985
702
587
501
506
540
479
476
521
492
494
481
468
511
462
478
525
492
511
497
492
485
494
545
509
507
476
515
504
529
543
500
536
545
475
522
543
532
509
524
505
548
535
565
609
603
738
702
810
809
755
761
702
598
610
498
502
472
461
441
465
476
450
460
513
458
438
461
470
530
501
497
527
465
504
488
478
462
488
485
472
463
522
512
532
543
586
709
752
856
907
1048
973
849
771
590
550
523
495
490
486
461
453
460
469
475
484
481
412
491
494
498
477
486
467
489
488
463
453
491
453
470
437
436
491
465
451
419
455
442
496
533
480
459
462
507
469
446
472
469
464
431
509
488
455
473
479
444
484
502
509
484
527
497
584
507
532
506
554
564
530
518
532
544
503
477
452
419
453
461
426
472
463
458
455
530
472
488
518
524
463
470
530
495
501
535
496
510
572
679
858
1196
1853
2841
4486
6557
9024
11733
13731
14561
14273
12265
9667
6529
4185
2407
1275
744
539
437
462
430
386
408
424
428
436
376
376
406
429
407
415
420
381
417
385
423
436
443
401
433
433
458
512
518
523
550
489
492
499
441
458
478
531
583
654
707
674
677
620
594
543
489
468
384
405
421
426
417
389
410
431
406
394
386
390
397
383
428
373
386
408
375
398
409
405
403
415
387
418
406
403
402
436
414
449
374
409
427
413
352
411
404
409
405
413
395
405
431
377
424
463
420
459
455
471
454
430
483
467
463
492
526
537
631
671
635
713
785
693
679
690
631
549
477
493
459
392
427
420
406
387
399
455
445
422
435
448
433
469
448
514
585
595
610
656
642
567
519
472
491
440
440
454
482
564
588
668
745
735
794
744
686
556
590
484
425
420
446
424
434
412
442
455
450
425
424
425
411
399
417
402
412
443
402
405
376
423
398
413
389
411
387
375
406
404
371
392
388
418
395
369
402
377
365
370
413
359
380
396
409
334
393
378
380
349
320
378
393
361
365
361
359
400
363
360
398
346
356
358
373
383
358
331
362
306
367
346
345
402
323
337
338
348
337
349
346
344
378
337
339
350
351
347
330
332
321
335
335
348
330
355
330
351
317
340
353
362
343
354
357
318
375
351
364
297
326
308
350
369
375
358
325
313
333
311
327
320
308
338
322
342
338
353
302
331
341
336
355
318
345
345
274
335
335
364
332
310
333
326
343
354
322
293
319
341
350
332
317
341
333
307
323
357
331
287
339
288
344
341
321
301
331
304
335
307
309
326
307
317
334
338
309
325
296
360
322
308
299
324
325
321
304
321
308
307
342
327
338
305
311
333
320
308
336
314
356
312
337
341
305
331
357
300
328
329
315
335
356
332
344
338
359
328
295
264
301
311
332
325
302
292
304
315
349
286
309
311
282
316
338
316
304
313
297
304
300
316
285
298
293
300
261
304
288
319
320
307
307
304
304
305
329
287
313
314
284
313
299
282
358
365
326
363
366
388
359
354
323
335
323
310
323
328
331
297
303
321
336
320
353
352
458
577
683
847
989
1206
1289
1430
1404
1243
1088
820
672
468
409
351
311
320
324
258
269
317
280
277
287
286
291
288
338
260
315
302
302
297
281
259
257
302
297
299
300
278
276
302
295
316
284
334
301
283
291
303
273
294
317
292
273
301
298
306
265
261
293
275
305
312
307
306
315
325
315
352
358
498
529
594
797
930
1010
1015
1069
1007
849
737
605
483
354
331
302
280
285
276
292
302
273
307
281
311
326
333
305
316
301
327
320
315
306
324
298
266
290
270
284
288
308
290
293
273
298
271
273
279
288
284
306
300
289
310
268
296
300
240
323
299
283
293
297
276
294
285
312
290
277
293
286
346
290
303
291
335
299
316
335
303
331
296
296
305
299
285
283
300
309
336
286
292
265
290
283
279
316
293
275
296
323
278
310
275
328
295
264
272
271
307
269
280
290
306
296
294
288
277
284
255
276
307
258
281
259
269
287
272
263
290
275
268
283
306
261
241
282
273
248
274
275
291
299
264
310
275
276
291
266
298
270
297
253
276
252
268
258
263
270
279
259
266
287
268
281
247
256
262
290
267
293
254
316
277
276
272
271
276
250
251
246
266
232
222
246
276
262
267
224
244
262
238
256
273
244
225
259
250
262
253
218
245
255
265
255
250
284
267
251
232
260
250
253
241
278
266
223
227
240
236
234
257
242
245
267
219
238
246
248
216
266
243
252
269
217
271
230
248
249
236
227
231
233
254
251
263
280
248
299
280
298
334
355
418
520
622
794
1119
1417
1835
2246
2602
2957
3096
3018
2746
2364
1718
1166
806
514
368
275
209
214
205
202
214
190
190
197
181
198
193
203
176
192
181
193
167
168
175
173
168
148
192
186
211
172
181
179
178
180
153
145
179
185
168
158
165
168
147
161
177
172
175
169
174
167
173
160
178
162
162
156
155
168
155
144
161
154
143
142
158
146
139
141
162
149
174
158
138
171
176
160
202
252
242
297
340
413
440
492
450
425
398
356
292
275
190
174
158
169
160
183
188
245
297
361
435
514
594
714
756
748
692
605
487
403
310
237
166
183
135
143
127
137
126
140
131
154
120
117
126
117
116
132
131
136
142
133
123
124
144
118
128
149
121
151
129
136
123
138
122
110
145
116
142
112
119
122
113
130
115
116
122
120
122
124
119
122
128
124
121
105
96
123
103
107
142
124
140
123
113
142
102
113
108
101
142
118
106
114
108
125
114
132
98
109
130
105
95
97
104
113
107
91
102
106
108
93
99
95
105
108
102
103
92
111
86
92
91
117
105
83
100
114
95
88
93
74
91
84
97
96
104
100
86
105
89
92
96
111
97
100
97
103
106
148
109
121
104
100
101
100
104
84
85
110
95
93
94
75
71
95
86
96
88
89
91
97
91
82
88
95
94
77
79
72
79
83
73
69
84
64
82
84
75
87
99
85
68
96
74
76
80
72
75
64
72
84
78
56
80
81
77
94
79
51
82
86
76
82
68
90
79
78
74
77
89
75
77
89
85
86
78
79
74
74
72
62
74
68
72
66
77
69
68
72
78
51
68
78
61
69
67
68
71
73
65
71
61
47
76
78
52
82
72
65
67
68
65
59
71
58
79
82
75
89
79
108
110
123
139
129
134
116
125
92
88
74
81
78
66
79
90
73
86
76
60
69
69
71
84
73
83
76
82
84
69
62
67
66
52
79
77
62
69
73
67
65
69
64
75
69
55
71
82
67
68
72
80
75
73
79
100
117
161
228
316
430
581
769
1015
1243
1379
1525
1573
1426
1353
1083
780
588
386
228
132
106
65
68
80
71
87
71
96
108
120
101
145
125
116
99
84
75
65
69
77
71
64
63
64
50
57
55
68
54
64
79
56
68
56
58
49
51
63
71
62
72
59
61
59
68
61
67
70
63
82
92
105
127
161
233
308
401
571
749
916
1115
1265
1459
1499
1424
1278
1062
735
526
365
232
131
100
61
66
57
41
60
50
47
52
51
70
46
57
46
63
64
72
56
48
63
54
55
52
48
55
67
50
53
61
39
43
53
53
60
49
50
48
51
58
47
45
46
55
44
60
61
54
58
65
57
61
59
64
58
55
64
59
44
61
54
66
61
52
60
67
63
68
70
75
72
114
147
238
315
432
609
838
1117
1410
1806
2175
2368
2619
2455
2305
1805
1455
992
622
377
228
125
74
56
57
34
41
29
39
29
42
44
35
40
37
35
34
31
38
34
25
26
39
29
45
38
26
32
41
24
36
38
31
32
34
34
39
35
31
31
38
26
29
31
31
28
34
37
28
29
34
30
36
35
29
32
39
31
32
31
23
40
35
25
36
42
35
39
39
34
39
43
43
39
37
43
34
37
43
40
36
52
37
61
45
46
56
44
58
50
37
41
41
37
39
41
40
32
33
32
43
40
30
35
49
33
32
41
36
30
36
37
41
38
33
30
30
43
46
62
57
60
67
62
65
62
62
58
45
52
37
28
50
38
33
31
30
28
44
42
27
33
30
34
38
44
26
32
43
49
62
56
54
73
91
126
137
137
118
126
107
113
86
73
56
30
41
28
36
41
35
33
34
32
32
35
25
27
27
36
29
31
32
38
30
33
31
40
26
25
25
36
37
33
27
35
37
36
36
32
35
36
42
41
42
40
35
30
29
22
34
37
33
33
41
39
34
32
25
33
33
28
32
34
34
30
27
20
23
19
27
32
32
28
16
15
25
24
36
16
39
26
36
22
27
23
35
29
41
28
23
30
31
20
31
23
29
18
40
25
29
31
28
40
44
44
48
47
43
54
42
32
47
41
34
30
24
28
26
21
20
23
17
23
22
29
26
22
22
27
27
20
17
22
29
27
23
26
20
28
25
24
24
19
34
31
27
31
26
26
27
34
26
36
40
29
37
31
34
24
39
33
33
28
40
38
33
33
31
44
44
29
48
39
37
43
53
66
78
67
66
72
76
84
71
76
80
93
84
100
97
91
89
84
62
61
57
56
37
49
34
31
38
39
42
31
31
31
15
30
29
21
22
19
32
31
19
29
23
25
18
25
22
28
32
20
16
21
26
27
20
26
23
28
20
22
25
26
28
27
30
28
33
35
32
28
26
22
28
18
20
22
28
18
28
27
31
29
20
29
39
40
29
29
44
49
48
49
44
40
36
44
21
31
32
25
30
28
35
29
27
23
32
31
18
31
31
20
34
31
36
51
28
34
45
37
47
45
33
23
25
25
15
28
24
14
41
24
28
26
24
21
20
31
28
21
28
29
24
34
30
24
25
29
17
20
23
26
20
25
14
21
22
15
21
20
32
23
24
19
19
20
22
26
23
19
22
26
27
28
16
19
23
23
14
22
20
27
24
13
17
22
13
14
22
21
14
19
22
24
28
21
32
22
26
34
35
22
42
32
32
29
27
31
20
20
23
24
26
17
19
25
18
24
23
25
16
27
26
26
21
23
24
18
24
25
24
31
11
16
16
15
22
21
22
21
24
21
15
18
14
16
24
15
27
23
17
21
23
19
22
16
23
27
22
21
26
22
22
20
14
22
17
24
27
19
21
19
21
18
19
25
14
22
23
28
21
13
21
16
21
20
23
19
18
18
27
30
20
14
25
24
28
21
16
16
17
15
13
15
17
13
20
19
17
22
22
21
15
15
22
21
11
20
19
14
25
15
25
11
17
23
17
15
12
26
17
26
12
20
23
19
23
14
17
22
17
13
22
22
15
21
20
11
31
19
23
21
18
24
17
14
17
22
26
22
23
13
14
17
24
17
13
28
10
18
13
23
15
21
18
21
19
27
18
30
18
35
37
35
55
43
41
51
54
71
50
50
33
41
26
13
23
20
17
13
13
26
23
25
15
22
21
18
19
25
9
23
20
15
20
15
24
22
20
24
25
17
14
19
21
15
18
12
16
17
17
19
12
17
14
18
15
11
22
13
15
22
18
18
18
21
14
20
13
20
15
15
20
19
17
20
17
9
15
20
16
20
21
20
19
23
16
21
22
28
29
30
29
43
63
77
95
107
122
141
154
186
205
226
182
182
136
126
97
76
54
30
25
17
27
19
20
17
12
17
15
15
21
14
10
13
18
23
16
17
21
13
8
25
16
22
17
19
21
27
16
15
20
24
21
13
19
21
13
20
15
27
16
17
13
21
15
9
14
17
16
20
20
20
10
18
18
13
16
16
20
15
12
15
13
18
25
16
17
18
18
12
17
16
22
17
21
13
12
13
12
13
10
14
15
18
16
16
17
20
14
16
14
14
15
14
13
9
20
27
17
25
18
17
21
15
33
11
14
11
15
25
11
18
14
14
26
17
13
20
24
14
21
22
21
19
16
16
21
10
16
12
15
16
20
6
15
15
10
19
26
13
10
20
14
21
8
17
20
8
13
22
19
21
6
16
14
17
17
13
15
16
19
16
23
8
19
21
19
21
11
15
19
11
20
13
15
15
8
14
8
15
24
17
29
17
18
16
24
16
16
13
19
20
23
24
27
21
16
34
24
18
16
14
15
22
15
14
14
17
21
20
32
32
42
33
35
43
44
29
31
38
34
28
25
36
27
16
26
19
14
27
19
7
15
23
26
15
18
18
13
15
18
13
19
15
17
12
12
18
18
22
18
16
13
13
11
14
12
19
13
24
9
16
14
15
25
18
16
15
16
21
20
11
25
15
12
18
20
19
18
27
19
18
19
22
15
21
16
22
18
18
15
17
22
18
22
20
21
17
18
10
16
8
20
17
17
12
17
12
21
17
12
24
23
15
12
21
13
17
18
11
7
21
9
14
15
19
16
21
23
19
10
20
15
15
10
14
15
10
13
21
22
21
21
18
15
19
19
17
18
27
28
13
21
21
14
15
14
16
22
13
13
20
19
23
15
11
17
23
17
17
11
21
21
17
17
17
12
15
21
22
26
12
15
14
16
24
16
21
21
11
22
12
18
13
16
17
21
11
18
13
14
13
24
21
13
17
20
19
18
20
12
18
18
24
16
17
9
12
17
14
12
15
12
19
13
13
14
21
14
25
18
13
24
23
12
24
26
15
13
24
12
21
11
16
16
19
16
18
17
12
15
21
25
17
24
29
22
9
12
21
22
19
13
21
14
16
16
10
17
13
14
21
16
17
14
17
21
19
15
24
17
16
18
13
11
19
10
15
17
17
22
13
17
16
16
22
18
13
13
21
23
19
18
17
18
16
16
12
13
16
22
14
9
19
18
20
28
11
16
18
13
9
25
18
8
14
17
20
14
18
18
11
16
17
18
12
10
19
5
18
10
15
20
17
18
19
15
20
22
20
15
15
17
23
9
21
12
14
12
19
14
20
20
20
8
21
13
21
14
20
14
16
16
18
18
20
14
17
16
20
22
15
15
16
20
13
12
8
16
18
20
16
10
15
16
19
18
9
17
19
12
14
19
12
14
12
18
16
19
14
15
13
9
20
18
16
20
20
10
17
18
10
13
17
12
11
18
18
9
9
17
18
21
17
16
12
17
13
11
13
13
16
17
14
15
17
13
6
12
16
15
14
12
10
24
15
20
17
8
20
12
11
15
14
22
20
13
18
15
17
16
13
15
11
13
20
16
8
19
9
14
19
17
9
16
17
12
17
12
12
18
12
8
7
14
11
12
13
17
22
14
21
7
12
11
9
18
10
10
15
18
25
10
14
16
13
15
22
17
17
16
15
13
13
20
17
13
15
19
14
11
14
8
26
12
12
14
13
8
12
16
13
9
16
18
17
15
16
22
17
18
14
8
21
14
15
14
12
16
10
16
16
11
9
11
18
11
14
12
12
16
18
24
17
18
17
14
18
13
12
17
19
9
15
21
15
11
14
16
9
6
16
17
11
14
13
20
18
14
12
17
8
15
14
14
12
9
9
18
10
14
8
12
13
16
15
9
16
17
15
14
14
12
16
16
14
16
8
17
6
15
16
25
5
10
12
16
16
15
13
15
13
13
17
14
16
8
18
8
15
9
12
11
6
11
16
14
14
16
18
11
21
17
18
15
15
11
14
20
11
5
14
13
12
14
10
12
16
16
12
17
15
18
10
14
17
12
20
12
16
15
10
19
16
15
22
24
15
19
21
15
24
22
20
23
35
32
51
43
49
42
60
47
54
58
59
45
38
46
35
29
26
17
17
15
16
13
11
21
21
19
14
14
19
19
11
14
11
17
18
19
13
13
13
23
9
23
20
19
21
29
19
33
28
18
21
26
25
19
24
20
18
17
12
17
18
14
15
11
13
21
13
11
10
21
17
19
17
13
8
15
17
18
14
15
13
20
18
22
14
13
17
11
7
14
15
10
13
14
15
15
12
13
12
20
10
12
9
15
7
12
11
12
14
21
12
13
15
14
14
14
15
18
15
13
20
13
15
13
16
21
19
17
18
17
14
16
17
11
11
16
11
17
12
15
13
13
19
12
16
16
13
10
13
14
12
13
14
14
17
12
15
15
14
13
15
13
13
12
15
15
17
16
13
12
17
9
14
17
11
16
9
19
13
15
16
15
22
12
14
10
15
14
17
11
14
11
10
12
6
15
11
9
10
19
7
16
12
13
15
16
14
15
11
17
16
18
6
19
20
17
16
15
11
22
20
20
11
17
17
9
14
17
14
15
19
9
13
13
11
14
18
15
16
17
12
23
9
12
21
17
17
10
15
19
14
15
18
15
12
11
23
20
19
10
9
11
12
12
21
17
15
23
17
22
23
20
18
22
28
36
39
50
59
64
56
72
66
62
53
67
35
44
38
21
17
23
11
14
16
8
16
12
13
21
14
22
15
16
12
12
10
13
16
15
16
18
10
9
14
11
10
12
10
15
15
13
12
17
10
13
18
12
14
17
20
15
17
15
11
25
19
16
14
13
18
8
12
11
23
13
10
19
13
14
23
11
19
12
15
22
12
20
12
19
14
17
17
17
11
17
8
15
14
15
17
11
12
15
12
16
18
15
15
9
12
14
13
10
15
17
14
22
21
12
10
14
15
23
12
14
12
22
16
7
19
21
10
15
12
6
9
17
19
15
18
8
16
13
12
19
17
12
11
17
15
19
18
14
9
7
18
18
17
12
19
16
12
14
19
8
16
10
16
14
10
15
19
10
15
20
10
8
23
9
13
13
12
19
11
19
13
13
12
20
16
16
16
21
20
11
14
14
18
19
9
19
13
22
13
14
15
10
27
13
14
19
13
15
14
14
12
20
17
11
14
21
15
11
21
19
16
16
13
7
15
15
13
17
24
18
15
15
20
13
15
13
9
15
17
8
18
20
14
23
12
23
23
16
13
16
16
21
13
15
21
15
18
20
14
15
19
21
11
11
14
10
19
9
14
15
19
15
19
10
20
15
10
15
13
17
15
22
20
24
12
15
12
16
18
18
20
18
12
21
22
20
12
18
18
15
16
21
14
15
14
13
12
10
14
16
16
13
9
17
12
18
13
16
18
18
25
16
23
22
15
20
21
17
12
22
15
15
26
16
21
14
21
21
12
11
20
15
19
14
9
14
21
22
10
12
18
17
18
17
24
14
15
17
15
26
17
19
22
15
12
15
16
7
17
10
15
22
18
19
15
15
16
17
18
21
16
16
16
12
10
17
17
19
20
19
19
15
21
17
13
28
13
25
23
15
12
12
12
17
9
18
15
19
12
7
18
21
22
14
11
20
18
17
17
20
15
24
23
24
19
20
12
20
24
21
14
15
25
17
17
15
18
17
16
25
19
20
15
19
18
20
15
13
12
18
23
14
22
19
11
12
19
23
16
19
13
21
18
26
15
19
25
13
15
20
19
15
16
20
13
19
15
20
10
13
23
21
9
17
17
17
17
12
18
14
24
9
13
16
17
10
15
13
14
15
15
15
12
18
10
10
21
13
11
11
8
12
17
13
9
9
7
13
13
8
15
10
17
18
11
5
15
14
13
11
8
14
10
7
15
2
9
6
10
8
14
12
11
15
9
18
15
6
14
11
8
7
12
10
10
7
7
7
19
12
6
14
13
10
17
5
13
11
9
16
11
9
10
9
9
11
13
7
9
9
10
7
15
9
8
10
18
3
11
5
8
3
10
9
14
9
12
8
13
12
5
9
5
7
8
10
10
5
9
13
9
11
15
9
7
8
8
9
9
13
6
6
14
7
10
5
6
12
11
14
15
7
8
13
11
10
7
9
9
8
9
9
5
7
3
8
8
5
10
13
10
13
11
13
7
15
9
15
10
12
12
15
16
19
20
25
24
27
21
24
16
25
15
19
19
15
11
7
11
10
8
13
5
11
13
10
8
14
7
7
13
10
7
2
8
5
8
4
10
6
5
12
4
5
12
9
9
6
5
10
9
9
8
7
8
15
4
1
4
7
4
4
6
10
7
6
7
6
14
3
8
4
8
8
7
9
7
4
3
5
5
8
7
10
6
6
2
3
7
6
13
9
6
3
6
7
7
5
7
3
4
6
4
6
6
7
3
5
4
9
2
5
5
3
5
3
4
6
3
7
5
4
10
6
4
9
3
4
5
3
7
6
3
6
6
3
9
5
6
9
3
6
6
7
4
9
9
10
6
3
7
4
4
3
12
6
5
4
8
8
2
5
4
6
4
8
3
1
5
4
9
2
1
3
3
3
6
8
5
4
2
3
4
1
1
2
1
3
5
4
9
7
2
5
5
6
3
4
2
3
2
2
5
5
3
1
2
3
2
3
4
2
5
3
4
3
3
6
1
5
4
7
0
3
3
4
4
3
0
3
5
5
2
2
6
4
5
0
2
3
5
3
6
4
1
7
2
7
3
2
7
0
2
6
1
1
4
4
2
2
3
5
2
1
1
1
5
2
3
5
4
2
4
2
5
2
4
3
3
4
4
4
1
4
5
3
4
4
3
1
0
3
1
2
1
1
4
2
4
3
1
4
3
2
3
3
3
3
2
2
1
4
2
3
3
5
2
1
4
6
2
3
2
3
0
4
0
3
4
4
4
1
2
2
1
1
2
2
2
1
3
3
2
8
1
3
3
6
2
5
5
4
3
2
3
5
2
1
4
1
4
2
4
3
1
2
2
6
4
3
5
4
5
4
2
4
3
1
2
7
2
4
2
1
4
1
4
0
3
2
2
6
1
2
0
3
3
1
4
5
2
3
3
2
3
1
7
4
2
4
2
4
2
1
2
5
4
5
2
2
4
3
5
4
2
3
4
5
3
4
2
2
4
2
1
3
2
4
3
8
9
10
12
5
10
17
19
22
29
35
48
42
68
96
86
112
142
191
194
205
212
241
219
215
267
213
199
189
139
124
89
41
35
22
7
6
1
6
0
0
1
1
0
3
1
0
1
0
0
0
1
2
1
2
2
2
0
0
2
2
0
2
0
3
1
2
0
1
2
0
2
2
1
1
1
1
1
0
2
2
3
0
1
0
1
2
0
1
1
2
0
0
0
1
1
1
0
0
2
1
2
3
2
4
1
1
1
0
2
2
3
2
1
0
1
3
0
0
1
2
1
3
3
3
1
0
2
3
1
2
3
1
2
1
0
2
3
3
5
0
3
0
0
1
2
1
2
0
2
1
0
0
0
0
2
1
0
3
1
1
0
0
1
2
0
2
1
3
0
0
2
1
1
2
2
3
0
1
2
0
1
6
1
0
1
0
2
2
0
1
2
1
2
3
1
0
1
1
2
2
1
1
2
0
1
1
0
6
1
2
0
1
1
3
1
2
2
2
0
2
2
4
2
0
0
2
1
1
2
0
2
2
0
3
1
1
1
1
3
0
0
1
2
0
2
4
1
2
1
0
2
3
1
3
5
0
1
0
1
5
2
1
1
1
1
0
2
2
2
1
2
1
2
4
2
2
0
0
1
2
0
0
5
2
2
2
0
0
2
3
0
1
0
2
2
2
1
1
1
0
3
1
2
1
1
1
1
2
1
1
1
0
1
0
0
1
2
1
1
2
2
0
0
0
0
2
2
3
2
0
1
3
1
2
5
1
1
1
0
1
1
2
0
2
3
0
1
1
0
2
1
1
0
0
0
3
1
0
1
2
0
0
1
2
1
0
3
1
2
0
1
1
0
1
1
2
0
0
3
1
4
0
3
1
3
2
3
0
0
0
2
1
3
0
1
2
1
2
0
1
2
0
4
1
1
2
2
1
0
0
0
1
0
2
3
2
1
1
0
2
3
1
1
0
0
1
2
1
2
0
0
1
0
0
0
0
0
0
2
3
0
1
1
1
0
2
1
1
1
1
5
0
0
1
1
2
0
0
3
0
1
2
1
2
0
1
2
1
2
1
2
1
1
0
1
3
0
1
2
1
0
2
0
1
1
1
0
1
2
1
1
1
1
0
2
0
0
2
1
0
1
1
3
1
3
0
0
1
0
0
1
1
2
0
1
1
0
1
0
0
0
0
1
2
3
1
0
0
2
1
1
3
2
0
5
5
0
2
1
0
2
1
1
0
2
0
2
1
1
1
2
1
2
0
2
1
1
0
0
1
1
2
2
0
1
0
2
0
0
2
1
0
2
1
0
1
0
1
4
1
4
0
2
1
2
0
2
1
1
1
0
0
1
0
3
1
4
0
1
0
1
2
2
2
2
0
1
2
4
2
0
1
0
1
1
2
1
3
1
4
2
2
1
1
0
1
3
0
2
2
0
0
0
0
2
2
0
0
0
2
1
2
3
0
1
2
2
1
0
1
1
4
0
0
3
0
0
0
1
1
1
0
0
0
0
0
1
0
0
2
0
2
1
4
2
0
1
2
0
1
0
0
2
1
3
0
0
1
2
0
1
0
0
0
2
1
0
2
1
0
1
0
0
1
0
0
0
2
1
1
0
1
2
3
2
1
0
3
2
1
1
0
3
1
1
1
2
2
1
1
0
3
2
0
0
4
1
3
2
0
3
0
2
0
3
0
0
0
2
3
0
0
3
1
0
1
3
1
0
0
1
0
1
2
1
1
1
1
0
3
0
1
3
2
2
3
2
2
0
0
1
1
0
0
0
2
1
0
0
1
0
1
0
1
0
0
1
0
1
1
0
2
1
3
0
0
2
1
1
0
2
2
1
0
1
1
0
2
1
1
0
0
1
0
0
0
0
2
0
1
1
0
2
1
1
2
0
1
0
0
1
1
1
2
3
1
1
0
3
1
1
0
2
2
1
5
2
2
2
2
1
1
0
3
1
1
1
0
1
1
0
2
2
1
1
1
2
2
1
2
0
0
2
0
4
0
3
2
1
0
1
0
1
1
1
2
1
1
1
0
0
1
2
1
2
1
2
4
0
1
1
3
3
1
2
0
0
1
0
2
0
1
2
0
1
0
1
0
0
1
1
2
2
0
1
1
0
1
3
0
0
3
1
1
2
0
2
1
2
0
1
1
0
0
2
0
1
2
0
1
1
0
2
0
4
1
1
3
4
2
1
1
1
1
1
1
3
2
2
3
2
3
0
1
0
0
2
0
0
2
0
0
0
0
0
2
1
0
1
2
1
2
0
0
2
0
0
1
0
1
1
0
3
3
0
4
0
2
2
3
1
3
2
1
1
0
1
1
0
0
0
1
2
1
1
0
3
2
0
0
1
2
2
0
1
1
3
1
0
1
1
1
0
1
0
1
1
1
2
1
2
0
2
0
0
1
0
0
0
0
0
2
0
1
0
3
2
4
2
0
1
0
1
2
0
1
1
0
0
0
0
0
0
0
5
0
0
0
$ENER_FIT:
0.277 0.366942 9.51921e-008 -4.82481e-012 0.00000e+000
$MCA_CAL:
5
0.277 0.366942 9.51921e-008 -4.82481e-012 0.00000e+000
$PEAKLABELS:
501.790, "Ho-166m"
763.572, "Ho-166m"
218.787, "Ho-166m"
1937.888, "Ho-166m"
2206.242, "Ho-166m"
1118.971, "Ho-166m"
587.475, "Ho-166m"
329.242, "Ho-166m"
1442.720, "Ho-166m"
322.992, "Ho-166m"
366.984, "Ho-166m"
818.805, "Ho-166m"
382.475, "Ho-166m"
437.766, "Ho-166m"
257.063, "Ho-166m"
2048.369, "Ho-166m"
1554.966, "Ho-166m"
518.523, "Ho-166m"
707.228, "Ho-166m"
995.870, "Ho-166m"
1229.510, "Ho-166m"
2261.445, "Ho-166m"
629.735, "Ho-166m"
1825.937, "Ho-166m"
1264.938, "Ho-166m"
1665.482, "Ho-166m"
925.049, "Ho-166m"
1417.750, "Ho-166m"
1353.073, "Ho-166m"
1619.102, "Ho-166m"
2120.611, "Ho-166m"
1882.384, "Ho-166m"
2589.043, "Ho-166m"
1741.070, "Ho-166m"
1755.828, "Ho-166m"
2006.253, "Ho-166m"
2384.219, "Ho-166m"
1970.052, "Eu-154"
3380.364, "Ho-166m"
2139.406, "Ho-166m"
3813.786, "Ho-166m"
3885.618, "Ho-166m"
3122.597, "Ho-166m"
2750.547, "Ho-166m"
3490.324, "Ho-166m"
2735.575, "Eu-154"
3469.474, "Eu-154"
4140.893, "Ho-166m +,  Sum Peak (Cascade)"
132.298, "Er X-rays"
150.487, "Er X-rays"
3050.368, "Ho-166m, Bi-214 (Bkgd)"
7115.962, "Th-232(d), (Bkgd)"
3976.913, "K-40, (Bkgd)"
2438.933, "Sum Peak,(Cascade)"
2710.242, "Sum Peak,(Cascade)"
4252.863, "Ho-166m +,  Sum Peak (Cascade)"
186.851, "Au XRF,(Detector)"
$ENDRECORD:
